# q	y_q
0.000000e+00	1.966521e+02
1.001001e-03	9.227648e+02
2.002002e-03	1.105987e+03
3.003003e-03	1.252050e+03
4.004004e-03	1.386090e+03
5.005005e-03	1.450658e+03
6.006006e-03	1.515226e+03
7.007007e-03	1.579794e+03
8.008008e-03	1.644361e+03
9.009009e-03	1.708929e+03
1.001001e-02	1.771642e+03
1.101101e-02	1.803194e+03
1.201201e-02	1.834747e+03
1.301301e-02	1.866299e+03
1.401401e-02	1.897852e+03
1.501502e-02	1.929404e+03
1.601602e-02	1.960957e+03
1.701702e-02	1.992510e+03
1.801802e-02	2.024062e+03
1.901902e-02	2.055615e+03
2.002002e-02	2.087167e+03
2.102102e-02	2.118720e+03
2.202202e-02	2.150272e+03
2.302302e-02	2.173067e+03
2.402402e-02	2.189805e+03
2.502503e-02	2.206543e+03
2.602603e-02	2.223281e+03
2.702703e-02	2.240018e+03
2.802803e-02	2.256756e+03
2.902903e-02	2.273494e+03
3.003003e-02	2.290231e+03
3.103103e-02	2.306969e+03
3.203203e-02	2.323707e+03
3.303303e-02	2.340445e+03
3.403403e-02	2.357182e+03
3.503504e-02	2.373920e+03
3.603604e-02	2.390658e+03
3.703704e-02	2.407396e+03
3.803804e-02	2.424133e+03
3.903904e-02	2.440871e+03
4.004004e-02	2.457609e+03
4.104104e-02	2.474347e+03
4.204204e-02	2.491084e+03
4.304304e-02	2.507822e+03
4.404404e-02	2.524560e+03
4.504505e-02	2.541298e+03
4.604605e-02	2.557375e+03
4.704705e-02	2.567013e+03
4.804805e-02	2.576652e+03
4.904905e-02	2.586291e+03
5.005005e-02	2.595930e+03
5.105105e-02	2.605569e+03
5.205205e-02	2.615208e+03
5.305305e-02	2.624847e+03
5.405405e-02	2.634486e+03
5.505506e-02	2.644124e+03
5.605606e-02	2.653763e+03
5.705706e-02	2.663402e+03
5.805806e-02	2.673041e+03
5.905906e-02	2.682680e+03
6.006006e-02	2.692319e+03
6.106106e-02	2.701958e+03
6.206206e-02	2.711597e+03
6.306306e-02	2.721236e+03
6.406406e-02	2.730874e+03
6.506507e-02	2.740513e+03
6.606607e-02	2.750152e+03
6.706707e-02	2.759791e+03
6.806807e-02	2.769430e+03
6.906907e-02	2.779069e+03
7.007007e-02	2.788708e+03
7.107107e-02	2.798347e+03
7.207207e-02	2.807986e+03
7.307307e-02	2.817624e+03
7.407407e-02	2.827263e+03
7.507508e-02	2.836902e+03
7.607608e-02	2.846541e+03
7.707708e-02	2.856180e+03
7.807808e-02	2.865819e+03
7.907908e-02	2.875458e+03
8.008008e-02	2.885097e+03
8.108108e-02	2.894735e+03
8.208208e-02	2.904374e+03
8.308308e-02	2.914013e+03
8.408408e-02	2.923652e+03
8.508509e-02	2.933291e+03
8.608609e-02	2.942930e+03
8.708709e-02	2.951541e+03
8.808809e-02	2.957627e+03
8.908909e-02	2.963713e+03
9.009009e-02	2.969799e+03
9.109109e-02	2.975885e+03
9.209209e-02	2.981971e+03
9.309309e-02	2.988057e+03
9.409409e-02	2.994143e+03
9.509510e-02	3.000229e+03
9.609610e-02	3.006315e+03
9.709710e-02	3.012401e+03
9.809810e-02	3.018487e+03
9.909910e-02	3.024573e+03
1.001001e-01	3.030659e+03
1.011011e-01	3.036745e+03
1.021021e-01	3.042831e+03
1.031031e-01	3.048917e+03
1.041041e-01	3.055003e+03
1.051051e-01	3.061089e+03
1.061061e-01	3.067175e+03
1.071071e-01	3.073261e+03
1.081081e-01	3.079347e+03
1.091091e-01	3.085433e+03
1.101101e-01	3.091519e+03
1.111111e-01	3.097605e+03
1.121121e-01	3.103691e+03
1.131131e-01	3.109777e+03
1.141141e-01	3.115863e+03
1.151151e-01	3.121949e+03
1.161161e-01	3.128035e+03
1.171171e-01	3.134121e+03
1.181181e-01	3.140207e+03
1.191191e-01	3.146293e+03
1.201201e-01	3.152379e+03
1.211211e-01	3.158465e+03
1.221221e-01	3.164551e+03
1.231231e-01	3.170636e+03
1.241241e-01	3.176722e+03
1.251251e-01	3.182808e+03
1.261261e-01	3.188894e+03
1.271271e-01	3.194980e+03
1.281281e-01	3.201066e+03
1.291291e-01	3.207152e+03
1.301301e-01	3.213238e+03
1.311311e-01	3.219324e+03
1.321321e-01	3.225410e+03
1.331331e-01	3.231496e+03
1.341341e-01	3.237582e+03
1.351351e-01	3.243668e+03
1.361361e-01	3.249754e+03
1.371371e-01	3.255840e+03
1.381381e-01	3.261926e+03
1.391391e-01	3.268012e+03
1.401401e-01	3.274098e+03
1.411411e-01	3.280184e+03
1.421421e-01	3.286270e+03
1.431431e-01	3.292356e+03
1.441441e-01	3.298442e+03
1.451451e-01	3.304528e+03
1.461461e-01	3.310614e+03
1.471471e-01	3.316700e+03
1.481481e-01	3.322786e+03
1.491491e-01	3.328872e+03
1.501502e-01	3.334958e+03
1.511512e-01	3.341044e+03
1.521522e-01	3.345916e+03
1.531532e-01	3.350175e+03
1.541542e-01	3.354435e+03
1.551552e-01	3.358694e+03
1.561562e-01	3.362954e+03
1.571572e-01	3.367213e+03
1.581582e-01	3.371472e+03
1.591592e-01	3.375732e+03
1.601602e-01	3.379991e+03
1.611612e-01	3.384251e+03
1.621622e-01	3.388510e+03
1.631632e-01	3.392769e+03
1.641642e-01	3.397029e+03
1.651652e-01	3.401288e+03
1.661662e-01	3.405547e+03
1.671672e-01	3.409807e+03
1.681682e-01	3.414066e+03
1.691692e-01	3.418326e+03
1.701702e-01	3.422585e+03
1.711712e-01	3.426844e+03
1.721722e-01	3.431104e+03
1.731732e-01	3.435363e+03
1.741742e-01	3.439623e+03
1.751752e-01	3.443882e+03
1.761762e-01	3.448141e+03
1.771772e-01	3.452401e+03
1.781782e-01	3.456660e+03
1.791792e-01	3.460919e+03
1.801802e-01	3.465179e+03
1.811812e-01	3.469438e+03
1.821822e-01	3.473698e+03
1.831832e-01	3.477957e+03
1.841842e-01	3.482216e+03
1.851852e-01	3.486476e+03
1.861862e-01	3.490735e+03
1.871872e-01	3.494995e+03
1.881882e-01	3.499254e+03
1.891892e-01	3.503513e+03
1.901902e-01	3.507773e+03
1.911912e-01	3.512032e+03
1.921922e-01	3.516291e+03
1.931932e-01	3.520551e+03
1.941942e-01	3.524810e+03
1.951952e-01	3.529070e+03
1.961962e-01	3.533329e+03
1.971972e-01	3.537588e+03
1.981982e-01	3.541848e+03
1.991992e-01	3.546107e+03
2.002002e-01	3.550367e+03
2.012012e-01	3.554626e+03
2.022022e-01	3.558885e+03
2.032032e-01	3.563145e+03
2.042042e-01	3.567404e+03
2.052052e-01	3.571663e+03
2.062062e-01	3.575923e+03
2.072072e-01	3.580182e+03
2.082082e-01	3.584442e+03
2.092092e-01	3.588701e+03
2.102102e-01	3.592960e+03
2.112112e-01	3.597220e+03
2.122122e-01	3.601479e+03
2.132132e-01	3.605739e+03
2.142142e-01	3.609998e+03
2.152152e-01	3.614257e+03
2.162162e-01	3.618517e+03
2.172172e-01	3.622776e+03
2.182182e-01	3.627035e+03
2.192192e-01	3.631295e+03
2.202202e-01	3.635554e+03
2.212212e-01	3.639814e+03
2.222222e-01	3.644073e+03
2.232232e-01	3.648332e+03
2.242242e-01	3.652592e+03
2.252252e-01	3.656851e+03
2.262262e-01	3.661111e+03
2.272272e-01	3.665370e+03
2.282282e-01	3.669629e+03
2.292292e-01	3.673889e+03
2.302302e-01	3.678148e+03
2.312312e-01	3.682407e+03
2.322322e-01	3.686667e+03
2.332332e-01	3.690926e+03
2.342342e-01	3.695186e+03
2.352352e-01	3.699445e+03
2.362362e-01	3.703704e+03
2.372372e-01	3.707964e+03
2.382382e-01	3.712223e+03
2.392392e-01	3.716483e+03
2.402402e-01	3.720742e+03
2.412412e-01	3.725001e+03
2.422422e-01	3.729261e+03
2.432432e-01	3.733520e+03
2.442442e-01	3.737478e+03
2.452452e-01	3.740814e+03
2.462462e-01	3.744149e+03
2.472472e-01	3.747485e+03
2.482482e-01	3.750820e+03
2.492492e-01	3.754156e+03
2.502503e-01	3.757491e+03
2.512513e-01	3.760827e+03
2.522523e-01	3.764162e+03
2.532533e-01	3.767498e+03
2.542543e-01	3.770833e+03
2.552553e-01	3.774169e+03
2.562563e-01	3.777504e+03
2.572573e-01	3.780840e+03
2.582583e-01	3.784175e+03
2.592593e-01	3.787511e+03
2.602603e-01	3.790846e+03
2.612613e-01	3.794182e+03
2.622623e-01	3.797517e+03
2.632633e-01	3.800853e+03
2.642643e-01	3.804189e+03
2.652653e-01	3.807524e+03
2.662663e-01	3.810860e+03
2.672673e-01	3.814195e+03
2.682683e-01	3.817531e+03
2.692693e-01	3.820866e+03
2.702703e-01	3.824202e+03
2.712713e-01	3.827537e+03
2.722723e-01	3.830873e+03
2.732733e-01	3.834208e+03
2.742743e-01	3.837544e+03
2.752753e-01	3.840879e+03
2.762763e-01	3.844215e+03
2.772773e-01	3.847550e+03
2.782783e-01	3.850886e+03
2.792793e-01	3.854221e+03
2.802803e-01	3.857557e+03
2.812813e-01	3.860892e+03
2.822823e-01	3.864228e+03
2.832833e-01	3.867563e+03
2.842843e-01	3.870899e+03
2.852853e-01	3.874234e+03
2.862863e-01	3.877570e+03
2.872873e-01	3.880906e+03
2.882883e-01	3.884241e+03
2.892893e-01	3.887577e+03
2.902903e-01	3.890912e+03
2.912913e-01	3.894248e+03
2.922923e-01	3.897583e+03
2.932933e-01	3.900919e+03
2.942943e-01	3.904254e+03
2.952953e-01	3.907590e+03
2.962963e-01	3.910925e+03
2.972973e-01	3.914261e+03
2.982983e-01	3.917596e+03
2.992993e-01	3.920932e+03
3.003003e-01	3.924267e+03
3.013013e-01	3.927603e+03
3.023023e-01	3.930938e+03
3.033033e-01	3.934274e+03
3.043043e-01	3.937609e+03
3.053053e-01	3.940945e+03
3.063063e-01	3.944280e+03
3.073073e-01	3.947616e+03
3.083083e-01	3.950951e+03
3.093093e-01	3.954287e+03
3.103103e-01	3.957623e+03
3.113113e-01	3.960958e+03
3.123123e-01	3.964294e+03
3.133133e-01	3.967629e+03
3.143143e-01	3.970965e+03
3.153153e-01	3.974300e+03
3.163163e-01	3.977636e+03
3.173173e-01	3.980971e+03
3.183183e-01	3.984307e+03
3.193193e-01	3.987642e+03
3.203203e-01	3.990978e+03
3.213213e-01	3.994313e+03
3.223223e-01	3.997649e+03
3.233233e-01	4.000984e+03
3.243243e-01	4.004320e+03
3.253253e-01	4.007655e+03
3.263263e-01	4.010991e+03
3.273273e-01	4.014326e+03
3.283283e-01	4.017662e+03
3.293293e-01	4.020997e+03
3.303303e-01	4.024333e+03
3.313313e-01	4.027669e+03
3.323323e-01	4.031004e+03
3.333333e-01	4.034340e+03
3.343343e-01	4.037675e+03
3.353353e-01	4.041011e+03
3.363363e-01	4.044346e+03
3.373373e-01	4.047682e+03
3.383383e-01	4.051017e+03
3.393393e-01	4.054353e+03
3.403403e-01	4.057688e+03
3.413413e-01	4.061024e+03
3.423423e-01	4.064359e+03
3.433433e-01	4.067695e+03
3.443443e-01	4.071030e+03
3.453453e-01	4.074366e+03
3.463463e-01	4.077701e+03
3.473473e-01	4.081037e+03
3.483483e-01	4.084372e+03
3.493493e-01	4.087708e+03
3.503504e-01	4.091043e+03
3.513514e-01	4.094379e+03
3.523524e-01	4.097714e+03
3.533534e-01	4.101050e+03
3.543544e-01	4.104386e+03
3.553554e-01	4.107721e+03
3.563564e-01	4.111057e+03
3.573574e-01	4.114392e+03
3.583584e-01	4.117728e+03
3.593594e-01	4.121063e+03
3.603604e-01	4.124399e+03
3.613614e-01	4.127734e+03
3.623624e-01	4.130907e+03
3.633634e-01	4.133848e+03
3.643644e-01	4.136789e+03
3.653654e-01	4.139730e+03
3.663664e-01	4.142670e+03
3.673674e-01	4.145611e+03
3.683684e-01	4.148552e+03
3.693694e-01	4.151493e+03
3.703704e-01	4.154434e+03
3.713714e-01	4.157375e+03
3.723724e-01	4.160316e+03
3.733734e-01	4.163257e+03
3.743744e-01	4.166197e+03
3.753754e-01	4.169138e+03
3.763764e-01	4.172079e+03
3.773774e-01	4.175020e+03
3.783784e-01	4.177961e+03
3.793794e-01	4.180902e+03
3.803804e-01	4.183843e+03
3.813814e-01	4.186784e+03
3.823824e-01	4.189724e+03
3.833834e-01	4.192665e+03
3.843844e-01	4.195606e+03
3.853854e-01	4.198547e+03
3.863864e-01	4.201488e+03
3.873874e-01	4.204429e+03
3.883884e-01	4.207370e+03
3.893894e-01	4.210311e+03
3.903904e-01	4.213251e+03
3.913914e-01	4.216192e+03
3.923924e-01	4.219133e+03
3.933934e-01	4.222074e+03
3.943944e-01	4.225015e+03
3.953954e-01	4.227956e+03
3.963964e-01	4.230897e+03
3.973974e-01	4.233838e+03
3.983984e-01	4.236778e+03
3.993994e-01	4.239719e+03
4.004004e-01	4.242660e+03
4.014014e-01	4.245601e+03
4.024024e-01	4.248542e+03
4.034034e-01	4.251483e+03
4.044044e-01	4.254424e+03
4.054054e-01	4.257365e+03
4.064064e-01	4.260305e+03
4.074074e-01	4.263246e+03
4.084084e-01	4.266187e+03
4.094094e-01	4.269128e+03
4.104104e-01	4.272069e+03
4.114114e-01	4.275010e+03
4.124124e-01	4.277951e+03
4.134134e-01	4.280892e+03
4.144144e-01	4.283832e+03
4.154154e-01	4.286773e+03
4.164164e-01	4.289714e+03
4.174174e-01	4.292655e+03
4.184184e-01	4.295596e+03
4.194194e-01	4.298537e+03
4.204204e-01	4.301478e+03
4.214214e-01	4.304419e+03
4.224224e-01	4.307359e+03
4.234234e-01	4.310300e+03
4.244244e-01	4.313241e+03
4.254254e-01	4.316182e+03
4.264264e-01	4.319123e+03
4.274274e-01	4.322064e+03
4.284284e-01	4.325005e+03
4.294294e-01	4.327945e+03
4.304304e-01	4.330886e+03
4.314314e-01	4.333827e+03
4.324324e-01	4.336768e+03
4.334334e-01	4.339709e+03
4.344344e-01	4.342650e+03
4.354354e-01	4.345591e+03
4.364364e-01	4.348532e+03
4.374374e-01	4.351472e+03
4.384384e-01	4.354413e+03
4.394394e-01	4.357354e+03
4.404404e-01	4.360295e+03
4.414414e-01	4.363236e+03
4.424424e-01	4.366177e+03
4.434434e-01	4.369118e+03
4.444444e-01	4.372059e+03
4.454454e-01	4.374999e+03
4.464464e-01	4.377940e+03
4.474474e-01	4.380881e+03
4.484484e-01	4.383822e+03
4.494494e-01	4.386763e+03
4.504505e-01	4.389704e+03
4.514515e-01	4.392645e+03
4.524525e-01	4.395586e+03
4.534535e-01	4.398526e+03
4.544545e-01	4.401467e+03
4.554555e-01	4.404408e+03
4.564565e-01	4.407349e+03
4.574575e-01	4.410290e+03
4.584585e-01	4.413231e+03
4.594595e-01	4.416172e+03
4.604605e-01	4.419113e+03
4.614615e-01	4.422053e+03
4.624625e-01	4.424994e+03
4.634635e-01	4.427935e+03
4.644645e-01	4.430876e+03
4.654655e-01	4.433817e+03
4.664665e-01	4.436758e+03
4.674675e-01	4.439699e+03
4.684685e-01	4.442640e+03
4.694695e-01	4.445580e+03
4.704705e-01	4.448521e+03
4.714715e-01	4.451462e+03
4.724725e-01	4.454403e+03
4.734735e-01	4.457344e+03
4.744745e-01	4.460285e+03
4.754755e-01	4.463226e+03
4.764765e-01	4.466167e+03
4.774775e-01	4.469107e+03
4.784785e-01	4.472048e+03
4.794795e-01	4.474989e+03
4.804805e-01	4.477930e+03
4.814815e-01	4.480871e+03
4.824825e-01	4.483812e+03
4.834835e-01	4.486753e+03
4.844845e-01	4.489694e+03
4.854855e-01	4.492634e+03
4.864865e-01	4.495575e+03
4.874875e-01	4.498516e+03
4.884885e-01	4.501457e+03
4.894895e-01	4.504398e+03
4.904905e-01	4.507339e+03
4.914915e-01	4.510280e+03
4.924925e-01	4.513221e+03
4.934935e-01	4.516161e+03
4.944945e-01	4.519102e+03
4.954955e-01	4.522043e+03
4.964965e-01	4.524976e+03
4.974975e-01	4.527906e+03
4.984985e-01	4.530835e+03
4.994995e-01	4.533764e+03
5.005005e-01	4.536694e+03
5.015015e-01	4.539623e+03
5.025025e-01	4.542553e+03
5.035035e-01	4.545482e+03
5.045045e-01	4.548411e+03
5.055055e-01	4.551341e+03
5.065065e-01	4.554270e+03
5.075075e-01	4.557200e+03
5.085085e-01	4.560129e+03
5.095095e-01	4.563058e+03
5.105105e-01	4.565988e+03
5.115115e-01	4.568917e+03
5.125125e-01	4.571846e+03
5.135135e-01	4.574776e+03
5.145145e-01	4.577705e+03
5.155155e-01	4.580635e+03
5.165165e-01	4.583564e+03
5.175175e-01	4.586493e+03
5.185185e-01	4.589423e+03
5.195195e-01	4.592352e+03
5.205205e-01	4.595282e+03
5.215215e-01	4.598211e+03
5.225225e-01	4.601140e+03
5.235235e-01	4.604070e+03
5.245245e-01	4.606999e+03
5.255255e-01	4.609929e+03
5.265265e-01	4.612858e+03
5.275275e-01	4.615787e+03
5.285285e-01	4.618717e+03
5.295295e-01	4.621646e+03
5.305305e-01	4.624575e+03
5.315315e-01	4.627505e+03
5.325325e-01	4.630434e+03
5.335335e-01	4.633364e+03
5.345345e-01	4.636293e+03
5.355355e-01	4.639222e+03
5.365365e-01	4.642152e+03
5.375375e-01	4.645081e+03
5.385385e-01	4.648011e+03
5.395395e-01	4.650940e+03
5.405405e-01	4.653869e+03
5.415415e-01	4.656799e+03
5.425425e-01	4.659728e+03
5.435435e-01	4.662657e+03
5.445445e-01	4.665587e+03
5.455455e-01	4.668516e+03
5.465465e-01	4.671446e+03
5.475475e-01	4.674375e+03
5.485485e-01	4.677304e+03
5.495495e-01	4.680234e+03
5.505506e-01	4.683163e+03
5.515516e-01	4.686093e+03
5.525526e-01	4.689022e+03
5.535536e-01	4.691951e+03
5.545546e-01	4.694881e+03
5.555556e-01	4.697810e+03
5.565566e-01	4.700739e+03
5.575576e-01	4.703669e+03
5.585586e-01	4.706598e+03
5.595596e-01	4.709528e+03
5.605606e-01	4.712457e+03
5.615616e-01	4.715386e+03
5.625626e-01	4.718316e+03
5.635636e-01	4.721245e+03
5.645646e-01	4.724175e+03
5.655656e-01	4.727104e+03
5.665666e-01	4.730033e+03
5.675676e-01	4.732963e+03
5.685686e-01	4.735892e+03
5.695696e-01	4.738822e+03
5.705706e-01	4.741751e+03
5.715716e-01	4.744680e+03
5.725726e-01	4.747610e+03
5.735736e-01	4.750539e+03
5.745746e-01	4.753468e+03
5.755756e-01	4.756398e+03
5.765766e-01	4.759327e+03
5.775776e-01	4.762257e+03
5.785786e-01	4.765186e+03
5.795796e-01	4.768115e+03
5.805806e-01	4.771045e+03
5.815816e-01	4.773974e+03
5.825826e-01	4.776904e+03
5.835836e-01	4.779833e+03
5.845846e-01	4.782762e+03
5.855856e-01	4.785692e+03
5.865866e-01	4.788621e+03
5.875876e-01	4.791550e+03
5.885886e-01	4.794480e+03
5.895896e-01	4.797409e+03
5.905906e-01	4.800339e+03
5.915916e-01	4.803268e+03
5.925926e-01	4.806197e+03
5.935936e-01	4.809127e+03
5.945946e-01	4.812056e+03
5.955956e-01	4.814986e+03
5.965966e-01	4.817915e+03
5.975976e-01	4.820844e+03
5.985986e-01	4.823774e+03
5.995996e-01	4.826703e+03
6.006006e-01	4.829633e+03
6.016016e-01	4.832562e+03
6.026026e-01	4.835491e+03
6.036036e-01	4.838421e+03
6.046046e-01	4.841350e+03
6.056056e-01	4.844279e+03
6.066066e-01	4.847209e+03
6.076076e-01	4.850138e+03
6.086086e-01	4.853068e+03
6.096096e-01	4.855997e+03
6.106106e-01	4.858926e+03
6.116116e-01	4.861856e+03
6.126126e-01	4.864785e+03
6.136136e-01	4.867715e+03
6.146146e-01	4.870644e+03
6.156156e-01	4.873573e+03
6.166166e-01	4.876503e+03
6.176176e-01	4.879432e+03
6.186186e-01	4.882361e+03
6.196196e-01	4.885291e+03
6.206206e-01	4.888220e+03
6.216216e-01	4.891150e+03
6.226226e-01	4.894079e+03
6.236236e-01	4.897008e+03
6.246246e-01	4.899938e+03
6.256256e-01	4.902867e+03
6.266266e-01	4.905797e+03
6.276276e-01	4.908726e+03
6.286286e-01	4.911655e+03
6.296296e-01	4.914585e+03
6.306306e-01	4.917667e+03
6.316316e-01	4.920965e+03
6.326326e-01	4.924263e+03
6.336336e-01	4.927562e+03
6.346346e-01	4.930860e+03
6.356356e-01	4.934158e+03
6.366366e-01	4.937456e+03
6.376376e-01	4.940755e+03
6.386386e-01	4.944053e+03
6.396396e-01	4.947351e+03
6.406406e-01	4.950650e+03
6.416416e-01	4.953948e+03
6.426426e-01	4.957246e+03
6.436436e-01	4.960544e+03
6.446446e-01	4.963843e+03
6.456456e-01	4.967141e+03
6.466466e-01	4.970439e+03
6.476476e-01	4.973738e+03
6.486486e-01	4.977036e+03
6.496496e-01	4.980334e+03
6.506507e-01	4.983632e+03
6.516517e-01	4.986931e+03
6.526527e-01	4.990229e+03
6.536537e-01	4.993527e+03
6.546547e-01	4.996826e+03
6.556557e-01	5.000124e+03
6.566567e-01	5.003422e+03
6.576577e-01	5.006720e+03
6.586587e-01	5.010019e+03
6.596597e-01	5.013317e+03
6.606607e-01	5.016615e+03
6.616617e-01	5.019914e+03
6.626627e-01	5.023212e+03
6.636637e-01	5.026510e+03
6.646647e-01	5.029808e+03
6.656657e-01	5.033107e+03
6.666667e-01	5.036405e+03
6.676677e-01	5.039703e+03
6.686687e-01	5.043002e+03
6.696697e-01	5.046300e+03
6.706707e-01	5.049598e+03
6.716717e-01	5.052896e+03
6.726727e-01	5.056195e+03
6.736737e-01	5.059493e+03
6.746747e-01	5.062791e+03
6.756757e-01	5.066090e+03
6.766767e-01	5.069388e+03
6.776777e-01	5.072686e+03
6.786787e-01	5.075984e+03
6.796797e-01	5.079283e+03
6.806807e-01	5.082581e+03
6.816817e-01	5.085879e+03
6.826827e-01	5.089178e+03
6.836837e-01	5.092476e+03
6.846847e-01	5.095774e+03
6.856857e-01	5.099072e+03
6.866867e-01	5.102371e+03
6.876877e-01	5.105669e+03
6.886887e-01	5.108967e+03
6.896897e-01	5.112266e+03
6.906907e-01	5.115564e+03
6.916917e-01	5.118862e+03
6.926927e-01	5.122160e+03
6.936937e-01	5.125459e+03
6.946947e-01	5.128757e+03
6.956957e-01	5.132055e+03
6.966967e-01	5.135354e+03
6.976977e-01	5.138652e+03
6.986987e-01	5.141950e+03
6.996997e-01	5.145248e+03
7.007007e-01	5.148547e+03
7.017017e-01	5.151845e+03
7.027027e-01	5.155143e+03
7.037037e-01	5.158442e+03
7.047047e-01	5.161740e+03
7.057057e-01	5.165038e+03
7.067067e-01	5.168336e+03
7.077077e-01	5.171635e+03
7.087087e-01	5.174933e+03
7.097097e-01	5.178231e+03
7.107107e-01	5.181530e+03
7.117117e-01	5.184828e+03
7.127127e-01	5.188126e+03
7.137137e-01	5.191424e+03
7.147147e-01	5.194723e+03
7.157157e-01	5.198021e+03
7.167167e-01	5.201319e+03
7.177177e-01	5.204618e+03
7.187187e-01	5.207916e+03
7.197197e-01	5.211214e+03
7.207207e-01	5.214512e+03
7.217217e-01	5.217811e+03
7.227227e-01	5.221109e+03
7.237237e-01	5.224407e+03
7.247247e-01	5.227706e+03
7.257257e-01	5.231004e+03
7.267267e-01	5.234302e+03
7.277277e-01	5.237600e+03
7.287287e-01	5.240899e+03
7.297297e-01	5.244197e+03
7.307307e-01	5.247495e+03
7.317317e-01	5.250794e+03
7.327327e-01	5.254092e+03
7.337337e-01	5.257390e+03
7.347347e-01	5.260688e+03
7.357357e-01	5.263987e+03
7.367367e-01	5.267285e+03
7.377377e-01	5.270583e+03
7.387387e-01	5.273882e+03
7.397397e-01	5.277180e+03
7.407407e-01	5.280478e+03
7.417417e-01	5.283776e+03
7.427427e-01	5.287075e+03
7.437437e-01	5.290373e+03
7.447447e-01	5.293671e+03
7.457457e-01	5.296970e+03
7.467467e-01	5.300268e+03
7.477477e-01	5.303566e+03
7.487487e-01	5.306864e+03
7.497497e-01	5.310312e+03
7.507508e-01	5.314496e+03
7.517518e-01	5.318681e+03
7.527528e-01	5.322865e+03
7.537538e-01	5.327050e+03
7.547548e-01	5.331234e+03
7.557558e-01	5.335419e+03
7.567568e-01	5.339603e+03
7.577578e-01	5.343787e+03
7.587588e-01	5.347972e+03
7.597598e-01	5.352156e+03
7.607608e-01	5.356341e+03
7.617618e-01	5.360525e+03
7.627628e-01	5.364710e+03
7.637638e-01	5.368894e+03
7.647648e-01	5.373079e+03
7.657658e-01	5.377263e+03
7.667668e-01	5.381447e+03
7.677678e-01	5.385632e+03
7.687688e-01	5.389816e+03
7.697698e-01	5.394001e+03
7.707708e-01	5.398185e+03
7.717718e-01	5.402370e+03
7.727728e-01	5.406554e+03
7.737738e-01	5.410738e+03
7.747748e-01	5.414923e+03
7.757758e-01	5.419107e+03
7.767768e-01	5.423292e+03
7.777778e-01	5.427476e+03
7.787788e-01	5.431661e+03
7.797798e-01	5.435845e+03
7.807808e-01	5.440029e+03
7.817818e-01	5.444214e+03
7.827828e-01	5.448398e+03
7.837838e-01	5.452583e+03
7.847848e-01	5.456767e+03
7.857858e-01	5.460952e+03
7.867868e-01	5.465136e+03
7.877878e-01	5.469320e+03
7.887888e-01	5.473505e+03
7.897898e-01	5.477689e+03
7.907908e-01	5.481874e+03
7.917918e-01	5.486058e+03
7.927928e-01	5.490243e+03
7.937938e-01	5.494427e+03
7.947948e-01	5.498612e+03
7.957958e-01	5.502796e+03
7.967968e-01	5.506980e+03
7.977978e-01	5.511165e+03
7.987988e-01	5.515349e+03
7.997998e-01	5.519534e+03
8.008008e-01	5.523718e+03
8.018018e-01	5.527903e+03
8.028028e-01	5.532087e+03
8.038038e-01	5.536271e+03
8.048048e-01	5.540456e+03
8.058058e-01	5.544640e+03
8.068068e-01	5.548825e+03
8.078078e-01	5.553009e+03
8.088088e-01	5.557194e+03
8.098098e-01	5.561378e+03
8.108108e-01	5.565562e+03
8.118118e-01	5.569747e+03
8.128128e-01	5.573931e+03
8.138138e-01	5.578116e+03
8.148148e-01	5.582300e+03
8.158158e-01	5.586485e+03
8.168168e-01	5.590669e+03
8.178178e-01	5.594854e+03
8.188188e-01	5.599038e+03
8.198198e-01	5.603222e+03
8.208208e-01	5.607407e+03
8.218218e-01	5.611591e+03
8.228228e-01	5.615776e+03
8.238238e-01	5.619960e+03
8.248248e-01	5.624145e+03
8.258258e-01	5.628329e+03
8.268268e-01	5.632513e+03
8.278278e-01	5.636698e+03
8.288288e-01	5.640882e+03
8.298298e-01	5.645067e+03
8.308308e-01	5.649251e+03
8.318318e-01	5.653436e+03
8.328328e-01	5.657620e+03
8.338338e-01	5.661804e+03
8.348348e-01	5.665989e+03
8.358358e-01	5.670173e+03
8.368368e-01	5.674358e+03
8.378378e-01	5.678542e+03
8.388388e-01	5.682727e+03
8.398398e-01	5.686911e+03
8.408408e-01	5.691096e+03
8.418418e-01	5.695280e+03
8.428428e-01	5.699464e+03
8.438438e-01	5.703960e+03
8.448448e-01	5.709907e+03
8.458458e-01	5.715855e+03
8.468468e-01	5.721803e+03
8.478478e-01	5.727750e+03
8.488488e-01	5.733698e+03
8.498498e-01	5.739646e+03
8.508509e-01	5.745593e+03
8.518519e-01	5.751541e+03
8.528529e-01	5.757489e+03
8.538539e-01	5.763436e+03
8.548549e-01	5.769384e+03
8.558559e-01	5.775332e+03
8.568569e-01	5.781280e+03
8.578579e-01	5.787227e+03
8.588589e-01	5.793175e+03
8.598599e-01	5.799123e+03
8.608609e-01	5.805070e+03
8.618619e-01	5.811018e+03
8.628629e-01	5.816966e+03
8.638639e-01	5.822913e+03
8.648649e-01	5.828861e+03
8.658659e-01	5.834809e+03
8.668669e-01	5.840756e+03
8.678679e-01	5.846704e+03
8.688689e-01	5.852652e+03
8.698699e-01	5.858599e+03
8.708709e-01	5.864547e+03
8.718719e-01	5.870495e+03
8.728729e-01	5.876442e+03
8.738739e-01	5.882390e+03
8.748749e-01	5.888338e+03
8.758759e-01	5.894285e+03
8.768769e-01	5.900233e+03
8.778779e-01	5.906181e+03
8.788789e-01	5.912128e+03
8.798799e-01	5.918076e+03
8.808809e-01	5.924024e+03
8.818819e-01	5.929971e+03
8.828829e-01	5.935919e+03
8.838839e-01	5.941867e+03
8.848849e-01	5.947815e+03
8.858859e-01	5.953762e+03
8.868869e-01	5.959710e+03
8.878879e-01	5.965658e+03
8.888889e-01	5.971605e+03
8.898899e-01	5.977553e+03
8.908909e-01	5.983501e+03
8.918919e-01	5.989448e+03
8.928929e-01	5.995396e+03
8.938939e-01	6.001344e+03
8.948949e-01	6.007291e+03
8.958959e-01	6.013239e+03
8.968969e-01	6.019187e+03
8.978979e-01	6.025134e+03
8.988989e-01	6.031082e+03
8.998999e-01	6.037030e+03
9.009009e-01	6.042977e+03
9.019019e-01	6.048925e+03
9.029029e-01	6.054873e+03
9.039039e-01	6.060820e+03
9.049049e-01	6.066768e+03
9.059059e-01	6.072716e+03
9.069069e-01	6.078663e+03
9.079079e-01	6.084611e+03
9.089089e-01	6.090559e+03
9.099099e-01	6.096675e+03
9.109109e-01	6.106054e+03
9.119119e-01	6.115433e+03
9.129129e-01	6.124812e+03
9.139139e-01	6.134192e+03
9.149149e-01	6.143571e+03
9.159159e-01	6.152950e+03
9.169169e-01	6.162329e+03
9.179179e-01	6.171709e+03
9.189189e-01	6.181088e+03
9.199199e-01	6.190467e+03
9.209209e-01	6.199846e+03
9.219219e-01	6.209226e+03
9.229229e-01	6.218605e+03
9.239239e-01	6.227984e+03
9.249249e-01	6.237363e+03
9.259259e-01	6.246743e+03
9.269269e-01	6.256122e+03
9.279279e-01	6.265501e+03
9.289289e-01	6.274880e+03
9.299299e-01	6.284260e+03
9.309309e-01	6.293639e+03
9.319319e-01	6.303018e+03
9.329329e-01	6.312397e+03
9.339339e-01	6.321777e+03
9.349349e-01	6.331156e+03
9.359359e-01	6.340535e+03
9.369369e-01	6.349914e+03
9.379379e-01	6.359294e+03
9.389389e-01	6.368673e+03
9.399399e-01	6.378052e+03
9.409409e-01	6.387431e+03
9.419419e-01	6.396811e+03
9.429429e-01	6.406190e+03
9.439439e-01	6.415569e+03
9.449449e-01	6.424948e+03
9.459459e-01	6.434328e+03
9.469469e-01	6.443707e+03
9.479479e-01	6.453086e+03
9.489489e-01	6.462465e+03
9.499499e-01	6.471845e+03
9.509510e-01	6.481224e+03
9.519520e-01	6.491388e+03
9.529530e-01	6.507564e+03
9.539540e-01	6.523739e+03
9.549550e-01	6.539915e+03
9.559560e-01	6.556090e+03
9.569570e-01	6.572265e+03
9.579580e-01	6.588441e+03
9.589590e-01	6.604616e+03
9.599600e-01	6.620792e+03
9.609610e-01	6.636967e+03
9.619620e-01	6.653142e+03
9.629630e-01	6.669318e+03
9.639640e-01	6.685493e+03
9.649650e-01	6.701669e+03
9.659660e-01	6.717844e+03
9.669670e-01	6.734020e+03
9.679680e-01	6.750195e+03
9.689690e-01	6.766370e+03
9.699700e-01	6.782546e+03
9.709710e-01	6.798721e+03
9.719720e-01	6.814897e+03
9.729730e-01	6.831072e+03
9.739740e-01	6.847247e+03
9.749750e-01	6.863423e+03
9.759760e-01	6.879598e+03
9.769770e-01	6.907008e+03
9.779780e-01	6.937217e+03
9.789790e-01	6.967425e+03
9.799800e-01	6.997633e+03
9.809810e-01	7.027842e+03
9.819820e-01	7.058050e+03
9.829830e-01	7.088258e+03
9.839840e-01	7.118467e+03
9.849850e-01	7.148675e+03
9.859860e-01	7.178883e+03
9.869870e-01	7.209092e+03
9.879880e-01	7.239300e+03
9.889890e-01	7.269508e+03
9.899900e-01	7.323489e+03
9.909910e-01	7.384140e+03
9.919920e-01	7.444792e+03
9.929930e-01	7.505443e+03
9.939940e-01	7.566095e+03
9.949950e-01	7.626746e+03
9.959960e-01	7.709129e+03
9.969970e-01	7.843146e+03
9.979980e-01	7.977163e+03
9.989990e-01	8.187490e+03
1.000000e+00	1.120917e+04
