# q	y_q
0.000000e+00	3.274649e+02
1.001001e-03	4.950594e+02
2.002002e-03	8.544288e+02
3.003003e-03	1.078680e+03
4.004004e-03	1.228211e+03
5.005005e-03	1.377741e+03
6.006006e-03	1.527272e+03
7.007007e-03	1.656363e+03
8.008008e-03	1.728476e+03
9.009009e-03	1.800589e+03
1.001001e-02	1.872702e+03
1.101101e-02	1.944815e+03
1.201201e-02	2.016928e+03
1.301301e-02	2.089041e+03
1.401401e-02	2.161154e+03
1.501502e-02	2.233267e+03
1.601602e-02	2.299256e+03
1.701702e-02	2.337722e+03
1.801802e-02	2.376188e+03
1.901902e-02	2.414654e+03
2.002002e-02	2.453119e+03
2.102102e-02	2.491585e+03
2.202202e-02	2.530051e+03
2.302302e-02	2.568517e+03
2.402402e-02	2.606983e+03
2.502503e-02	2.645449e+03
2.602603e-02	2.683915e+03
2.702703e-02	2.722381e+03
2.802803e-02	2.760847e+03
2.902903e-02	2.799313e+03
3.003003e-02	2.837779e+03
3.103103e-02	2.876245e+03
3.203203e-02	2.914711e+03
3.303303e-02	2.950624e+03
3.403403e-02	2.972703e+03
3.503504e-02	2.994783e+03
3.603604e-02	3.016862e+03
3.703704e-02	3.038941e+03
3.803804e-02	3.061021e+03
3.903904e-02	3.083100e+03
4.004004e-02	3.105180e+03
4.104104e-02	3.127259e+03
4.204204e-02	3.149338e+03
4.304304e-02	3.171418e+03
4.404404e-02	3.193497e+03
4.504505e-02	3.215576e+03
4.604605e-02	3.237656e+03
4.704705e-02	3.259735e+03
4.804805e-02	3.281815e+03
4.904905e-02	3.303894e+03
5.005005e-02	3.325973e+03
5.105105e-02	3.348053e+03
5.205205e-02	3.370132e+03
5.305305e-02	3.392212e+03
5.405405e-02	3.414291e+03
5.505506e-02	3.436370e+03
5.605606e-02	3.458450e+03
5.705706e-02	3.480529e+03
5.805806e-02	3.502608e+03
5.905906e-02	3.524688e+03
6.006006e-02	3.546767e+03
6.106106e-02	3.568847e+03
6.206206e-02	3.590926e+03
6.306306e-02	3.609155e+03
6.406406e-02	3.623429e+03
6.506507e-02	3.637703e+03
6.606607e-02	3.651977e+03
6.706707e-02	3.666250e+03
6.806807e-02	3.680524e+03
6.906907e-02	3.694798e+03
7.007007e-02	3.709072e+03
7.107107e-02	3.723346e+03
7.207207e-02	3.737620e+03
7.307307e-02	3.751893e+03
7.407407e-02	3.766167e+03
7.507508e-02	3.780441e+03
7.607608e-02	3.794715e+03
7.707708e-02	3.808989e+03
7.807808e-02	3.823263e+03
7.907908e-02	3.837537e+03
8.008008e-02	3.851810e+03
8.108108e-02	3.866084e+03
8.208208e-02	3.880358e+03
8.308308e-02	3.894632e+03
8.408408e-02	3.908906e+03
8.508509e-02	3.923180e+03
8.608609e-02	3.937453e+03
8.708709e-02	3.951727e+03
8.808809e-02	3.966001e+03
8.908909e-02	3.980275e+03
9.009009e-02	3.994549e+03
9.109109e-02	4.008823e+03
9.209209e-02	4.023096e+03
9.309309e-02	4.037370e+03
9.409409e-02	4.051644e+03
9.509510e-02	4.065918e+03
9.609610e-02	4.080192e+03
9.709710e-02	4.094466e+03
9.809810e-02	4.108739e+03
9.909910e-02	4.123013e+03
1.001001e-01	4.137287e+03
1.011011e-01	4.151561e+03
1.021021e-01	4.165835e+03
1.031031e-01	4.180109e+03
1.041041e-01	4.194382e+03
1.051051e-01	4.208656e+03
1.061061e-01	4.222930e+03
1.071071e-01	4.237204e+03
1.081081e-01	4.251478e+03
1.091091e-01	4.263010e+03
1.101101e-01	4.272790e+03
1.111111e-01	4.282570e+03
1.121121e-01	4.292350e+03
1.131131e-01	4.302130e+03
1.141141e-01	4.311909e+03
1.151151e-01	4.321689e+03
1.161161e-01	4.331469e+03
1.171171e-01	4.341249e+03
1.181181e-01	4.351029e+03
1.191191e-01	4.360809e+03
1.201201e-01	4.370589e+03
1.211211e-01	4.380368e+03
1.221221e-01	4.390148e+03
1.231231e-01	4.399928e+03
1.241241e-01	4.409708e+03
1.251251e-01	4.419488e+03
1.261261e-01	4.429268e+03
1.271271e-01	4.439048e+03
1.281281e-01	4.448828e+03
1.291291e-01	4.458607e+03
1.301301e-01	4.468387e+03
1.311311e-01	4.478167e+03
1.321321e-01	4.487947e+03
1.331331e-01	4.497727e+03
1.341341e-01	4.507507e+03
1.351351e-01	4.517287e+03
1.361361e-01	4.527066e+03
1.371371e-01	4.536846e+03
1.381381e-01	4.546626e+03
1.391391e-01	4.556406e+03
1.401401e-01	4.566186e+03
1.411411e-01	4.575966e+03
1.421421e-01	4.585746e+03
1.431431e-01	4.595525e+03
1.441441e-01	4.605305e+03
1.451451e-01	4.615085e+03
1.461461e-01	4.624865e+03
1.471471e-01	4.634645e+03
1.481481e-01	4.644425e+03
1.491491e-01	4.654205e+03
1.501502e-01	4.663985e+03
1.511512e-01	4.673764e+03
1.521522e-01	4.683544e+03
1.531532e-01	4.693324e+03
1.541542e-01	4.703104e+03
1.551552e-01	4.712884e+03
1.561562e-01	4.722664e+03
1.571572e-01	4.732444e+03
1.581582e-01	4.742223e+03
1.591592e-01	4.752003e+03
1.601602e-01	4.761783e+03
1.611612e-01	4.771563e+03
1.621622e-01	4.781343e+03
1.631632e-01	4.791123e+03
1.641642e-01	4.800903e+03
1.651652e-01	4.810682e+03
1.661662e-01	4.820462e+03
1.671672e-01	4.830242e+03
1.681682e-01	4.840022e+03
1.691692e-01	4.849802e+03
1.701702e-01	4.859582e+03
1.711712e-01	4.869362e+03
1.721722e-01	4.879142e+03
1.731732e-01	4.888921e+03
1.741742e-01	4.898701e+03
1.751752e-01	4.908481e+03
1.761762e-01	4.916822e+03
1.771772e-01	4.924364e+03
1.781782e-01	4.931905e+03
1.791792e-01	4.939447e+03
1.801802e-01	4.946988e+03
1.811812e-01	4.954530e+03
1.821822e-01	4.962071e+03
1.831832e-01	4.969613e+03
1.841842e-01	4.977154e+03
1.851852e-01	4.984696e+03
1.861862e-01	4.992238e+03
1.871872e-01	4.999779e+03
1.881882e-01	5.007321e+03
1.891892e-01	5.014862e+03
1.901902e-01	5.022404e+03
1.911912e-01	5.029945e+03
1.921922e-01	5.037487e+03
1.931932e-01	5.045028e+03
1.941942e-01	5.052570e+03
1.951952e-01	5.060112e+03
1.961962e-01	5.067653e+03
1.971972e-01	5.075195e+03
1.981982e-01	5.082736e+03
1.991992e-01	5.090278e+03
2.002002e-01	5.097819e+03
2.012012e-01	5.105361e+03
2.022022e-01	5.112902e+03
2.032032e-01	5.120444e+03
2.042042e-01	5.127985e+03
2.052052e-01	5.135527e+03
2.062062e-01	5.143069e+03
2.072072e-01	5.150610e+03
2.082082e-01	5.158152e+03
2.092092e-01	5.165693e+03
2.102102e-01	5.173235e+03
2.112112e-01	5.180776e+03
2.122122e-01	5.188318e+03
2.132132e-01	5.195859e+03
2.142142e-01	5.203401e+03
2.152152e-01	5.210943e+03
2.162162e-01	5.218484e+03
2.172172e-01	5.226026e+03
2.182182e-01	5.233567e+03
2.192192e-01	5.241109e+03
2.202202e-01	5.248650e+03
2.212212e-01	5.256192e+03
2.222222e-01	5.263733e+03
2.232232e-01	5.271275e+03
2.242242e-01	5.278816e+03
2.252252e-01	5.286358e+03
2.262262e-01	5.293900e+03
2.272272e-01	5.301441e+03
2.282282e-01	5.308983e+03
2.292292e-01	5.316524e+03
2.302302e-01	5.324066e+03
2.312312e-01	5.331607e+03
2.322322e-01	5.339149e+03
2.332332e-01	5.346690e+03
2.342342e-01	5.354232e+03
2.352352e-01	5.361774e+03
2.362362e-01	5.369315e+03
2.372372e-01	5.376857e+03
2.382382e-01	5.384398e+03
2.392392e-01	5.391940e+03
2.402402e-01	5.399481e+03
2.412412e-01	5.407023e+03
2.422422e-01	5.414564e+03
2.432432e-01	5.422106e+03
2.442442e-01	5.429648e+03
2.452452e-01	5.437189e+03
2.462462e-01	5.444731e+03
2.472472e-01	5.452272e+03
2.482482e-01	5.459814e+03
2.492492e-01	5.467355e+03
2.502503e-01	5.474897e+03
2.512513e-01	5.482438e+03
2.522523e-01	5.489980e+03
2.532533e-01	5.497521e+03
2.542543e-01	5.505063e+03
2.552553e-01	5.512605e+03
2.562563e-01	5.520146e+03
2.572573e-01	5.527688e+03
2.582583e-01	5.535229e+03
2.592593e-01	5.542771e+03
2.602603e-01	5.550312e+03
2.612613e-01	5.557854e+03
2.622623e-01	5.565395e+03
2.632633e-01	5.571911e+03
2.642643e-01	5.578169e+03
2.652653e-01	5.584428e+03
2.662663e-01	5.590686e+03
2.672673e-01	5.596945e+03
2.682683e-01	5.603204e+03
2.692693e-01	5.609462e+03
2.702703e-01	5.615721e+03
2.712713e-01	5.621980e+03
2.722723e-01	5.628238e+03
2.732733e-01	5.634497e+03
2.742743e-01	5.640755e+03
2.752753e-01	5.647014e+03
2.762763e-01	5.653273e+03
2.772773e-01	5.659531e+03
2.782783e-01	5.665790e+03
2.792793e-01	5.672049e+03
2.802803e-01	5.678307e+03
2.812813e-01	5.684566e+03
2.822823e-01	5.690824e+03
2.832833e-01	5.697083e+03
2.842843e-01	5.703342e+03
2.852853e-01	5.709600e+03
2.862863e-01	5.715859e+03
2.872873e-01	5.722118e+03
2.882883e-01	5.728376e+03
2.892893e-01	5.734635e+03
2.902903e-01	5.740893e+03
2.912913e-01	5.747152e+03
2.922923e-01	5.753411e+03
2.932933e-01	5.759669e+03
2.942943e-01	5.765928e+03
2.952953e-01	5.772187e+03
2.962963e-01	5.778445e+03
2.972973e-01	5.784704e+03
2.982983e-01	5.790962e+03
2.992993e-01	5.797221e+03
3.003003e-01	5.803480e+03
3.013013e-01	5.809738e+03
3.023023e-01	5.815997e+03
3.033033e-01	5.822256e+03
3.043043e-01	5.828514e+03
3.053053e-01	5.834773e+03
3.063063e-01	5.841031e+03
3.073073e-01	5.847290e+03
3.083083e-01	5.853549e+03
3.093093e-01	5.859807e+03
3.103103e-01	5.866066e+03
3.113113e-01	5.872325e+03
3.123123e-01	5.878583e+03
3.133133e-01	5.884842e+03
3.143143e-01	5.891100e+03
3.153153e-01	5.897359e+03
3.163163e-01	5.903618e+03
3.173173e-01	5.909876e+03
3.183183e-01	5.916135e+03
3.193193e-01	5.922394e+03
3.203203e-01	5.928652e+03
3.213213e-01	5.934911e+03
3.223223e-01	5.941169e+03
3.233233e-01	5.947428e+03
3.243243e-01	5.953687e+03
3.253253e-01	5.959945e+03
3.263263e-01	5.966204e+03
3.273273e-01	5.972463e+03
3.283283e-01	5.978721e+03
3.293293e-01	5.984980e+03
3.303303e-01	5.991238e+03
3.313313e-01	5.997497e+03
3.323323e-01	6.003756e+03
3.333333e-01	6.010014e+03
3.343343e-01	6.016273e+03
3.353353e-01	6.022532e+03
3.363363e-01	6.028790e+03
3.373373e-01	6.035049e+03
3.383383e-01	6.041307e+03
3.393393e-01	6.047566e+03
3.403403e-01	6.053825e+03
3.413413e-01	6.060083e+03
3.423423e-01	6.066342e+03
3.433433e-01	6.072601e+03
3.443443e-01	6.078859e+03
3.453453e-01	6.085118e+03
3.463463e-01	6.091376e+03
3.473473e-01	6.097635e+03
3.483483e-01	6.103894e+03
3.493493e-01	6.110152e+03
3.503504e-01	6.116411e+03
3.513514e-01	6.122670e+03
3.523524e-01	6.128928e+03
3.533534e-01	6.135187e+03
3.543544e-01	6.141445e+03
3.553554e-01	6.147704e+03
3.563564e-01	6.153963e+03
3.573574e-01	6.160221e+03
3.583584e-01	6.166480e+03
3.593594e-01	6.172738e+03
3.603604e-01	6.178997e+03
3.613614e-01	6.185256e+03
3.623624e-01	6.191514e+03
3.633634e-01	6.197773e+03
3.643644e-01	6.204032e+03
3.653654e-01	6.210290e+03
3.663664e-01	6.216549e+03
3.673674e-01	6.222702e+03
3.683684e-01	6.228281e+03
3.693694e-01	6.233861e+03
3.703704e-01	6.239440e+03
3.713714e-01	6.245020e+03
3.723724e-01	6.250599e+03
3.733734e-01	6.256179e+03
3.743744e-01	6.261758e+03
3.753754e-01	6.267338e+03
3.763764e-01	6.272917e+03
3.773774e-01	6.278497e+03
3.783784e-01	6.284076e+03
3.793794e-01	6.289656e+03
3.803804e-01	6.295235e+03
3.813814e-01	6.300815e+03
3.823824e-01	6.306394e+03
3.833834e-01	6.311974e+03
3.843844e-01	6.317553e+03
3.853854e-01	6.323133e+03
3.863864e-01	6.328712e+03
3.873874e-01	6.334292e+03
3.883884e-01	6.339871e+03
3.893894e-01	6.345451e+03
3.903904e-01	6.351030e+03
3.913914e-01	6.356610e+03
3.923924e-01	6.362189e+03
3.933934e-01	6.367769e+03
3.943944e-01	6.373348e+03
3.953954e-01	6.378928e+03
3.963964e-01	6.384507e+03
3.973974e-01	6.390087e+03
3.983984e-01	6.395666e+03
3.993994e-01	6.401246e+03
4.004004e-01	6.406825e+03
4.014014e-01	6.412405e+03
4.024024e-01	6.417984e+03
4.034034e-01	6.423564e+03
4.044044e-01	6.429144e+03
4.054054e-01	6.434723e+03
4.064064e-01	6.440303e+03
4.074074e-01	6.445882e+03
4.084084e-01	6.451462e+03
4.094094e-01	6.457041e+03
4.104104e-01	6.462621e+03
4.114114e-01	6.468200e+03
4.124124e-01	6.473780e+03
4.134134e-01	6.479359e+03
4.144144e-01	6.484939e+03
4.154154e-01	6.490518e+03
4.164164e-01	6.496098e+03
4.174174e-01	6.501677e+03
4.184184e-01	6.507257e+03
4.194194e-01	6.512836e+03
4.204204e-01	6.518416e+03
4.214214e-01	6.523995e+03
4.224224e-01	6.529575e+03
4.234234e-01	6.535154e+03
4.244244e-01	6.540734e+03
4.254254e-01	6.546313e+03
4.264264e-01	6.551893e+03
4.274274e-01	6.557472e+03
4.284284e-01	6.563052e+03
4.294294e-01	6.568631e+03
4.304304e-01	6.574211e+03
4.314314e-01	6.579790e+03
4.324324e-01	6.585370e+03
4.334334e-01	6.590949e+03
4.344344e-01	6.596529e+03
4.354354e-01	6.602108e+03
4.364364e-01	6.607688e+03
4.374374e-01	6.613267e+03
4.384384e-01	6.618847e+03
4.394394e-01	6.624426e+03
4.404404e-01	6.630006e+03
4.414414e-01	6.635585e+03
4.424424e-01	6.641165e+03
4.434434e-01	6.646744e+03
4.444444e-01	6.652324e+03
4.454454e-01	6.657903e+03
4.464464e-01	6.663483e+03
4.474474e-01	6.669062e+03
4.484484e-01	6.674642e+03
4.494494e-01	6.680221e+03
4.504505e-01	6.685801e+03
4.514515e-01	6.691380e+03
4.524525e-01	6.696960e+03
4.534535e-01	6.702539e+03
4.544545e-01	6.708119e+03
4.554555e-01	6.713698e+03
4.564565e-01	6.719278e+03
4.574575e-01	6.724857e+03
4.584585e-01	6.730437e+03
4.594595e-01	6.736016e+03
4.604605e-01	6.741596e+03
4.614615e-01	6.747175e+03
4.624625e-01	6.752755e+03
4.634635e-01	6.758334e+03
4.644645e-01	6.763914e+03
4.654655e-01	6.769493e+03
4.664665e-01	6.775073e+03
4.674675e-01	6.780652e+03
4.684685e-01	6.786232e+03
4.694695e-01	6.791811e+03
4.704705e-01	6.797391e+03
4.714715e-01	6.802970e+03
4.724725e-01	6.808550e+03
4.734735e-01	6.814129e+03
4.744745e-01	6.819709e+03
4.754755e-01	6.825288e+03
4.764765e-01	6.830868e+03
4.774775e-01	6.836447e+03
4.784785e-01	6.842027e+03
4.794795e-01	6.847606e+03
4.804805e-01	6.853186e+03
4.814815e-01	6.858765e+03
4.824825e-01	6.864345e+03
4.834835e-01	6.869924e+03
4.844845e-01	6.875504e+03
4.854855e-01	6.881093e+03
4.864865e-01	6.886686e+03
4.874875e-01	6.892278e+03
4.884885e-01	6.897871e+03
4.894895e-01	6.903463e+03
4.904905e-01	6.909056e+03
4.914915e-01	6.914648e+03
4.924925e-01	6.920241e+03
4.934935e-01	6.925833e+03
4.944945e-01	6.931426e+03
4.954955e-01	6.937018e+03
4.964965e-01	6.942611e+03
4.974975e-01	6.948203e+03
4.984985e-01	6.953795e+03
4.994995e-01	6.959388e+03
5.005005e-01	6.964980e+03
5.015015e-01	6.970573e+03
5.025025e-01	6.976165e+03
5.035035e-01	6.981758e+03
5.045045e-01	6.987350e+03
5.055055e-01	6.992943e+03
5.065065e-01	6.998535e+03
5.075075e-01	7.004128e+03
5.085085e-01	7.009720e+03
5.095095e-01	7.015312e+03
5.105105e-01	7.020905e+03
5.115115e-01	7.026497e+03
5.125125e-01	7.032090e+03
5.135135e-01	7.037682e+03
5.145145e-01	7.043275e+03
5.155155e-01	7.048867e+03
5.165165e-01	7.054460e+03
5.175175e-01	7.060052e+03
5.185185e-01	7.065645e+03
5.195195e-01	7.071237e+03
5.205205e-01	7.076829e+03
5.215215e-01	7.082422e+03
5.225225e-01	7.088014e+03
5.235235e-01	7.093607e+03
5.245245e-01	7.099199e+03
5.255255e-01	7.104792e+03
5.265265e-01	7.110384e+03
5.275275e-01	7.115977e+03
5.285285e-01	7.121569e+03
5.295295e-01	7.127162e+03
5.305305e-01	7.132754e+03
5.315315e-01	7.138347e+03
5.325325e-01	7.143939e+03
5.335335e-01	7.149531e+03
5.345345e-01	7.155124e+03
5.355355e-01	7.160716e+03
5.365365e-01	7.166309e+03
5.375375e-01	7.171901e+03
5.385385e-01	7.177494e+03
5.395395e-01	7.183086e+03
5.405405e-01	7.188679e+03
5.415415e-01	7.194271e+03
5.425425e-01	7.199864e+03
5.435435e-01	7.205456e+03
5.445445e-01	7.211048e+03
5.455455e-01	7.216641e+03
5.465465e-01	7.222233e+03
5.475475e-01	7.227826e+03
5.485485e-01	7.233418e+03
5.495495e-01	7.239011e+03
5.505506e-01	7.244603e+03
5.515516e-01	7.250196e+03
5.525526e-01	7.255788e+03
5.535536e-01	7.261381e+03
5.545546e-01	7.266973e+03
5.555556e-01	7.272566e+03
5.565566e-01	7.278158e+03
5.575576e-01	7.283750e+03
5.585586e-01	7.289343e+03
5.595596e-01	7.294935e+03
5.605606e-01	7.300528e+03
5.615616e-01	7.306120e+03
5.625626e-01	7.311713e+03
5.635636e-01	7.317305e+03
5.645646e-01	7.322898e+03
5.655656e-01	7.328490e+03
5.665666e-01	7.334083e+03
5.675676e-01	7.339675e+03
5.685686e-01	7.345267e+03
5.695696e-01	7.350860e+03
5.705706e-01	7.356452e+03
5.715716e-01	7.362045e+03
5.725726e-01	7.367637e+03
5.735736e-01	7.373230e+03
5.745746e-01	7.378822e+03
5.755756e-01	7.384415e+03
5.765766e-01	7.390007e+03
5.775776e-01	7.395600e+03
5.785786e-01	7.401192e+03
5.795796e-01	7.406784e+03
5.805806e-01	7.412377e+03
5.815816e-01	7.417969e+03
5.825826e-01	7.423562e+03
5.835836e-01	7.429154e+03
5.845846e-01	7.434747e+03
5.855856e-01	7.440339e+03
5.865866e-01	7.445932e+03
5.875876e-01	7.451524e+03
5.885886e-01	7.457117e+03
5.895896e-01	7.462709e+03
5.905906e-01	7.468302e+03
5.915916e-01	7.473894e+03
5.925926e-01	7.479486e+03
5.935936e-01	7.485079e+03
5.945946e-01	7.490671e+03
5.955956e-01	7.496264e+03
5.965966e-01	7.501856e+03
5.975976e-01	7.507449e+03
5.985986e-01	7.513041e+03
5.995996e-01	7.518634e+03
6.006006e-01	7.524226e+03
6.016016e-01	7.529819e+03
6.026026e-01	7.535702e+03
6.036036e-01	7.541732e+03
6.046046e-01	7.547762e+03
6.056056e-01	7.553792e+03
6.066066e-01	7.559822e+03
6.076076e-01	7.565852e+03
6.086086e-01	7.571882e+03
6.096096e-01	7.577912e+03
6.106106e-01	7.583942e+03
6.116116e-01	7.589972e+03
6.126126e-01	7.596002e+03
6.136136e-01	7.602032e+03
6.146146e-01	7.608062e+03
6.156156e-01	7.614092e+03
6.166166e-01	7.620122e+03
6.176176e-01	7.626152e+03
6.186186e-01	7.632182e+03
6.196196e-01	7.638212e+03
6.206206e-01	7.644242e+03
6.216216e-01	7.650272e+03
6.226226e-01	7.656302e+03
6.236236e-01	7.662332e+03
6.246246e-01	7.668362e+03
6.256256e-01	7.674392e+03
6.266266e-01	7.680423e+03
6.276276e-01	7.686453e+03
6.286286e-01	7.692483e+03
6.296296e-01	7.698513e+03
6.306306e-01	7.704543e+03
6.316316e-01	7.710573e+03
6.326326e-01	7.716603e+03
6.336336e-01	7.722633e+03
6.346346e-01	7.728663e+03
6.356356e-01	7.734693e+03
6.366366e-01	7.740723e+03
6.376376e-01	7.746753e+03
6.386386e-01	7.752783e+03
6.396396e-01	7.758813e+03
6.406406e-01	7.764843e+03
6.416416e-01	7.770873e+03
6.426426e-01	7.776903e+03
6.436436e-01	7.782933e+03
6.446446e-01	7.788963e+03
6.456456e-01	7.794993e+03
6.466466e-01	7.801023e+03
6.476476e-01	7.807053e+03
6.486486e-01	7.813083e+03
6.496496e-01	7.819113e+03
6.506507e-01	7.825143e+03
6.516517e-01	7.831173e+03
6.526527e-01	7.837203e+03
6.536537e-01	7.843233e+03
6.546547e-01	7.849263e+03
6.556557e-01	7.855293e+03
6.566567e-01	7.861323e+03
6.576577e-01	7.867353e+03
6.586587e-01	7.873383e+03
6.596597e-01	7.879413e+03
6.606607e-01	7.885443e+03
6.616617e-01	7.891473e+03
6.626627e-01	7.897503e+03
6.636637e-01	7.903533e+03
6.646647e-01	7.909563e+03
6.656657e-01	7.915593e+03
6.666667e-01	7.921623e+03
6.676677e-01	7.927654e+03
6.686687e-01	7.933684e+03
6.696697e-01	7.939714e+03
6.706707e-01	7.945744e+03
6.716717e-01	7.951774e+03
6.726727e-01	7.957804e+03
6.736737e-01	7.963834e+03
6.746747e-01	7.969864e+03
6.756757e-01	7.975894e+03
6.766767e-01	7.981924e+03
6.776777e-01	7.987954e+03
6.786787e-01	7.993984e+03
6.796797e-01	8.000014e+03
6.806807e-01	8.006044e+03
6.816817e-01	8.012074e+03
6.826827e-01	8.018104e+03
6.836837e-01	8.024134e+03
6.846847e-01	8.030164e+03
6.856857e-01	8.036194e+03
6.866867e-01	8.042224e+03
6.876877e-01	8.048254e+03
6.886887e-01	8.054284e+03
6.896897e-01	8.060314e+03
6.906907e-01	8.066344e+03
6.916917e-01	8.072374e+03
6.926927e-01	8.078404e+03
6.936937e-01	8.084434e+03
6.946947e-01	8.090464e+03
6.956957e-01	8.096494e+03
6.966967e-01	8.102524e+03
6.976977e-01	8.108554e+03
6.986987e-01	8.114584e+03
6.996997e-01	8.120614e+03
7.007007e-01	8.126644e+03
7.017017e-01	8.132674e+03
7.027027e-01	8.138704e+03
7.037037e-01	8.144734e+03
7.047047e-01	8.150764e+03
7.057057e-01	8.156794e+03
7.067067e-01	8.162824e+03
7.077077e-01	8.168854e+03
7.087087e-01	8.174885e+03
7.097097e-01	8.180915e+03
7.107107e-01	8.186996e+03
7.117117e-01	8.193994e+03
7.127127e-01	8.200992e+03
7.137137e-01	8.207990e+03
7.147147e-01	8.214988e+03
7.157157e-01	8.221986e+03
7.167167e-01	8.228984e+03
7.177177e-01	8.235982e+03
7.187187e-01	8.242980e+03
7.197197e-01	8.249978e+03
7.207207e-01	8.256976e+03
7.217217e-01	8.263974e+03
7.227227e-01	8.270971e+03
7.237237e-01	8.277969e+03
7.247247e-01	8.284967e+03
7.257257e-01	8.291965e+03
7.267267e-01	8.298963e+03
7.277277e-01	8.305961e+03
7.287287e-01	8.312959e+03
7.297297e-01	8.319957e+03
7.307307e-01	8.326955e+03
7.317317e-01	8.333953e+03
7.327327e-01	8.340951e+03
7.337337e-01	8.347949e+03
7.347347e-01	8.354947e+03
7.357357e-01	8.361945e+03
7.367367e-01	8.368943e+03
7.377377e-01	8.375941e+03
7.387387e-01	8.382939e+03
7.397397e-01	8.389937e+03
7.407407e-01	8.396934e+03
7.417417e-01	8.403932e+03
7.427427e-01	8.410930e+03
7.437437e-01	8.417928e+03
7.447447e-01	8.424926e+03
7.457457e-01	8.431924e+03
7.467467e-01	8.438922e+03
7.477477e-01	8.445920e+03
7.487487e-01	8.452918e+03
7.497497e-01	8.459916e+03
7.507508e-01	8.466914e+03
7.517518e-01	8.473912e+03
7.527528e-01	8.480910e+03
7.537538e-01	8.487908e+03
7.547548e-01	8.494906e+03
7.557558e-01	8.501904e+03
7.567568e-01	8.508902e+03
7.577578e-01	8.515899e+03
7.587588e-01	8.522897e+03
7.597598e-01	8.529895e+03
7.607608e-01	8.536893e+03
7.617618e-01	8.543891e+03
7.627628e-01	8.550889e+03
7.637638e-01	8.557887e+03
7.647648e-01	8.564885e+03
7.657658e-01	8.571883e+03
7.667668e-01	8.578881e+03
7.677678e-01	8.585879e+03
7.687688e-01	8.592877e+03
7.697698e-01	8.599875e+03
7.707708e-01	8.606873e+03
7.717718e-01	8.613871e+03
7.727728e-01	8.620869e+03
7.737738e-01	8.627867e+03
7.747748e-01	8.634864e+03
7.757758e-01	8.641862e+03
7.767768e-01	8.648860e+03
7.777778e-01	8.655858e+03
7.787788e-01	8.662856e+03
7.797798e-01	8.669854e+03
7.807808e-01	8.676852e+03
7.817818e-01	8.683850e+03
7.827828e-01	8.690848e+03
7.837838e-01	8.697846e+03
7.847848e-01	8.704844e+03
7.857858e-01	8.711842e+03
7.867868e-01	8.718840e+03
7.877878e-01	8.725838e+03
7.887888e-01	8.732836e+03
7.897898e-01	8.739834e+03
7.907908e-01	8.746832e+03
7.917918e-01	8.753830e+03
7.927928e-01	8.760827e+03
7.937938e-01	8.767825e+03
7.947948e-01	8.774823e+03
7.957958e-01	8.781821e+03
7.967968e-01	8.788819e+03
7.977978e-01	8.795817e+03
7.987988e-01	8.802815e+03
7.997998e-01	8.809813e+03
8.008008e-01	8.816811e+03
8.018018e-01	8.823809e+03
8.028028e-01	8.830807e+03
8.038038e-01	8.837805e+03
8.048048e-01	8.845798e+03
8.058058e-01	8.854939e+03
8.068068e-01	8.864079e+03
8.078078e-01	8.873220e+03
8.088088e-01	8.882361e+03
8.098098e-01	8.891502e+03
8.108108e-01	8.900643e+03
8.118118e-01	8.909783e+03
8.128128e-01	8.918924e+03
8.138138e-01	8.928065e+03
8.148148e-01	8.937206e+03
8.158158e-01	8.946347e+03
8.168168e-01	8.955487e+03
8.178178e-01	8.964628e+03
8.188188e-01	8.973769e+03
8.198198e-01	8.982910e+03
8.208208e-01	8.992051e+03
8.218218e-01	9.001191e+03
8.228228e-01	9.010332e+03
8.238238e-01	9.019473e+03
8.248248e-01	9.028614e+03
8.258258e-01	9.037755e+03
8.268268e-01	9.046895e+03
8.278278e-01	9.056036e+03
8.288288e-01	9.065177e+03
8.298298e-01	9.074318e+03
8.308308e-01	9.083459e+03
8.318318e-01	9.092599e+03
8.328328e-01	9.101740e+03
8.338338e-01	9.110881e+03
8.348348e-01	9.120022e+03
8.358358e-01	9.129162e+03
8.368368e-01	9.138303e+03
8.378378e-01	9.147444e+03
8.388388e-01	9.156585e+03
8.398398e-01	9.165726e+03
8.408408e-01	9.174866e+03
8.418418e-01	9.184007e+03
8.428428e-01	9.193148e+03
8.438438e-01	9.202289e+03
8.448448e-01	9.211430e+03
8.458458e-01	9.220570e+03
8.468468e-01	9.229711e+03
8.478478e-01	9.238852e+03
8.488488e-01	9.247993e+03
8.498498e-01	9.257134e+03
8.508509e-01	9.266274e+03
8.518519e-01	9.275415e+03
8.528529e-01	9.284556e+03
8.538539e-01	9.293697e+03
8.548549e-01	9.302838e+03
8.558559e-01	9.311978e+03
8.568569e-01	9.321119e+03
8.578579e-01	9.330260e+03
8.588589e-01	9.339401e+03
8.598599e-01	9.348541e+03
8.608609e-01	9.357682e+03
8.618619e-01	9.366823e+03
8.628629e-01	9.375964e+03
8.638639e-01	9.385105e+03
8.648649e-01	9.394245e+03
8.658659e-01	9.403386e+03
8.668669e-01	9.412527e+03
8.678679e-01	9.421668e+03
8.688689e-01	9.430809e+03
8.698699e-01	9.439949e+03
8.708709e-01	9.449090e+03
8.718719e-01	9.458231e+03
8.728729e-01	9.467372e+03
8.738739e-01	9.476513e+03
8.748749e-01	9.485653e+03
8.758759e-01	9.494794e+03
8.768769e-01	9.506806e+03
8.778779e-01	9.519468e+03
8.788789e-01	9.532130e+03
8.798799e-01	9.544793e+03
8.808809e-01	9.557455e+03
8.818819e-01	9.570117e+03
8.828829e-01	9.582779e+03
8.838839e-01	9.595441e+03
8.848849e-01	9.608104e+03
8.858859e-01	9.620766e+03
8.868869e-01	9.633428e+03
8.878879e-01	9.646090e+03
8.888889e-01	9.658753e+03
8.898899e-01	9.671415e+03
8.908909e-01	9.684077e+03
8.918919e-01	9.696739e+03
8.928929e-01	9.709402e+03
8.938939e-01	9.722064e+03
8.948949e-01	9.734726e+03
8.958959e-01	9.747388e+03
8.968969e-01	9.760050e+03
8.978979e-01	9.772713e+03
8.988989e-01	9.785375e+03
8.998999e-01	9.798037e+03
9.009009e-01	9.810699e+03
9.019019e-01	9.823362e+03
9.029029e-01	9.836024e+03
9.039039e-01	9.848686e+03
9.049049e-01	9.861348e+03
9.059059e-01	9.874011e+03
9.069069e-01	9.886673e+03
9.079079e-01	9.899335e+03
9.089089e-01	9.911997e+03
9.099099e-01	9.924659e+03
9.109109e-01	9.937322e+03
9.119119e-01	9.949984e+03
9.129129e-01	9.962646e+03
9.139139e-01	9.975308e+03
9.149149e-01	9.987971e+03
9.159159e-01	1.000063e+04
9.169169e-01	1.001330e+04
9.179179e-01	1.002596e+04
9.189189e-01	1.003862e+04
9.199199e-01	1.005128e+04
9.209209e-01	1.006394e+04
9.219219e-01	1.007661e+04
9.229229e-01	1.008927e+04
9.239239e-01	1.010193e+04
9.249249e-01	1.011459e+04
9.259259e-01	1.012726e+04
9.269269e-01	1.013992e+04
9.279279e-01	1.015323e+04
9.289289e-01	1.017299e+04
9.299299e-01	1.019275e+04
9.309309e-01	1.021251e+04
9.319319e-01	1.023227e+04
9.329329e-01	1.025203e+04
9.339339e-01	1.027179e+04
9.349349e-01	1.029154e+04
9.359359e-01	1.031130e+04
9.369369e-01	1.033106e+04
9.379379e-01	1.035082e+04
9.389389e-01	1.037058e+04
9.399399e-01	1.039034e+04
9.409409e-01	1.041010e+04
9.419419e-01	1.042986e+04
9.429429e-01	1.044962e+04
9.439439e-01	1.046937e+04
9.449449e-01	1.048913e+04
9.459459e-01	1.050889e+04
9.469469e-01	1.052865e+04
9.479479e-01	1.054841e+04
9.489489e-01	1.056817e+04
9.499499e-01	1.058793e+04
9.509510e-01	1.060769e+04
9.519520e-01	1.062744e+04
9.529530e-01	1.064720e+04
9.539540e-01	1.066696e+04
9.549550e-01	1.068672e+04
9.559560e-01	1.070648e+04
9.569570e-01	1.072624e+04
9.579580e-01	1.074600e+04
9.589590e-01	1.076576e+04
9.599600e-01	1.078551e+04
9.609610e-01	1.080527e+04
9.619620e-01	1.083767e+04
9.629630e-01	1.087079e+04
9.639640e-01	1.090391e+04
9.649650e-01	1.093703e+04
9.659660e-01	1.097015e+04
9.669670e-01	1.100326e+04
9.679680e-01	1.103638e+04
9.689690e-01	1.106950e+04
9.699700e-01	1.110262e+04
9.709710e-01	1.113574e+04
9.719720e-01	1.116886e+04
9.729730e-01	1.120198e+04
9.739740e-01	1.123510e+04
9.749750e-01	1.126822e+04
9.759760e-01	1.130134e+04
9.769770e-01	1.133446e+04
9.779780e-01	1.136757e+04
9.789790e-01	1.140069e+04
9.799800e-01	1.143381e+04
9.809810e-01	1.147157e+04
9.819820e-01	1.153186e+04
9.829830e-01	1.159214e+04
9.839840e-01	1.165242e+04
9.849850e-01	1.171271e+04
9.859860e-01	1.177299e+04
9.869870e-01	1.183327e+04
9.879880e-01	1.189356e+04
9.889890e-01	1.195384e+04
9.899900e-01	1.201412e+04
9.909910e-01	1.207441e+04
9.919920e-01	1.215472e+04
9.929930e-01	1.228029e+04
9.939940e-01	1.240586e+04
9.949950e-01	1.253143e+04
9.959960e-01	1.265700e+04
9.969970e-01	1.279771e+04
9.979980e-01	1.308939e+04
9.989990e-01	1.338108e+04
1.000000e+00	1.866550e+04
