# q	x_q
0.000000e+00	0.000000e+00
1.001001e-03	0.000000e+00
2.002002e-03	0.000000e+00
3.003003e-03	0.000000e+00
4.004004e-03	0.000000e+00
5.005005e-03	0.000000e+00
6.006006e-03	0.000000e+00
7.007007e-03	0.000000e+00
8.008008e-03	0.000000e+00
9.009009e-03	0.000000e+00
1.001001e-02	0.000000e+00
1.101101e-02	0.000000e+00
1.201201e-02	0.000000e+00
1.301301e-02	0.000000e+00
1.401401e-02	0.000000e+00
1.501502e-02	0.000000e+00
1.601602e-02	0.000000e+00
1.701702e-02	0.000000e+00
1.801802e-02	0.000000e+00
1.901902e-02	0.000000e+00
2.002002e-02	0.000000e+00
2.102102e-02	0.000000e+00
2.202202e-02	0.000000e+00
2.302302e-02	0.000000e+00
2.402402e-02	0.000000e+00
2.502503e-02	0.000000e+00
2.602603e-02	0.000000e+00
2.702703e-02	0.000000e+00
2.802803e-02	0.000000e+00
2.902903e-02	0.000000e+00
3.003003e-02	0.000000e+00
3.103103e-02	0.000000e+00
3.203203e-02	0.000000e+00
3.303303e-02	0.000000e+00
3.403403e-02	0.000000e+00
3.503504e-02	0.000000e+00
3.603604e-02	0.000000e+00
3.703704e-02	0.000000e+00
3.803804e-02	0.000000e+00
3.903904e-02	0.000000e+00
4.004004e-02	0.000000e+00
4.104104e-02	0.000000e+00
4.204204e-02	0.000000e+00
4.304304e-02	0.000000e+00
4.404404e-02	0.000000e+00
4.504505e-02	0.000000e+00
4.604605e-02	0.000000e+00
4.704705e-02	0.000000e+00
4.804805e-02	0.000000e+00
4.904905e-02	0.000000e+00
5.005005e-02	0.000000e+00
5.105105e-02	0.000000e+00
5.205205e-02	0.000000e+00
5.305305e-02	0.000000e+00
5.405405e-02	0.000000e+00
5.505506e-02	0.000000e+00
5.605606e-02	0.000000e+00
5.705706e-02	0.000000e+00
5.805806e-02	0.000000e+00
5.905906e-02	0.000000e+00
6.006006e-02	0.000000e+00
6.106106e-02	0.000000e+00
6.206206e-02	0.000000e+00
6.306306e-02	0.000000e+00
6.406406e-02	0.000000e+00
6.506507e-02	0.000000e+00
6.606607e-02	0.000000e+00
6.706707e-02	0.000000e+00
6.806807e-02	0.000000e+00
6.906907e-02	0.000000e+00
7.007007e-02	0.000000e+00
7.107107e-02	0.000000e+00
7.207207e-02	0.000000e+00
7.307307e-02	0.000000e+00
7.407407e-02	0.000000e+00
7.507508e-02	0.000000e+00
7.607608e-02	0.000000e+00
7.707708e-02	0.000000e+00
7.807808e-02	0.000000e+00
7.907908e-02	0.000000e+00
8.008008e-02	0.000000e+00
8.108108e-02	0.000000e+00
8.208208e-02	0.000000e+00
8.308308e-02	0.000000e+00
8.408408e-02	0.000000e+00
8.508509e-02	0.000000e+00
8.608609e-02	0.000000e+00
8.708709e-02	0.000000e+00
8.808809e-02	0.000000e+00
8.908909e-02	0.000000e+00
9.009009e-02	0.000000e+00
9.109109e-02	0.000000e+00
9.209209e-02	0.000000e+00
9.309309e-02	0.000000e+00
9.409409e-02	0.000000e+00
9.509510e-02	0.000000e+00
9.609610e-02	0.000000e+00
9.709710e-02	0.000000e+00
9.809810e-02	0.000000e+00
9.909910e-02	0.000000e+00
1.001001e-01	0.000000e+00
1.011011e-01	0.000000e+00
1.021021e-01	0.000000e+00
1.031031e-01	0.000000e+00
1.041041e-01	0.000000e+00
1.051051e-01	0.000000e+00
1.061061e-01	0.000000e+00
1.071071e-01	0.000000e+00
1.081081e-01	0.000000e+00
1.091091e-01	0.000000e+00
1.101101e-01	0.000000e+00
1.111111e-01	0.000000e+00
1.121121e-01	0.000000e+00
1.131131e-01	0.000000e+00
1.141141e-01	0.000000e+00
1.151151e-01	0.000000e+00
1.161161e-01	0.000000e+00
1.171171e-01	0.000000e+00
1.181181e-01	0.000000e+00
1.191191e-01	0.000000e+00
1.201201e-01	0.000000e+00
1.211211e-01	0.000000e+00
1.221221e-01	0.000000e+00
1.231231e-01	0.000000e+00
1.241241e-01	0.000000e+00
1.251251e-01	0.000000e+00
1.261261e-01	0.000000e+00
1.271271e-01	0.000000e+00
1.281281e-01	0.000000e+00
1.291291e-01	0.000000e+00
1.301301e-01	0.000000e+00
1.311311e-01	0.000000e+00
1.321321e-01	0.000000e+00
1.331331e-01	0.000000e+00
1.341341e-01	0.000000e+00
1.351351e-01	0.000000e+00
1.361361e-01	0.000000e+00
1.371371e-01	0.000000e+00
1.381381e-01	0.000000e+00
1.391391e-01	0.000000e+00
1.401401e-01	0.000000e+00
1.411411e-01	0.000000e+00
1.421421e-01	0.000000e+00
1.431431e-01	0.000000e+00
1.441441e-01	0.000000e+00
1.451451e-01	0.000000e+00
1.461461e-01	0.000000e+00
1.471471e-01	0.000000e+00
1.481481e-01	0.000000e+00
1.491491e-01	0.000000e+00
1.501502e-01	0.000000e+00
1.511512e-01	0.000000e+00
1.521522e-01	0.000000e+00
1.531532e-01	0.000000e+00
1.541542e-01	0.000000e+00
1.551552e-01	0.000000e+00
1.561562e-01	0.000000e+00
1.571572e-01	0.000000e+00
1.581582e-01	0.000000e+00
1.591592e-01	0.000000e+00
1.601602e-01	0.000000e+00
1.611612e-01	0.000000e+00
1.621622e-01	0.000000e+00
1.631632e-01	0.000000e+00
1.641642e-01	0.000000e+00
1.651652e-01	0.000000e+00
1.661662e-01	0.000000e+00
1.671672e-01	0.000000e+00
1.681682e-01	0.000000e+00
1.691692e-01	0.000000e+00
1.701702e-01	0.000000e+00
1.711712e-01	0.000000e+00
1.721722e-01	0.000000e+00
1.731732e-01	0.000000e+00
1.741742e-01	0.000000e+00
1.751752e-01	0.000000e+00
1.761762e-01	0.000000e+00
1.771772e-01	0.000000e+00
1.781782e-01	0.000000e+00
1.791792e-01	0.000000e+00
1.801802e-01	0.000000e+00
1.811812e-01	0.000000e+00
1.821822e-01	0.000000e+00
1.831832e-01	0.000000e+00
1.841842e-01	0.000000e+00
1.851852e-01	0.000000e+00
1.861862e-01	0.000000e+00
1.871872e-01	0.000000e+00
1.881882e-01	0.000000e+00
1.891892e-01	0.000000e+00
1.901902e-01	0.000000e+00
1.911912e-01	0.000000e+00
1.921922e-01	0.000000e+00
1.931932e-01	0.000000e+00
1.941942e-01	0.000000e+00
1.951952e-01	0.000000e+00
1.961962e-01	0.000000e+00
1.971972e-01	0.000000e+00
1.981982e-01	0.000000e+00
1.991992e-01	0.000000e+00
2.002002e-01	0.000000e+00
2.012012e-01	0.000000e+00
2.022022e-01	0.000000e+00
2.032032e-01	0.000000e+00
2.042042e-01	0.000000e+00
2.052052e-01	0.000000e+00
2.062062e-01	0.000000e+00
2.072072e-01	0.000000e+00
2.082082e-01	0.000000e+00
2.092092e-01	0.000000e+00
2.102102e-01	0.000000e+00
2.112112e-01	0.000000e+00
2.122122e-01	0.000000e+00
2.132132e-01	0.000000e+00
2.142142e-01	0.000000e+00
2.152152e-01	0.000000e+00
2.162162e-01	0.000000e+00
2.172172e-01	0.000000e+00
2.182182e-01	0.000000e+00
2.192192e-01	0.000000e+00
2.202202e-01	0.000000e+00
2.212212e-01	0.000000e+00
2.222222e-01	0.000000e+00
2.232232e-01	0.000000e+00
2.242242e-01	0.000000e+00
2.252252e-01	0.000000e+00
2.262262e-01	0.000000e+00
2.272272e-01	0.000000e+00
2.282282e-01	0.000000e+00
2.292292e-01	0.000000e+00
2.302302e-01	0.000000e+00
2.312312e-01	0.000000e+00
2.322322e-01	0.000000e+00
2.332332e-01	0.000000e+00
2.342342e-01	0.000000e+00
2.352352e-01	0.000000e+00
2.362362e-01	0.000000e+00
2.372372e-01	0.000000e+00
2.382382e-01	0.000000e+00
2.392392e-01	0.000000e+00
2.402402e-01	0.000000e+00
2.412412e-01	0.000000e+00
2.422422e-01	0.000000e+00
2.432432e-01	0.000000e+00
2.442442e-01	1.317910e-02
2.452452e-01	1.377950e-02
2.462462e-01	1.437990e-02
2.472472e-01	1.498029e-02
2.482482e-01	1.558069e-02
2.492492e-01	1.618108e-02
2.502503e-01	1.678148e-02
2.512513e-01	1.738187e-02
2.522523e-01	1.798227e-02
2.532533e-01	1.858266e-02
2.542543e-01	1.918306e-02
2.552553e-01	1.978346e-02
2.562563e-01	2.038385e-02
2.572573e-01	2.098425e-02
2.582583e-01	2.158464e-02
2.592593e-01	2.218504e-02
2.602603e-01	2.278543e-02
2.612613e-01	2.338583e-02
2.622623e-01	2.398622e-02
2.632633e-01	2.458662e-02
2.642643e-01	2.518701e-02
2.652653e-01	2.578741e-02
2.662663e-01	2.638781e-02
2.672673e-01	2.698820e-02
2.682683e-01	2.758860e-02
2.692693e-01	2.818899e-02
2.702703e-01	2.878939e-02
2.712713e-01	2.938978e-02
2.722723e-01	2.999018e-02
2.732733e-01	3.059057e-02
2.742743e-01	3.119097e-02
2.752753e-01	3.179137e-02
2.762763e-01	3.239176e-02
2.772773e-01	3.299216e-02
2.782783e-01	3.359067e-02
2.792793e-01	3.418916e-02
2.802803e-01	3.478765e-02
2.812813e-01	3.538613e-02
2.822823e-01	3.598462e-02
2.832833e-01	3.658311e-02
2.842843e-01	3.718160e-02
2.852853e-01	3.778009e-02
2.862863e-01	3.837858e-02
2.872873e-01	3.897706e-02
2.882883e-01	3.957555e-02
2.892893e-01	4.017404e-02
2.902903e-01	4.077253e-02
2.912913e-01	4.137102e-02
2.922923e-01	4.196950e-02
2.932933e-01	4.256799e-02
2.942943e-01	4.316648e-02
2.952953e-01	4.376497e-02
2.962963e-01	4.436346e-02
2.972973e-01	4.496194e-02
2.982983e-01	4.556043e-02
2.992993e-01	4.615892e-02
3.003003e-01	4.675741e-02
3.013013e-01	4.735590e-02
3.023023e-01	4.795439e-02
3.033033e-01	4.855287e-02
3.043043e-01	4.915136e-02
3.053053e-01	4.974985e-02
3.063063e-01	5.034834e-02
3.073073e-01	5.094683e-02
3.083083e-01	5.154531e-02
3.093093e-01	5.214380e-02
3.103103e-01	5.274229e-02
3.113113e-01	5.334078e-02
3.123123e-01	5.393927e-02
3.133133e-01	5.453776e-02
3.143143e-01	5.513624e-02
3.153153e-01	5.573473e-02
3.163163e-01	5.633322e-02
3.173173e-01	5.693171e-02
3.183183e-01	5.753020e-02
3.193193e-01	5.812868e-02
3.203203e-01	5.872717e-02
3.213213e-01	5.932566e-02
3.223223e-01	5.992415e-02
3.233233e-01	6.052264e-02
3.243243e-01	6.112112e-02
3.253253e-01	6.171961e-02
3.263263e-01	6.231810e-02
3.273273e-01	6.291659e-02
3.283283e-01	6.351508e-02
3.293293e-01	6.411357e-02
3.303303e-01	6.471205e-02
3.313313e-01	6.531054e-02
3.323323e-01	6.590903e-02
3.333333e-01	6.650752e-02
3.343343e-01	6.710601e-02
3.353353e-01	6.770449e-02
3.363363e-01	6.830298e-02
3.373373e-01	6.890147e-02
3.383383e-01	6.949996e-02
3.393393e-01	7.009845e-02
3.403403e-01	7.069694e-02
3.413413e-01	7.129542e-02
3.423423e-01	7.189391e-02
3.433433e-01	7.249240e-02
3.443443e-01	7.309089e-02
3.453453e-01	7.368938e-02
3.463463e-01	7.428786e-02
3.473473e-01	7.488635e-02
3.483483e-01	7.548484e-02
3.493493e-01	7.608333e-02
3.503504e-01	7.668182e-02
3.513514e-01	7.728031e-02
3.523524e-01	7.787879e-02
3.533534e-01	7.847728e-02
3.543544e-01	7.907577e-02
3.553554e-01	7.967426e-02
3.563564e-01	8.027275e-02
3.573574e-01	8.087123e-02
3.583584e-01	8.146972e-02
3.593594e-01	8.202840e-02
3.603604e-01	8.227758e-02
3.613614e-01	8.252677e-02
3.623624e-01	8.277595e-02
3.633634e-01	8.302513e-02
3.643644e-01	8.327431e-02
3.653654e-01	8.352350e-02
3.663664e-01	8.377268e-02
3.673674e-01	8.402186e-02
3.683684e-01	8.427104e-02
3.693694e-01	8.452023e-02
3.703704e-01	8.476941e-02
3.713714e-01	8.501859e-02
3.723724e-01	8.526778e-02
3.733734e-01	8.551696e-02
3.743744e-01	8.576614e-02
3.753754e-01	8.601532e-02
3.763764e-01	8.626451e-02
3.773774e-01	8.651369e-02
3.783784e-01	8.676287e-02
3.793794e-01	8.701206e-02
3.803804e-01	8.726124e-02
3.813814e-01	8.751042e-02
3.823824e-01	8.775960e-02
3.833834e-01	8.800879e-02
3.843844e-01	8.825797e-02
3.853854e-01	8.850715e-02
3.863864e-01	8.875634e-02
3.873874e-01	8.900552e-02
3.883884e-01	8.925470e-02
3.893894e-01	8.950388e-02
3.903904e-01	8.975307e-02
3.913914e-01	9.000225e-02
3.923924e-01	9.025143e-02
3.933934e-01	9.050061e-02
3.943944e-01	9.074980e-02
3.953954e-01	9.099898e-02
3.963964e-01	9.124816e-02
3.973974e-01	9.149735e-02
3.983984e-01	9.174653e-02
3.993994e-01	9.199571e-02
4.004004e-01	9.224489e-02
4.014014e-01	9.249408e-02
4.024024e-01	9.274326e-02
4.034034e-01	9.299244e-02
4.044044e-01	9.324163e-02
4.054054e-01	9.349081e-02
4.064064e-01	9.373999e-02
4.074074e-01	9.398917e-02
4.084084e-01	9.423836e-02
4.094094e-01	9.448754e-02
4.104104e-01	9.473672e-02
4.114114e-01	9.498591e-02
4.124124e-01	9.523509e-02
4.134134e-01	9.548427e-02
4.144144e-01	9.573345e-02
4.154154e-01	9.598264e-02
4.164164e-01	9.623182e-02
4.174174e-01	9.648100e-02
4.184184e-01	9.673018e-02
4.194194e-01	9.697937e-02
4.204204e-01	9.722855e-02
4.214214e-01	9.747773e-02
4.224224e-01	9.772692e-02
4.234234e-01	9.797610e-02
4.244244e-01	9.822528e-02
4.254254e-01	9.847446e-02
4.264264e-01	9.872365e-02
4.274274e-01	9.897283e-02
4.284284e-01	9.922201e-02
4.294294e-01	9.947120e-02
4.304304e-01	9.972038e-02
4.314314e-01	9.996956e-02
4.324324e-01	1.002187e-01
4.334334e-01	1.004679e-01
4.344344e-01	1.007171e-01
4.354354e-01	1.009663e-01
4.364364e-01	1.012155e-01
4.374374e-01	1.014647e-01
4.384384e-01	1.017138e-01
4.394394e-01	1.019630e-01
4.404404e-01	1.022122e-01
4.414414e-01	1.024614e-01
4.424424e-01	1.027106e-01
4.434434e-01	1.029598e-01
4.444444e-01	1.032089e-01
4.454454e-01	1.034581e-01
4.464464e-01	1.037073e-01
4.474474e-01	1.039565e-01
4.484484e-01	1.042057e-01
4.494494e-01	1.044549e-01
4.504505e-01	1.047040e-01
4.514515e-01	1.049532e-01
4.524525e-01	1.052024e-01
4.534535e-01	1.054516e-01
4.544545e-01	1.057008e-01
4.554555e-01	1.059499e-01
4.564565e-01	1.061991e-01
4.574575e-01	1.064483e-01
4.584585e-01	1.066975e-01
4.594595e-01	1.069467e-01
4.604605e-01	1.071959e-01
4.614615e-01	1.074450e-01
4.624625e-01	1.076942e-01
4.634635e-01	1.079434e-01
4.644645e-01	1.081926e-01
4.654655e-01	1.084418e-01
4.664665e-01	1.086910e-01
4.674675e-01	1.089401e-01
4.684685e-01	1.091893e-01
4.694695e-01	1.094385e-01
4.704705e-01	1.096877e-01
4.714715e-01	1.099369e-01
4.724725e-01	1.101861e-01
4.734735e-01	1.104352e-01
4.744745e-01	1.106844e-01
4.754755e-01	1.109336e-01
4.764765e-01	1.111828e-01
4.774775e-01	1.114320e-01
4.784785e-01	1.116812e-01
4.794795e-01	1.119303e-01
4.804805e-01	1.121795e-01
4.814815e-01	1.124287e-01
4.824825e-01	1.126779e-01
4.834835e-01	1.129271e-01
4.844845e-01	1.131762e-01
4.854855e-01	1.134254e-01
4.864865e-01	1.136746e-01
4.874875e-01	1.139238e-01
4.884885e-01	1.141730e-01
4.894895e-01	1.144222e-01
4.904905e-01	1.146713e-01
4.914915e-01	1.149205e-01
4.924925e-01	1.151697e-01
4.934935e-01	1.154189e-01
4.944945e-01	1.156681e-01
4.954955e-01	1.159173e-01
4.964965e-01	1.161664e-01
4.974975e-01	1.164156e-01
4.984985e-01	1.166648e-01
4.994995e-01	1.169140e-01
5.005005e-01	1.171632e-01
5.015015e-01	1.174124e-01
5.025025e-01	1.176615e-01
5.035035e-01	1.179107e-01
5.045045e-01	1.181599e-01
5.055055e-01	1.184091e-01
5.065065e-01	1.186583e-01
5.075075e-01	1.189075e-01
5.085085e-01	1.191566e-01
5.095095e-01	1.194058e-01
5.105105e-01	1.196550e-01
5.115115e-01	1.199042e-01
5.125125e-01	1.201534e-01
5.135135e-01	1.204026e-01
5.145145e-01	1.206517e-01
5.155155e-01	1.209009e-01
5.165165e-01	1.211501e-01
5.175175e-01	1.213993e-01
5.185185e-01	1.216485e-01
5.195195e-01	1.218976e-01
5.205205e-01	1.221468e-01
5.215215e-01	1.223960e-01
5.225225e-01	1.226452e-01
5.235235e-01	1.228944e-01
5.245245e-01	1.231436e-01
5.255255e-01	1.233927e-01
5.265265e-01	1.236419e-01
5.275275e-01	1.238911e-01
5.285285e-01	1.241403e-01
5.295295e-01	1.243895e-01
5.305305e-01	1.246387e-01
5.315315e-01	1.248878e-01
5.325325e-01	1.251370e-01
5.335335e-01	1.253862e-01
5.345345e-01	1.256354e-01
5.355355e-01	1.258846e-01
5.365365e-01	1.261338e-01
5.375375e-01	1.263829e-01
5.385385e-01	1.266321e-01
5.395395e-01	1.268813e-01
5.405405e-01	1.271305e-01
5.415415e-01	1.273797e-01
5.425425e-01	1.276289e-01
5.435435e-01	1.278780e-01
5.445445e-01	1.281272e-01
5.455455e-01	1.283764e-01
5.465465e-01	1.286256e-01
5.475475e-01	1.288748e-01
5.485485e-01	1.291239e-01
5.495495e-01	1.293731e-01
5.505506e-01	1.296223e-01
5.515516e-01	1.298715e-01
5.525526e-01	1.301207e-01
5.535536e-01	1.303699e-01
5.545546e-01	1.306190e-01
5.555556e-01	1.308682e-01
5.565566e-01	1.311174e-01
5.575576e-01	1.313666e-01
5.585586e-01	1.316158e-01
5.595596e-01	1.318650e-01
5.605606e-01	1.321141e-01
5.615616e-01	1.323633e-01
5.625626e-01	1.326125e-01
5.635636e-01	1.328617e-01
5.645646e-01	1.331109e-01
5.655656e-01	1.333601e-01
5.665666e-01	1.336092e-01
5.675676e-01	1.338584e-01
5.685686e-01	1.341076e-01
5.695696e-01	1.343568e-01
5.705706e-01	1.346060e-01
5.715716e-01	1.348552e-01
5.725726e-01	1.351043e-01
5.735736e-01	1.353535e-01
5.745746e-01	1.356027e-01
5.755756e-01	1.358519e-01
5.765766e-01	1.361011e-01
5.775776e-01	1.363502e-01
5.785786e-01	1.365994e-01
5.795796e-01	1.368486e-01
5.805806e-01	1.370978e-01
5.815816e-01	1.373470e-01
5.825826e-01	1.375962e-01
5.835836e-01	1.378453e-01
5.845846e-01	1.380945e-01
5.855856e-01	1.383437e-01
5.865866e-01	1.385929e-01
5.875876e-01	1.388421e-01
5.885886e-01	1.390913e-01
5.895896e-01	1.393404e-01
5.905906e-01	1.395896e-01
5.915916e-01	1.398388e-01
5.925926e-01	1.400880e-01
5.935936e-01	1.403372e-01
5.945946e-01	1.405864e-01
5.955956e-01	1.408355e-01
5.965966e-01	1.410847e-01
5.975976e-01	1.413339e-01
5.985986e-01	1.415831e-01
5.995996e-01	1.418323e-01
6.006006e-01	1.420815e-01
6.016016e-01	1.423306e-01
6.026026e-01	1.425798e-01
6.036036e-01	1.428290e-01
6.046046e-01	1.430782e-01
6.056056e-01	1.433274e-01
6.066066e-01	1.435766e-01
6.076076e-01	1.438257e-01
6.086086e-01	1.440749e-01
6.096096e-01	1.443241e-01
6.106106e-01	1.445733e-01
6.116116e-01	1.448225e-01
6.126126e-01	1.450716e-01
6.136136e-01	1.453208e-01
6.146146e-01	1.455700e-01
6.156156e-01	1.458192e-01
6.166166e-01	1.460684e-01
6.176176e-01	1.463176e-01
6.186186e-01	1.465667e-01
6.196196e-01	1.468159e-01
6.206206e-01	1.470651e-01
6.216216e-01	1.473143e-01
6.226226e-01	1.475635e-01
6.236236e-01	1.478127e-01
6.246246e-01	1.480618e-01
6.256256e-01	1.483110e-01
6.266266e-01	1.485602e-01
6.276276e-01	1.488094e-01
6.286286e-01	1.490586e-01
6.296296e-01	1.493078e-01
6.306306e-01	1.495569e-01
6.316316e-01	1.498061e-01
6.326326e-01	1.500553e-01
6.336336e-01	1.503045e-01
6.346346e-01	1.505537e-01
6.356356e-01	1.508029e-01
6.366366e-01	1.510520e-01
6.376376e-01	1.513012e-01
6.386386e-01	1.515504e-01
6.396396e-01	1.517996e-01
6.406406e-01	1.520488e-01
6.416416e-01	1.522979e-01
6.426426e-01	1.525471e-01
6.436436e-01	1.527963e-01
6.446446e-01	1.530455e-01
6.456456e-01	1.532947e-01
6.466466e-01	1.535439e-01
6.476476e-01	1.537930e-01
6.486486e-01	1.540422e-01
6.496496e-01	1.542914e-01
6.506507e-01	1.545406e-01
6.516517e-01	1.547898e-01
6.526527e-01	1.550390e-01
6.536537e-01	1.552881e-01
6.546547e-01	1.555373e-01
6.556557e-01	1.557865e-01
6.566567e-01	1.560357e-01
6.576577e-01	1.562849e-01
6.586587e-01	1.565341e-01
6.596597e-01	1.567832e-01
6.606607e-01	1.570324e-01
6.616617e-01	1.572816e-01
6.626627e-01	1.575308e-01
6.636637e-01	1.577800e-01
6.646647e-01	1.580292e-01
6.656657e-01	1.582783e-01
6.666667e-01	1.585275e-01
6.676677e-01	1.587767e-01
6.686687e-01	1.590259e-01
6.696697e-01	1.592751e-01
6.706707e-01	1.595243e-01
6.716717e-01	1.597734e-01
6.726727e-01	1.600226e-01
6.736737e-01	1.602718e-01
6.746747e-01	1.605210e-01
6.756757e-01	1.607702e-01
6.766767e-01	1.610193e-01
6.776777e-01	1.612685e-01
6.786787e-01	1.615177e-01
6.796797e-01	1.617669e-01
6.806807e-01	1.620161e-01
6.816817e-01	1.622653e-01
6.826827e-01	1.625144e-01
6.836837e-01	1.627636e-01
6.846847e-01	1.630128e-01
6.856857e-01	1.632620e-01
6.866867e-01	1.635112e-01
6.876877e-01	1.637604e-01
6.886887e-01	1.640095e-01
6.896897e-01	1.642587e-01
6.906907e-01	1.645079e-01
6.916917e-01	1.647571e-01
6.926927e-01	1.650063e-01
6.936937e-01	1.652555e-01
6.946947e-01	1.655046e-01
6.956957e-01	1.657538e-01
6.966967e-01	1.660030e-01
6.976977e-01	1.662522e-01
6.986987e-01	1.665014e-01
6.996997e-01	1.667506e-01
7.007007e-01	1.669997e-01
7.017017e-01	1.672489e-01
7.027027e-01	1.674981e-01
7.037037e-01	1.677473e-01
7.047047e-01	1.679965e-01
7.057057e-01	1.682456e-01
7.067067e-01	1.684948e-01
7.077077e-01	1.687440e-01
7.087087e-01	1.689932e-01
7.097097e-01	1.692424e-01
7.107107e-01	1.694916e-01
7.117117e-01	1.697407e-01
7.127127e-01	1.699899e-01
7.137137e-01	1.702391e-01
7.147147e-01	1.704883e-01
7.157157e-01	1.707375e-01
7.167167e-01	1.709867e-01
7.177177e-01	1.712358e-01
7.187187e-01	1.714850e-01
7.197197e-01	1.717342e-01
7.207207e-01	1.719834e-01
7.217217e-01	1.722326e-01
7.227227e-01	1.724818e-01
7.237237e-01	1.727309e-01
7.247247e-01	1.729801e-01
7.257257e-01	1.732293e-01
7.267267e-01	1.734785e-01
7.277277e-01	1.737277e-01
7.287287e-01	1.739769e-01
7.297297e-01	1.742260e-01
7.307307e-01	1.744752e-01
7.317317e-01	1.747244e-01
7.327327e-01	1.749736e-01
7.337337e-01	1.752228e-01
7.347347e-01	1.754719e-01
7.357357e-01	1.757211e-01
7.367367e-01	1.759703e-01
7.377377e-01	1.762195e-01
7.387387e-01	1.764687e-01
7.397397e-01	1.767179e-01
7.407407e-01	1.769670e-01
7.417417e-01	1.772162e-01
7.427427e-01	1.774654e-01
7.437437e-01	1.777146e-01
7.447447e-01	1.779638e-01
7.457457e-01	1.782130e-01
7.467467e-01	1.784621e-01
7.477477e-01	1.787113e-01
7.487487e-01	1.789605e-01
7.497497e-01	1.792097e-01
7.507508e-01	1.794589e-01
7.517518e-01	1.797081e-01
7.527528e-01	1.799572e-01
7.537538e-01	1.802064e-01
7.547548e-01	1.804556e-01
7.557558e-01	1.807048e-01
7.567568e-01	1.809540e-01
7.577578e-01	1.812032e-01
7.587588e-01	1.814523e-01
7.597598e-01	1.817015e-01
7.607608e-01	1.819507e-01
7.617618e-01	1.821999e-01
7.627628e-01	1.824491e-01
7.637638e-01	1.826983e-01
7.647648e-01	1.829474e-01
7.657658e-01	1.831966e-01
7.667668e-01	1.834458e-01
7.677678e-01	1.836950e-01
7.687688e-01	1.839442e-01
7.697698e-01	1.841933e-01
7.707708e-01	1.844425e-01
7.717718e-01	1.846917e-01
7.727728e-01	1.849409e-01
7.737738e-01	1.851901e-01
7.747748e-01	1.854393e-01
7.757758e-01	1.856884e-01
7.767768e-01	1.859376e-01
7.777778e-01	1.861868e-01
7.787788e-01	1.864360e-01
7.797798e-01	1.866852e-01
7.807808e-01	1.869344e-01
7.817818e-01	1.871835e-01
7.827828e-01	1.874327e-01
7.837838e-01	1.876819e-01
7.847848e-01	1.879311e-01
7.857858e-01	1.881803e-01
7.867868e-01	1.884295e-01
7.877878e-01	1.886786e-01
7.887888e-01	1.889278e-01
7.897898e-01	1.891770e-01
7.907908e-01	1.894262e-01
7.917918e-01	1.896754e-01
7.927928e-01	1.899246e-01
7.937938e-01	1.901737e-01
7.947948e-01	1.904229e-01
7.957958e-01	1.906721e-01
7.967968e-01	1.909213e-01
7.977978e-01	1.911705e-01
7.987988e-01	1.914196e-01
7.997998e-01	1.916688e-01
8.008008e-01	1.919180e-01
8.018018e-01	1.921672e-01
8.028028e-01	1.924164e-01
8.038038e-01	1.926656e-01
8.048048e-01	1.929147e-01
8.058058e-01	1.931639e-01
8.068068e-01	1.934131e-01
8.078078e-01	1.936623e-01
8.088088e-01	1.939115e-01
8.098098e-01	1.941607e-01
8.108108e-01	1.944098e-01
8.118118e-01	1.946590e-01
8.128128e-01	1.949082e-01
8.138138e-01	1.951574e-01
8.148148e-01	1.954066e-01
8.158158e-01	1.956558e-01
8.168168e-01	1.959049e-01
8.178178e-01	1.961541e-01
8.188188e-01	1.964033e-01
8.198198e-01	1.966525e-01
8.208208e-01	1.969017e-01
8.218218e-01	1.971509e-01
8.228228e-01	1.974000e-01
8.238238e-01	1.976492e-01
8.248248e-01	1.978984e-01
8.258258e-01	1.981476e-01
8.268268e-01	1.983968e-01
8.278278e-01	1.986459e-01
8.288288e-01	1.988951e-01
8.298298e-01	1.991443e-01
8.308308e-01	1.993935e-01
8.318318e-01	1.996427e-01
8.328328e-01	1.998919e-01
8.338338e-01	2.010540e-01
8.348348e-01	2.029162e-01
8.358358e-01	2.047783e-01
8.368368e-01	2.066404e-01
8.378378e-01	2.085026e-01
8.388388e-01	2.103647e-01
8.398398e-01	2.122268e-01
8.408408e-01	2.140889e-01
8.418418e-01	2.159511e-01
8.428428e-01	2.178132e-01
8.438438e-01	2.196753e-01
8.448448e-01	2.215375e-01
8.458458e-01	2.233996e-01
8.468468e-01	2.252617e-01
8.478478e-01	2.271239e-01
8.488488e-01	2.289860e-01
8.498498e-01	2.308481e-01
8.508509e-01	2.327102e-01
8.518519e-01	2.345724e-01
8.528529e-01	2.364345e-01
8.538539e-01	2.382966e-01
8.548549e-01	2.401588e-01
8.558559e-01	2.420209e-01
8.568569e-01	2.438830e-01
8.578579e-01	2.457452e-01
8.588589e-01	2.476073e-01
8.598599e-01	2.494694e-01
8.608609e-01	2.513315e-01
8.618619e-01	2.531937e-01
8.628629e-01	2.550558e-01
8.638639e-01	2.569179e-01
8.648649e-01	2.587801e-01
8.658659e-01	2.606422e-01
8.668669e-01	2.625043e-01
8.678679e-01	2.643665e-01
8.688689e-01	2.662286e-01
8.698699e-01	2.680907e-01
8.708709e-01	2.699528e-01
8.718719e-01	2.718150e-01
8.728729e-01	2.736771e-01
8.738739e-01	2.755392e-01
8.748749e-01	2.774014e-01
8.758759e-01	2.792635e-01
8.768769e-01	2.811256e-01
8.778779e-01	2.829878e-01
8.788789e-01	2.848499e-01
8.798799e-01	2.867120e-01
8.808809e-01	2.885741e-01
8.818819e-01	2.904363e-01
8.828829e-01	2.922984e-01
8.838839e-01	2.941605e-01
8.848849e-01	2.960227e-01
8.858859e-01	2.978848e-01
8.868869e-01	2.997469e-01
8.878879e-01	3.016091e-01
8.888889e-01	3.034712e-01
8.898899e-01	3.053333e-01
8.908909e-01	3.071954e-01
8.918919e-01	3.090576e-01
8.928929e-01	3.109197e-01
8.938939e-01	3.127818e-01
8.948949e-01	3.146440e-01
8.958959e-01	3.165061e-01
8.968969e-01	3.183682e-01
8.978979e-01	3.202304e-01
8.988989e-01	3.220925e-01
8.998999e-01	3.239546e-01
9.009009e-01	3.258167e-01
9.019019e-01	3.276789e-01
9.029029e-01	3.295410e-01
9.039039e-01	3.314031e-01
9.049049e-01	3.332653e-01
9.059059e-01	3.351274e-01
9.069069e-01	3.369895e-01
9.079079e-01	3.388517e-01
9.089089e-01	3.407138e-01
9.099099e-01	3.425759e-01
9.109109e-01	3.444380e-01
9.119119e-01	3.463002e-01
9.129129e-01	3.481623e-01
9.139139e-01	3.500244e-01
9.149149e-01	3.518866e-01
9.159159e-01	3.537487e-01
9.169169e-01	3.556108e-01
9.179179e-01	3.574730e-01
9.189189e-01	3.593351e-01
9.199199e-01	3.611972e-01
9.209209e-01	3.630593e-01
9.219219e-01	3.649215e-01
9.229229e-01	3.667836e-01
9.239239e-01	3.686457e-01
9.249249e-01	3.705079e-01
9.259259e-01	3.723700e-01
9.269269e-01	3.742321e-01
9.279279e-01	3.760943e-01
9.289289e-01	3.779564e-01
9.299299e-01	3.798185e-01
9.309309e-01	3.816806e-01
9.319319e-01	3.835428e-01
9.329329e-01	3.854049e-01
9.339339e-01	3.872670e-01
9.349349e-01	3.891292e-01
9.359359e-01	3.909913e-01
9.369369e-01	3.928534e-01
9.379379e-01	3.947156e-01
9.389389e-01	3.965777e-01
9.399399e-01	3.984398e-01
9.409409e-01	4.003019e-01
9.419419e-01	4.021641e-01
9.429429e-01	4.040262e-01
9.439439e-01	4.058883e-01
9.449449e-01	4.077505e-01
9.459459e-01	4.096126e-01
9.469469e-01	4.114747e-01
9.479479e-01	4.133369e-01
9.489489e-01	4.151990e-01
9.499499e-01	4.170611e-01
9.509510e-01	4.189232e-01
9.519520e-01	4.207854e-01
9.529530e-01	4.226475e-01
9.539540e-01	4.245096e-01
9.549550e-01	4.263718e-01
9.559560e-01	4.282339e-01
9.569570e-01	4.300960e-01
9.579580e-01	4.319581e-01
9.589590e-01	4.338203e-01
9.599600e-01	4.356824e-01
9.609610e-01	4.375445e-01
9.619620e-01	4.394067e-01
9.629630e-01	4.412688e-01
9.639640e-01	4.431309e-01
9.649650e-01	4.449931e-01
9.659660e-01	4.468552e-01
9.669670e-01	4.487173e-01
9.679680e-01	4.505794e-01
9.689690e-01	4.524416e-01
9.699700e-01	4.543037e-01
9.709710e-01	4.561658e-01
9.719720e-01	4.580280e-01
9.729730e-01	4.598901e-01
9.739740e-01	4.617522e-01
9.749750e-01	4.636144e-01
9.759760e-01	4.654765e-01
9.769770e-01	4.673386e-01
9.779780e-01	4.692007e-01
9.789790e-01	4.710629e-01
9.799800e-01	4.729250e-01
9.809810e-01	4.747871e-01
9.819820e-01	4.766493e-01
9.829830e-01	4.785114e-01
9.839840e-01	4.803735e-01
9.849850e-01	4.822357e-01
9.859860e-01	4.840978e-01
9.869870e-01	4.859599e-01
9.879880e-01	4.878220e-01
9.889890e-01	4.896842e-01
9.899900e-01	4.915463e-01
9.909910e-01	4.934084e-01
9.919920e-01	4.952706e-01
9.929930e-01	4.971327e-01
9.939940e-01	4.989948e-01
9.949950e-01	5.008570e-01
9.959960e-01	5.027191e-01
9.969970e-01	5.045812e-01
9.979980e-01	5.064433e-01
9.989990e-01	5.083055e-01
1.000000e+00	3.200000e+00
