# q	x_q
0.000000e+00	0.000000e+00
1.001001e-03	0.000000e+00
2.002002e-03	0.000000e+00
3.003003e-03	0.000000e+00
4.004004e-03	5.490377e-04
5.005005e-03	1.136058e-03
6.006006e-03	1.723078e-03
7.007007e-03	2.393385e-03
8.008008e-03	3.213107e-03
9.009009e-03	4.032830e-03
1.001001e-02	4.852552e-03
1.101101e-02	6.781801e-03
1.201201e-02	9.527317e-03
1.301301e-02	1.227283e-02
1.401401e-02	1.305469e-02
1.501502e-02	1.312909e-02
1.601602e-02	1.320349e-02
1.701702e-02	1.327789e-02
1.801802e-02	1.335229e-02
1.901902e-02	1.342669e-02
2.002002e-02	1.350109e-02
2.102102e-02	1.357549e-02
2.202202e-02	1.364989e-02
2.302302e-02	1.372429e-02
2.402402e-02	1.379869e-02
2.502503e-02	1.387309e-02
2.602603e-02	1.394749e-02
2.702703e-02	1.402189e-02
2.802803e-02	1.409629e-02
2.902903e-02	1.417069e-02
3.003003e-02	1.424509e-02
3.103103e-02	1.431949e-02
3.203203e-02	1.439389e-02
3.303303e-02	1.446829e-02
3.403403e-02	1.454269e-02
3.503504e-02	1.461709e-02
3.603604e-02	1.469149e-02
3.703704e-02	1.476589e-02
3.803804e-02	1.484029e-02
3.903904e-02	1.491469e-02
4.004004e-02	1.498909e-02
4.104104e-02	1.506349e-02
4.204204e-02	1.513789e-02
4.304304e-02	1.521229e-02
4.404404e-02	1.528669e-02
4.504505e-02	1.536109e-02
4.604605e-02	1.543549e-02
4.704705e-02	1.550988e-02
4.804805e-02	1.558428e-02
4.904905e-02	1.565868e-02
5.005005e-02	1.573308e-02
5.105105e-02	1.580748e-02
5.205205e-02	1.588188e-02
5.305305e-02	1.595628e-02
5.405405e-02	1.603068e-02
5.505506e-02	1.610508e-02
5.605606e-02	1.617948e-02
5.705706e-02	1.625388e-02
5.805806e-02	1.632828e-02
5.905906e-02	1.640268e-02
6.006006e-02	1.647708e-02
6.106106e-02	1.655148e-02
6.206206e-02	1.662588e-02
6.306306e-02	1.670028e-02
6.406406e-02	1.677468e-02
6.506507e-02	1.684908e-02
6.606607e-02	1.692348e-02
6.706707e-02	1.699788e-02
6.806807e-02	1.707228e-02
6.906907e-02	1.714668e-02
7.007007e-02	1.722108e-02
7.107107e-02	1.729548e-02
7.207207e-02	1.736988e-02
7.307307e-02	1.744428e-02
7.407407e-02	1.751868e-02
7.507508e-02	1.759308e-02
7.607608e-02	1.766748e-02
7.707708e-02	1.774188e-02
7.807808e-02	1.781628e-02
7.907908e-02	1.789068e-02
8.008008e-02	1.796508e-02
8.108108e-02	1.803947e-02
8.208208e-02	1.811387e-02
8.308308e-02	1.818827e-02
8.408408e-02	1.826267e-02
8.508509e-02	1.833707e-02
8.608609e-02	1.841147e-02
8.708709e-02	1.848587e-02
8.808809e-02	1.856027e-02
8.908909e-02	1.863467e-02
9.009009e-02	1.870907e-02
9.109109e-02	1.878347e-02
9.209209e-02	1.885787e-02
9.309309e-02	1.893227e-02
9.409409e-02	1.900667e-02
9.509510e-02	1.908107e-02
9.609610e-02	1.915547e-02
9.709710e-02	1.922987e-02
9.809810e-02	1.930427e-02
9.909910e-02	1.937867e-02
1.001001e-01	1.945307e-02
1.011011e-01	1.952747e-02
1.021021e-01	1.960187e-02
1.031031e-01	1.967627e-02
1.041041e-01	1.975067e-02
1.051051e-01	1.982507e-02
1.061061e-01	1.989947e-02
1.071071e-01	1.997387e-02
1.081081e-01	2.004827e-02
1.091091e-01	2.012267e-02
1.101101e-01	2.019707e-02
1.111111e-01	2.027147e-02
1.121121e-01	2.034587e-02
1.131131e-01	2.042027e-02
1.141141e-01	2.049467e-02
1.151151e-01	2.056906e-02
1.161161e-01	2.064346e-02
1.171171e-01	2.071786e-02
1.181181e-01	2.079226e-02
1.191191e-01	2.086666e-02
1.201201e-01	2.094106e-02
1.211211e-01	2.101546e-02
1.221221e-01	2.108986e-02
1.231231e-01	2.116426e-02
1.241241e-01	2.123866e-02
1.251251e-01	2.131306e-02
1.261261e-01	2.138746e-02
1.271271e-01	2.146186e-02
1.281281e-01	2.153626e-02
1.291291e-01	2.161066e-02
1.301301e-01	2.168506e-02
1.311311e-01	2.175946e-02
1.321321e-01	2.183386e-02
1.331331e-01	2.190826e-02
1.341341e-01	2.198266e-02
1.351351e-01	2.205706e-02
1.361361e-01	2.213146e-02
1.371371e-01	2.220586e-02
1.381381e-01	2.228026e-02
1.391391e-01	2.235466e-02
1.401401e-01	2.242906e-02
1.411411e-01	2.250346e-02
1.421421e-01	2.257786e-02
1.431431e-01	2.265226e-02
1.441441e-01	2.272666e-02
1.451451e-01	2.280106e-02
1.461461e-01	2.287546e-02
1.471471e-01	2.294986e-02
1.481481e-01	2.302426e-02
1.491491e-01	2.309865e-02
1.501502e-01	2.317305e-02
1.511512e-01	2.324745e-02
1.521522e-01	2.332185e-02
1.531532e-01	2.339625e-02
1.541542e-01	2.347065e-02
1.551552e-01	2.354505e-02
1.561562e-01	2.361945e-02
1.571572e-01	2.369385e-02
1.581582e-01	2.376825e-02
1.591592e-01	2.384265e-02
1.601602e-01	2.391705e-02
1.611612e-01	2.399145e-02
1.621622e-01	2.406585e-02
1.631632e-01	2.414025e-02
1.641642e-01	2.421465e-02
1.651652e-01	2.428905e-02
1.661662e-01	2.436345e-02
1.671672e-01	2.443785e-02
1.681682e-01	2.451225e-02
1.691692e-01	2.458665e-02
1.701702e-01	2.466105e-02
1.711712e-01	2.473545e-02
1.721722e-01	2.480985e-02
1.731732e-01	2.488425e-02
1.741742e-01	2.495865e-02
1.751752e-01	2.503305e-02
1.761762e-01	2.510745e-02
1.771772e-01	2.518185e-02
1.781782e-01	2.525625e-02
1.791792e-01	2.533065e-02
1.801802e-01	2.540505e-02
1.811812e-01	2.547945e-02
1.821822e-01	2.555385e-02
1.831832e-01	2.562824e-02
1.841842e-01	2.570264e-02
1.851852e-01	2.577704e-02
1.861862e-01	2.585144e-02
1.871872e-01	2.592584e-02
1.881882e-01	2.600024e-02
1.891892e-01	2.607464e-02
1.901902e-01	2.614904e-02
1.911912e-01	2.622344e-02
1.921922e-01	2.629784e-02
1.931932e-01	2.637224e-02
1.941942e-01	2.644664e-02
1.951952e-01	2.652104e-02
1.961962e-01	2.659544e-02
1.971972e-01	2.666984e-02
1.981982e-01	2.674424e-02
1.991992e-01	2.681864e-02
2.002002e-01	2.689304e-02
2.012012e-01	2.696744e-02
2.022022e-01	2.704184e-02
2.032032e-01	2.711624e-02
2.042042e-01	2.719064e-02
2.052052e-01	2.726504e-02
2.062062e-01	2.733944e-02
2.072072e-01	2.741384e-02
2.082082e-01	2.748824e-02
2.092092e-01	2.756264e-02
2.102102e-01	2.763704e-02
2.112112e-01	2.771144e-02
2.122122e-01	2.778584e-02
2.132132e-01	2.786024e-02
2.142142e-01	2.793464e-02
2.152152e-01	2.800904e-02
2.162162e-01	2.808344e-02
2.172172e-01	2.815783e-02
2.182182e-01	2.823223e-02
2.192192e-01	2.830663e-02
2.202202e-01	2.838103e-02
2.212212e-01	2.845543e-02
2.222222e-01	2.852983e-02
2.232232e-01	2.860423e-02
2.242242e-01	2.867863e-02
2.252252e-01	2.875303e-02
2.262262e-01	2.882743e-02
2.272272e-01	2.890183e-02
2.282282e-01	2.897623e-02
2.292292e-01	2.905063e-02
2.302302e-01	2.912503e-02
2.312312e-01	2.919943e-02
2.322322e-01	2.927383e-02
2.332332e-01	2.934823e-02
2.342342e-01	2.942263e-02
2.352352e-01	2.949703e-02
2.362362e-01	2.957143e-02
2.372372e-01	2.964583e-02
2.382382e-01	2.972023e-02
2.392392e-01	2.979463e-02
2.402402e-01	2.986903e-02
2.412412e-01	2.994343e-02
2.422422e-01	3.001783e-02
2.432432e-01	3.009223e-02
2.442442e-01	3.016663e-02
2.452452e-01	3.024103e-02
2.462462e-01	3.031543e-02
2.472472e-01	3.038983e-02
2.482482e-01	3.046423e-02
2.492492e-01	3.053863e-02
2.502503e-01	3.061303e-02
2.512513e-01	3.068742e-02
2.522523e-01	3.076182e-02
2.532533e-01	3.083622e-02
2.542543e-01	3.091062e-02
2.552553e-01	3.098502e-02
2.562563e-01	3.105942e-02
2.572573e-01	3.113382e-02
2.582583e-01	3.120822e-02
2.592593e-01	3.128262e-02
2.602603e-01	3.135702e-02
2.612613e-01	3.143142e-02
2.622623e-01	3.150582e-02
2.632633e-01	3.158022e-02
2.642643e-01	3.165462e-02
2.652653e-01	3.172902e-02
2.662663e-01	3.180342e-02
2.672673e-01	3.187782e-02
2.682683e-01	3.195222e-02
2.692693e-01	3.202662e-02
2.702703e-01	3.210102e-02
2.712713e-01	3.217542e-02
2.722723e-01	3.224982e-02
2.732733e-01	3.232422e-02
2.742743e-01	3.239862e-02
2.752753e-01	3.247302e-02
2.762763e-01	3.254742e-02
2.772773e-01	3.262182e-02
2.782783e-01	3.269622e-02
2.792793e-01	3.277062e-02
2.802803e-01	3.284502e-02
2.812813e-01	3.291942e-02
2.822823e-01	3.299382e-02
2.832833e-01	4.564544e-02
2.842843e-01	5.943731e-02
2.852853e-01	7.322917e-02
2.862863e-01	8.215446e-02
2.872873e-01	8.257875e-02
2.882883e-01	8.300303e-02
2.892893e-01	8.342731e-02
2.902903e-01	8.385159e-02
2.912913e-01	8.427588e-02
2.922923e-01	8.470016e-02
2.932933e-01	8.512444e-02
2.942943e-01	8.554873e-02
2.952953e-01	8.597301e-02
2.962963e-01	8.639729e-02
2.972973e-01	8.682157e-02
2.982983e-01	8.724586e-02
2.992993e-01	8.767014e-02
3.003003e-01	8.809442e-02
3.013013e-01	8.851871e-02
3.023023e-01	8.894299e-02
3.033033e-01	8.936727e-02
3.043043e-01	8.979155e-02
3.053053e-01	9.021584e-02
3.063063e-01	9.064012e-02
3.073073e-01	9.106440e-02
3.083083e-01	9.148869e-02
3.093093e-01	9.191297e-02
3.103103e-01	9.233725e-02
3.113113e-01	9.276153e-02
3.123123e-01	9.318582e-02
3.133133e-01	9.361010e-02
3.143143e-01	9.403438e-02
3.153153e-01	9.445867e-02
3.163163e-01	9.488295e-02
3.173173e-01	9.530723e-02
3.183183e-01	9.573151e-02
3.193193e-01	9.615580e-02
3.203203e-01	9.658008e-02
3.213213e-01	9.700436e-02
3.223223e-01	9.742865e-02
3.233233e-01	9.785293e-02
3.243243e-01	9.827721e-02
3.253253e-01	9.870149e-02
3.263263e-01	9.912578e-02
3.273273e-01	9.955006e-02
3.283283e-01	9.997434e-02
3.293293e-01	1.003986e-01
3.303303e-01	1.008229e-01
3.313313e-01	1.012472e-01
3.323323e-01	1.016715e-01
3.333333e-01	1.020958e-01
3.343343e-01	1.025200e-01
3.353353e-01	1.029443e-01
3.363363e-01	1.033686e-01
3.373373e-01	1.037929e-01
3.383383e-01	1.042172e-01
3.393393e-01	1.046415e-01
3.403403e-01	1.050657e-01
3.413413e-01	1.054900e-01
3.423423e-01	1.059143e-01
3.433433e-01	1.063386e-01
3.443443e-01	1.067629e-01
3.453453e-01	1.071872e-01
3.463463e-01	1.076114e-01
3.473473e-01	1.080357e-01
3.483483e-01	1.084600e-01
3.493493e-01	1.088843e-01
3.503504e-01	1.093086e-01
3.513514e-01	1.097328e-01
3.523524e-01	1.101571e-01
3.533534e-01	1.105814e-01
3.543544e-01	1.110057e-01
3.553554e-01	1.114300e-01
3.563564e-01	1.118543e-01
3.573574e-01	1.122785e-01
3.583584e-01	1.127028e-01
3.593594e-01	1.131271e-01
3.603604e-01	1.135514e-01
3.613614e-01	1.139757e-01
3.623624e-01	1.144000e-01
3.633634e-01	1.148242e-01
3.643644e-01	1.152485e-01
3.653654e-01	1.156728e-01
3.663664e-01	1.160971e-01
3.673674e-01	1.165214e-01
3.683684e-01	1.169457e-01
3.693694e-01	1.173699e-01
3.703704e-01	1.177942e-01
3.713714e-01	1.182185e-01
3.723724e-01	1.186428e-01
3.733734e-01	1.190671e-01
3.743744e-01	1.194914e-01
3.753754e-01	1.199156e-01
3.763764e-01	1.203399e-01
3.773774e-01	1.207642e-01
3.783784e-01	1.211885e-01
3.793794e-01	1.216128e-01
3.803804e-01	1.220370e-01
3.813814e-01	1.224613e-01
3.823824e-01	1.228856e-01
3.833834e-01	1.233099e-01
3.843844e-01	1.237342e-01
3.853854e-01	1.241585e-01
3.863864e-01	1.245827e-01
3.873874e-01	1.250070e-01
3.883884e-01	1.254313e-01
3.893894e-01	1.258556e-01
3.903904e-01	1.262799e-01
3.913914e-01	1.267042e-01
3.923924e-01	1.271284e-01
3.933934e-01	1.275527e-01
3.943944e-01	1.279770e-01
3.953954e-01	1.284013e-01
3.963964e-01	1.288256e-01
3.973974e-01	1.292499e-01
3.983984e-01	1.296741e-01
3.993994e-01	1.300984e-01
4.004004e-01	1.305227e-01
4.014014e-01	1.309470e-01
4.024024e-01	1.313713e-01
4.034034e-01	1.317956e-01
4.044044e-01	1.322198e-01
4.054054e-01	1.326441e-01
4.064064e-01	1.330684e-01
4.074074e-01	1.334927e-01
4.084084e-01	1.339170e-01
4.094094e-01	1.343413e-01
4.104104e-01	1.347655e-01
4.114114e-01	1.351898e-01
4.124124e-01	1.356141e-01
4.134134e-01	1.360384e-01
4.144144e-01	1.364627e-01
4.154154e-01	1.368869e-01
4.164164e-01	1.373112e-01
4.174174e-01	1.377355e-01
4.184184e-01	1.381598e-01
4.194194e-01	1.385841e-01
4.204204e-01	1.390084e-01
4.214214e-01	1.394326e-01
4.224224e-01	1.398569e-01
4.234234e-01	1.402812e-01
4.244244e-01	1.407055e-01
4.254254e-01	1.411298e-01
4.264264e-01	1.415541e-01
4.274274e-01	1.419783e-01
4.284284e-01	1.424026e-01
4.294294e-01	1.428269e-01
4.304304e-01	1.432512e-01
4.314314e-01	1.436755e-01
4.324324e-01	1.440998e-01
4.334334e-01	1.445240e-01
4.344344e-01	1.449483e-01
4.354354e-01	1.453726e-01
4.364364e-01	1.457969e-01
4.374374e-01	1.462212e-01
4.384384e-01	1.466455e-01
4.394394e-01	1.470697e-01
4.404404e-01	1.474940e-01
4.414414e-01	1.479183e-01
4.424424e-01	1.483426e-01
4.434434e-01	1.487669e-01
4.444444e-01	1.491912e-01
4.454454e-01	1.496154e-01
4.464464e-01	1.500397e-01
4.474474e-01	1.504640e-01
4.484484e-01	1.508883e-01
4.494494e-01	1.513126e-01
4.504505e-01	1.517368e-01
4.514515e-01	1.521611e-01
4.524525e-01	1.525854e-01
4.534535e-01	1.530097e-01
4.544545e-01	1.534340e-01
4.554555e-01	1.538583e-01
4.564565e-01	1.542825e-01
4.574575e-01	1.547068e-01
4.584585e-01	1.551311e-01
4.594595e-01	1.555554e-01
4.604605e-01	1.559797e-01
4.614615e-01	1.564040e-01
4.624625e-01	1.568282e-01
4.634635e-01	1.572525e-01
4.644645e-01	1.576768e-01
4.654655e-01	1.581011e-01
4.664665e-01	1.585254e-01
4.674675e-01	1.589497e-01
4.684685e-01	1.593739e-01
4.694695e-01	1.597982e-01
4.704705e-01	1.602225e-01
4.714715e-01	1.606468e-01
4.724725e-01	1.610711e-01
4.734735e-01	1.614954e-01
4.744745e-01	1.619196e-01
4.754755e-01	1.623439e-01
4.764765e-01	1.627682e-01
4.774775e-01	1.631925e-01
4.784785e-01	1.636168e-01
4.794795e-01	1.640410e-01
4.804805e-01	1.644653e-01
4.814815e-01	1.648896e-01
4.824825e-01	1.653139e-01
4.834835e-01	1.657382e-01
4.844845e-01	1.661625e-01
4.854855e-01	1.665867e-01
4.864865e-01	1.670110e-01
4.874875e-01	1.674353e-01
4.884885e-01	1.678596e-01
4.894895e-01	1.682839e-01
4.904905e-01	1.687082e-01
4.914915e-01	1.691324e-01
4.924925e-01	1.695567e-01
4.934935e-01	1.699810e-01
4.944945e-01	1.704053e-01
4.954955e-01	1.708296e-01
4.964965e-01	1.712539e-01
4.974975e-01	1.716781e-01
4.984985e-01	1.721024e-01
4.994995e-01	1.725267e-01
5.005005e-01	1.729510e-01
5.015015e-01	1.733753e-01
5.025025e-01	1.737996e-01
5.035035e-01	1.742238e-01
5.045045e-01	1.746481e-01
5.055055e-01	1.750724e-01
5.065065e-01	1.754967e-01
5.075075e-01	1.759210e-01
5.085085e-01	1.763453e-01
5.095095e-01	1.767695e-01
5.105105e-01	1.771938e-01
5.115115e-01	1.776181e-01
5.125125e-01	1.780424e-01
5.135135e-01	1.784667e-01
5.145145e-01	1.788909e-01
5.155155e-01	1.793152e-01
5.165165e-01	1.797395e-01
5.175175e-01	1.801638e-01
5.185185e-01	1.805881e-01
5.195195e-01	1.810124e-01
5.205205e-01	1.814366e-01
5.215215e-01	1.818609e-01
5.225225e-01	1.822852e-01
5.235235e-01	1.827095e-01
5.245245e-01	1.831338e-01
5.255255e-01	1.835581e-01
5.265265e-01	1.839823e-01
5.275275e-01	1.844066e-01
5.285285e-01	1.848309e-01
5.295295e-01	1.852552e-01
5.305305e-01	1.856795e-01
5.315315e-01	1.861038e-01
5.325325e-01	1.865280e-01
5.335335e-01	1.869523e-01
5.345345e-01	1.873766e-01
5.355355e-01	1.878009e-01
5.365365e-01	1.882252e-01
5.375375e-01	1.886495e-01
5.385385e-01	1.890737e-01
5.395395e-01	1.894980e-01
5.405405e-01	1.899223e-01
5.415415e-01	1.903466e-01
5.425425e-01	1.907709e-01
5.435435e-01	1.911952e-01
5.445445e-01	1.916194e-01
5.455455e-01	1.920437e-01
5.465465e-01	1.924680e-01
5.475475e-01	1.928923e-01
5.485485e-01	1.933166e-01
5.495495e-01	1.937408e-01
5.505506e-01	1.941651e-01
5.515516e-01	1.945894e-01
5.525526e-01	1.950137e-01
5.535536e-01	1.954380e-01
5.545546e-01	1.958623e-01
5.555556e-01	1.962865e-01
5.565566e-01	1.967108e-01
5.575576e-01	1.971351e-01
5.585586e-01	1.975594e-01
5.595596e-01	1.979837e-01
5.605606e-01	1.984080e-01
5.615616e-01	1.988322e-01
5.625626e-01	1.992565e-01
5.635636e-01	1.996808e-01
5.645646e-01	1.300556e+00
5.655656e-01	1.304923e+00
5.665666e-01	1.309290e+00
5.675676e-01	1.313657e+00
5.685686e-01	1.318024e+00
5.695696e-01	1.322391e+00
5.705706e-01	1.326759e+00
5.715716e-01	1.331126e+00
5.725726e-01	1.335493e+00
5.735736e-01	1.339860e+00
5.745746e-01	1.344227e+00
5.755756e-01	1.348594e+00
5.765766e-01	1.352962e+00
5.775776e-01	1.357329e+00
5.785786e-01	1.361696e+00
5.795796e-01	1.366063e+00
5.805806e-01	1.370430e+00
5.815816e-01	1.374797e+00
5.825826e-01	1.379165e+00
5.835836e-01	1.383532e+00
5.845846e-01	1.387899e+00
5.855856e-01	1.392266e+00
5.865866e-01	1.396633e+00
5.875876e-01	1.401000e+00
5.885886e-01	1.405368e+00
5.895896e-01	1.409735e+00
5.905906e-01	1.414102e+00
5.915916e-01	1.418469e+00
5.925926e-01	1.422836e+00
5.935936e-01	1.427203e+00
5.945946e-01	1.431571e+00
5.955956e-01	1.435938e+00
5.965966e-01	1.440305e+00
5.975976e-01	1.444672e+00
5.985986e-01	1.449039e+00
5.995996e-01	1.453406e+00
6.006006e-01	1.457774e+00
6.016016e-01	1.462141e+00
6.026026e-01	1.466508e+00
6.036036e-01	1.470875e+00
6.046046e-01	1.475242e+00
6.056056e-01	1.479609e+00
6.066066e-01	1.483976e+00
6.076076e-01	1.488344e+00
6.086086e-01	1.492711e+00
6.096096e-01	1.497078e+00
6.106106e-01	1.501445e+00
6.116116e-01	1.505812e+00
6.126126e-01	1.510179e+00
6.136136e-01	1.514547e+00
6.146146e-01	1.518914e+00
6.156156e-01	1.523281e+00
6.166166e-01	1.527648e+00
6.176176e-01	1.532015e+00
6.186186e-01	1.536382e+00
6.196196e-01	1.540750e+00
6.206206e-01	1.545117e+00
6.216216e-01	1.549484e+00
6.226226e-01	1.553851e+00
6.236236e-01	1.558218e+00
6.246246e-01	1.562585e+00
6.256256e-01	1.566953e+00
6.266266e-01	1.571320e+00
6.276276e-01	1.575687e+00
6.286286e-01	1.580054e+00
6.296296e-01	1.584421e+00
6.306306e-01	1.588788e+00
6.316316e-01	1.593156e+00
6.326326e-01	1.597523e+00
6.336336e-01	1.601890e+00
6.346346e-01	1.606257e+00
6.356356e-01	1.610624e+00
6.366366e-01	1.614991e+00
6.376376e-01	1.619359e+00
6.386386e-01	1.623726e+00
6.396396e-01	1.628093e+00
6.406406e-01	1.632460e+00
6.416416e-01	1.636827e+00
6.426426e-01	1.641194e+00
6.436436e-01	1.645562e+00
6.446446e-01	1.649929e+00
6.456456e-01	1.654296e+00
6.466466e-01	1.658663e+00
6.476476e-01	1.663030e+00
6.486486e-01	1.667397e+00
6.496496e-01	1.671765e+00
6.506507e-01	1.676132e+00
6.516517e-01	1.680499e+00
6.526527e-01	1.684866e+00
6.536537e-01	1.689233e+00
6.546547e-01	1.693600e+00
6.556557e-01	1.697968e+00
6.566567e-01	1.702335e+00
6.576577e-01	1.706702e+00
6.586587e-01	1.711069e+00
6.596597e-01	1.715436e+00
6.606607e-01	1.719803e+00
6.616617e-01	1.724171e+00
6.626627e-01	1.728538e+00
6.636637e-01	1.732905e+00
6.646647e-01	1.737272e+00
6.656657e-01	1.741639e+00
6.666667e-01	1.746006e+00
6.676677e-01	1.750374e+00
6.686687e-01	1.754741e+00
6.696697e-01	1.759108e+00
6.706707e-01	1.763475e+00
6.716717e-01	1.767842e+00
6.726727e-01	1.772209e+00
6.736737e-01	1.776576e+00
6.746747e-01	1.780944e+00
6.756757e-01	1.785311e+00
6.766767e-01	1.789678e+00
6.776777e-01	1.794045e+00
6.786787e-01	1.798412e+00
6.796797e-01	1.802779e+00
6.806807e-01	1.807147e+00
6.816817e-01	1.811514e+00
6.826827e-01	1.815881e+00
6.836837e-01	1.820248e+00
6.846847e-01	1.824615e+00
6.856857e-01	1.828982e+00
6.866867e-01	1.833350e+00
6.876877e-01	1.837717e+00
6.886887e-01	1.842084e+00
6.896897e-01	1.846451e+00
6.906907e-01	1.850818e+00
6.916917e-01	1.855185e+00
6.926927e-01	1.859553e+00
6.936937e-01	1.863920e+00
6.946947e-01	1.868287e+00
6.956957e-01	1.872654e+00
6.966967e-01	1.877021e+00
6.976977e-01	1.881388e+00
6.986987e-01	1.885756e+00
6.996997e-01	1.890123e+00
7.007007e-01	1.894490e+00
7.017017e-01	1.898857e+00
7.027027e-01	1.903224e+00
7.037037e-01	1.907591e+00
7.047047e-01	1.911959e+00
7.057057e-01	1.916326e+00
7.067067e-01	1.920693e+00
7.077077e-01	1.925060e+00
7.087087e-01	1.929427e+00
7.097097e-01	1.933794e+00
7.107107e-01	1.938162e+00
7.117117e-01	1.942529e+00
7.127127e-01	1.946896e+00
7.137137e-01	1.951263e+00
7.147147e-01	1.955630e+00
7.157157e-01	1.959997e+00
7.167167e-01	1.964365e+00
7.177177e-01	1.968732e+00
7.187187e-01	1.973099e+00
7.197197e-01	1.977466e+00
7.207207e-01	1.981833e+00
7.217217e-01	1.986200e+00
7.227227e-01	1.990568e+00
7.237237e-01	1.994935e+00
7.247247e-01	1.999302e+00
7.257257e-01	2.003669e+00
7.267267e-01	2.008036e+00
7.277277e-01	2.012403e+00
7.287287e-01	2.016771e+00
7.297297e-01	2.021138e+00
7.307307e-01	2.025505e+00
7.317317e-01	2.029872e+00
7.327327e-01	2.034239e+00
7.337337e-01	2.038606e+00
7.347347e-01	2.042974e+00
7.357357e-01	2.047341e+00
7.367367e-01	2.051708e+00
7.377377e-01	2.056075e+00
7.387387e-01	2.060442e+00
7.397397e-01	2.064809e+00
7.407407e-01	2.069177e+00
7.417417e-01	2.073544e+00
7.427427e-01	2.077911e+00
7.437437e-01	2.082278e+00
7.447447e-01	2.086645e+00
7.457457e-01	2.091012e+00
7.467467e-01	2.095379e+00
7.477477e-01	2.099747e+00
7.487487e-01	2.104114e+00
7.497497e-01	2.108481e+00
7.507508e-01	2.112848e+00
7.517518e-01	2.117215e+00
7.527528e-01	2.121582e+00
7.537538e-01	2.125950e+00
7.547548e-01	2.130317e+00
7.557558e-01	2.134684e+00
7.567568e-01	2.139051e+00
7.577578e-01	2.143418e+00
7.587588e-01	2.147785e+00
7.597598e-01	2.152153e+00
7.607608e-01	2.156520e+00
7.617618e-01	2.160887e+00
7.627628e-01	2.165254e+00
7.637638e-01	2.169621e+00
7.647648e-01	2.173988e+00
7.657658e-01	2.178356e+00
7.667668e-01	2.182723e+00
7.677678e-01	2.187090e+00
7.687688e-01	2.191457e+00
7.697698e-01	2.195824e+00
7.707708e-01	2.200191e+00
7.717718e-01	2.204559e+00
7.727728e-01	2.208926e+00
7.737738e-01	2.213293e+00
7.747748e-01	2.217660e+00
7.757758e-01	2.222027e+00
7.767768e-01	2.226394e+00
7.777778e-01	2.230762e+00
7.787788e-01	2.235129e+00
7.797798e-01	2.239496e+00
7.807808e-01	2.243863e+00
7.817818e-01	2.248230e+00
7.827828e-01	2.252597e+00
7.837838e-01	2.256965e+00
7.847848e-01	2.261332e+00
7.857858e-01	2.265699e+00
7.867868e-01	2.270066e+00
7.877878e-01	2.274433e+00
7.887888e-01	2.278800e+00
7.897898e-01	2.283168e+00
7.907908e-01	2.287535e+00
7.917918e-01	2.291902e+00
7.927928e-01	2.296269e+00
7.937938e-01	2.300636e+00
7.947948e-01	2.305003e+00
7.957958e-01	2.309371e+00
7.967968e-01	2.313738e+00
7.977978e-01	2.318105e+00
7.987988e-01	2.322472e+00
7.997998e-01	2.326839e+00
8.008008e-01	2.331206e+00
8.018018e-01	2.335574e+00
8.028028e-01	2.339941e+00
8.038038e-01	2.344308e+00
8.048048e-01	2.348675e+00
8.058058e-01	2.353042e+00
8.068068e-01	2.357409e+00
8.078078e-01	2.361777e+00
8.088088e-01	2.366144e+00
8.098098e-01	2.370511e+00
8.108108e-01	2.374878e+00
8.118118e-01	2.379245e+00
8.128128e-01	2.383612e+00
8.138138e-01	2.387979e+00
8.148148e-01	2.392347e+00
8.158158e-01	2.396714e+00
8.168168e-01	2.401081e+00
8.178178e-01	2.405448e+00
8.188188e-01	2.409815e+00
8.198198e-01	2.414182e+00
8.208208e-01	2.418550e+00
8.218218e-01	2.422917e+00
8.228228e-01	2.427284e+00
8.238238e-01	2.431651e+00
8.248248e-01	2.436018e+00
8.258258e-01	2.440385e+00
8.268268e-01	2.444753e+00
8.278278e-01	2.449120e+00
8.288288e-01	2.453487e+00
8.298298e-01	2.457854e+00
8.308308e-01	2.462221e+00
8.318318e-01	2.466588e+00
8.328328e-01	2.470956e+00
8.338338e-01	2.475323e+00
8.348348e-01	2.479690e+00
8.358358e-01	2.484057e+00
8.368368e-01	2.488424e+00
8.378378e-01	2.492791e+00
8.388388e-01	2.497159e+00
8.398398e-01	2.501526e+00
8.408408e-01	2.505893e+00
8.418418e-01	2.510260e+00
8.428428e-01	2.514627e+00
8.438438e-01	2.518994e+00
8.448448e-01	2.523362e+00
8.458458e-01	2.527729e+00
8.468468e-01	2.532096e+00
8.478478e-01	2.536463e+00
8.488488e-01	2.540830e+00
8.498498e-01	2.545197e+00
8.508509e-01	2.549565e+00
8.518519e-01	2.553932e+00
8.528529e-01	2.558299e+00
8.538539e-01	2.562666e+00
8.548549e-01	2.567033e+00
8.558559e-01	2.571400e+00
8.568569e-01	2.575768e+00
8.578579e-01	2.580135e+00
8.588589e-01	2.584502e+00
8.598599e-01	2.588869e+00
8.608609e-01	2.593236e+00
8.618619e-01	2.597603e+00
8.628629e-01	2.601971e+00
8.638639e-01	2.606338e+00
8.648649e-01	2.610705e+00
8.658659e-01	2.615072e+00
8.668669e-01	2.619439e+00
8.678679e-01	2.623806e+00
8.688689e-01	2.628174e+00
8.698699e-01	2.632541e+00
8.708709e-01	2.636908e+00
8.718719e-01	2.641275e+00
8.728729e-01	2.645642e+00
8.738739e-01	2.650009e+00
8.748749e-01	2.654377e+00
8.758759e-01	2.658744e+00
8.768769e-01	2.663111e+00
8.778779e-01	2.667478e+00
8.788789e-01	2.671845e+00
8.798799e-01	2.676212e+00
8.808809e-01	2.680580e+00
8.818819e-01	2.684947e+00
8.828829e-01	2.689314e+00
8.838839e-01	2.693681e+00
8.848849e-01	2.698048e+00
8.858859e-01	2.702415e+00
8.868869e-01	2.706782e+00
8.878879e-01	2.711150e+00
8.888889e-01	2.715517e+00
8.898899e-01	2.719884e+00
8.908909e-01	2.724251e+00
8.918919e-01	2.728618e+00
8.928929e-01	2.732985e+00
8.938939e-01	2.737353e+00
8.948949e-01	2.741720e+00
8.958959e-01	2.746087e+00
8.968969e-01	2.750454e+00
8.978979e-01	2.754821e+00
8.988989e-01	2.759188e+00
8.998999e-01	2.763556e+00
9.009009e-01	2.767923e+00
9.019019e-01	2.772290e+00
9.029029e-01	2.776657e+00
9.039039e-01	2.781024e+00
9.049049e-01	2.785391e+00
9.059059e-01	2.789759e+00
9.069069e-01	2.794126e+00
9.079079e-01	2.798493e+00
9.089089e-01	2.802860e+00
9.099099e-01	2.807227e+00
9.109109e-01	2.811594e+00
9.119119e-01	2.815962e+00
9.129129e-01	2.820329e+00
9.139139e-01	2.824696e+00
9.149149e-01	2.829063e+00
9.159159e-01	2.833430e+00
9.169169e-01	2.837797e+00
9.179179e-01	2.842165e+00
9.189189e-01	2.846532e+00
9.199199e-01	2.850899e+00
9.209209e-01	2.855266e+00
9.219219e-01	2.859633e+00
9.229229e-01	2.864000e+00
9.239239e-01	2.868368e+00
9.249249e-01	2.872735e+00
9.259259e-01	2.877102e+00
9.269269e-01	2.881469e+00
9.279279e-01	2.885836e+00
9.289289e-01	2.890203e+00
9.299299e-01	2.894571e+00
9.309309e-01	2.898938e+00
9.319319e-01	2.903305e+00
9.329329e-01	2.907672e+00
9.339339e-01	2.912039e+00
9.349349e-01	2.916406e+00
9.359359e-01	2.920774e+00
9.369369e-01	2.925141e+00
9.379379e-01	2.929508e+00
9.389389e-01	2.933875e+00
9.399399e-01	2.938242e+00
9.409409e-01	2.942609e+00
9.419419e-01	2.946977e+00
9.429429e-01	2.951344e+00
9.439439e-01	2.955711e+00
9.449449e-01	2.960078e+00
9.459459e-01	2.964445e+00
9.469469e-01	2.968812e+00
9.479479e-01	2.973180e+00
9.489489e-01	2.977547e+00
9.499499e-01	2.981914e+00
9.509510e-01	2.986281e+00
9.519520e-01	2.990648e+00
9.529530e-01	2.995015e+00
9.539540e-01	2.999382e+00
9.549550e-01	3.003750e+00
9.559560e-01	3.008117e+00
9.569570e-01	3.012484e+00
9.579580e-01	3.016851e+00
9.589590e-01	3.021218e+00
9.599600e-01	3.025585e+00
9.609610e-01	3.029953e+00
9.619620e-01	3.034320e+00
9.629630e-01	3.038687e+00
9.639640e-01	3.043054e+00
9.649650e-01	3.047421e+00
9.659660e-01	3.051788e+00
9.669670e-01	3.056156e+00
9.679680e-01	3.060523e+00
9.689690e-01	3.064890e+00
9.699700e-01	3.069257e+00
9.709710e-01	3.073624e+00
9.719720e-01	3.077991e+00
9.729730e-01	3.082359e+00
9.739740e-01	3.086726e+00
9.749750e-01	3.091093e+00
9.759760e-01	3.095460e+00
9.769770e-01	3.099827e+00
9.779780e-01	3.104194e+00
9.789790e-01	3.108562e+00
9.799800e-01	3.112929e+00
9.809810e-01	3.117296e+00
9.819820e-01	3.121663e+00
9.829830e-01	3.126030e+00
9.839840e-01	3.130397e+00
9.849850e-01	3.134765e+00
9.859860e-01	3.139132e+00
9.869870e-01	3.143499e+00
9.879880e-01	3.147866e+00
9.889890e-01	3.152233e+00
9.899900e-01	3.156600e+00
9.909910e-01	3.160968e+00
9.919920e-01	3.165335e+00
9.929930e-01	3.169702e+00
9.939940e-01	3.174069e+00
9.949950e-01	3.178436e+00
9.959960e-01	3.182803e+00
9.969970e-01	3.187171e+00
9.979980e-01	3.191538e+00
9.989990e-01	3.195905e+00
1.000000e+00	5.000000e+01
