# q	x_q
0.000000e+00	0.000000e+00
1.001001e-03	0.000000e+00
2.002002e-03	0.000000e+00
3.003003e-03	9.801180e-04
4.004004e-03	1.329439e-02
5.005005e-03	2.455716e-02
6.006006e-03	3.309725e-02
7.007007e-03	3.348568e-02
8.008008e-03	3.387411e-02
9.009009e-03	3.426254e-02
1.001001e-02	3.465097e-02
1.101101e-02	3.503940e-02
1.201201e-02	3.542783e-02
1.301301e-02	3.581626e-02
1.401401e-02	3.620469e-02
1.501502e-02	3.659312e-02
1.601602e-02	3.698155e-02
1.701702e-02	3.736997e-02
1.801802e-02	3.775840e-02
1.901902e-02	3.814683e-02
2.002002e-02	3.853526e-02
2.102102e-02	3.892369e-02
2.202202e-02	3.931212e-02
2.302302e-02	3.970055e-02
2.402402e-02	4.008898e-02
2.502503e-02	4.047741e-02
2.602603e-02	4.086584e-02
2.702703e-02	4.125427e-02
2.802803e-02	4.164270e-02
2.902903e-02	4.203113e-02
3.003003e-02	4.241955e-02
3.103103e-02	4.280798e-02
3.203203e-02	4.319641e-02
3.303303e-02	4.358484e-02
3.403403e-02	4.397327e-02
3.503504e-02	4.436170e-02
3.603604e-02	4.475013e-02
3.703704e-02	4.513856e-02
3.803804e-02	4.552699e-02
3.903904e-02	4.591542e-02
4.004004e-02	4.630385e-02
4.104104e-02	4.669228e-02
4.204204e-02	4.708071e-02
4.304304e-02	4.746913e-02
4.404404e-02	4.785756e-02
4.504505e-02	4.824599e-02
4.604605e-02	4.863442e-02
4.704705e-02	4.902285e-02
4.804805e-02	4.941128e-02
4.904905e-02	4.979971e-02
5.005005e-02	5.018814e-02
5.105105e-02	5.057657e-02
5.205205e-02	5.096500e-02
5.305305e-02	5.135343e-02
5.405405e-02	5.174186e-02
5.505506e-02	5.213029e-02
5.605606e-02	5.251871e-02
5.705706e-02	5.290714e-02
5.805806e-02	5.329557e-02
5.905906e-02	5.368400e-02
6.006006e-02	5.407243e-02
6.106106e-02	5.446086e-02
6.206206e-02	5.484929e-02
6.306306e-02	5.523772e-02
6.406406e-02	5.562615e-02
6.506507e-02	5.601458e-02
6.606607e-02	5.640301e-02
6.706707e-02	5.679144e-02
6.806807e-02	5.717987e-02
6.906907e-02	5.756829e-02
7.007007e-02	5.795672e-02
7.107107e-02	5.834515e-02
7.207207e-02	5.873358e-02
7.307307e-02	5.912201e-02
7.407407e-02	5.951044e-02
7.507508e-02	5.989887e-02
7.607608e-02	6.028730e-02
7.707708e-02	6.067573e-02
7.807808e-02	6.106416e-02
7.907908e-02	6.145259e-02
8.008008e-02	6.184102e-02
8.108108e-02	6.222945e-02
8.208208e-02	6.261787e-02
8.308308e-02	6.300630e-02
8.408408e-02	6.339473e-02
8.508509e-02	6.378316e-02
8.608609e-02	6.417159e-02
8.708709e-02	6.456002e-02
8.808809e-02	6.494845e-02
8.908909e-02	6.533688e-02
9.009009e-02	6.572531e-02
9.109109e-02	6.611374e-02
9.209209e-02	6.650217e-02
9.309309e-02	6.689060e-02
9.409409e-02	6.727903e-02
9.509510e-02	6.766745e-02
9.609610e-02	6.805588e-02
9.709710e-02	6.844431e-02
9.809810e-02	6.883274e-02
9.909910e-02	6.922117e-02
1.001001e-01	6.960960e-02
1.011011e-01	6.999803e-02
1.021021e-01	7.038646e-02
1.031031e-01	7.077489e-02
1.041041e-01	7.116332e-02
1.051051e-01	7.155175e-02
1.061061e-01	7.194018e-02
1.071071e-01	7.232861e-02
1.081081e-01	7.271703e-02
1.091091e-01	7.310546e-02
1.101101e-01	7.349389e-02
1.111111e-01	7.388232e-02
1.121121e-01	7.427075e-02
1.131131e-01	7.465918e-02
1.141141e-01	7.504761e-02
1.151151e-01	7.543604e-02
1.161161e-01	7.582447e-02
1.171171e-01	7.621290e-02
1.181181e-01	7.660133e-02
1.191191e-01	7.698976e-02
1.201201e-01	7.737819e-02
1.211211e-01	7.776661e-02
1.221221e-01	7.815504e-02
1.231231e-01	7.854347e-02
1.241241e-01	7.893190e-02
1.251251e-01	7.932033e-02
1.261261e-01	7.970876e-02
1.271271e-01	8.009719e-02
1.281281e-01	8.048562e-02
1.291291e-01	8.087405e-02
1.301301e-01	8.126248e-02
1.311311e-01	8.165091e-02
1.321321e-01	8.203269e-02
1.331331e-01	8.235553e-02
1.341341e-01	8.267836e-02
1.351351e-01	8.300119e-02
1.361361e-01	8.332402e-02
1.371371e-01	8.364685e-02
1.381381e-01	8.396969e-02
1.391391e-01	8.429252e-02
1.401401e-01	8.461535e-02
1.411411e-01	8.493818e-02
1.421421e-01	8.526101e-02
1.431431e-01	8.558385e-02
1.441441e-01	8.590668e-02
1.451451e-01	8.622951e-02
1.461461e-01	8.655234e-02
1.471471e-01	8.687518e-02
1.481481e-01	8.719801e-02
1.491491e-01	8.752084e-02
1.501502e-01	8.784367e-02
1.511512e-01	8.816650e-02
1.521522e-01	8.848934e-02
1.531532e-01	8.881217e-02
1.541542e-01	8.913500e-02
1.551552e-01	8.945783e-02
1.561562e-01	8.978066e-02
1.571572e-01	9.010350e-02
1.581582e-01	9.042633e-02
1.591592e-01	9.074916e-02
1.601602e-01	9.107199e-02
1.611612e-01	9.139483e-02
1.621622e-01	9.171766e-02
1.631632e-01	9.204049e-02
1.641642e-01	9.236332e-02
1.651652e-01	9.268615e-02
1.661662e-01	9.300899e-02
1.671672e-01	9.333182e-02
1.681682e-01	9.365465e-02
1.691692e-01	9.397748e-02
1.701702e-01	9.430031e-02
1.711712e-01	9.462315e-02
1.721722e-01	9.494598e-02
1.731732e-01	9.526881e-02
1.741742e-01	9.559164e-02
1.751752e-01	9.591448e-02
1.761762e-01	9.623731e-02
1.771772e-01	9.656014e-02
1.781782e-01	9.688297e-02
1.791792e-01	9.720580e-02
1.801802e-01	9.752864e-02
1.811812e-01	9.785147e-02
1.821822e-01	9.817430e-02
1.831832e-01	9.849713e-02
1.841842e-01	9.881996e-02
1.851852e-01	9.914280e-02
1.861862e-01	9.946563e-02
1.871872e-01	9.978846e-02
1.881882e-01	1.001113e-01
1.891892e-01	1.004341e-01
1.901902e-01	1.007570e-01
1.911912e-01	1.010798e-01
1.921922e-01	1.014026e-01
1.931932e-01	1.017255e-01
1.941942e-01	1.020483e-01
1.951952e-01	1.023711e-01
1.961962e-01	1.026940e-01
1.971972e-01	1.030168e-01
1.981982e-01	1.033396e-01
1.991992e-01	1.036624e-01
2.002002e-01	1.039853e-01
2.012012e-01	1.043081e-01
2.022022e-01	1.046309e-01
2.032032e-01	1.049538e-01
2.042042e-01	1.052766e-01
2.052052e-01	1.055994e-01
2.062062e-01	1.059223e-01
2.072072e-01	1.062451e-01
2.082082e-01	1.065679e-01
2.092092e-01	1.068908e-01
2.102102e-01	1.072136e-01
2.112112e-01	1.075364e-01
2.122122e-01	1.078593e-01
2.132132e-01	1.081821e-01
2.142142e-01	1.085049e-01
2.152152e-01	1.088278e-01
2.162162e-01	1.091506e-01
2.172172e-01	1.094734e-01
2.182182e-01	1.097963e-01
2.192192e-01	1.101191e-01
2.202202e-01	1.104419e-01
2.212212e-01	1.107648e-01
2.222222e-01	1.110876e-01
2.232232e-01	1.114104e-01
2.242242e-01	1.117333e-01
2.252252e-01	1.120561e-01
2.262262e-01	1.123789e-01
2.272272e-01	1.127017e-01
2.282282e-01	1.130246e-01
2.292292e-01	1.133474e-01
2.302302e-01	1.136702e-01
2.312312e-01	1.139931e-01
2.322322e-01	1.143159e-01
2.332332e-01	1.146387e-01
2.342342e-01	1.149616e-01
2.352352e-01	1.152844e-01
2.362362e-01	1.156072e-01
2.372372e-01	1.159301e-01
2.382382e-01	1.162529e-01
2.392392e-01	1.165757e-01
2.402402e-01	1.168986e-01
2.412412e-01	1.172214e-01
2.422422e-01	1.175442e-01
2.432432e-01	1.178671e-01
2.442442e-01	1.181899e-01
2.452452e-01	1.185127e-01
2.462462e-01	1.188356e-01
2.472472e-01	1.191584e-01
2.482482e-01	1.194812e-01
2.492492e-01	1.198041e-01
2.502503e-01	1.201269e-01
2.512513e-01	1.204497e-01
2.522523e-01	1.207726e-01
2.532533e-01	1.210954e-01
2.542543e-01	1.214182e-01
2.552553e-01	1.217410e-01
2.562563e-01	1.220639e-01
2.572573e-01	1.223867e-01
2.582583e-01	1.227095e-01
2.592593e-01	1.230324e-01
2.602603e-01	1.233552e-01
2.612613e-01	1.236780e-01
2.622623e-01	1.240009e-01
2.632633e-01	1.243237e-01
2.642643e-01	1.246465e-01
2.652653e-01	1.249694e-01
2.662663e-01	1.252922e-01
2.672673e-01	1.256150e-01
2.682683e-01	1.259379e-01
2.692693e-01	1.262607e-01
2.702703e-01	1.265835e-01
2.712713e-01	1.269064e-01
2.722723e-01	1.272292e-01
2.732733e-01	1.275520e-01
2.742743e-01	1.278749e-01
2.752753e-01	1.281977e-01
2.762763e-01	1.285205e-01
2.772773e-01	1.288434e-01
2.782783e-01	1.291662e-01
2.792793e-01	1.294890e-01
2.802803e-01	1.298119e-01
2.812813e-01	1.301347e-01
2.822823e-01	1.304575e-01
2.832833e-01	1.307803e-01
2.842843e-01	1.311032e-01
2.852853e-01	1.314260e-01
2.862863e-01	1.317488e-01
2.872873e-01	1.320717e-01
2.882883e-01	1.323945e-01
2.892893e-01	1.327173e-01
2.902903e-01	1.330402e-01
2.912913e-01	1.333630e-01
2.922923e-01	1.336858e-01
2.932933e-01	1.340087e-01
2.942943e-01	1.343315e-01
2.952953e-01	1.346543e-01
2.962963e-01	1.349772e-01
2.972973e-01	1.353000e-01
2.982983e-01	1.356228e-01
2.992993e-01	1.359457e-01
3.003003e-01	1.362685e-01
3.013013e-01	1.365913e-01
3.023023e-01	1.369142e-01
3.033033e-01	1.372370e-01
3.043043e-01	1.375598e-01
3.053053e-01	1.378827e-01
3.063063e-01	1.382055e-01
3.073073e-01	1.385283e-01
3.083083e-01	1.388512e-01
3.093093e-01	1.391740e-01
3.103103e-01	1.394968e-01
3.113113e-01	1.398196e-01
3.123123e-01	1.401425e-01
3.133133e-01	1.404653e-01
3.143143e-01	1.407881e-01
3.153153e-01	1.411110e-01
3.163163e-01	1.414338e-01
3.173173e-01	1.417566e-01
3.183183e-01	1.420795e-01
3.193193e-01	1.424023e-01
3.203203e-01	1.427251e-01
3.213213e-01	1.430480e-01
3.223223e-01	1.433708e-01
3.233233e-01	1.436936e-01
3.243243e-01	1.440165e-01
3.253253e-01	1.443393e-01
3.263263e-01	1.446621e-01
3.273273e-01	1.449850e-01
3.283283e-01	1.453078e-01
3.293293e-01	1.456306e-01
3.303303e-01	1.459535e-01
3.313313e-01	1.462763e-01
3.323323e-01	1.465991e-01
3.333333e-01	1.469220e-01
3.343343e-01	1.472448e-01
3.353353e-01	1.475676e-01
3.363363e-01	1.478905e-01
3.373373e-01	1.482133e-01
3.383383e-01	1.485361e-01
3.393393e-01	1.488589e-01
3.403403e-01	1.491818e-01
3.413413e-01	1.495046e-01
3.423423e-01	1.498274e-01
3.433433e-01	1.501503e-01
3.443443e-01	1.504731e-01
3.453453e-01	1.507959e-01
3.463463e-01	1.511188e-01
3.473473e-01	1.514416e-01
3.483483e-01	1.517644e-01
3.493493e-01	1.520873e-01
3.503504e-01	1.524101e-01
3.513514e-01	1.527329e-01
3.523524e-01	1.530558e-01
3.533534e-01	1.533786e-01
3.543544e-01	1.537014e-01
3.553554e-01	1.540243e-01
3.563564e-01	1.543471e-01
3.573574e-01	1.546699e-01
3.583584e-01	1.549928e-01
3.593594e-01	1.553156e-01
3.603604e-01	1.556384e-01
3.613614e-01	1.559613e-01
3.623624e-01	1.562841e-01
3.633634e-01	1.566069e-01
3.643644e-01	1.569298e-01
3.653654e-01	1.572526e-01
3.663664e-01	1.575754e-01
3.673674e-01	1.578982e-01
3.683684e-01	1.582211e-01
3.693694e-01	1.585439e-01
3.703704e-01	1.588667e-01
3.713714e-01	1.591896e-01
3.723724e-01	1.595124e-01
3.733734e-01	1.598352e-01
3.743744e-01	1.601581e-01
3.753754e-01	1.604809e-01
3.763764e-01	1.608037e-01
3.773774e-01	1.611266e-01
3.783784e-01	1.614494e-01
3.793794e-01	1.617722e-01
3.803804e-01	1.620951e-01
3.813814e-01	1.624179e-01
3.823824e-01	1.627407e-01
3.833834e-01	1.630636e-01
3.843844e-01	1.633864e-01
3.853854e-01	1.637092e-01
3.863864e-01	1.640321e-01
3.873874e-01	1.643549e-01
3.883884e-01	1.646777e-01
3.893894e-01	1.650006e-01
3.903904e-01	1.653234e-01
3.913914e-01	1.656462e-01
3.923924e-01	1.659691e-01
3.933934e-01	1.662919e-01
3.943944e-01	1.666147e-01
3.953954e-01	1.669375e-01
3.963964e-01	1.672604e-01
3.973974e-01	1.675832e-01
3.983984e-01	1.679060e-01
3.993994e-01	1.682289e-01
4.004004e-01	1.685517e-01
4.014014e-01	1.688745e-01
4.024024e-01	1.691974e-01
4.034034e-01	1.695202e-01
4.044044e-01	1.698430e-01
4.054054e-01	1.701659e-01
4.064064e-01	1.704887e-01
4.074074e-01	1.708115e-01
4.084084e-01	1.711344e-01
4.094094e-01	1.714572e-01
4.104104e-01	1.717800e-01
4.114114e-01	1.721029e-01
4.124124e-01	1.724257e-01
4.134134e-01	1.727485e-01
4.144144e-01	1.730714e-01
4.154154e-01	1.733942e-01
4.164164e-01	1.737170e-01
4.174174e-01	1.740399e-01
4.184184e-01	1.743627e-01
4.194194e-01	1.746855e-01
4.204204e-01	1.750084e-01
4.214214e-01	1.753312e-01
4.224224e-01	1.756540e-01
4.234234e-01	1.759768e-01
4.244244e-01	1.762997e-01
4.254254e-01	1.766225e-01
4.264264e-01	1.769453e-01
4.274274e-01	1.772682e-01
4.284284e-01	1.775910e-01
4.294294e-01	1.779138e-01
4.304304e-01	1.782367e-01
4.314314e-01	1.785595e-01
4.324324e-01	1.788823e-01
4.334334e-01	1.792052e-01
4.344344e-01	1.795280e-01
4.354354e-01	1.798508e-01
4.364364e-01	1.801737e-01
4.374374e-01	1.804965e-01
4.384384e-01	1.808193e-01
4.394394e-01	1.811422e-01
4.404404e-01	1.814650e-01
4.414414e-01	1.817878e-01
4.424424e-01	1.821107e-01
4.434434e-01	1.824335e-01
4.444444e-01	1.827563e-01
4.454454e-01	1.830792e-01
4.464464e-01	1.834020e-01
4.474474e-01	1.837248e-01
4.484484e-01	1.840477e-01
4.494494e-01	1.843705e-01
4.504505e-01	1.846933e-01
4.514515e-01	1.850161e-01
4.524525e-01	1.853390e-01
4.534535e-01	1.856618e-01
4.544545e-01	1.859846e-01
4.554555e-01	1.863075e-01
4.564565e-01	1.866303e-01
4.574575e-01	1.869531e-01
4.584585e-01	1.872760e-01
4.594595e-01	1.875988e-01
4.604605e-01	1.879216e-01
4.614615e-01	1.882445e-01
4.624625e-01	1.885673e-01
4.634635e-01	1.888901e-01
4.644645e-01	1.892130e-01
4.654655e-01	1.895358e-01
4.664665e-01	1.898586e-01
4.674675e-01	1.901815e-01
4.684685e-01	1.905043e-01
4.694695e-01	1.908271e-01
4.704705e-01	1.911500e-01
4.714715e-01	1.914728e-01
4.724725e-01	1.917956e-01
4.734735e-01	1.921185e-01
4.744745e-01	1.924413e-01
4.754755e-01	1.927641e-01
4.764765e-01	1.930870e-01
4.774775e-01	1.934098e-01
4.784785e-01	1.937326e-01
4.794795e-01	1.940554e-01
4.804805e-01	1.943783e-01
4.814815e-01	1.947011e-01
4.824825e-01	1.950239e-01
4.834835e-01	1.953468e-01
4.844845e-01	1.956696e-01
4.854855e-01	1.959924e-01
4.864865e-01	1.963153e-01
4.874875e-01	1.966381e-01
4.884885e-01	1.969609e-01
4.894895e-01	1.972838e-01
4.904905e-01	1.976066e-01
4.914915e-01	1.979294e-01
4.924925e-01	1.982523e-01
4.934935e-01	1.985751e-01
4.944945e-01	1.988979e-01
4.954955e-01	1.992208e-01
4.964965e-01	1.995436e-01
4.974975e-01	1.998664e-01
4.984985e-01	2.010105e-01
4.994995e-01	2.027343e-01
5.005005e-01	2.044580e-01
5.015015e-01	2.061818e-01
5.025025e-01	2.079055e-01
5.035035e-01	2.096293e-01
5.045045e-01	2.113530e-01
5.055055e-01	2.130768e-01
5.065065e-01	2.148005e-01
5.075075e-01	2.165243e-01
5.085085e-01	2.182480e-01
5.095095e-01	2.199718e-01
5.105105e-01	2.216955e-01
5.115115e-01	2.234193e-01
5.125125e-01	2.251430e-01
5.135135e-01	2.268668e-01
5.145145e-01	2.285905e-01
5.155155e-01	2.303143e-01
5.165165e-01	2.320380e-01
5.175175e-01	2.337618e-01
5.185185e-01	2.354855e-01
5.195195e-01	2.372093e-01
5.205205e-01	2.389330e-01
5.215215e-01	2.406568e-01
5.225225e-01	2.423805e-01
5.235235e-01	2.441043e-01
5.245245e-01	2.458280e-01
5.255255e-01	2.475518e-01
5.265265e-01	2.492755e-01
5.275275e-01	2.509992e-01
5.285285e-01	2.527230e-01
5.295295e-01	2.544467e-01
5.305305e-01	2.561705e-01
5.315315e-01	2.578942e-01
5.325325e-01	2.596180e-01
5.335335e-01	2.613417e-01
5.345345e-01	2.630655e-01
5.355355e-01	2.647892e-01
5.365365e-01	2.665130e-01
5.375375e-01	2.682367e-01
5.385385e-01	2.699605e-01
5.395395e-01	2.716842e-01
5.405405e-01	2.734080e-01
5.415415e-01	2.751317e-01
5.425425e-01	2.768555e-01
5.435435e-01	2.785792e-01
5.445445e-01	2.803030e-01
5.455455e-01	2.820267e-01
5.465465e-01	2.837505e-01
5.475475e-01	2.854742e-01
5.485485e-01	2.871980e-01
5.495495e-01	2.889217e-01
5.505506e-01	2.906455e-01
5.515516e-01	2.923692e-01
5.525526e-01	2.940930e-01
5.535536e-01	2.958167e-01
5.545546e-01	2.975405e-01
5.555556e-01	2.992642e-01
5.565566e-01	3.009880e-01
5.575576e-01	3.027117e-01
5.585586e-01	3.044355e-01
5.595596e-01	3.061592e-01
5.605606e-01	3.078830e-01
5.615616e-01	3.096067e-01
5.625626e-01	3.113304e-01
5.635636e-01	3.130542e-01
5.645646e-01	3.147779e-01
5.655656e-01	3.165017e-01
5.665666e-01	3.182254e-01
5.675676e-01	3.199492e-01
5.685686e-01	3.216729e-01
5.695696e-01	3.233967e-01
5.705706e-01	3.251204e-01
5.715716e-01	3.268442e-01
5.725726e-01	3.285679e-01
5.735736e-01	3.302917e-01
5.745746e-01	3.320154e-01
5.755756e-01	3.337392e-01
5.765766e-01	3.354629e-01
5.775776e-01	3.371867e-01
5.785786e-01	3.389104e-01
5.795796e-01	3.406342e-01
5.805806e-01	3.423579e-01
5.815816e-01	3.440817e-01
5.825826e-01	3.458054e-01
5.835836e-01	3.475292e-01
5.845846e-01	3.492529e-01
5.855856e-01	3.509767e-01
5.865866e-01	3.527004e-01
5.875876e-01	3.544242e-01
5.885886e-01	3.561479e-01
5.895896e-01	3.578717e-01
5.905906e-01	3.595954e-01
5.915916e-01	3.613192e-01
5.925926e-01	3.630429e-01
5.935936e-01	3.647667e-01
5.945946e-01	3.664904e-01
5.955956e-01	3.682142e-01
5.965966e-01	3.699379e-01
5.975976e-01	3.716616e-01
5.985986e-01	3.733854e-01
5.995996e-01	3.751091e-01
6.006006e-01	3.768329e-01
6.016016e-01	3.785566e-01
6.026026e-01	3.802804e-01
6.036036e-01	3.820041e-01
6.046046e-01	3.837279e-01
6.056056e-01	3.854516e-01
6.066066e-01	3.871754e-01
6.076076e-01	3.888991e-01
6.086086e-01	3.906229e-01
6.096096e-01	3.923466e-01
6.106106e-01	3.940704e-01
6.116116e-01	3.957941e-01
6.126126e-01	3.975179e-01
6.136136e-01	3.992416e-01
6.146146e-01	4.009654e-01
6.156156e-01	4.026891e-01
6.166166e-01	4.044129e-01
6.176176e-01	4.061366e-01
6.186186e-01	4.078604e-01
6.196196e-01	4.095841e-01
6.206206e-01	4.113079e-01
6.216216e-01	4.130316e-01
6.226226e-01	4.147554e-01
6.236236e-01	4.164791e-01
6.246246e-01	4.182029e-01
6.256256e-01	4.199266e-01
6.266266e-01	4.216504e-01
6.276276e-01	4.233741e-01
6.286286e-01	4.250979e-01
6.296296e-01	4.268216e-01
6.306306e-01	4.285454e-01
6.316316e-01	4.302691e-01
6.326326e-01	4.319928e-01
6.336336e-01	4.337166e-01
6.346346e-01	4.354403e-01
6.356356e-01	4.371641e-01
6.366366e-01	4.388878e-01
6.376376e-01	4.406116e-01
6.386386e-01	4.423353e-01
6.396396e-01	4.440591e-01
6.406406e-01	4.457828e-01
6.416416e-01	4.475066e-01
6.426426e-01	4.492303e-01
6.436436e-01	4.509541e-01
6.446446e-01	4.526778e-01
6.456456e-01	4.544016e-01
6.466466e-01	4.561253e-01
6.476476e-01	4.578491e-01
6.486486e-01	4.595728e-01
6.496496e-01	4.612966e-01
6.506507e-01	4.630203e-01
6.516517e-01	4.647441e-01
6.526527e-01	4.664678e-01
6.536537e-01	4.681916e-01
6.546547e-01	4.699153e-01
6.556557e-01	4.716391e-01
6.566567e-01	4.733628e-01
6.576577e-01	4.750866e-01
6.586587e-01	4.768103e-01
6.596597e-01	4.785341e-01
6.606607e-01	4.802578e-01
6.616617e-01	4.819816e-01
6.626627e-01	4.837053e-01
6.636637e-01	4.854291e-01
6.646647e-01	4.871528e-01
6.656657e-01	4.888766e-01
6.666667e-01	4.906003e-01
6.676677e-01	4.923241e-01
6.686687e-01	4.940478e-01
6.696697e-01	4.957715e-01
6.706707e-01	4.974953e-01
6.716717e-01	4.992190e-01
6.726727e-01	5.009428e-01
6.736737e-01	5.026665e-01
6.746747e-01	5.043903e-01
6.756757e-01	5.061140e-01
6.766767e-01	5.078378e-01
6.776777e-01	5.095615e-01
6.786787e-01	5.216186e-01
6.796797e-01	5.372007e-01
6.806807e-01	5.527829e-01
6.816817e-01	5.683651e-01
6.826827e-01	5.839472e-01
6.836837e-01	5.995294e-01
6.846847e-01	6.151116e-01
6.856857e-01	6.306937e-01
6.866867e-01	6.462759e-01
6.876877e-01	6.618580e-01
6.886887e-01	6.774402e-01
6.896897e-01	6.930224e-01
6.906907e-01	7.086045e-01
6.916917e-01	7.241867e-01
6.926927e-01	7.397689e-01
6.936937e-01	7.553510e-01
6.946947e-01	7.709332e-01
6.956957e-01	7.865153e-01
6.966967e-01	8.020975e-01
6.976977e-01	8.176797e-01
6.986987e-01	8.332618e-01
6.996997e-01	8.488440e-01
7.007007e-01	8.644261e-01
7.017017e-01	8.800083e-01
7.027027e-01	8.955905e-01
7.037037e-01	9.111726e-01
7.047047e-01	9.267548e-01
7.057057e-01	9.423370e-01
7.067067e-01	9.579191e-01
7.077077e-01	9.735013e-01
7.087087e-01	9.890834e-01
7.097097e-01	1.004666e+00
7.107107e-01	1.020248e+00
7.117117e-01	1.035830e+00
7.127127e-01	1.051412e+00
7.137137e-01	1.066994e+00
7.147147e-01	1.082576e+00
7.157157e-01	1.098159e+00
7.167167e-01	1.113741e+00
7.177177e-01	1.129323e+00
7.187187e-01	1.144905e+00
7.197197e-01	1.160487e+00
7.207207e-01	1.176069e+00
7.217217e-01	1.191652e+00
7.227227e-01	1.207234e+00
7.237237e-01	1.222816e+00
7.247247e-01	1.238398e+00
7.257257e-01	1.253980e+00
7.267267e-01	1.269562e+00
7.277277e-01	1.285145e+00
7.287287e-01	1.300327e+00
7.297297e-01	1.307337e+00
7.307307e-01	1.314347e+00
7.317317e-01	1.321357e+00
7.327327e-01	1.328367e+00
7.337337e-01	1.335377e+00
7.347347e-01	1.342388e+00
7.357357e-01	1.349398e+00
7.367367e-01	1.356408e+00
7.377377e-01	1.363418e+00
7.387387e-01	1.370428e+00
7.397397e-01	1.377438e+00
7.407407e-01	1.384448e+00
7.417417e-01	1.391458e+00
7.427427e-01	1.398468e+00
7.437437e-01	1.405479e+00
7.447447e-01	1.412489e+00
7.457457e-01	1.419499e+00
7.467467e-01	1.426509e+00
7.477477e-01	1.433519e+00
7.487487e-01	1.440529e+00
7.497497e-01	1.447539e+00
7.507508e-01	1.454549e+00
7.517518e-01	1.461559e+00
7.527528e-01	1.468570e+00
7.537538e-01	1.475580e+00
7.547548e-01	1.482590e+00
7.557558e-01	1.489600e+00
7.567568e-01	1.496610e+00
7.577578e-01	1.503620e+00
7.587588e-01	1.510630e+00
7.597598e-01	1.517640e+00
7.607608e-01	1.524650e+00
7.617618e-01	1.531660e+00
7.627628e-01	1.538671e+00
7.637638e-01	1.545681e+00
7.647648e-01	1.552691e+00
7.657658e-01	1.559701e+00
7.667668e-01	1.566711e+00
7.677678e-01	1.573721e+00
7.687688e-01	1.580731e+00
7.697698e-01	1.587741e+00
7.707708e-01	1.594751e+00
7.717718e-01	1.601762e+00
7.727728e-01	1.608772e+00
7.737738e-01	1.615782e+00
7.747748e-01	1.622792e+00
7.757758e-01	1.629802e+00
7.767768e-01	1.636812e+00
7.777778e-01	1.643822e+00
7.787788e-01	1.650832e+00
7.797798e-01	1.657842e+00
7.807808e-01	1.664853e+00
7.817818e-01	1.671863e+00
7.827828e-01	1.678873e+00
7.837838e-01	1.685883e+00
7.847848e-01	1.692893e+00
7.857858e-01	1.699903e+00
7.867868e-01	1.706913e+00
7.877878e-01	1.713923e+00
7.887888e-01	1.720933e+00
7.897898e-01	1.727944e+00
7.907908e-01	1.734954e+00
7.917918e-01	1.741964e+00
7.927928e-01	1.748974e+00
7.937938e-01	1.755984e+00
7.947948e-01	1.762994e+00
7.957958e-01	1.770004e+00
7.967968e-01	1.777014e+00
7.977978e-01	1.784024e+00
7.987988e-01	1.791034e+00
7.997998e-01	1.798045e+00
8.008008e-01	1.805055e+00
8.018018e-01	1.812065e+00
8.028028e-01	1.819075e+00
8.038038e-01	1.826085e+00
8.048048e-01	1.833095e+00
8.058058e-01	1.840105e+00
8.068068e-01	1.847115e+00
8.078078e-01	1.854125e+00
8.088088e-01	1.861136e+00
8.098098e-01	1.868146e+00
8.108108e-01	1.875156e+00
8.118118e-01	1.882166e+00
8.128128e-01	1.889176e+00
8.138138e-01	1.896186e+00
8.148148e-01	1.903196e+00
8.158158e-01	1.910206e+00
8.168168e-01	1.917216e+00
8.178178e-01	1.924227e+00
8.188188e-01	1.931237e+00
8.198198e-01	1.938247e+00
8.208208e-01	1.945257e+00
8.218218e-01	1.952267e+00
8.228228e-01	1.959277e+00
8.238238e-01	1.966287e+00
8.248248e-01	1.973297e+00
8.258258e-01	1.980307e+00
8.268268e-01	1.987317e+00
8.278278e-01	1.994328e+00
8.288288e-01	2.001338e+00
8.298298e-01	2.008348e+00
8.308308e-01	2.015358e+00
8.318318e-01	2.022368e+00
8.328328e-01	2.029378e+00
8.338338e-01	2.036388e+00
8.348348e-01	2.043398e+00
8.358358e-01	2.050408e+00
8.368368e-01	2.057419e+00
8.378378e-01	2.064429e+00
8.388388e-01	2.071439e+00
8.398398e-01	2.078449e+00
8.408408e-01	2.085459e+00
8.418418e-01	2.092469e+00
8.428428e-01	2.099479e+00
8.438438e-01	2.106489e+00
8.448448e-01	2.113499e+00
8.458458e-01	2.120510e+00
8.468468e-01	2.127520e+00
8.478478e-01	2.134530e+00
8.488488e-01	2.141540e+00
8.498498e-01	2.148550e+00
8.508509e-01	2.155560e+00
8.518519e-01	2.162570e+00
8.528529e-01	2.169580e+00
8.538539e-01	2.176590e+00
8.548549e-01	2.183601e+00
8.558559e-01	2.190611e+00
8.568569e-01	2.197621e+00
8.578579e-01	2.204631e+00
8.588589e-01	2.211641e+00
8.598599e-01	2.218651e+00
8.608609e-01	2.225661e+00
8.618619e-01	2.232671e+00
8.628629e-01	2.239681e+00
8.638639e-01	2.246691e+00
8.648649e-01	2.253702e+00
8.658659e-01	2.260712e+00
8.668669e-01	2.267722e+00
8.678679e-01	2.274732e+00
8.688689e-01	2.281742e+00
8.698699e-01	2.288752e+00
8.708709e-01	2.295762e+00
8.718719e-01	2.302772e+00
8.728729e-01	2.309782e+00
8.738739e-01	2.316793e+00
8.748749e-01	2.323803e+00
8.758759e-01	2.330813e+00
8.768769e-01	2.337823e+00
8.778779e-01	2.344833e+00
8.788789e-01	2.351843e+00
8.798799e-01	2.358853e+00
8.808809e-01	2.365863e+00
8.818819e-01	2.372873e+00
8.828829e-01	2.379884e+00
8.838839e-01	2.386894e+00
8.848849e-01	2.393904e+00
8.858859e-01	2.400914e+00
8.868869e-01	2.407924e+00
8.878879e-01	2.414934e+00
8.888889e-01	2.421944e+00
8.898899e-01	2.428954e+00
8.908909e-01	2.435964e+00
8.918919e-01	2.442975e+00
8.928929e-01	2.449985e+00
8.938939e-01	2.456995e+00
8.948949e-01	2.464005e+00
8.958959e-01	2.471015e+00
8.968969e-01	2.478025e+00
8.978979e-01	2.485035e+00
8.988989e-01	2.492045e+00
8.998999e-01	2.499055e+00
9.009009e-01	2.506065e+00
9.019019e-01	2.513076e+00
9.029029e-01	2.520086e+00
9.039039e-01	2.527096e+00
9.049049e-01	2.534106e+00
9.059059e-01	2.541116e+00
9.069069e-01	2.548126e+00
9.079079e-01	2.555136e+00
9.089089e-01	2.562146e+00
9.099099e-01	2.569156e+00
9.109109e-01	2.576167e+00
9.119119e-01	2.583177e+00
9.129129e-01	2.590187e+00
9.139139e-01	2.597197e+00
9.149149e-01	2.604207e+00
9.159159e-01	2.611217e+00
9.169169e-01	2.618227e+00
9.179179e-01	2.625237e+00
9.189189e-01	2.632247e+00
9.199199e-01	2.639258e+00
9.209209e-01	2.646268e+00
9.219219e-01	2.653278e+00
9.229229e-01	2.660288e+00
9.239239e-01	2.667298e+00
9.249249e-01	2.674308e+00
9.259259e-01	2.681318e+00
9.269269e-01	2.688328e+00
9.279279e-01	2.695338e+00
9.289289e-01	2.702349e+00
9.299299e-01	2.709359e+00
9.309309e-01	2.716369e+00
9.319319e-01	2.723379e+00
9.329329e-01	2.730389e+00
9.339339e-01	2.737399e+00
9.349349e-01	2.744409e+00
9.359359e-01	2.751419e+00
9.369369e-01	2.758429e+00
9.379379e-01	2.765439e+00
9.389389e-01	2.772450e+00
9.399399e-01	2.779460e+00
9.409409e-01	2.786470e+00
9.419419e-01	2.793480e+00
9.429429e-01	2.800490e+00
9.439439e-01	2.807500e+00
9.449449e-01	2.814510e+00
9.459459e-01	2.821520e+00
9.469469e-01	2.828530e+00
9.479479e-01	2.835541e+00
9.489489e-01	2.842551e+00
9.499499e-01	2.849561e+00
9.509510e-01	2.856571e+00
9.519520e-01	2.863581e+00
9.529530e-01	2.870591e+00
9.539540e-01	2.877601e+00
9.549550e-01	2.884611e+00
9.559560e-01	2.891621e+00
9.569570e-01	2.898632e+00
9.579580e-01	2.905642e+00
9.589590e-01	2.912652e+00
9.599600e-01	2.919662e+00
9.609610e-01	2.926672e+00
9.619620e-01	2.933682e+00
9.629630e-01	2.940692e+00
9.639640e-01	2.947702e+00
9.649650e-01	2.954712e+00
9.659660e-01	2.961722e+00
9.669670e-01	2.968733e+00
9.679680e-01	2.975743e+00
9.689690e-01	2.982753e+00
9.699700e-01	2.989763e+00
9.709710e-01	2.996773e+00
9.719720e-01	3.003783e+00
9.729730e-01	3.010793e+00
9.739740e-01	3.017803e+00
9.749750e-01	3.024813e+00
9.759760e-01	3.031824e+00
9.769770e-01	3.038834e+00
9.779780e-01	3.045844e+00
9.789790e-01	3.052854e+00
9.799800e-01	3.059864e+00
9.809810e-01	3.066874e+00
9.819820e-01	3.073884e+00
9.829830e-01	3.080894e+00
9.839840e-01	3.087904e+00
9.849850e-01	3.094915e+00
9.859860e-01	3.101925e+00
9.869870e-01	3.108935e+00
9.879880e-01	3.115945e+00
9.889890e-01	3.122955e+00
9.899900e-01	3.129965e+00
9.909910e-01	3.136975e+00
9.919920e-01	3.143985e+00
9.929930e-01	3.150995e+00
9.939940e-01	3.158006e+00
9.949950e-01	3.165016e+00
9.959960e-01	3.172026e+00
9.969970e-01	3.179036e+00
9.979980e-01	3.186046e+00
9.989990e-01	3.193056e+00
1.000000e+00	5.000000e+01
