# q	y_q
0.000000e+00	2.722952e+02
1.001001e-03	1.022665e+03
2.002002e-03	1.331729e+03
3.003003e-03	1.467592e+03
4.004004e-03	1.585009e+03
5.005005e-03	1.702426e+03
6.006006e-03	1.819844e+03
7.007007e-03	1.920856e+03
8.008008e-03	1.976526e+03
9.009009e-03	2.032196e+03
1.001001e-02	2.087866e+03
1.101101e-02	2.143536e+03
1.201201e-02	2.199206e+03
1.301301e-02	2.254876e+03
1.401401e-02	2.310545e+03
1.501502e-02	2.366215e+03
1.601602e-02	2.421885e+03
1.701702e-02	2.464895e+03
1.801802e-02	2.494361e+03
1.901902e-02	2.523828e+03
2.002002e-02	2.553295e+03
2.102102e-02	2.582762e+03
2.202202e-02	2.612229e+03
2.302302e-02	2.641696e+03
2.402402e-02	2.671163e+03
2.502503e-02	2.700630e+03
2.602603e-02	2.730097e+03
2.702703e-02	2.759564e+03
2.802803e-02	2.789030e+03
2.902903e-02	2.818497e+03
3.003003e-02	2.847964e+03
3.103103e-02	2.877431e+03
3.203203e-02	2.906898e+03
3.303303e-02	2.936365e+03
3.403403e-02	2.965832e+03
3.503504e-02	2.995278e+03
3.603604e-02	3.012852e+03
3.703704e-02	3.030427e+03
3.803804e-02	3.048001e+03
3.903904e-02	3.065575e+03
4.004004e-02	3.083149e+03
4.104104e-02	3.100723e+03
4.204204e-02	3.118298e+03
4.304304e-02	3.135872e+03
4.404404e-02	3.153446e+03
4.504505e-02	3.171020e+03
4.604605e-02	3.188594e+03
4.704705e-02	3.206169e+03
4.804805e-02	3.223743e+03
4.904905e-02	3.241317e+03
5.005005e-02	3.258891e+03
5.105105e-02	3.276465e+03
5.205205e-02	3.294040e+03
5.305305e-02	3.311614e+03
5.405405e-02	3.329188e+03
5.505506e-02	3.346762e+03
5.605606e-02	3.364336e+03
5.705706e-02	3.381911e+03
5.805806e-02	3.399485e+03
5.905906e-02	3.417059e+03
6.006006e-02	3.434633e+03
6.106106e-02	3.452208e+03
6.206206e-02	3.469782e+03
6.306306e-02	3.487356e+03
6.406406e-02	3.504930e+03
6.506507e-02	3.522504e+03
6.606607e-02	3.539992e+03
6.706707e-02	3.551262e+03
6.806807e-02	3.562531e+03
6.906907e-02	3.573800e+03
7.007007e-02	3.585070e+03
7.107107e-02	3.596339e+03
7.207207e-02	3.607608e+03
7.307307e-02	3.618877e+03
7.407407e-02	3.630147e+03
7.507508e-02	3.641416e+03
7.607608e-02	3.652685e+03
7.707708e-02	3.663955e+03
7.807808e-02	3.675224e+03
7.907908e-02	3.686493e+03
8.008008e-02	3.697762e+03
8.108108e-02	3.709032e+03
8.208208e-02	3.720301e+03
8.308308e-02	3.731570e+03
8.408408e-02	3.742840e+03
8.508509e-02	3.754109e+03
8.608609e-02	3.765378e+03
8.708709e-02	3.776648e+03
8.808809e-02	3.787917e+03
8.908909e-02	3.799186e+03
9.009009e-02	3.810455e+03
9.109109e-02	3.821725e+03
9.209209e-02	3.832994e+03
9.309309e-02	3.844263e+03
9.409409e-02	3.855533e+03
9.509510e-02	3.866802e+03
9.609610e-02	3.878071e+03
9.709710e-02	3.889341e+03
9.809810e-02	3.900610e+03
9.909910e-02	3.911879e+03
1.001001e-01	3.923148e+03
1.011011e-01	3.934418e+03
1.021021e-01	3.945687e+03
1.031031e-01	3.956956e+03
1.041041e-01	3.968226e+03
1.051051e-01	3.979495e+03
1.061061e-01	3.990764e+03
1.071071e-01	4.002033e+03
1.081081e-01	4.013303e+03
1.091091e-01	4.024572e+03
1.101101e-01	4.035841e+03
1.111111e-01	4.047111e+03
1.121121e-01	4.058380e+03
1.131131e-01	4.069649e+03
1.141141e-01	4.080919e+03
1.151151e-01	4.089954e+03
1.161161e-01	4.097979e+03
1.171171e-01	4.106005e+03
1.181181e-01	4.114030e+03
1.191191e-01	4.122055e+03
1.201201e-01	4.130080e+03
1.211211e-01	4.138106e+03
1.221221e-01	4.146131e+03
1.231231e-01	4.154156e+03
1.241241e-01	4.162181e+03
1.251251e-01	4.170207e+03
1.261261e-01	4.178232e+03
1.271271e-01	4.186257e+03
1.281281e-01	4.194282e+03
1.291291e-01	4.202307e+03
1.301301e-01	4.210333e+03
1.311311e-01	4.218358e+03
1.321321e-01	4.226383e+03
1.331331e-01	4.234408e+03
1.341341e-01	4.242434e+03
1.351351e-01	4.250459e+03
1.361361e-01	4.258484e+03
1.371371e-01	4.266509e+03
1.381381e-01	4.274535e+03
1.391391e-01	4.282560e+03
1.401401e-01	4.290585e+03
1.411411e-01	4.298610e+03
1.421421e-01	4.306635e+03
1.431431e-01	4.314661e+03
1.441441e-01	4.322686e+03
1.451451e-01	4.330711e+03
1.461461e-01	4.338736e+03
1.471471e-01	4.346762e+03
1.481481e-01	4.354787e+03
1.491491e-01	4.362812e+03
1.501502e-01	4.370837e+03
1.511512e-01	4.378863e+03
1.521522e-01	4.386888e+03
1.531532e-01	4.394913e+03
1.541542e-01	4.402938e+03
1.551552e-01	4.410964e+03
1.561562e-01	4.418989e+03
1.571572e-01	4.427014e+03
1.581582e-01	4.435039e+03
1.591592e-01	4.443064e+03
1.601602e-01	4.451090e+03
1.611612e-01	4.459115e+03
1.621622e-01	4.467140e+03
1.631632e-01	4.475165e+03
1.641642e-01	4.483191e+03
1.651652e-01	4.491216e+03
1.661662e-01	4.499241e+03
1.671672e-01	4.507266e+03
1.681682e-01	4.515292e+03
1.691692e-01	4.523317e+03
1.701702e-01	4.531342e+03
1.711712e-01	4.539367e+03
1.721722e-01	4.547392e+03
1.731732e-01	4.555418e+03
1.741742e-01	4.563443e+03
1.751752e-01	4.571468e+03
1.761762e-01	4.579493e+03
1.771772e-01	4.587519e+03
1.781782e-01	4.595544e+03
1.791792e-01	4.603569e+03
1.801802e-01	4.611594e+03
1.811812e-01	4.619620e+03
1.821822e-01	4.627645e+03
1.831832e-01	4.634152e+03
1.841842e-01	4.640345e+03
1.851852e-01	4.646539e+03
1.861862e-01	4.652732e+03
1.871872e-01	4.658925e+03
1.881882e-01	4.665119e+03
1.891892e-01	4.671312e+03
1.901902e-01	4.677505e+03
1.911912e-01	4.683699e+03
1.921922e-01	4.689892e+03
1.931932e-01	4.696086e+03
1.941942e-01	4.702279e+03
1.951952e-01	4.708472e+03
1.961962e-01	4.714666e+03
1.971972e-01	4.720859e+03
1.981982e-01	4.727052e+03
1.991992e-01	4.733246e+03
2.002002e-01	4.739439e+03
2.012012e-01	4.745633e+03
2.022022e-01	4.751826e+03
2.032032e-01	4.758019e+03
2.042042e-01	4.764213e+03
2.052052e-01	4.770406e+03
2.062062e-01	4.776599e+03
2.072072e-01	4.782793e+03
2.082082e-01	4.788986e+03
2.092092e-01	4.795180e+03
2.102102e-01	4.801373e+03
2.112112e-01	4.807566e+03
2.122122e-01	4.813760e+03
2.132132e-01	4.819953e+03
2.142142e-01	4.826147e+03
2.152152e-01	4.832340e+03
2.162162e-01	4.838533e+03
2.172172e-01	4.844727e+03
2.182182e-01	4.850920e+03
2.192192e-01	4.857113e+03
2.202202e-01	4.863307e+03
2.212212e-01	4.869500e+03
2.222222e-01	4.875694e+03
2.232232e-01	4.881887e+03
2.242242e-01	4.888080e+03
2.252252e-01	4.894274e+03
2.262262e-01	4.900467e+03
2.272272e-01	4.906660e+03
2.282282e-01	4.912854e+03
2.292292e-01	4.919047e+03
2.302302e-01	4.925241e+03
2.312312e-01	4.931434e+03
2.322322e-01	4.937627e+03
2.332332e-01	4.943821e+03
2.342342e-01	4.950014e+03
2.352352e-01	4.956207e+03
2.362362e-01	4.962401e+03
2.372372e-01	4.968594e+03
2.382382e-01	4.974788e+03
2.392392e-01	4.980981e+03
2.402402e-01	4.987174e+03
2.412412e-01	4.993368e+03
2.422422e-01	4.999561e+03
2.432432e-01	5.005754e+03
2.442442e-01	5.011948e+03
2.452452e-01	5.018141e+03
2.462462e-01	5.024335e+03
2.472472e-01	5.030528e+03
2.482482e-01	5.036721e+03
2.492492e-01	5.042915e+03
2.502503e-01	5.049108e+03
2.512513e-01	5.055301e+03
2.522523e-01	5.061495e+03
2.532533e-01	5.067688e+03
2.542543e-01	5.073882e+03
2.552553e-01	5.080075e+03
2.562563e-01	5.086268e+03
2.572573e-01	5.092462e+03
2.582583e-01	5.098655e+03
2.592593e-01	5.104848e+03
2.602603e-01	5.111042e+03
2.612613e-01	5.117235e+03
2.622623e-01	5.123429e+03
2.632633e-01	5.129622e+03
2.642643e-01	5.135815e+03
2.652653e-01	5.142009e+03
2.662663e-01	5.148202e+03
2.672673e-01	5.154395e+03
2.682683e-01	5.160589e+03
2.692693e-01	5.166782e+03
2.702703e-01	5.172976e+03
2.712713e-01	5.178250e+03
2.722723e-01	5.183419e+03
2.732733e-01	5.188589e+03
2.742743e-01	5.193758e+03
2.752753e-01	5.198927e+03
2.762763e-01	5.204097e+03
2.772773e-01	5.209266e+03
2.782783e-01	5.214435e+03
2.792793e-01	5.219605e+03
2.802803e-01	5.224774e+03
2.812813e-01	5.229944e+03
2.822823e-01	5.235113e+03
2.832833e-01	5.240282e+03
2.842843e-01	5.245452e+03
2.852853e-01	5.250621e+03
2.862863e-01	5.255790e+03
2.872873e-01	5.260960e+03
2.882883e-01	5.266129e+03
2.892893e-01	5.271299e+03
2.902903e-01	5.276468e+03
2.912913e-01	5.281637e+03
2.922923e-01	5.286807e+03
2.932933e-01	5.291976e+03
2.942943e-01	5.297146e+03
2.952953e-01	5.302315e+03
2.962963e-01	5.307484e+03
2.972973e-01	5.312654e+03
2.982983e-01	5.317823e+03
2.992993e-01	5.322992e+03
3.003003e-01	5.328162e+03
3.013013e-01	5.333331e+03
3.023023e-01	5.338501e+03
3.033033e-01	5.343670e+03
3.043043e-01	5.348839e+03
3.053053e-01	5.354009e+03
3.063063e-01	5.359178e+03
3.073073e-01	5.364348e+03
3.083083e-01	5.369517e+03
3.093093e-01	5.374686e+03
3.103103e-01	5.379856e+03
3.113113e-01	5.385025e+03
3.123123e-01	5.390194e+03
3.133133e-01	5.395364e+03
3.143143e-01	5.400533e+03
3.153153e-01	5.405703e+03
3.163163e-01	5.410872e+03
3.173173e-01	5.416041e+03
3.183183e-01	5.421211e+03
3.193193e-01	5.426380e+03
3.203203e-01	5.431549e+03
3.213213e-01	5.436719e+03
3.223223e-01	5.441888e+03
3.233233e-01	5.447058e+03
3.243243e-01	5.452227e+03
3.253253e-01	5.457396e+03
3.263263e-01	5.462566e+03
3.273273e-01	5.467735e+03
3.283283e-01	5.472905e+03
3.293293e-01	5.478074e+03
3.303303e-01	5.483243e+03
3.313313e-01	5.488413e+03
3.323323e-01	5.493582e+03
3.333333e-01	5.498751e+03
3.343343e-01	5.503921e+03
3.353353e-01	5.509090e+03
3.363363e-01	5.514260e+03
3.373373e-01	5.519429e+03
3.383383e-01	5.524598e+03
3.393393e-01	5.529768e+03
3.403403e-01	5.534937e+03
3.413413e-01	5.540107e+03
3.423423e-01	5.545276e+03
3.433433e-01	5.550445e+03
3.443443e-01	5.555615e+03
3.453453e-01	5.560784e+03
3.463463e-01	5.565953e+03
3.473473e-01	5.571123e+03
3.483483e-01	5.576292e+03
3.493493e-01	5.581462e+03
3.503504e-01	5.586631e+03
3.513514e-01	5.591800e+03
3.523524e-01	5.596970e+03
3.533534e-01	5.602139e+03
3.543544e-01	5.607308e+03
3.553554e-01	5.612478e+03
3.563564e-01	5.617647e+03
3.573574e-01	5.622817e+03
3.583584e-01	5.627986e+03
3.593594e-01	5.633155e+03
3.603604e-01	5.638325e+03
3.613614e-01	5.643494e+03
3.623624e-01	5.648664e+03
3.633634e-01	5.653833e+03
3.643644e-01	5.659002e+03
3.653654e-01	5.664172e+03
3.663664e-01	5.669341e+03
3.673674e-01	5.674510e+03
3.683684e-01	5.679680e+03
3.693694e-01	5.684849e+03
3.703704e-01	5.690019e+03
3.713714e-01	5.695188e+03
3.723724e-01	5.700357e+03
3.733734e-01	5.705527e+03
3.743744e-01	5.710696e+03
3.753754e-01	5.715866e+03
3.763764e-01	5.720832e+03
3.773774e-01	5.725631e+03
3.783784e-01	5.730430e+03
3.793794e-01	5.735229e+03
3.803804e-01	5.740028e+03
3.813814e-01	5.744827e+03
3.823824e-01	5.749625e+03
3.833834e-01	5.754424e+03
3.843844e-01	5.759223e+03
3.853854e-01	5.764022e+03
3.863864e-01	5.768821e+03
3.873874e-01	5.773620e+03
3.883884e-01	5.778419e+03
3.893894e-01	5.783218e+03
3.903904e-01	5.788017e+03
3.913914e-01	5.792816e+03
3.923924e-01	5.797615e+03
3.933934e-01	5.802414e+03
3.943944e-01	5.807213e+03
3.953954e-01	5.812012e+03
3.963964e-01	5.816811e+03
3.973974e-01	5.821610e+03
3.983984e-01	5.826409e+03
3.993994e-01	5.831208e+03
4.004004e-01	5.836007e+03
4.014014e-01	5.840806e+03
4.024024e-01	5.845605e+03
4.034034e-01	5.850404e+03
4.044044e-01	5.855202e+03
4.054054e-01	5.860001e+03
4.064064e-01	5.864800e+03
4.074074e-01	5.869599e+03
4.084084e-01	5.874398e+03
4.094094e-01	5.879197e+03
4.104104e-01	5.883996e+03
4.114114e-01	5.888795e+03
4.124124e-01	5.893594e+03
4.134134e-01	5.898393e+03
4.144144e-01	5.903192e+03
4.154154e-01	5.907991e+03
4.164164e-01	5.912790e+03
4.174174e-01	5.917589e+03
4.184184e-01	5.922388e+03
4.194194e-01	5.927187e+03
4.204204e-01	5.931986e+03
4.214214e-01	5.936785e+03
4.224224e-01	5.941584e+03
4.234234e-01	5.946383e+03
4.244244e-01	5.951182e+03
4.254254e-01	5.955981e+03
4.264264e-01	5.960779e+03
4.274274e-01	5.965578e+03
4.284284e-01	5.970377e+03
4.294294e-01	5.975176e+03
4.304304e-01	5.979975e+03
4.314314e-01	5.984774e+03
4.324324e-01	5.989573e+03
4.334334e-01	5.994372e+03
4.344344e-01	5.999171e+03
4.354354e-01	6.003970e+03
4.364364e-01	6.008769e+03
4.374374e-01	6.013568e+03
4.384384e-01	6.018367e+03
4.394394e-01	6.023166e+03
4.404404e-01	6.027965e+03
4.414414e-01	6.032764e+03
4.424424e-01	6.037563e+03
4.434434e-01	6.042362e+03
4.444444e-01	6.047161e+03
4.454454e-01	6.051960e+03
4.464464e-01	6.056759e+03
4.474474e-01	6.061558e+03
4.484484e-01	6.066356e+03
4.494494e-01	6.071155e+03
4.504505e-01	6.075954e+03
4.514515e-01	6.080753e+03
4.524525e-01	6.085552e+03
4.534535e-01	6.090351e+03
4.544545e-01	6.095150e+03
4.554555e-01	6.099949e+03
4.564565e-01	6.104748e+03
4.574575e-01	6.109547e+03
4.584585e-01	6.114346e+03
4.594595e-01	6.119145e+03
4.604605e-01	6.123944e+03
4.614615e-01	6.128743e+03
4.624625e-01	6.133542e+03
4.634635e-01	6.138341e+03
4.644645e-01	6.143140e+03
4.654655e-01	6.147939e+03
4.664665e-01	6.152738e+03
4.674675e-01	6.157537e+03
4.684685e-01	6.162336e+03
4.694695e-01	6.167135e+03
4.704705e-01	6.171933e+03
4.714715e-01	6.176732e+03
4.724725e-01	6.181531e+03
4.734735e-01	6.186330e+03
4.744745e-01	6.191129e+03
4.754755e-01	6.195928e+03
4.764765e-01	6.200727e+03
4.774775e-01	6.205526e+03
4.784785e-01	6.210325e+03
4.794795e-01	6.215124e+03
4.804805e-01	6.219923e+03
4.814815e-01	6.224722e+03
4.824825e-01	6.229521e+03
4.834835e-01	6.234320e+03
4.844845e-01	6.239119e+03
4.854855e-01	6.243918e+03
4.864865e-01	6.248717e+03
4.874875e-01	6.253516e+03
4.884885e-01	6.258315e+03
4.894895e-01	6.263114e+03
4.904905e-01	6.267922e+03
4.914915e-01	6.272729e+03
4.924925e-01	6.277537e+03
4.934935e-01	6.282344e+03
4.944945e-01	6.287152e+03
4.954955e-01	6.291959e+03
4.964965e-01	6.296767e+03
4.974975e-01	6.301574e+03
4.984985e-01	6.306382e+03
4.994995e-01	6.311190e+03
5.005005e-01	6.315997e+03
5.015015e-01	6.320805e+03
5.025025e-01	6.325612e+03
5.035035e-01	6.330420e+03
5.045045e-01	6.335227e+03
5.055055e-01	6.340035e+03
5.065065e-01	6.344842e+03
5.075075e-01	6.349650e+03
5.085085e-01	6.354457e+03
5.095095e-01	6.359265e+03
5.105105e-01	6.364072e+03
5.115115e-01	6.368880e+03
5.125125e-01	6.373687e+03
5.135135e-01	6.378495e+03
5.145145e-01	6.383303e+03
5.155155e-01	6.388110e+03
5.165165e-01	6.392918e+03
5.175175e-01	6.397725e+03
5.185185e-01	6.402533e+03
5.195195e-01	6.407340e+03
5.205205e-01	6.412148e+03
5.215215e-01	6.416955e+03
5.225225e-01	6.421763e+03
5.235235e-01	6.426570e+03
5.245245e-01	6.431378e+03
5.255255e-01	6.436185e+03
5.265265e-01	6.440993e+03
5.275275e-01	6.445800e+03
5.285285e-01	6.450608e+03
5.295295e-01	6.455416e+03
5.305305e-01	6.460223e+03
5.315315e-01	6.465031e+03
5.325325e-01	6.469838e+03
5.335335e-01	6.474646e+03
5.345345e-01	6.479453e+03
5.355355e-01	6.484261e+03
5.365365e-01	6.489068e+03
5.375375e-01	6.493876e+03
5.385385e-01	6.498683e+03
5.395395e-01	6.503491e+03
5.405405e-01	6.508298e+03
5.415415e-01	6.513106e+03
5.425425e-01	6.517914e+03
5.435435e-01	6.522721e+03
5.445445e-01	6.527529e+03
5.455455e-01	6.532336e+03
5.465465e-01	6.537144e+03
5.475475e-01	6.541951e+03
5.485485e-01	6.546759e+03
5.495495e-01	6.551566e+03
5.505506e-01	6.556374e+03
5.515516e-01	6.561181e+03
5.525526e-01	6.565989e+03
5.535536e-01	6.570796e+03
5.545546e-01	6.575604e+03
5.555556e-01	6.580411e+03
5.565566e-01	6.585219e+03
5.575576e-01	6.590027e+03
5.585586e-01	6.594834e+03
5.595596e-01	6.599642e+03
5.605606e-01	6.604449e+03
5.615616e-01	6.609257e+03
5.625626e-01	6.614064e+03
5.635636e-01	6.618872e+03
5.645646e-01	6.623679e+03
5.655656e-01	6.628487e+03
5.665666e-01	6.633294e+03
5.675676e-01	6.638102e+03
5.685686e-01	6.642909e+03
5.695696e-01	6.647717e+03
5.705706e-01	6.652524e+03
5.715716e-01	6.657332e+03
5.725726e-01	6.662140e+03
5.735736e-01	6.666947e+03
5.745746e-01	6.671755e+03
5.755756e-01	6.676562e+03
5.765766e-01	6.681370e+03
5.775776e-01	6.686177e+03
5.785786e-01	6.690985e+03
5.795796e-01	6.695792e+03
5.805806e-01	6.700600e+03
5.815816e-01	6.705407e+03
5.825826e-01	6.710215e+03
5.835836e-01	6.715022e+03
5.845846e-01	6.719830e+03
5.855856e-01	6.724637e+03
5.865866e-01	6.729445e+03
5.875876e-01	6.734253e+03
5.885886e-01	6.739060e+03
5.895896e-01	6.743868e+03
5.905906e-01	6.748675e+03
5.915916e-01	6.753483e+03
5.925926e-01	6.758290e+03
5.935936e-01	6.763098e+03
5.945946e-01	6.767905e+03
5.955956e-01	6.772713e+03
5.965966e-01	6.777520e+03
5.975976e-01	6.782328e+03
5.985986e-01	6.787135e+03
5.995996e-01	6.791943e+03
6.006006e-01	6.796751e+03
6.016016e-01	6.801558e+03
6.026026e-01	6.806366e+03
6.036036e-01	6.811468e+03
6.046046e-01	6.816650e+03
6.056056e-01	6.821832e+03
6.066066e-01	6.827014e+03
6.076076e-01	6.832196e+03
6.086086e-01	6.837378e+03
6.096096e-01	6.842559e+03
6.106106e-01	6.847741e+03
6.116116e-01	6.852923e+03
6.126126e-01	6.858105e+03
6.136136e-01	6.863287e+03
6.146146e-01	6.868469e+03
6.156156e-01	6.873650e+03
6.166166e-01	6.878832e+03
6.176176e-01	6.884014e+03
6.186186e-01	6.889196e+03
6.196196e-01	6.894378e+03
6.206206e-01	6.899560e+03
6.216216e-01	6.904741e+03
6.226226e-01	6.909923e+03
6.236236e-01	6.915105e+03
6.246246e-01	6.920287e+03
6.256256e-01	6.925469e+03
6.266266e-01	6.930651e+03
6.276276e-01	6.935832e+03
6.286286e-01	6.941014e+03
6.296296e-01	6.946196e+03
6.306306e-01	6.951378e+03
6.316316e-01	6.956560e+03
6.326326e-01	6.961742e+03
6.336336e-01	6.966923e+03
6.346346e-01	6.972105e+03
6.356356e-01	6.977287e+03
6.366366e-01	6.982469e+03
6.376376e-01	6.987651e+03
6.386386e-01	6.992833e+03
6.396396e-01	6.998014e+03
6.406406e-01	7.003196e+03
6.416416e-01	7.008378e+03
6.426426e-01	7.013560e+03
6.436436e-01	7.018742e+03
6.446446e-01	7.023924e+03
6.456456e-01	7.029105e+03
6.466466e-01	7.034287e+03
6.476476e-01	7.039469e+03
6.486486e-01	7.044651e+03
6.496496e-01	7.049833e+03
6.506507e-01	7.055015e+03
6.516517e-01	7.060196e+03
6.526527e-01	7.065378e+03
6.536537e-01	7.070560e+03
6.546547e-01	7.075742e+03
6.556557e-01	7.080924e+03
6.566567e-01	7.086106e+03
6.576577e-01	7.091287e+03
6.586587e-01	7.096469e+03
6.596597e-01	7.101651e+03
6.606607e-01	7.106833e+03
6.616617e-01	7.112015e+03
6.626627e-01	7.117197e+03
6.636637e-01	7.122378e+03
6.646647e-01	7.127560e+03
6.656657e-01	7.132742e+03
6.666667e-01	7.137924e+03
6.676677e-01	7.143106e+03
6.686687e-01	7.148288e+03
6.696697e-01	7.153469e+03
6.706707e-01	7.158651e+03
6.716717e-01	7.163833e+03
6.726727e-01	7.169015e+03
6.736737e-01	7.174197e+03
6.746747e-01	7.179379e+03
6.756757e-01	7.184560e+03
6.766767e-01	7.189742e+03
6.776777e-01	7.194924e+03
6.786787e-01	7.200106e+03
6.796797e-01	7.205288e+03
6.806807e-01	7.210470e+03
6.816817e-01	7.215651e+03
6.826827e-01	7.220833e+03
6.836837e-01	7.226015e+03
6.846847e-01	7.231197e+03
6.856857e-01	7.236379e+03
6.866867e-01	7.241561e+03
6.876877e-01	7.246743e+03
6.886887e-01	7.251924e+03
6.896897e-01	7.257106e+03
6.906907e-01	7.262288e+03
6.916917e-01	7.267470e+03
6.926927e-01	7.272652e+03
6.936937e-01	7.277834e+03
6.946947e-01	7.283015e+03
6.956957e-01	7.288197e+03
6.966967e-01	7.293379e+03
6.976977e-01	7.298561e+03
6.986987e-01	7.303743e+03
6.996997e-01	7.308925e+03
7.007007e-01	7.314106e+03
7.017017e-01	7.319288e+03
7.027027e-01	7.324470e+03
7.037037e-01	7.329652e+03
7.047047e-01	7.334834e+03
7.057057e-01	7.340016e+03
7.067067e-01	7.345197e+03
7.077077e-01	7.350379e+03
7.087087e-01	7.356232e+03
7.097097e-01	7.362383e+03
7.107107e-01	7.368534e+03
7.117117e-01	7.374685e+03
7.127127e-01	7.380836e+03
7.137137e-01	7.386987e+03
7.147147e-01	7.393138e+03
7.157157e-01	7.399288e+03
7.167167e-01	7.405439e+03
7.177177e-01	7.411590e+03
7.187187e-01	7.417741e+03
7.197197e-01	7.423892e+03
7.207207e-01	7.430043e+03
7.217217e-01	7.436194e+03
7.227227e-01	7.442345e+03
7.237237e-01	7.448495e+03
7.247247e-01	7.454646e+03
7.257257e-01	7.460797e+03
7.267267e-01	7.466948e+03
7.277277e-01	7.473099e+03
7.287287e-01	7.479250e+03
7.297297e-01	7.485401e+03
7.307307e-01	7.491552e+03
7.317317e-01	7.497702e+03
7.327327e-01	7.503853e+03
7.337337e-01	7.510004e+03
7.347347e-01	7.516155e+03
7.357357e-01	7.522306e+03
7.367367e-01	7.528457e+03
7.377377e-01	7.534608e+03
7.387387e-01	7.540759e+03
7.397397e-01	7.546909e+03
7.407407e-01	7.553060e+03
7.417417e-01	7.559211e+03
7.427427e-01	7.565362e+03
7.437437e-01	7.571513e+03
7.447447e-01	7.577664e+03
7.457457e-01	7.583815e+03
7.467467e-01	7.589965e+03
7.477477e-01	7.596116e+03
7.487487e-01	7.602267e+03
7.497497e-01	7.608418e+03
7.507508e-01	7.614569e+03
7.517518e-01	7.620720e+03
7.527528e-01	7.626871e+03
7.537538e-01	7.633022e+03
7.547548e-01	7.639172e+03
7.557558e-01	7.645323e+03
7.567568e-01	7.651474e+03
7.577578e-01	7.657625e+03
7.587588e-01	7.663776e+03
7.597598e-01	7.669927e+03
7.607608e-01	7.676078e+03
7.617618e-01	7.682229e+03
7.627628e-01	7.688379e+03
7.637638e-01	7.694530e+03
7.647648e-01	7.700681e+03
7.657658e-01	7.706832e+03
7.667668e-01	7.712983e+03
7.677678e-01	7.719134e+03
7.687688e-01	7.725285e+03
7.697698e-01	7.731436e+03
7.707708e-01	7.737586e+03
7.717718e-01	7.743737e+03
7.727728e-01	7.749888e+03
7.737738e-01	7.756039e+03
7.747748e-01	7.762190e+03
7.757758e-01	7.768341e+03
7.767768e-01	7.774492e+03
7.777778e-01	7.780643e+03
7.787788e-01	7.786793e+03
7.797798e-01	7.792944e+03
7.807808e-01	7.799095e+03
7.817818e-01	7.805246e+03
7.827828e-01	7.811397e+03
7.837838e-01	7.817548e+03
7.847848e-01	7.823699e+03
7.857858e-01	7.829850e+03
7.867868e-01	7.836000e+03
7.877878e-01	7.842151e+03
7.887888e-01	7.848302e+03
7.897898e-01	7.854453e+03
7.907908e-01	7.860604e+03
7.917918e-01	7.866755e+03
7.927928e-01	7.872906e+03
7.937938e-01	7.879057e+03
7.947948e-01	7.885207e+03
7.957958e-01	7.891358e+03
7.967968e-01	7.897752e+03
7.977978e-01	7.905480e+03
7.987988e-01	7.913207e+03
7.997998e-01	7.920935e+03
8.008008e-01	7.928663e+03
8.018018e-01	7.936390e+03
8.028028e-01	7.944118e+03
8.038038e-01	7.951846e+03
8.048048e-01	7.959574e+03
8.058058e-01	7.967301e+03
8.068068e-01	7.975029e+03
8.078078e-01	7.982757e+03
8.088088e-01	7.990484e+03
8.098098e-01	7.998212e+03
8.108108e-01	8.005940e+03
8.118118e-01	8.013668e+03
8.128128e-01	8.021395e+03
8.138138e-01	8.029123e+03
8.148148e-01	8.036851e+03
8.158158e-01	8.044578e+03
8.168168e-01	8.052306e+03
8.178178e-01	8.060034e+03
8.188188e-01	8.067761e+03
8.198198e-01	8.075489e+03
8.208208e-01	8.083217e+03
8.218218e-01	8.090945e+03
8.228228e-01	8.098672e+03
8.238238e-01	8.106400e+03
8.248248e-01	8.114128e+03
8.258258e-01	8.121855e+03
8.268268e-01	8.129583e+03
8.278278e-01	8.137311e+03
8.288288e-01	8.145038e+03
8.298298e-01	8.152766e+03
8.308308e-01	8.160494e+03
8.318318e-01	8.168222e+03
8.328328e-01	8.175949e+03
8.338338e-01	8.183677e+03
8.348348e-01	8.191405e+03
8.358358e-01	8.199132e+03
8.368368e-01	8.206860e+03
8.378378e-01	8.214588e+03
8.388388e-01	8.222315e+03
8.398398e-01	8.230043e+03
8.408408e-01	8.237771e+03
8.418418e-01	8.245499e+03
8.428428e-01	8.253226e+03
8.438438e-01	8.260954e+03
8.448448e-01	8.268682e+03
8.458458e-01	8.276409e+03
8.468468e-01	8.284137e+03
8.478478e-01	8.291865e+03
8.488488e-01	8.299593e+03
8.498498e-01	8.307320e+03
8.508509e-01	8.315048e+03
8.518519e-01	8.322776e+03
8.528529e-01	8.330503e+03
8.538539e-01	8.338231e+03
8.548549e-01	8.345959e+03
8.558559e-01	8.353686e+03
8.568569e-01	8.361414e+03
8.578579e-01	8.369142e+03
8.588589e-01	8.376870e+03
8.598599e-01	8.384597e+03
8.608609e-01	8.392325e+03
8.618619e-01	8.400053e+03
8.628629e-01	8.407780e+03
8.638639e-01	8.415508e+03
8.648649e-01	8.423236e+03
8.658659e-01	8.430963e+03
8.668669e-01	8.438691e+03
8.678679e-01	8.448401e+03
8.688689e-01	8.459037e+03
8.698699e-01	8.469674e+03
8.708709e-01	8.480310e+03
8.718719e-01	8.490946e+03
8.728729e-01	8.501583e+03
8.738739e-01	8.512219e+03
8.748749e-01	8.522855e+03
8.758759e-01	8.533491e+03
8.768769e-01	8.544128e+03
8.778779e-01	8.554764e+03
8.788789e-01	8.565400e+03
8.798799e-01	8.576037e+03
8.808809e-01	8.586673e+03
8.818819e-01	8.597309e+03
8.828829e-01	8.607945e+03
8.838839e-01	8.618582e+03
8.848849e-01	8.629218e+03
8.858859e-01	8.639854e+03
8.868869e-01	8.650491e+03
8.878879e-01	8.661127e+03
8.888889e-01	8.671763e+03
8.898899e-01	8.682399e+03
8.908909e-01	8.693036e+03
8.918919e-01	8.703672e+03
8.928929e-01	8.714308e+03
8.938939e-01	8.724945e+03
8.948949e-01	8.735581e+03
8.958959e-01	8.746217e+03
8.968969e-01	8.756854e+03
8.978979e-01	8.767490e+03
8.988989e-01	8.778126e+03
8.998999e-01	8.788762e+03
9.009009e-01	8.799399e+03
9.019019e-01	8.810035e+03
9.029029e-01	8.820671e+03
9.039039e-01	8.831308e+03
9.049049e-01	8.841944e+03
9.059059e-01	8.852580e+03
9.069069e-01	8.863216e+03
9.079079e-01	8.873853e+03
9.089089e-01	8.884489e+03
9.099099e-01	8.895125e+03
9.109109e-01	8.905762e+03
9.119119e-01	8.916398e+03
9.129129e-01	8.927034e+03
9.139139e-01	8.937670e+03
9.149149e-01	8.948307e+03
9.159159e-01	8.958943e+03
9.169169e-01	8.969579e+03
9.179179e-01	8.980216e+03
9.189189e-01	8.993228e+03
9.199199e-01	9.008811e+03
9.209209e-01	9.024394e+03
9.219219e-01	9.039977e+03
9.229229e-01	9.055560e+03
9.239239e-01	9.071143e+03
9.249249e-01	9.086726e+03
9.259259e-01	9.102309e+03
9.269269e-01	9.117892e+03
9.279279e-01	9.133475e+03
9.289289e-01	9.149058e+03
9.299299e-01	9.164641e+03
9.309309e-01	9.180225e+03
9.319319e-01	9.195808e+03
9.329329e-01	9.211391e+03
9.339339e-01	9.226974e+03
9.349349e-01	9.242557e+03
9.359359e-01	9.258140e+03
9.369369e-01	9.273723e+03
9.379379e-01	9.289306e+03
9.389389e-01	9.304889e+03
9.399399e-01	9.320472e+03
9.409409e-01	9.336055e+03
9.419419e-01	9.351638e+03
9.429429e-01	9.367221e+03
9.439439e-01	9.382804e+03
9.449449e-01	9.398387e+03
9.459459e-01	9.413970e+03
9.469469e-01	9.429553e+03
9.479479e-01	9.445136e+03
9.489489e-01	9.460719e+03
9.499499e-01	9.476302e+03
9.509510e-01	9.491885e+03
9.519520e-01	9.507468e+03
9.529530e-01	9.523051e+03
9.539540e-01	9.543355e+03
9.549550e-01	9.567799e+03
9.559560e-01	9.592243e+03
9.569570e-01	9.616687e+03
9.579580e-01	9.641131e+03
9.589590e-01	9.665576e+03
9.599600e-01	9.690020e+03
9.609610e-01	9.714464e+03
9.619620e-01	9.738908e+03
9.629630e-01	9.763352e+03
9.639640e-01	9.787796e+03
9.649650e-01	9.812240e+03
9.659660e-01	9.836684e+03
9.669670e-01	9.861129e+03
9.679680e-01	9.885573e+03
9.689690e-01	9.910017e+03
9.699700e-01	9.934461e+03
9.709710e-01	9.958905e+03
9.719720e-01	9.983349e+03
9.729730e-01	1.000779e+04
9.739740e-01	1.003224e+04
9.749750e-01	1.005668e+04
9.759760e-01	1.008564e+04
9.769770e-01	1.012789e+04
9.779780e-01	1.017013e+04
9.789790e-01	1.021238e+04
9.799800e-01	1.025462e+04
9.809810e-01	1.029686e+04
9.819820e-01	1.033911e+04
9.829830e-01	1.038135e+04
9.839840e-01	1.042360e+04
9.849850e-01	1.046584e+04
9.859860e-01	1.050809e+04
9.869870e-01	1.055033e+04
9.879880e-01	1.059257e+04
9.889890e-01	1.064846e+04
9.899900e-01	1.072837e+04
9.909910e-01	1.080828e+04
9.919920e-01	1.088818e+04
9.929930e-01	1.096809e+04
9.939940e-01	1.104800e+04
9.949950e-01	1.112790e+04
9.959960e-01	1.125660e+04
9.969970e-01	1.142571e+04
9.979980e-01	1.159482e+04
9.989990e-01	1.184592e+04
1.000000e+00	1.552083e+04
