# q	y_q
0.000000e+00	3.505442e+02
1.001001e-03	1.314823e+03
2.002002e-03	1.460116e+03
3.003003e-03	1.605409e+03
4.004004e-03	1.677362e+03
5.005005e-03	1.719263e+03
6.006006e-03	1.761163e+03
7.007007e-03	1.803064e+03
8.008008e-03	1.844964e+03
9.009009e-03	1.886865e+03
1.001001e-02	1.928765e+03
1.101101e-02	1.970666e+03
1.201201e-02	2.012566e+03
1.301301e-02	2.054467e+03
1.401401e-02	2.086412e+03
1.501502e-02	2.102817e+03
1.601602e-02	2.119222e+03
1.701702e-02	2.135627e+03
1.801802e-02	2.152031e+03
1.901902e-02	2.168436e+03
2.002002e-02	2.184841e+03
2.102102e-02	2.201246e+03
2.202202e-02	2.217651e+03
2.302302e-02	2.234056e+03
2.402402e-02	2.250461e+03
2.502503e-02	2.266866e+03
2.602603e-02	2.283271e+03
2.702703e-02	2.299676e+03
2.802803e-02	2.316081e+03
2.902903e-02	2.332486e+03
3.003003e-02	2.348891e+03
3.103103e-02	2.365296e+03
3.203203e-02	2.381701e+03
3.303303e-02	2.398106e+03
3.403403e-02	2.414511e+03
3.503504e-02	2.430916e+03
3.603604e-02	2.447321e+03
3.703704e-02	2.463726e+03
3.803804e-02	2.480131e+03
3.903904e-02	2.496536e+03
4.004004e-02	2.512669e+03
4.104104e-02	2.521241e+03
4.204204e-02	2.529814e+03
4.304304e-02	2.538386e+03
4.404404e-02	2.546959e+03
4.504505e-02	2.555531e+03
4.604605e-02	2.564104e+03
4.704705e-02	2.572676e+03
4.804805e-02	2.581249e+03
4.904905e-02	2.589821e+03
5.005005e-02	2.598394e+03
5.105105e-02	2.606966e+03
5.205205e-02	2.615539e+03
5.305305e-02	2.624111e+03
5.405405e-02	2.632684e+03
5.505506e-02	2.641256e+03
5.605606e-02	2.649828e+03
5.705706e-02	2.658401e+03
5.805806e-02	2.666973e+03
5.905906e-02	2.675546e+03
6.006006e-02	2.684118e+03
6.106106e-02	2.692691e+03
6.206206e-02	2.701263e+03
6.306306e-02	2.709836e+03
6.406406e-02	2.718408e+03
6.506507e-02	2.726981e+03
6.606607e-02	2.735553e+03
6.706707e-02	2.744126e+03
6.806807e-02	2.752698e+03
6.906907e-02	2.761271e+03
7.007007e-02	2.769843e+03
7.107107e-02	2.778416e+03
7.207207e-02	2.786988e+03
7.307307e-02	2.795560e+03
7.407407e-02	2.804133e+03
7.507508e-02	2.812705e+03
7.607608e-02	2.821278e+03
7.707708e-02	2.829850e+03
7.807808e-02	2.838423e+03
7.907908e-02	2.846995e+03
8.008008e-02	2.855568e+03
8.108108e-02	2.864140e+03
8.208208e-02	2.872713e+03
8.308308e-02	2.881285e+03
8.408408e-02	2.889858e+03
8.508509e-02	2.898430e+03
8.608609e-02	2.907003e+03
8.708709e-02	2.915575e+03
8.808809e-02	2.924148e+03
8.908909e-02	2.932720e+03
9.009009e-02	2.941293e+03
9.109109e-02	2.948121e+03
9.209209e-02	2.953779e+03
9.309309e-02	2.959438e+03
9.409409e-02	2.965096e+03
9.509510e-02	2.970754e+03
9.609610e-02	2.976412e+03
9.709710e-02	2.982070e+03
9.809810e-02	2.987728e+03
9.909910e-02	2.993386e+03
1.001001e-01	2.999044e+03
1.011011e-01	3.004702e+03
1.021021e-01	3.010360e+03
1.031031e-01	3.016018e+03
1.041041e-01	3.021676e+03
1.051051e-01	3.027334e+03
1.061061e-01	3.032992e+03
1.071071e-01	3.038650e+03
1.081081e-01	3.044308e+03
1.091091e-01	3.049966e+03
1.101101e-01	3.055624e+03
1.111111e-01	3.061282e+03
1.121121e-01	3.066940e+03
1.131131e-01	3.072598e+03
1.141141e-01	3.078256e+03
1.151151e-01	3.083914e+03
1.161161e-01	3.089572e+03
1.171171e-01	3.095230e+03
1.181181e-01	3.100888e+03
1.191191e-01	3.106546e+03
1.201201e-01	3.112204e+03
1.211211e-01	3.117862e+03
1.221221e-01	3.123520e+03
1.231231e-01	3.129178e+03
1.241241e-01	3.134836e+03
1.251251e-01	3.140494e+03
1.261261e-01	3.146152e+03
1.271271e-01	3.151810e+03
1.281281e-01	3.157468e+03
1.291291e-01	3.163126e+03
1.301301e-01	3.168784e+03
1.311311e-01	3.174442e+03
1.321321e-01	3.180100e+03
1.331331e-01	3.185758e+03
1.341341e-01	3.191416e+03
1.351351e-01	3.197074e+03
1.361361e-01	3.202732e+03
1.371371e-01	3.208390e+03
1.381381e-01	3.214048e+03
1.391391e-01	3.219706e+03
1.401401e-01	3.225364e+03
1.411411e-01	3.231022e+03
1.421421e-01	3.236680e+03
1.431431e-01	3.242338e+03
1.441441e-01	3.247996e+03
1.451451e-01	3.253654e+03
1.461461e-01	3.259312e+03
1.471471e-01	3.264970e+03
1.481481e-01	3.270628e+03
1.491491e-01	3.276286e+03
1.501502e-01	3.281944e+03
1.511512e-01	3.287602e+03
1.521522e-01	3.293260e+03
1.531532e-01	3.298918e+03
1.541542e-01	3.304576e+03
1.551552e-01	3.310234e+03
1.561562e-01	3.315892e+03
1.571572e-01	3.321550e+03
1.581582e-01	3.327208e+03
1.591592e-01	3.332866e+03
1.601602e-01	3.338524e+03
1.611612e-01	3.344182e+03
1.621622e-01	3.349840e+03
1.631632e-01	3.355498e+03
1.641642e-01	3.361156e+03
1.651652e-01	3.366815e+03
1.661662e-01	3.372473e+03
1.671672e-01	3.377904e+03
1.681682e-01	3.382317e+03
1.691692e-01	3.386729e+03
1.701702e-01	3.391141e+03
1.711712e-01	3.395554e+03
1.721722e-01	3.399966e+03
1.731732e-01	3.404379e+03
1.741742e-01	3.408791e+03
1.751752e-01	3.413203e+03
1.761762e-01	3.417616e+03
1.771772e-01	3.422028e+03
1.781782e-01	3.426441e+03
1.791792e-01	3.430853e+03
1.801802e-01	3.435265e+03
1.811812e-01	3.439678e+03
1.821822e-01	3.444090e+03
1.831832e-01	3.448503e+03
1.841842e-01	3.452915e+03
1.851852e-01	3.457327e+03
1.861862e-01	3.461740e+03
1.871872e-01	3.466152e+03
1.881882e-01	3.470565e+03
1.891892e-01	3.474977e+03
1.901902e-01	3.479389e+03
1.911912e-01	3.483802e+03
1.921922e-01	3.488214e+03
1.931932e-01	3.492627e+03
1.941942e-01	3.497039e+03
1.951952e-01	3.501452e+03
1.961962e-01	3.505864e+03
1.971972e-01	3.510276e+03
1.981982e-01	3.514689e+03
1.991992e-01	3.519101e+03
2.002002e-01	3.523514e+03
2.012012e-01	3.527926e+03
2.022022e-01	3.532338e+03
2.032032e-01	3.536751e+03
2.042042e-01	3.541163e+03
2.052052e-01	3.545576e+03
2.062062e-01	3.549988e+03
2.072072e-01	3.554400e+03
2.082082e-01	3.558813e+03
2.092092e-01	3.563225e+03
2.102102e-01	3.567638e+03
2.112112e-01	3.572050e+03
2.122122e-01	3.576462e+03
2.132132e-01	3.580875e+03
2.142142e-01	3.585287e+03
2.152152e-01	3.589700e+03
2.162162e-01	3.594112e+03
2.172172e-01	3.598524e+03
2.182182e-01	3.602937e+03
2.192192e-01	3.607349e+03
2.202202e-01	3.611762e+03
2.212212e-01	3.616174e+03
2.222222e-01	3.620586e+03
2.232232e-01	3.624999e+03
2.242242e-01	3.629411e+03
2.252252e-01	3.633824e+03
2.262262e-01	3.638236e+03
2.272272e-01	3.642649e+03
2.282282e-01	3.647061e+03
2.292292e-01	3.651473e+03
2.302302e-01	3.655886e+03
2.312312e-01	3.660298e+03
2.322322e-01	3.664711e+03
2.332332e-01	3.669123e+03
2.342342e-01	3.673535e+03
2.352352e-01	3.677948e+03
2.362362e-01	3.682360e+03
2.372372e-01	3.686773e+03
2.382382e-01	3.691185e+03
2.392392e-01	3.695597e+03
2.402402e-01	3.700010e+03
2.412412e-01	3.704422e+03
2.422422e-01	3.708835e+03
2.432432e-01	3.713247e+03
2.442442e-01	3.717659e+03
2.452452e-01	3.722072e+03
2.462462e-01	3.726484e+03
2.472472e-01	3.730897e+03
2.482482e-01	3.735309e+03
2.492492e-01	3.739721e+03
2.502503e-01	3.744134e+03
2.512513e-01	3.748546e+03
2.522523e-01	3.752959e+03
2.532533e-01	3.757371e+03
2.542543e-01	3.761783e+03
2.552553e-01	3.766196e+03
2.562563e-01	3.770608e+03
2.572573e-01	3.775021e+03
2.582583e-01	3.779433e+03
2.592593e-01	3.783846e+03
2.602603e-01	3.788258e+03
2.612613e-01	3.792670e+03
2.622623e-01	3.797083e+03
2.632633e-01	3.801495e+03
2.642643e-01	3.805908e+03
2.652653e-01	3.810200e+03
2.662663e-01	3.813994e+03
2.672673e-01	3.817787e+03
2.682683e-01	3.821581e+03
2.692693e-01	3.825374e+03
2.702703e-01	3.829168e+03
2.712713e-01	3.832962e+03
2.722723e-01	3.836755e+03
2.732733e-01	3.840549e+03
2.742743e-01	3.844342e+03
2.752753e-01	3.848136e+03
2.762763e-01	3.851929e+03
2.772773e-01	3.855723e+03
2.782783e-01	3.859516e+03
2.792793e-01	3.863310e+03
2.802803e-01	3.867103e+03
2.812813e-01	3.870897e+03
2.822823e-01	3.874690e+03
2.832833e-01	3.878484e+03
2.842843e-01	3.882277e+03
2.852853e-01	3.886071e+03
2.862863e-01	3.889864e+03
2.872873e-01	3.893658e+03
2.882883e-01	3.897451e+03
2.892893e-01	3.901245e+03
2.902903e-01	3.905038e+03
2.912913e-01	3.908832e+03
2.922923e-01	3.912625e+03
2.932933e-01	3.916419e+03
2.942943e-01	3.920213e+03
2.952953e-01	3.924006e+03
2.962963e-01	3.927800e+03
2.972973e-01	3.931593e+03
2.982983e-01	3.935387e+03
2.992993e-01	3.939180e+03
3.003003e-01	3.942974e+03
3.013013e-01	3.946767e+03
3.023023e-01	3.950561e+03
3.033033e-01	3.954354e+03
3.043043e-01	3.958148e+03
3.053053e-01	3.961941e+03
3.063063e-01	3.965735e+03
3.073073e-01	3.969528e+03
3.083083e-01	3.973322e+03
3.093093e-01	3.977115e+03
3.103103e-01	3.980909e+03
3.113113e-01	3.984702e+03
3.123123e-01	3.988496e+03
3.133133e-01	3.992289e+03
3.143143e-01	3.996083e+03
3.153153e-01	3.999876e+03
3.163163e-01	4.003670e+03
3.173173e-01	4.007464e+03
3.183183e-01	4.011257e+03
3.193193e-01	4.015051e+03
3.203203e-01	4.018844e+03
3.213213e-01	4.022638e+03
3.223223e-01	4.026431e+03
3.233233e-01	4.030225e+03
3.243243e-01	4.034018e+03
3.253253e-01	4.037812e+03
3.263263e-01	4.041605e+03
3.273273e-01	4.045399e+03
3.283283e-01	4.049192e+03
3.293293e-01	4.052986e+03
3.303303e-01	4.056779e+03
3.313313e-01	4.060573e+03
3.323323e-01	4.064366e+03
3.333333e-01	4.068160e+03
3.343343e-01	4.071953e+03
3.353353e-01	4.075747e+03
3.363363e-01	4.079540e+03
3.373373e-01	4.083334e+03
3.383383e-01	4.087127e+03
3.393393e-01	4.090921e+03
3.403403e-01	4.094715e+03
3.413413e-01	4.098508e+03
3.423423e-01	4.102302e+03
3.433433e-01	4.106095e+03
3.443443e-01	4.109889e+03
3.453453e-01	4.113682e+03
3.463463e-01	4.117476e+03
3.473473e-01	4.121269e+03
3.483483e-01	4.125063e+03
3.493493e-01	4.128856e+03
3.503504e-01	4.132650e+03
3.513514e-01	4.136443e+03
3.523524e-01	4.140237e+03
3.533534e-01	4.144030e+03
3.543544e-01	4.147824e+03
3.553554e-01	4.151617e+03
3.563564e-01	4.155411e+03
3.573574e-01	4.159204e+03
3.583584e-01	4.162998e+03
3.593594e-01	4.166791e+03
3.603604e-01	4.170585e+03
3.613614e-01	4.174378e+03
3.623624e-01	4.178172e+03
3.633634e-01	4.181966e+03
3.643644e-01	4.185759e+03
3.653654e-01	4.189553e+03
3.663664e-01	4.193346e+03
3.673674e-01	4.197140e+03
3.683684e-01	4.200933e+03
3.693694e-01	4.204727e+03
3.703704e-01	4.208520e+03
3.713714e-01	4.212314e+03
3.723724e-01	4.216107e+03
3.733734e-01	4.219901e+03
3.743744e-01	4.223694e+03
3.753754e-01	4.227488e+03
3.763764e-01	4.231281e+03
3.773774e-01	4.235075e+03
3.783784e-01	4.238868e+03
3.793794e-01	4.242602e+03
3.803804e-01	4.246124e+03
3.813814e-01	4.249645e+03
3.823824e-01	4.253167e+03
3.833834e-01	4.256688e+03
3.843844e-01	4.260210e+03
3.853854e-01	4.263731e+03
3.863864e-01	4.267253e+03
3.873874e-01	4.270774e+03
3.883884e-01	4.274296e+03
3.893894e-01	4.277817e+03
3.903904e-01	4.281338e+03
3.913914e-01	4.284860e+03
3.923924e-01	4.288381e+03
3.933934e-01	4.291903e+03
3.943944e-01	4.295424e+03
3.953954e-01	4.298946e+03
3.963964e-01	4.302467e+03
3.973974e-01	4.305989e+03
3.983984e-01	4.309510e+03
3.993994e-01	4.313032e+03
4.004004e-01	4.316553e+03
4.014014e-01	4.320074e+03
4.024024e-01	4.323596e+03
4.034034e-01	4.327117e+03
4.044044e-01	4.330639e+03
4.054054e-01	4.334160e+03
4.064064e-01	4.337682e+03
4.074074e-01	4.341203e+03
4.084084e-01	4.344725e+03
4.094094e-01	4.348246e+03
4.104104e-01	4.351768e+03
4.114114e-01	4.355289e+03
4.124124e-01	4.358810e+03
4.134134e-01	4.362332e+03
4.144144e-01	4.365853e+03
4.154154e-01	4.369375e+03
4.164164e-01	4.372896e+03
4.174174e-01	4.376418e+03
4.184184e-01	4.379939e+03
4.194194e-01	4.383461e+03
4.204204e-01	4.386982e+03
4.214214e-01	4.390504e+03
4.224224e-01	4.394025e+03
4.234234e-01	4.397547e+03
4.244244e-01	4.401068e+03
4.254254e-01	4.404589e+03
4.264264e-01	4.408111e+03
4.274274e-01	4.411632e+03
4.284284e-01	4.415154e+03
4.294294e-01	4.418675e+03
4.304304e-01	4.422197e+03
4.314314e-01	4.425718e+03
4.324324e-01	4.429240e+03
4.334334e-01	4.432761e+03
4.344344e-01	4.436283e+03
4.354354e-01	4.439804e+03
4.364364e-01	4.443325e+03
4.374374e-01	4.446847e+03
4.384384e-01	4.450368e+03
4.394394e-01	4.453890e+03
4.404404e-01	4.457411e+03
4.414414e-01	4.460933e+03
4.424424e-01	4.464454e+03
4.434434e-01	4.467976e+03
4.444444e-01	4.471497e+03
4.454454e-01	4.475019e+03
4.464464e-01	4.478540e+03
4.474474e-01	4.482061e+03
4.484484e-01	4.485583e+03
4.494494e-01	4.489104e+03
4.504505e-01	4.492626e+03
4.514515e-01	4.496147e+03
4.524525e-01	4.499669e+03
4.534535e-01	4.503190e+03
4.544545e-01	4.506712e+03
4.554555e-01	4.510233e+03
4.564565e-01	4.513755e+03
4.574575e-01	4.517276e+03
4.584585e-01	4.520798e+03
4.594595e-01	4.524319e+03
4.604605e-01	4.527840e+03
4.614615e-01	4.531362e+03
4.624625e-01	4.534883e+03
4.634635e-01	4.538405e+03
4.644645e-01	4.541926e+03
4.654655e-01	4.545448e+03
4.664665e-01	4.548969e+03
4.674675e-01	4.552491e+03
4.684685e-01	4.556012e+03
4.694695e-01	4.559534e+03
4.704705e-01	4.563055e+03
4.714715e-01	4.566576e+03
4.724725e-01	4.570098e+03
4.734735e-01	4.573619e+03
4.744745e-01	4.577141e+03
4.754755e-01	4.580662e+03
4.764765e-01	4.584184e+03
4.774775e-01	4.587705e+03
4.784785e-01	4.591227e+03
4.794795e-01	4.594748e+03
4.804805e-01	4.598270e+03
4.814815e-01	4.601791e+03
4.824825e-01	4.605312e+03
4.834835e-01	4.608834e+03
4.844845e-01	4.612355e+03
4.854855e-01	4.615877e+03
4.864865e-01	4.619398e+03
4.874875e-01	4.622920e+03
4.884885e-01	4.626441e+03
4.894895e-01	4.629963e+03
4.904905e-01	4.633484e+03
4.914915e-01	4.637006e+03
4.924925e-01	4.640527e+03
4.934935e-01	4.644049e+03
4.944945e-01	4.647570e+03
4.954955e-01	4.651091e+03
4.964965e-01	4.654613e+03
4.974975e-01	4.658134e+03
4.984985e-01	4.661656e+03
4.994995e-01	4.665177e+03
5.005005e-01	4.668699e+03
5.015015e-01	4.672220e+03
5.025025e-01	4.675746e+03
5.035035e-01	4.679279e+03
5.045045e-01	4.682811e+03
5.055055e-01	4.686343e+03
5.065065e-01	4.689875e+03
5.075075e-01	4.693408e+03
5.085085e-01	4.696940e+03
5.095095e-01	4.700472e+03
5.105105e-01	4.704005e+03
5.115115e-01	4.707537e+03
5.125125e-01	4.711069e+03
5.135135e-01	4.714601e+03
5.145145e-01	4.718134e+03
5.155155e-01	4.721666e+03
5.165165e-01	4.725198e+03
5.175175e-01	4.728730e+03
5.185185e-01	4.732263e+03
5.195195e-01	4.735795e+03
5.205205e-01	4.739327e+03
5.215215e-01	4.742859e+03
5.225225e-01	4.746392e+03
5.235235e-01	4.749924e+03
5.245245e-01	4.753456e+03
5.255255e-01	4.756989e+03
5.265265e-01	4.760521e+03
5.275275e-01	4.764053e+03
5.285285e-01	4.767585e+03
5.295295e-01	4.771118e+03
5.305305e-01	4.774650e+03
5.315315e-01	4.778182e+03
5.325325e-01	4.781714e+03
5.335335e-01	4.785247e+03
5.345345e-01	4.788779e+03
5.355355e-01	4.792311e+03
5.365365e-01	4.795844e+03
5.375375e-01	4.799376e+03
5.385385e-01	4.802908e+03
5.395395e-01	4.806440e+03
5.405405e-01	4.809973e+03
5.415415e-01	4.813505e+03
5.425425e-01	4.817037e+03
5.435435e-01	4.820569e+03
5.445445e-01	4.824102e+03
5.455455e-01	4.827634e+03
5.465465e-01	4.831166e+03
5.475475e-01	4.834698e+03
5.485485e-01	4.838231e+03
5.495495e-01	4.841763e+03
5.505506e-01	4.845295e+03
5.515516e-01	4.848828e+03
5.525526e-01	4.852360e+03
5.535536e-01	4.855892e+03
5.545546e-01	4.859424e+03
5.555556e-01	4.862957e+03
5.565566e-01	4.866489e+03
5.575576e-01	4.870021e+03
5.585586e-01	4.873553e+03
5.595596e-01	4.877086e+03
5.605606e-01	4.880618e+03
5.615616e-01	4.884150e+03
5.625626e-01	4.887682e+03
5.635636e-01	4.891215e+03
5.645646e-01	4.894747e+03
5.655656e-01	4.898279e+03
5.665666e-01	4.901812e+03
5.675676e-01	4.905344e+03
5.685686e-01	4.908876e+03
5.695696e-01	4.912408e+03
5.705706e-01	4.915941e+03
5.715716e-01	4.919473e+03
5.725726e-01	4.923005e+03
5.735736e-01	4.926537e+03
5.745746e-01	4.930070e+03
5.755756e-01	4.933602e+03
5.765766e-01	4.937134e+03
5.775776e-01	4.940667e+03
5.785786e-01	4.944199e+03
5.795796e-01	4.947731e+03
5.805806e-01	4.951263e+03
5.815816e-01	4.954796e+03
5.825826e-01	4.958328e+03
5.835836e-01	4.961860e+03
5.845846e-01	4.965392e+03
5.855856e-01	4.968925e+03
5.865866e-01	4.972457e+03
5.875876e-01	4.975989e+03
5.885886e-01	4.979521e+03
5.895896e-01	4.983054e+03
5.905906e-01	4.986586e+03
5.915916e-01	4.990118e+03
5.925926e-01	4.993651e+03
5.935936e-01	4.997183e+03
5.945946e-01	5.000715e+03
5.955956e-01	5.004247e+03
5.965966e-01	5.007780e+03
5.975976e-01	5.011312e+03
5.985986e-01	5.014844e+03
5.995996e-01	5.018376e+03
6.006006e-01	5.021909e+03
6.016016e-01	5.025441e+03
6.026026e-01	5.028973e+03
6.036036e-01	5.032505e+03
6.046046e-01	5.036038e+03
6.056056e-01	5.039570e+03
6.066066e-01	5.043102e+03
6.076076e-01	5.046635e+03
6.086086e-01	5.050167e+03
6.096096e-01	5.053699e+03
6.106106e-01	5.057231e+03
6.116116e-01	5.060764e+03
6.126126e-01	5.064296e+03
6.136136e-01	5.067828e+03
6.146146e-01	5.071360e+03
6.156156e-01	5.074893e+03
6.166166e-01	5.078425e+03
6.176176e-01	5.081957e+03
6.186186e-01	5.085490e+03
6.196196e-01	5.089022e+03
6.206206e-01	5.092554e+03
6.216216e-01	5.096086e+03
6.226226e-01	5.099619e+03
6.236236e-01	5.103151e+03
6.246246e-01	5.106697e+03
6.256256e-01	5.110653e+03
6.266266e-01	5.114608e+03
6.276276e-01	5.118563e+03
6.286286e-01	5.122519e+03
6.296296e-01	5.126474e+03
6.306306e-01	5.130429e+03
6.316316e-01	5.134385e+03
6.326326e-01	5.138340e+03
6.336336e-01	5.142295e+03
6.346346e-01	5.146250e+03
6.356356e-01	5.150206e+03
6.366366e-01	5.154161e+03
6.376376e-01	5.158116e+03
6.386386e-01	5.162072e+03
6.396396e-01	5.166027e+03
6.406406e-01	5.169982e+03
6.416416e-01	5.173938e+03
6.426426e-01	5.177893e+03
6.436436e-01	5.181848e+03
6.446446e-01	5.185803e+03
6.456456e-01	5.189759e+03
6.466466e-01	5.193714e+03
6.476476e-01	5.197669e+03
6.486486e-01	5.201625e+03
6.496496e-01	5.205580e+03
6.506507e-01	5.209535e+03
6.516517e-01	5.213491e+03
6.526527e-01	5.217446e+03
6.536537e-01	5.221401e+03
6.546547e-01	5.225356e+03
6.556557e-01	5.229312e+03
6.566567e-01	5.233267e+03
6.576577e-01	5.237222e+03
6.586587e-01	5.241178e+03
6.596597e-01	5.245133e+03
6.606607e-01	5.249088e+03
6.616617e-01	5.253044e+03
6.626627e-01	5.256999e+03
6.636637e-01	5.260954e+03
6.646647e-01	5.264909e+03
6.656657e-01	5.268865e+03
6.666667e-01	5.272820e+03
6.676677e-01	5.276775e+03
6.686687e-01	5.280731e+03
6.696697e-01	5.284686e+03
6.706707e-01	5.288641e+03
6.716717e-01	5.292597e+03
6.726727e-01	5.296552e+03
6.736737e-01	5.300507e+03
6.746747e-01	5.304462e+03
6.756757e-01	5.308418e+03
6.766767e-01	5.312373e+03
6.776777e-01	5.316328e+03
6.786787e-01	5.320284e+03
6.796797e-01	5.324239e+03
6.806807e-01	5.328194e+03
6.816817e-01	5.332150e+03
6.826827e-01	5.336105e+03
6.836837e-01	5.340060e+03
6.846847e-01	5.344015e+03
6.856857e-01	5.347971e+03
6.866867e-01	5.351926e+03
6.876877e-01	5.355881e+03
6.886887e-01	5.359837e+03
6.896897e-01	5.363792e+03
6.906907e-01	5.367747e+03
6.916917e-01	5.371703e+03
6.926927e-01	5.375658e+03
6.936937e-01	5.379613e+03
6.946947e-01	5.383568e+03
6.956957e-01	5.387524e+03
6.966967e-01	5.391479e+03
6.976977e-01	5.395434e+03
6.986987e-01	5.399390e+03
6.996997e-01	5.403345e+03
7.007007e-01	5.407300e+03
7.017017e-01	5.411256e+03
7.027027e-01	5.415211e+03
7.037037e-01	5.419166e+03
7.047047e-01	5.423121e+03
7.057057e-01	5.427077e+03
7.067067e-01	5.431032e+03
7.077077e-01	5.434987e+03
7.087087e-01	5.438943e+03
7.097097e-01	5.442898e+03
7.107107e-01	5.446853e+03
7.117117e-01	5.450809e+03
7.127127e-01	5.454764e+03
7.137137e-01	5.458719e+03
7.147147e-01	5.462674e+03
7.157157e-01	5.466630e+03
7.167167e-01	5.470585e+03
7.177177e-01	5.474540e+03
7.187187e-01	5.478496e+03
7.197197e-01	5.482451e+03
7.207207e-01	5.486406e+03
7.217217e-01	5.490362e+03
7.227227e-01	5.494317e+03
7.237237e-01	5.498272e+03
7.247247e-01	5.502227e+03
7.257257e-01	5.506183e+03
7.267267e-01	5.510138e+03
7.277277e-01	5.514093e+03
7.287287e-01	5.518049e+03
7.297297e-01	5.522004e+03
7.307307e-01	5.525959e+03
7.317317e-01	5.529915e+03
7.327327e-01	5.533870e+03
7.337337e-01	5.537825e+03
7.347347e-01	5.542407e+03
7.357357e-01	5.547231e+03
7.367367e-01	5.552056e+03
7.377377e-01	5.556880e+03
7.387387e-01	5.561705e+03
7.397397e-01	5.566529e+03
7.407407e-01	5.571354e+03
7.417417e-01	5.576178e+03
7.427427e-01	5.581003e+03
7.437437e-01	5.585827e+03
7.447447e-01	5.590651e+03
7.457457e-01	5.595476e+03
7.467467e-01	5.600300e+03
7.477477e-01	5.605125e+03
7.487487e-01	5.609949e+03
7.497497e-01	5.614774e+03
7.507508e-01	5.619598e+03
7.517518e-01	5.624423e+03
7.527528e-01	5.629247e+03
7.537538e-01	5.634071e+03
7.547548e-01	5.638896e+03
7.557558e-01	5.643720e+03
7.567568e-01	5.648545e+03
7.577578e-01	5.653369e+03
7.587588e-01	5.658194e+03
7.597598e-01	5.663018e+03
7.607608e-01	5.667843e+03
7.617618e-01	5.672667e+03
7.627628e-01	5.677491e+03
7.637638e-01	5.682316e+03
7.647648e-01	5.687140e+03
7.657658e-01	5.691965e+03
7.667668e-01	5.696789e+03
7.677678e-01	5.701614e+03
7.687688e-01	5.706438e+03
7.697698e-01	5.711263e+03
7.707708e-01	5.716087e+03
7.717718e-01	5.720911e+03
7.727728e-01	5.725736e+03
7.737738e-01	5.730560e+03
7.747748e-01	5.735385e+03
7.757758e-01	5.740209e+03
7.767768e-01	5.745034e+03
7.777778e-01	5.749858e+03
7.787788e-01	5.754683e+03
7.797798e-01	5.759507e+03
7.807808e-01	5.764331e+03
7.817818e-01	5.769156e+03
7.827828e-01	5.773980e+03
7.837838e-01	5.778805e+03
7.847848e-01	5.783629e+03
7.857858e-01	5.788454e+03
7.867868e-01	5.793278e+03
7.877878e-01	5.798103e+03
7.887888e-01	5.802927e+03
7.897898e-01	5.807751e+03
7.907908e-01	5.812576e+03
7.917918e-01	5.817400e+03
7.927928e-01	5.822225e+03
7.937938e-01	5.827049e+03
7.947948e-01	5.831874e+03
7.957958e-01	5.836698e+03
7.967968e-01	5.841523e+03
7.977978e-01	5.846347e+03
7.987988e-01	5.851171e+03
7.997998e-01	5.855996e+03
8.008008e-01	5.860820e+03
8.018018e-01	5.865645e+03
8.028028e-01	5.870469e+03
8.038038e-01	5.875294e+03
8.048048e-01	5.880118e+03
8.058058e-01	5.884943e+03
8.068068e-01	5.889767e+03
8.078078e-01	5.894591e+03
8.088088e-01	5.899416e+03
8.098098e-01	5.904240e+03
8.108108e-01	5.909065e+03
8.118118e-01	5.913889e+03
8.128128e-01	5.918714e+03
8.138138e-01	5.923538e+03
8.148148e-01	5.928363e+03
8.158158e-01	5.933187e+03
8.168168e-01	5.938011e+03
8.178178e-01	5.942836e+03
8.188188e-01	5.947660e+03
8.198198e-01	5.952485e+03
8.208208e-01	5.957309e+03
8.218218e-01	5.962134e+03
8.228228e-01	5.966958e+03
8.238238e-01	5.971945e+03
8.248248e-01	5.978375e+03
8.258258e-01	5.984804e+03
8.268268e-01	5.991234e+03
8.278278e-01	5.997664e+03
8.288288e-01	6.004093e+03
8.298298e-01	6.010523e+03
8.308308e-01	6.016953e+03
8.318318e-01	6.023382e+03
8.328328e-01	6.029812e+03
8.338338e-01	6.036242e+03
8.348348e-01	6.042671e+03
8.358358e-01	6.049101e+03
8.368368e-01	6.055531e+03
8.378378e-01	6.061960e+03
8.388388e-01	6.068390e+03
8.398398e-01	6.074820e+03
8.408408e-01	6.081249e+03
8.418418e-01	6.087679e+03
8.428428e-01	6.094109e+03
8.438438e-01	6.100538e+03
8.448448e-01	6.106968e+03
8.458458e-01	6.113398e+03
8.468468e-01	6.119828e+03
8.478478e-01	6.126257e+03
8.488488e-01	6.132687e+03
8.498498e-01	6.139117e+03
8.508509e-01	6.145546e+03
8.518519e-01	6.151976e+03
8.528529e-01	6.158406e+03
8.538539e-01	6.164835e+03
8.548549e-01	6.171265e+03
8.558559e-01	6.177695e+03
8.568569e-01	6.184124e+03
8.578579e-01	6.190554e+03
8.588589e-01	6.196984e+03
8.598599e-01	6.203413e+03
8.608609e-01	6.209843e+03
8.618619e-01	6.216273e+03
8.628629e-01	6.222702e+03
8.638639e-01	6.229132e+03
8.648649e-01	6.235562e+03
8.658659e-01	6.241991e+03
8.668669e-01	6.248421e+03
8.678679e-01	6.254851e+03
8.688689e-01	6.261280e+03
8.698699e-01	6.267710e+03
8.708709e-01	6.274140e+03
8.718719e-01	6.280569e+03
8.728729e-01	6.286999e+03
8.738739e-01	6.293429e+03
8.748749e-01	6.299858e+03
8.758759e-01	6.306288e+03
8.768769e-01	6.312718e+03
8.778779e-01	6.319148e+03
8.788789e-01	6.325577e+03
8.798799e-01	6.332007e+03
8.808809e-01	6.338437e+03
8.818819e-01	6.344866e+03
8.828829e-01	6.351296e+03
8.838839e-01	6.357726e+03
8.848849e-01	6.364155e+03
8.858859e-01	6.370585e+03
8.868869e-01	6.377015e+03
8.878879e-01	6.383444e+03
8.888889e-01	6.389874e+03
8.898899e-01	6.396304e+03
8.908909e-01	6.402733e+03
8.918919e-01	6.411645e+03
8.928929e-01	6.420975e+03
8.938939e-01	6.430304e+03
8.948949e-01	6.439634e+03
8.958959e-01	6.448963e+03
8.968969e-01	6.458293e+03
8.978979e-01	6.467622e+03
8.988989e-01	6.476952e+03
8.998999e-01	6.486282e+03
9.009009e-01	6.495611e+03
9.019019e-01	6.504941e+03
9.029029e-01	6.514270e+03
9.039039e-01	6.523600e+03
9.049049e-01	6.532930e+03
9.059059e-01	6.542259e+03
9.069069e-01	6.551589e+03
9.079079e-01	6.560918e+03
9.089089e-01	6.570248e+03
9.099099e-01	6.579578e+03
9.109109e-01	6.588907e+03
9.119119e-01	6.598237e+03
9.129129e-01	6.607566e+03
9.139139e-01	6.616896e+03
9.149149e-01	6.626225e+03
9.159159e-01	6.635555e+03
9.169169e-01	6.644885e+03
9.179179e-01	6.654214e+03
9.189189e-01	6.663544e+03
9.199199e-01	6.672873e+03
9.209209e-01	6.682203e+03
9.219219e-01	6.691533e+03
9.229229e-01	6.700862e+03
9.239239e-01	6.710192e+03
9.249249e-01	6.719521e+03
9.259259e-01	6.728851e+03
9.269269e-01	6.738180e+03
9.279279e-01	6.747510e+03
9.289289e-01	6.756840e+03
9.299299e-01	6.766169e+03
9.309309e-01	6.775499e+03
9.319319e-01	6.784828e+03
9.329329e-01	6.794158e+03
9.339339e-01	6.803488e+03
9.349349e-01	6.812817e+03
9.359359e-01	6.822147e+03
9.369369e-01	6.831476e+03
9.379379e-01	6.843571e+03
9.389389e-01	6.858296e+03
9.399399e-01	6.873021e+03
9.409409e-01	6.887747e+03
9.419419e-01	6.902472e+03
9.429429e-01	6.917197e+03
9.439439e-01	6.931923e+03
9.449449e-01	6.946648e+03
9.459459e-01	6.961373e+03
9.469469e-01	6.976099e+03
9.479479e-01	6.990824e+03
9.489489e-01	7.005549e+03
9.499499e-01	7.020275e+03
9.509510e-01	7.035000e+03
9.519520e-01	7.049725e+03
9.529530e-01	7.064450e+03
9.539540e-01	7.079176e+03
9.549550e-01	7.093901e+03
9.559560e-01	7.108626e+03
9.569570e-01	7.123352e+03
9.579580e-01	7.138077e+03
9.589590e-01	7.152802e+03
9.599600e-01	7.167528e+03
9.609610e-01	7.182253e+03
9.619620e-01	7.196978e+03
9.629630e-01	7.211704e+03
9.639640e-01	7.226429e+03
9.649650e-01	7.241154e+03
9.659660e-01	7.255880e+03
9.669670e-01	7.272165e+03
9.679680e-01	7.297266e+03
9.689690e-01	7.322367e+03
9.699700e-01	7.347467e+03
9.709710e-01	7.372568e+03
9.719720e-01	7.397669e+03
9.729730e-01	7.422770e+03
9.739740e-01	7.447870e+03
9.749750e-01	7.472971e+03
9.759760e-01	7.498072e+03
9.769770e-01	7.523173e+03
9.779780e-01	7.548273e+03
9.789790e-01	7.573374e+03
9.799800e-01	7.598475e+03
9.809810e-01	7.623576e+03
9.819820e-01	7.648677e+03
9.829830e-01	7.673777e+03
9.839840e-01	7.698878e+03
9.849850e-01	7.744664e+03
9.859860e-01	7.792123e+03
9.869870e-01	7.839583e+03
9.879880e-01	7.887042e+03
9.889890e-01	7.934501e+03
9.899900e-01	7.981960e+03
9.909910e-01	8.029419e+03
9.919920e-01	8.076879e+03
9.929930e-01	8.124338e+03
9.939940e-01	8.212873e+03
9.949950e-01	8.310737e+03
9.959960e-01	8.408601e+03
9.969970e-01	8.506465e+03
9.979980e-01	8.653950e+03
9.989990e-01	8.876834e+03
1.000000e+00	1.245678e+04
