# q	x_q
0.000000e+00	0.000000e+00
1.001001e-03	0.000000e+00
2.002002e-03	0.000000e+00
3.003003e-03	0.000000e+00
4.004004e-03	0.000000e+00
5.005005e-03	0.000000e+00
6.006006e-03	0.000000e+00
7.007007e-03	0.000000e+00
8.008008e-03	0.000000e+00
9.009009e-03	0.000000e+00
1.001001e-02	0.000000e+00
1.101101e-02	0.000000e+00
1.201201e-02	0.000000e+00
1.301301e-02	0.000000e+00
1.401401e-02	0.000000e+00
1.501502e-02	0.000000e+00
1.601602e-02	0.000000e+00
1.701702e-02	0.000000e+00
1.801802e-02	0.000000e+00
1.901902e-02	0.000000e+00
2.002002e-02	0.000000e+00
2.102102e-02	0.000000e+00
2.202202e-02	0.000000e+00
2.302302e-02	0.000000e+00
2.402402e-02	2.165755e-03
2.502503e-02	2.338239e-03
2.602603e-02	2.510723e-03
2.702703e-02	2.683206e-03
2.802803e-02	2.855690e-03
2.902903e-02	3.028174e-03
3.003003e-02	3.200658e-03
3.103103e-02	3.373142e-03
3.203203e-02	3.545626e-03
3.303303e-02	3.718110e-03
3.403403e-02	3.890593e-03
3.503504e-02	4.063077e-03
3.603604e-02	4.235561e-03
3.703704e-02	4.408045e-03
3.803804e-02	4.580529e-03
3.903904e-02	4.753013e-03
4.004004e-02	4.925496e-03
4.104104e-02	5.097980e-03
4.204204e-02	5.344406e-03
4.304304e-02	5.697888e-03
4.404404e-02	6.051370e-03
4.504505e-02	6.404852e-03
4.604605e-02	6.758334e-03
4.704705e-02	7.111816e-03
4.804805e-02	7.465298e-03
4.904905e-02	7.818779e-03
5.005005e-02	8.172261e-03
5.105105e-02	8.525743e-03
5.205205e-02	8.879225e-03
5.305305e-02	9.232707e-03
5.405405e-02	9.586189e-03
5.505506e-02	9.939671e-03
5.605606e-02	1.029315e-02
5.705706e-02	1.064663e-02
5.805806e-02	1.100012e-02
5.905906e-02	1.135360e-02
6.006006e-02	1.170708e-02
6.106106e-02	1.206056e-02
6.206206e-02	1.241404e-02
6.306306e-02	1.276753e-02
6.406406e-02	1.369917e-02
6.506507e-02	1.574156e-02
6.606607e-02	1.778395e-02
6.706707e-02	1.982635e-02
6.806807e-02	2.186874e-02
6.906907e-02	2.391113e-02
7.007007e-02	2.595352e-02
7.107107e-02	2.799591e-02
7.207207e-02	3.003830e-02
7.307307e-02	3.208070e-02
7.407407e-02	3.305414e-02
7.507508e-02	3.315261e-02
7.607608e-02	3.325107e-02
7.707708e-02	3.334953e-02
7.807808e-02	3.344799e-02
7.907908e-02	3.354645e-02
8.008008e-02	3.364492e-02
8.108108e-02	3.374338e-02
8.208208e-02	3.384184e-02
8.308308e-02	3.394030e-02
8.408408e-02	3.403877e-02
8.508509e-02	3.413723e-02
8.608609e-02	3.423569e-02
8.708709e-02	3.433415e-02
8.808809e-02	3.443261e-02
8.908909e-02	3.453108e-02
9.009009e-02	3.462954e-02
9.109109e-02	3.472800e-02
9.209209e-02	3.482646e-02
9.309309e-02	3.492493e-02
9.409409e-02	3.502339e-02
9.509510e-02	3.512185e-02
9.609610e-02	3.522031e-02
9.709710e-02	3.531877e-02
9.809810e-02	3.541724e-02
9.909910e-02	3.551570e-02
1.001001e-01	3.561416e-02
1.011011e-01	3.571262e-02
1.021021e-01	3.581109e-02
1.031031e-01	3.590955e-02
1.041041e-01	3.600801e-02
1.051051e-01	3.610647e-02
1.061061e-01	3.620494e-02
1.071071e-01	3.630340e-02
1.081081e-01	3.640186e-02
1.091091e-01	3.650032e-02
1.101101e-01	3.659878e-02
1.111111e-01	3.669725e-02
1.121121e-01	3.679571e-02
1.131131e-01	3.689417e-02
1.141141e-01	3.699263e-02
1.151151e-01	3.709110e-02
1.161161e-01	3.718956e-02
1.171171e-01	3.728802e-02
1.181181e-01	3.738648e-02
1.191191e-01	3.748494e-02
1.201201e-01	3.758341e-02
1.211211e-01	3.768187e-02
1.221221e-01	3.778033e-02
1.231231e-01	3.787879e-02
1.241241e-01	3.797726e-02
1.251251e-01	3.807572e-02
1.261261e-01	3.817418e-02
1.271271e-01	3.827264e-02
1.281281e-01	3.837110e-02
1.291291e-01	3.846957e-02
1.301301e-01	3.856803e-02
1.311311e-01	3.866649e-02
1.321321e-01	3.876495e-02
1.331331e-01	3.886342e-02
1.341341e-01	3.896188e-02
1.351351e-01	3.906034e-02
1.361361e-01	3.915880e-02
1.371371e-01	3.925726e-02
1.381381e-01	3.935573e-02
1.391391e-01	3.945419e-02
1.401401e-01	3.955265e-02
1.411411e-01	3.965111e-02
1.421421e-01	3.974958e-02
1.431431e-01	3.984804e-02
1.441441e-01	3.994650e-02
1.451451e-01	4.004496e-02
1.461461e-01	4.014342e-02
1.471471e-01	4.024189e-02
1.481481e-01	4.034035e-02
1.491491e-01	4.043881e-02
1.501502e-01	4.053727e-02
1.511512e-01	4.063574e-02
1.521522e-01	4.073420e-02
1.531532e-01	4.083266e-02
1.541542e-01	4.093112e-02
1.551552e-01	4.102958e-02
1.561562e-01	4.112805e-02
1.571572e-01	4.122651e-02
1.581582e-01	4.132497e-02
1.591592e-01	4.142343e-02
1.601602e-01	4.152190e-02
1.611612e-01	4.162036e-02
1.621622e-01	4.171882e-02
1.631632e-01	4.181728e-02
1.641642e-01	4.191575e-02
1.651652e-01	4.201421e-02
1.661662e-01	4.211267e-02
1.671672e-01	4.221113e-02
1.681682e-01	4.230959e-02
1.691692e-01	4.240806e-02
1.701702e-01	4.250652e-02
1.711712e-01	4.260498e-02
1.721722e-01	4.270344e-02
1.731732e-01	4.280191e-02
1.741742e-01	4.290037e-02
1.751752e-01	4.299883e-02
1.761762e-01	4.309729e-02
1.771772e-01	4.319575e-02
1.781782e-01	4.329422e-02
1.791792e-01	4.339268e-02
1.801802e-01	4.349114e-02
1.811812e-01	4.358960e-02
1.821822e-01	4.368807e-02
1.831832e-01	4.378653e-02
1.841842e-01	4.388499e-02
1.851852e-01	4.398345e-02
1.861862e-01	4.408191e-02
1.871872e-01	4.418038e-02
1.881882e-01	4.427884e-02
1.891892e-01	4.437730e-02
1.901902e-01	4.447576e-02
1.911912e-01	4.457423e-02
1.921922e-01	4.467269e-02
1.931932e-01	4.477115e-02
1.941942e-01	4.486961e-02
1.951952e-01	4.496807e-02
1.961962e-01	4.506654e-02
1.971972e-01	4.516500e-02
1.981982e-01	4.526346e-02
1.991992e-01	4.536192e-02
2.002002e-01	4.546039e-02
2.012012e-01	4.555885e-02
2.022022e-01	4.565731e-02
2.032032e-01	4.575577e-02
2.042042e-01	4.585423e-02
2.052052e-01	4.595270e-02
2.062062e-01	4.605116e-02
2.072072e-01	4.614962e-02
2.082082e-01	4.624808e-02
2.092092e-01	4.634655e-02
2.102102e-01	4.644501e-02
2.112112e-01	4.654347e-02
2.122122e-01	4.664193e-02
2.132132e-01	4.674040e-02
2.142142e-01	4.683886e-02
2.152152e-01	4.693732e-02
2.162162e-01	4.703578e-02
2.172172e-01	4.713424e-02
2.182182e-01	4.723271e-02
2.192192e-01	4.733117e-02
2.202202e-01	4.742963e-02
2.212212e-01	4.752809e-02
2.222222e-01	4.762656e-02
2.232232e-01	4.772502e-02
2.242242e-01	4.782348e-02
2.252252e-01	4.792194e-02
2.262262e-01	4.802040e-02
2.272272e-01	4.811887e-02
2.282282e-01	4.821733e-02
2.292292e-01	4.831579e-02
2.302302e-01	4.841425e-02
2.312312e-01	4.851272e-02
2.322322e-01	4.861118e-02
2.332332e-01	4.870964e-02
2.342342e-01	4.880810e-02
2.352352e-01	4.890656e-02
2.362362e-01	4.900503e-02
2.372372e-01	4.910349e-02
2.382382e-01	4.920195e-02
2.392392e-01	4.930041e-02
2.402402e-01	4.939888e-02
2.412412e-01	4.949734e-02
2.422422e-01	4.959580e-02
2.432432e-01	4.969426e-02
2.442442e-01	4.979272e-02
2.452452e-01	4.989119e-02
2.462462e-01	4.998965e-02
2.472472e-01	5.008811e-02
2.482482e-01	5.018657e-02
2.492492e-01	5.028504e-02
2.502503e-01	5.038350e-02
2.512513e-01	5.048196e-02
2.522523e-01	5.058042e-02
2.532533e-01	5.067888e-02
2.542543e-01	5.077735e-02
2.552553e-01	5.087581e-02
2.562563e-01	5.097427e-02
2.572573e-01	5.107273e-02
2.582583e-01	5.117120e-02
2.592593e-01	5.126966e-02
2.602603e-01	5.136812e-02
2.612613e-01	5.146658e-02
2.622623e-01	5.156504e-02
2.632633e-01	5.166351e-02
2.642643e-01	5.176197e-02
2.652653e-01	5.186043e-02
2.662663e-01	5.195889e-02
2.672673e-01	5.205736e-02
2.682683e-01	5.215582e-02
2.692693e-01	5.225428e-02
2.702703e-01	5.235274e-02
2.712713e-01	5.245121e-02
2.722723e-01	5.254967e-02
2.732733e-01	5.264813e-02
2.742743e-01	5.274659e-02
2.752753e-01	5.284505e-02
2.762763e-01	5.294352e-02
2.772773e-01	5.304198e-02
2.782783e-01	5.314044e-02
2.792793e-01	5.323890e-02
2.802803e-01	5.333737e-02
2.812813e-01	5.343583e-02
2.822823e-01	5.353429e-02
2.832833e-01	5.363275e-02
2.842843e-01	5.373121e-02
2.852853e-01	5.382968e-02
2.862863e-01	5.392814e-02
2.872873e-01	5.402660e-02
2.882883e-01	5.412506e-02
2.892893e-01	5.422353e-02
2.902903e-01	5.432199e-02
2.912913e-01	5.442045e-02
2.922923e-01	5.451891e-02
2.932933e-01	5.461737e-02
2.942943e-01	5.471584e-02
2.952953e-01	5.481430e-02
2.962963e-01	5.491276e-02
2.972973e-01	5.501122e-02
2.982983e-01	5.510969e-02
2.992993e-01	5.520815e-02
3.003003e-01	5.530661e-02
3.013013e-01	5.540507e-02
3.023023e-01	5.550353e-02
3.033033e-01	5.560200e-02
3.043043e-01	5.570046e-02
3.053053e-01	5.579892e-02
3.063063e-01	5.589738e-02
3.073073e-01	5.599585e-02
3.083083e-01	5.609431e-02
3.093093e-01	5.619277e-02
3.103103e-01	5.629123e-02
3.113113e-01	5.638969e-02
3.123123e-01	5.648816e-02
3.133133e-01	5.658662e-02
3.143143e-01	5.668508e-02
3.153153e-01	5.678354e-02
3.163163e-01	5.688201e-02
3.173173e-01	5.698047e-02
3.183183e-01	5.707893e-02
3.193193e-01	5.717739e-02
3.203203e-01	5.727586e-02
3.213213e-01	5.737432e-02
3.223223e-01	5.747278e-02
3.233233e-01	5.757124e-02
3.243243e-01	5.766970e-02
3.253253e-01	5.776817e-02
3.263263e-01	5.786663e-02
3.273273e-01	5.796509e-02
3.283283e-01	5.806355e-02
3.293293e-01	5.816202e-02
3.303303e-01	5.826048e-02
3.313313e-01	5.835894e-02
3.323323e-01	5.845740e-02
3.333333e-01	5.855586e-02
3.343343e-01	5.865433e-02
3.353353e-01	5.875279e-02
3.363363e-01	5.885125e-02
3.373373e-01	5.894971e-02
3.383383e-01	5.904818e-02
3.393393e-01	5.914664e-02
3.403403e-01	5.924510e-02
3.413413e-01	5.934356e-02
3.423423e-01	5.944202e-02
3.433433e-01	5.954049e-02
3.443443e-01	5.963895e-02
3.453453e-01	5.973741e-02
3.463463e-01	5.983587e-02
3.473473e-01	5.993434e-02
3.483483e-01	6.003280e-02
3.493493e-01	6.013126e-02
3.503504e-01	6.022972e-02
3.513514e-01	6.032818e-02
3.523524e-01	6.042665e-02
3.533534e-01	6.052511e-02
3.543544e-01	6.062357e-02
3.553554e-01	6.072203e-02
3.563564e-01	6.082050e-02
3.573574e-01	6.091896e-02
3.583584e-01	6.101742e-02
3.593594e-01	6.111588e-02
3.603604e-01	6.121434e-02
3.613614e-01	6.131281e-02
3.623624e-01	6.141127e-02
3.633634e-01	6.150973e-02
3.643644e-01	6.160819e-02
3.653654e-01	6.170666e-02
3.663664e-01	6.180512e-02
3.673674e-01	6.190358e-02
3.683684e-01	6.200204e-02
3.693694e-01	6.210050e-02
3.703704e-01	6.219897e-02
3.713714e-01	6.229743e-02
3.723724e-01	6.239589e-02
3.733734e-01	6.249435e-02
3.743744e-01	6.259282e-02
3.753754e-01	6.269128e-02
3.763764e-01	6.278974e-02
3.773774e-01	6.288820e-02
3.783784e-01	6.298667e-02
3.793794e-01	6.308513e-02
3.803804e-01	6.318359e-02
3.813814e-01	6.328205e-02
3.823824e-01	6.338051e-02
3.833834e-01	6.347898e-02
3.843844e-01	6.357744e-02
3.853854e-01	6.367590e-02
3.863864e-01	6.377436e-02
3.873874e-01	6.387283e-02
3.883884e-01	6.397129e-02
3.893894e-01	6.406975e-02
3.903904e-01	6.416821e-02
3.913914e-01	6.426667e-02
3.923924e-01	6.436514e-02
3.933934e-01	6.446360e-02
3.943944e-01	6.456206e-02
3.953954e-01	6.466052e-02
3.963964e-01	6.475899e-02
3.973974e-01	6.485745e-02
3.983984e-01	6.495591e-02
3.993994e-01	6.505437e-02
4.004004e-01	6.515283e-02
4.014014e-01	6.525130e-02
4.024024e-01	6.534976e-02
4.034034e-01	6.544822e-02
4.044044e-01	6.554668e-02
4.054054e-01	6.564515e-02
4.064064e-01	6.574361e-02
4.074074e-01	6.584207e-02
4.084084e-01	6.594053e-02
4.094094e-01	6.603899e-02
4.104104e-01	6.613746e-02
4.114114e-01	6.623592e-02
4.124124e-01	6.633438e-02
4.134134e-01	6.643284e-02
4.144144e-01	6.653131e-02
4.154154e-01	6.662977e-02
4.164164e-01	6.672823e-02
4.174174e-01	6.682669e-02
4.184184e-01	6.692515e-02
4.194194e-01	6.702362e-02
4.204204e-01	6.712208e-02
4.214214e-01	6.722054e-02
4.224224e-01	6.731900e-02
4.234234e-01	6.741747e-02
4.244244e-01	6.751593e-02
4.254254e-01	6.761439e-02
4.264264e-01	6.771285e-02
4.274274e-01	6.781131e-02
4.284284e-01	6.790978e-02
4.294294e-01	6.800824e-02
4.304304e-01	6.810670e-02
4.314314e-01	6.820516e-02
4.324324e-01	6.830363e-02
4.334334e-01	6.840209e-02
4.344344e-01	6.850055e-02
4.354354e-01	6.859901e-02
4.364364e-01	6.869748e-02
4.374374e-01	6.879594e-02
4.384384e-01	6.889440e-02
4.394394e-01	6.899286e-02
4.404404e-01	6.909132e-02
4.414414e-01	6.918979e-02
4.424424e-01	6.928825e-02
4.434434e-01	6.938671e-02
4.444444e-01	6.948517e-02
4.454454e-01	6.958364e-02
4.464464e-01	6.968210e-02
4.474474e-01	6.978056e-02
4.484484e-01	6.987902e-02
4.494494e-01	6.997748e-02
4.504505e-01	7.007595e-02
4.514515e-01	7.017441e-02
4.524525e-01	7.027287e-02
4.534535e-01	7.037133e-02
4.544545e-01	7.046980e-02
4.554555e-01	7.056826e-02
4.564565e-01	7.066672e-02
4.574575e-01	7.076518e-02
4.584585e-01	7.086364e-02
4.594595e-01	7.096211e-02
4.604605e-01	7.106057e-02
4.614615e-01	7.115903e-02
4.624625e-01	7.125749e-02
4.634635e-01	7.135596e-02
4.644645e-01	7.145442e-02
4.654655e-01	7.155288e-02
4.664665e-01	7.165134e-02
4.674675e-01	7.174980e-02
4.684685e-01	7.184827e-02
4.694695e-01	7.194673e-02
4.704705e-01	7.204519e-02
4.714715e-01	7.214365e-02
4.724725e-01	7.224212e-02
4.734735e-01	7.234058e-02
4.744745e-01	7.243904e-02
4.754755e-01	7.253750e-02
4.764765e-01	7.263596e-02
4.774775e-01	7.273443e-02
4.784785e-01	7.283289e-02
4.794795e-01	7.293135e-02
4.804805e-01	7.302981e-02
4.814815e-01	7.312828e-02
4.824825e-01	7.322674e-02
4.834835e-01	7.332520e-02
4.844845e-01	7.342366e-02
4.854855e-01	7.352213e-02
4.864865e-01	7.362059e-02
4.874875e-01	7.371905e-02
4.884885e-01	7.381751e-02
4.894895e-01	7.391597e-02
4.904905e-01	7.401444e-02
4.914915e-01	7.411290e-02
4.924925e-01	7.421136e-02
4.934935e-01	7.430982e-02
4.944945e-01	7.440829e-02
4.954955e-01	7.450675e-02
4.964965e-01	7.460521e-02
4.974975e-01	7.470367e-02
4.984985e-01	7.480213e-02
4.994995e-01	7.490060e-02
5.005005e-01	7.499906e-02
5.015015e-01	7.509752e-02
5.025025e-01	7.519598e-02
5.035035e-01	7.529445e-02
5.045045e-01	7.539291e-02
5.055055e-01	7.549137e-02
5.065065e-01	7.558983e-02
5.075075e-01	7.568829e-02
5.085085e-01	7.578676e-02
5.095095e-01	7.588522e-02
5.105105e-01	7.598368e-02
5.115115e-01	7.608214e-02
5.125125e-01	7.618061e-02
5.135135e-01	7.627907e-02
5.145145e-01	7.637753e-02
5.155155e-01	7.647599e-02
5.165165e-01	7.657445e-02
5.175175e-01	7.667292e-02
5.185185e-01	7.677138e-02
5.195195e-01	7.686984e-02
5.205205e-01	7.696830e-02
5.215215e-01	7.706677e-02
5.225225e-01	7.716523e-02
5.235235e-01	7.726369e-02
5.245245e-01	7.736215e-02
5.255255e-01	7.746061e-02
5.265265e-01	7.755908e-02
5.275275e-01	7.765754e-02
5.285285e-01	7.775600e-02
5.295295e-01	7.785446e-02
5.305305e-01	7.795293e-02
5.315315e-01	7.805139e-02
5.325325e-01	7.814985e-02
5.335335e-01	7.824831e-02
5.345345e-01	7.834677e-02
5.355355e-01	7.844524e-02
5.365365e-01	7.854370e-02
5.375375e-01	7.864216e-02
5.385385e-01	7.874062e-02
5.395395e-01	7.883909e-02
5.405405e-01	7.893755e-02
5.415415e-01	7.903601e-02
5.425425e-01	7.913447e-02
5.435435e-01	7.923294e-02
5.445445e-01	7.933140e-02
5.455455e-01	7.942986e-02
5.465465e-01	7.952832e-02
5.475475e-01	7.962678e-02
5.485485e-01	7.972525e-02
5.495495e-01	7.982371e-02
5.505506e-01	7.992217e-02
5.515516e-01	8.002063e-02
5.525526e-01	8.011910e-02
5.535536e-01	8.021756e-02
5.545546e-01	8.031602e-02
5.555556e-01	8.041448e-02
5.565566e-01	8.051294e-02
5.575576e-01	8.061141e-02
5.585586e-01	8.070987e-02
5.595596e-01	8.080833e-02
5.605606e-01	8.090679e-02
5.615616e-01	8.100526e-02
5.625626e-01	8.110372e-02
5.635636e-01	8.120218e-02
5.645646e-01	8.130064e-02
5.655656e-01	8.139910e-02
5.665666e-01	8.149757e-02
5.675676e-01	8.159603e-02
5.685686e-01	8.169449e-02
5.695696e-01	8.179295e-02
5.705706e-01	8.189142e-02
5.715716e-01	8.198988e-02
5.725726e-01	2.008598e-01
5.735736e-01	2.018182e-01
5.745746e-01	2.027765e-01
5.755756e-01	2.037349e-01
5.765766e-01	2.046932e-01
5.775776e-01	2.056516e-01
5.785786e-01	2.066099e-01
5.795796e-01	2.075682e-01
5.805806e-01	2.085266e-01
5.815816e-01	2.094849e-01
5.825826e-01	2.104433e-01
5.835836e-01	2.114016e-01
5.845846e-01	2.123600e-01
5.855856e-01	2.133183e-01
5.865866e-01	2.142767e-01
5.875876e-01	2.152350e-01
5.885886e-01	2.161933e-01
5.895896e-01	2.171517e-01
5.905906e-01	2.181100e-01
5.915916e-01	2.190684e-01
5.925926e-01	2.200267e-01
5.935936e-01	2.209851e-01
5.945946e-01	2.219434e-01
5.955956e-01	2.229018e-01
5.965966e-01	2.238601e-01
5.975976e-01	2.248184e-01
5.985986e-01	2.257768e-01
5.995996e-01	2.267351e-01
6.006006e-01	2.276935e-01
6.016016e-01	2.286518e-01
6.026026e-01	2.296102e-01
6.036036e-01	2.305685e-01
6.046046e-01	2.315269e-01
6.056056e-01	2.324852e-01
6.066066e-01	2.334436e-01
6.076076e-01	2.344019e-01
6.086086e-01	2.353602e-01
6.096096e-01	2.363186e-01
6.106106e-01	2.372769e-01
6.116116e-01	2.382353e-01
6.126126e-01	2.391936e-01
6.136136e-01	2.401520e-01
6.146146e-01	2.411103e-01
6.156156e-01	2.420687e-01
6.166166e-01	2.430270e-01
6.176176e-01	2.439853e-01
6.186186e-01	2.449437e-01
6.196196e-01	2.459020e-01
6.206206e-01	2.468604e-01
6.216216e-01	2.478187e-01
6.226226e-01	2.487771e-01
6.236236e-01	2.497354e-01
6.246246e-01	2.506938e-01
6.256256e-01	2.516521e-01
6.266266e-01	2.526105e-01
6.276276e-01	2.535688e-01
6.286286e-01	2.545271e-01
6.296296e-01	2.554855e-01
6.306306e-01	2.564438e-01
6.316316e-01	2.574022e-01
6.326326e-01	2.583605e-01
6.336336e-01	2.593189e-01
6.346346e-01	2.602772e-01
6.356356e-01	2.612356e-01
6.366366e-01	2.621939e-01
6.376376e-01	2.631522e-01
6.386386e-01	2.641106e-01
6.396396e-01	2.650689e-01
6.406406e-01	2.660273e-01
6.416416e-01	2.669856e-01
6.426426e-01	2.679440e-01
6.436436e-01	2.689023e-01
6.446446e-01	2.698607e-01
6.456456e-01	2.708190e-01
6.466466e-01	2.717774e-01
6.476476e-01	2.727357e-01
6.486486e-01	2.736940e-01
6.496496e-01	2.746524e-01
6.506507e-01	2.756107e-01
6.516517e-01	2.765691e-01
6.526527e-01	2.775274e-01
6.536537e-01	2.784858e-01
6.546547e-01	2.794441e-01
6.556557e-01	2.804025e-01
6.566567e-01	2.813608e-01
6.576577e-01	2.823191e-01
6.586587e-01	2.832775e-01
6.596597e-01	2.842358e-01
6.606607e-01	2.851942e-01
6.616617e-01	2.861525e-01
6.626627e-01	2.871109e-01
6.636637e-01	2.880692e-01
6.646647e-01	2.890276e-01
6.656657e-01	2.899859e-01
6.666667e-01	2.909443e-01
6.676677e-01	2.919026e-01
6.686687e-01	2.928609e-01
6.696697e-01	2.938193e-01
6.706707e-01	2.947776e-01
6.716717e-01	2.957360e-01
6.726727e-01	2.966943e-01
6.736737e-01	2.976527e-01
6.746747e-01	2.986110e-01
6.756757e-01	2.995694e-01
6.766767e-01	3.005277e-01
6.776777e-01	3.014860e-01
6.786787e-01	3.024444e-01
6.796797e-01	3.034027e-01
6.806807e-01	3.043611e-01
6.816817e-01	3.053194e-01
6.826827e-01	3.062778e-01
6.836837e-01	3.072361e-01
6.846847e-01	3.081945e-01
6.856857e-01	3.091528e-01
6.866867e-01	3.101111e-01
6.876877e-01	3.110695e-01
6.886887e-01	3.120278e-01
6.896897e-01	3.129862e-01
6.906907e-01	3.139445e-01
6.916917e-01	3.149029e-01
6.926927e-01	3.158612e-01
6.936937e-01	3.168196e-01
6.946947e-01	3.177779e-01
6.956957e-01	3.187363e-01
6.966967e-01	3.196946e-01
6.976977e-01	3.206529e-01
6.986987e-01	3.216113e-01
6.996997e-01	3.225696e-01
7.007007e-01	3.235280e-01
7.017017e-01	3.244863e-01
7.027027e-01	3.254447e-01
7.037037e-01	3.264030e-01
7.047047e-01	3.273614e-01
7.057057e-01	3.283197e-01
7.067067e-01	3.292780e-01
7.077077e-01	3.302364e-01
7.087087e-01	3.311947e-01
7.097097e-01	3.321531e-01
7.107107e-01	3.331114e-01
7.117117e-01	3.340698e-01
7.127127e-01	3.350281e-01
7.137137e-01	3.359865e-01
7.147147e-01	3.369448e-01
7.157157e-01	3.379032e-01
7.167167e-01	3.388615e-01
7.177177e-01	3.398198e-01
7.187187e-01	3.407782e-01
7.197197e-01	3.417365e-01
7.207207e-01	3.426949e-01
7.217217e-01	3.436532e-01
7.227227e-01	3.446116e-01
7.237237e-01	3.455699e-01
7.247247e-01	3.465283e-01
7.257257e-01	3.474866e-01
7.267267e-01	3.484449e-01
7.277277e-01	3.494033e-01
7.287287e-01	3.503616e-01
7.297297e-01	3.513200e-01
7.307307e-01	3.522783e-01
7.317317e-01	3.532367e-01
7.327327e-01	3.541950e-01
7.337337e-01	3.551534e-01
7.347347e-01	3.561117e-01
7.357357e-01	3.570701e-01
7.367367e-01	3.580284e-01
7.377377e-01	3.589867e-01
7.387387e-01	3.599451e-01
7.397397e-01	3.609034e-01
7.407407e-01	3.618618e-01
7.417417e-01	3.628201e-01
7.427427e-01	3.637785e-01
7.437437e-01	3.647368e-01
7.447447e-01	3.656952e-01
7.457457e-01	3.666535e-01
7.467467e-01	3.676118e-01
7.477477e-01	3.685702e-01
7.487487e-01	3.695285e-01
7.497497e-01	3.704869e-01
7.507508e-01	3.714452e-01
7.517518e-01	3.724036e-01
7.527528e-01	3.733619e-01
7.537538e-01	3.743203e-01
7.547548e-01	3.752786e-01
7.557558e-01	3.762370e-01
7.567568e-01	3.771953e-01
7.577578e-01	3.781536e-01
7.587588e-01	3.791120e-01
7.597598e-01	3.800703e-01
7.607608e-01	3.810287e-01
7.617618e-01	3.819870e-01
7.627628e-01	3.829454e-01
7.637638e-01	3.839037e-01
7.647648e-01	3.848621e-01
7.657658e-01	3.858204e-01
7.667668e-01	3.867787e-01
7.677678e-01	3.877371e-01
7.687688e-01	3.886954e-01
7.697698e-01	3.896538e-01
7.707708e-01	3.906121e-01
7.717718e-01	3.915705e-01
7.727728e-01	3.925288e-01
7.737738e-01	3.934872e-01
7.747748e-01	3.944455e-01
7.757758e-01	3.954039e-01
7.767768e-01	3.963622e-01
7.777778e-01	3.973205e-01
7.787788e-01	3.982789e-01
7.797798e-01	3.992372e-01
7.807808e-01	4.001956e-01
7.817818e-01	4.011539e-01
7.827828e-01	4.021123e-01
7.837838e-01	4.030706e-01
7.847848e-01	4.040290e-01
7.857858e-01	4.049873e-01
7.867868e-01	4.059456e-01
7.877878e-01	4.069040e-01
7.887888e-01	4.078623e-01
7.897898e-01	4.088207e-01
7.907908e-01	4.097790e-01
7.917918e-01	4.107374e-01
7.927928e-01	4.116957e-01
7.937938e-01	4.126541e-01
7.947948e-01	4.136124e-01
7.957958e-01	4.145707e-01
7.967968e-01	4.155291e-01
7.977978e-01	4.164874e-01
7.987988e-01	4.174458e-01
7.997998e-01	4.184041e-01
8.008008e-01	4.193625e-01
8.018018e-01	4.203208e-01
8.028028e-01	4.212792e-01
8.038038e-01	4.222375e-01
8.048048e-01	4.231959e-01
8.058058e-01	4.241542e-01
8.068068e-01	4.251125e-01
8.078078e-01	4.260709e-01
8.088088e-01	4.270292e-01
8.098098e-01	4.279876e-01
8.108108e-01	4.289459e-01
8.118118e-01	4.299043e-01
8.128128e-01	4.308626e-01
8.138138e-01	4.318210e-01
8.148148e-01	4.327793e-01
8.158158e-01	4.337376e-01
8.168168e-01	4.346960e-01
8.178178e-01	4.356543e-01
8.188188e-01	4.366127e-01
8.198198e-01	4.375710e-01
8.208208e-01	4.385294e-01
8.218218e-01	4.394877e-01
8.228228e-01	4.404461e-01
8.238238e-01	4.414044e-01
8.248248e-01	4.423628e-01
8.258258e-01	4.433211e-01
8.268268e-01	4.442794e-01
8.278278e-01	4.452378e-01
8.288288e-01	4.461961e-01
8.298298e-01	4.471545e-01
8.308308e-01	4.481128e-01
8.318318e-01	4.490712e-01
8.328328e-01	4.500295e-01
8.338338e-01	4.509879e-01
8.348348e-01	4.519462e-01
8.358358e-01	4.529045e-01
8.368368e-01	4.538629e-01
8.378378e-01	4.548212e-01
8.388388e-01	4.557796e-01
8.398398e-01	4.567379e-01
8.408408e-01	4.576963e-01
8.418418e-01	4.586546e-01
8.428428e-01	4.596130e-01
8.438438e-01	4.605713e-01
8.448448e-01	4.615297e-01
8.458458e-01	4.624880e-01
8.468468e-01	4.634463e-01
8.478478e-01	4.644047e-01
8.488488e-01	4.653630e-01
8.498498e-01	4.663214e-01
8.508509e-01	4.672797e-01
8.518519e-01	4.682381e-01
8.528529e-01	4.691964e-01
8.538539e-01	4.701548e-01
8.548549e-01	4.711131e-01
8.558559e-01	4.720714e-01
8.568569e-01	4.730298e-01
8.578579e-01	4.739881e-01
8.588589e-01	4.749465e-01
8.598599e-01	4.759048e-01
8.608609e-01	4.768632e-01
8.618619e-01	4.778215e-01
8.628629e-01	4.787799e-01
8.638639e-01	4.797382e-01
8.648649e-01	4.806966e-01
8.658659e-01	4.816549e-01
8.668669e-01	4.826132e-01
8.678679e-01	4.835716e-01
8.688689e-01	4.845299e-01
8.698699e-01	4.854883e-01
8.708709e-01	4.864466e-01
8.718719e-01	4.874050e-01
8.728729e-01	4.883633e-01
8.738739e-01	4.893217e-01
8.748749e-01	4.902800e-01
8.758759e-01	4.912383e-01
8.768769e-01	4.921967e-01
8.778779e-01	4.931550e-01
8.788789e-01	4.941134e-01
8.798799e-01	4.950717e-01
8.808809e-01	4.960301e-01
8.818819e-01	4.969884e-01
8.828829e-01	4.979468e-01
8.838839e-01	4.989051e-01
8.848849e-01	4.998634e-01
8.858859e-01	5.008218e-01
8.868869e-01	5.017801e-01
8.878879e-01	5.027385e-01
8.888889e-01	5.036968e-01
8.898899e-01	5.046552e-01
8.908909e-01	5.056135e-01
8.918919e-01	5.065719e-01
8.928929e-01	5.075302e-01
8.938939e-01	5.084886e-01
8.948949e-01	5.094469e-01
8.958959e-01	5.168891e-01
8.968969e-01	5.331808e-01
8.978979e-01	5.494725e-01
8.988989e-01	5.657642e-01
8.998999e-01	5.820560e-01
9.009009e-01	5.983477e-01
9.019019e-01	6.146394e-01
9.029029e-01	6.309311e-01
9.039039e-01	6.472228e-01
9.049049e-01	6.635145e-01
9.059059e-01	6.798063e-01
9.069069e-01	6.960980e-01
9.079079e-01	7.123897e-01
9.089089e-01	7.286814e-01
9.099099e-01	7.449731e-01
9.109109e-01	7.612649e-01
9.119119e-01	7.775566e-01
9.129129e-01	7.938483e-01
9.139139e-01	8.101400e-01
9.149149e-01	8.264317e-01
9.159159e-01	8.427235e-01
9.169169e-01	8.590152e-01
9.179179e-01	8.753069e-01
9.189189e-01	8.915986e-01
9.199199e-01	9.078903e-01
9.209209e-01	9.241820e-01
9.219219e-01	9.404738e-01
9.229229e-01	9.567655e-01
9.239239e-01	9.730572e-01
9.249249e-01	9.893489e-01
9.259259e-01	1.005641e+00
9.269269e-01	1.021932e+00
9.279279e-01	1.038224e+00
9.289289e-01	1.054516e+00
9.299299e-01	1.070808e+00
9.309309e-01	1.087099e+00
9.319319e-01	1.103391e+00
9.329329e-01	1.119683e+00
9.339339e-01	1.135974e+00
9.349349e-01	1.152266e+00
9.359359e-01	1.168558e+00
9.369369e-01	1.184850e+00
9.379379e-01	1.201141e+00
9.389389e-01	1.217433e+00
9.399399e-01	1.233725e+00
9.409409e-01	1.250016e+00
9.419419e-01	1.266308e+00
9.429429e-01	1.282600e+00
9.439439e-01	1.298892e+00
9.449449e-01	1.685495e+00
9.459459e-01	2.099133e+00
9.469469e-01	2.512770e+00
9.479479e-01	2.926408e+00
9.489489e-01	3.231655e+00
9.499499e-01	3.325152e+00
9.509510e-01	3.418649e+00
9.519520e-01	3.512146e+00
9.529530e-01	3.605643e+00
9.539540e-01	3.699140e+00
9.549550e-01	3.792637e+00
9.559560e-01	3.886134e+00
9.569570e-01	3.979631e+00
9.579580e-01	4.073128e+00
9.589590e-01	4.166625e+00
9.599600e-01	4.260122e+00
9.609610e-01	4.353619e+00
9.619620e-01	4.447116e+00
9.629630e-01	4.540613e+00
9.639640e-01	4.634110e+00
9.649650e-01	4.727607e+00
9.659660e-01	4.821104e+00
9.669670e-01	4.914601e+00
9.679680e-01	5.008097e+00
9.689690e-01	5.101594e+00
9.699700e-01	5.195091e+00
9.709710e-01	5.288588e+00
9.719720e-01	5.382085e+00
9.729730e-01	5.475582e+00
9.739740e-01	5.569079e+00
9.749750e-01	5.662576e+00
9.759760e-01	5.756073e+00
9.769770e-01	5.849570e+00
9.779780e-01	5.943067e+00
9.789790e-01	6.036564e+00
9.799800e-01	6.130061e+00
9.809810e-01	6.223558e+00
9.819820e-01	6.317055e+00
9.829830e-01	6.410552e+00
9.839840e-01	6.504049e+00
9.849850e-01	6.597546e+00
9.859860e-01	6.691043e+00
9.869870e-01	6.784540e+00
9.879880e-01	6.878037e+00
9.889890e-01	6.971534e+00
9.899900e-01	7.065030e+00
9.909910e-01	7.158527e+00
9.919920e-01	7.252024e+00
9.929930e-01	7.345521e+00
9.939940e-01	7.439018e+00
9.949950e-01	7.532515e+00
9.959960e-01	7.626012e+00
9.969970e-01	7.719509e+00
9.979980e-01	7.813006e+00
9.989990e-01	7.906503e+00
1.000000e+00	5.000000e+01
