# q	y_q
0.000000e+00	3.321905e+02
1.001001e-03	3.321905e+02
2.002002e-03	3.321905e+02
3.003003e-03	3.321905e+02
4.004004e-03	3.321905e+02
5.005005e-03	3.321905e+02
6.006006e-03	3.321905e+02
7.007007e-03	3.827717e+02
8.008008e-03	4.418997e+02
9.009009e-03	5.010277e+02
1.001001e-02	5.601556e+02
1.101101e-02	6.192836e+02
1.201201e-02	6.784116e+02
1.301301e-02	7.375396e+02
1.401401e-02	7.966676e+02
1.501502e-02	8.557955e+02
1.601602e-02	9.149235e+02
1.701702e-02	9.740515e+02
1.801802e-02	1.018477e+03
1.901902e-02	1.053858e+03
2.002002e-02	1.089239e+03
2.102102e-02	1.124621e+03
2.202202e-02	1.160002e+03
2.302302e-02	1.195383e+03
2.402402e-02	1.230764e+03
2.502503e-02	1.266145e+03
2.602603e-02	1.301526e+03
2.702703e-02	1.336907e+03
2.802803e-02	1.372289e+03
2.902903e-02	1.407670e+03
3.003003e-02	1.443051e+03
3.103103e-02	1.478432e+03
3.203203e-02	1.513813e+03
3.303303e-02	1.549194e+03
3.403403e-02	1.584576e+03
3.503504e-02	1.619957e+03
3.603604e-02	1.655338e+03
3.703704e-02	1.680293e+03
3.803804e-02	1.703281e+03
3.903904e-02	1.726270e+03
4.004004e-02	1.749258e+03
4.104104e-02	1.772247e+03
4.204204e-02	1.795235e+03
4.304304e-02	1.818224e+03
4.404404e-02	1.841212e+03
4.504505e-02	1.864201e+03
4.604605e-02	1.887189e+03
4.704705e-02	1.910178e+03
4.804805e-02	1.933166e+03
4.904905e-02	1.956154e+03
5.005005e-02	1.979143e+03
5.105105e-02	2.002131e+03
5.205205e-02	2.025120e+03
5.305305e-02	2.048108e+03
5.405405e-02	2.071097e+03
5.505506e-02	2.094085e+03
5.605606e-02	2.117074e+03
5.705706e-02	2.140062e+03
5.805806e-02	2.163051e+03
5.905906e-02	2.186039e+03
6.006006e-02	2.209028e+03
6.106106e-02	2.232016e+03
6.206206e-02	2.255004e+03
6.306306e-02	2.277993e+03
6.406406e-02	2.300981e+03
6.506507e-02	2.323970e+03
6.606607e-02	2.340135e+03
6.706707e-02	2.355871e+03
6.806807e-02	2.371606e+03
6.906907e-02	2.387341e+03
7.007007e-02	2.403077e+03
7.107107e-02	2.418812e+03
7.207207e-02	2.434547e+03
7.307307e-02	2.450283e+03
7.407407e-02	2.466018e+03
7.507508e-02	2.481753e+03
7.607608e-02	2.497489e+03
7.707708e-02	2.513224e+03
7.807808e-02	2.528959e+03
7.907908e-02	2.544695e+03
8.008008e-02	2.560430e+03
8.108108e-02	2.576165e+03
8.208208e-02	2.591901e+03
8.308308e-02	2.607636e+03
8.408408e-02	2.623371e+03
8.508509e-02	2.639107e+03
8.608609e-02	2.654842e+03
8.708709e-02	2.670577e+03
8.808809e-02	2.686313e+03
8.908909e-02	2.702048e+03
9.009009e-02	2.717783e+03
9.109109e-02	2.733519e+03
9.209209e-02	2.749254e+03
9.309309e-02	2.764989e+03
9.409409e-02	2.780725e+03
9.509510e-02	2.796460e+03
9.609610e-02	2.812195e+03
9.709710e-02	2.827931e+03
9.809810e-02	2.843666e+03
9.909910e-02	2.859401e+03
1.001001e-01	2.875137e+03
1.011011e-01	2.890872e+03
1.021021e-01	2.906607e+03
1.031031e-01	2.922342e+03
1.041041e-01	2.938078e+03
1.051051e-01	2.953813e+03
1.061061e-01	2.969548e+03
1.071071e-01	2.985284e+03
1.081081e-01	2.998073e+03
1.091091e-01	3.009708e+03
1.101101e-01	3.021343e+03
1.111111e-01	3.032978e+03
1.121121e-01	3.044612e+03
1.131131e-01	3.056247e+03
1.141141e-01	3.067882e+03
1.151151e-01	3.079517e+03
1.161161e-01	3.091152e+03
1.171171e-01	3.102787e+03
1.181181e-01	3.114421e+03
1.191191e-01	3.126056e+03
1.201201e-01	3.137691e+03
1.211211e-01	3.149326e+03
1.221221e-01	3.160961e+03
1.231231e-01	3.172596e+03
1.241241e-01	3.184230e+03
1.251251e-01	3.195865e+03
1.261261e-01	3.207500e+03
1.271271e-01	3.219135e+03
1.281281e-01	3.230770e+03
1.291291e-01	3.242405e+03
1.301301e-01	3.254039e+03
1.311311e-01	3.265674e+03
1.321321e-01	3.277309e+03
1.331331e-01	3.288944e+03
1.341341e-01	3.300579e+03
1.351351e-01	3.312213e+03
1.361361e-01	3.323848e+03
1.371371e-01	3.335483e+03
1.381381e-01	3.347118e+03
1.391391e-01	3.358753e+03
1.401401e-01	3.370388e+03
1.411411e-01	3.382022e+03
1.421421e-01	3.393657e+03
1.431431e-01	3.405292e+03
1.441441e-01	3.416927e+03
1.451451e-01	3.428562e+03
1.461461e-01	3.440197e+03
1.471471e-01	3.451831e+03
1.481481e-01	3.463466e+03
1.491491e-01	3.475101e+03
1.501502e-01	3.486736e+03
1.511512e-01	3.498371e+03
1.521522e-01	3.510006e+03
1.531532e-01	3.521640e+03
1.541542e-01	3.533275e+03
1.551552e-01	3.544910e+03
1.561562e-01	3.556545e+03
1.571572e-01	3.568180e+03
1.581582e-01	3.579814e+03
1.591592e-01	3.591449e+03
1.601602e-01	3.603084e+03
1.611612e-01	3.614719e+03
1.621622e-01	3.626354e+03
1.631632e-01	3.637989e+03
1.641642e-01	3.649623e+03
1.651652e-01	3.659821e+03
1.661662e-01	3.669121e+03
1.671672e-01	3.678422e+03
1.681682e-01	3.687722e+03
1.691692e-01	3.697022e+03
1.701702e-01	3.706322e+03
1.711712e-01	3.715623e+03
1.721722e-01	3.724923e+03
1.731732e-01	3.734223e+03
1.741742e-01	3.743523e+03
1.751752e-01	3.752824e+03
1.761762e-01	3.762124e+03
1.771772e-01	3.771424e+03
1.781782e-01	3.780725e+03
1.791792e-01	3.790025e+03
1.801802e-01	3.799325e+03
1.811812e-01	3.808625e+03
1.821822e-01	3.817926e+03
1.831832e-01	3.827226e+03
1.841842e-01	3.836526e+03
1.851852e-01	3.845826e+03
1.861862e-01	3.855127e+03
1.871872e-01	3.864427e+03
1.881882e-01	3.873727e+03
1.891892e-01	3.883028e+03
1.901902e-01	3.892328e+03
1.911912e-01	3.901628e+03
1.921922e-01	3.910928e+03
1.931932e-01	3.920229e+03
1.941942e-01	3.929529e+03
1.951952e-01	3.938829e+03
1.961962e-01	3.948130e+03
1.971972e-01	3.957430e+03
1.981982e-01	3.966730e+03
1.991992e-01	3.976030e+03
2.002002e-01	3.985331e+03
2.012012e-01	3.994631e+03
2.022022e-01	4.003931e+03
2.032032e-01	4.013231e+03
2.042042e-01	4.022532e+03
2.052052e-01	4.031832e+03
2.062062e-01	4.041132e+03
2.072072e-01	4.050433e+03
2.082082e-01	4.059733e+03
2.092092e-01	4.069033e+03
2.102102e-01	4.078333e+03
2.112112e-01	4.087634e+03
2.122122e-01	4.096934e+03
2.132132e-01	4.106234e+03
2.142142e-01	4.115535e+03
2.152152e-01	4.124835e+03
2.162162e-01	4.134135e+03
2.172172e-01	4.143435e+03
2.182182e-01	4.152736e+03
2.192192e-01	4.162036e+03
2.202202e-01	4.171336e+03
2.212212e-01	4.180636e+03
2.222222e-01	4.189937e+03
2.232232e-01	4.199237e+03
2.242242e-01	4.208537e+03
2.252252e-01	4.217838e+03
2.262262e-01	4.227138e+03
2.272272e-01	4.236438e+03
2.282282e-01	4.245738e+03
2.292292e-01	4.255039e+03
2.302302e-01	4.264339e+03
2.312312e-01	4.273639e+03
2.322322e-01	4.282940e+03
2.332332e-01	4.292240e+03
2.342342e-01	4.301540e+03
2.352352e-01	4.310840e+03
2.362362e-01	4.319871e+03
2.372372e-01	4.327663e+03
2.382382e-01	4.335455e+03
2.392392e-01	4.343247e+03
2.402402e-01	4.351039e+03
2.412412e-01	4.358831e+03
2.422422e-01	4.366623e+03
2.432432e-01	4.374415e+03
2.442442e-01	4.382207e+03
2.452452e-01	4.389999e+03
2.462462e-01	4.397791e+03
2.472472e-01	4.405583e+03
2.482482e-01	4.413375e+03
2.492492e-01	4.421167e+03
2.502503e-01	4.428959e+03
2.512513e-01	4.436751e+03
2.522523e-01	4.444543e+03
2.532533e-01	4.452335e+03
2.542543e-01	4.460127e+03
2.552553e-01	4.467919e+03
2.562563e-01	4.475711e+03
2.572573e-01	4.483503e+03
2.582583e-01	4.491295e+03
2.592593e-01	4.499087e+03
2.602603e-01	4.506879e+03
2.612613e-01	4.514671e+03
2.622623e-01	4.522463e+03
2.632633e-01	4.530255e+03
2.642643e-01	4.538047e+03
2.652653e-01	4.545839e+03
2.662663e-01	4.553631e+03
2.672673e-01	4.561423e+03
2.682683e-01	4.569215e+03
2.692693e-01	4.577007e+03
2.702703e-01	4.584799e+03
2.712713e-01	4.592591e+03
2.722723e-01	4.600383e+03
2.732733e-01	4.608175e+03
2.742743e-01	4.615967e+03
2.752753e-01	4.623759e+03
2.762763e-01	4.631551e+03
2.772773e-01	4.639343e+03
2.782783e-01	4.647135e+03
2.792793e-01	4.654927e+03
2.802803e-01	4.662719e+03
2.812813e-01	4.670511e+03
2.822823e-01	4.678303e+03
2.832833e-01	4.686095e+03
2.842843e-01	4.693887e+03
2.852853e-01	4.701679e+03
2.862863e-01	4.709471e+03
2.872873e-01	4.717263e+03
2.882883e-01	4.725055e+03
2.892893e-01	4.732847e+03
2.902903e-01	4.740639e+03
2.912913e-01	4.748431e+03
2.922923e-01	4.756223e+03
2.932933e-01	4.764015e+03
2.942943e-01	4.771807e+03
2.952953e-01	4.779599e+03
2.962963e-01	4.787391e+03
2.972973e-01	4.795183e+03
2.982983e-01	4.802975e+03
2.992993e-01	4.810767e+03
3.003003e-01	4.818559e+03
3.013013e-01	4.826351e+03
3.023023e-01	4.834143e+03
3.033033e-01	4.841935e+03
3.043043e-01	4.849727e+03
3.053053e-01	4.857519e+03
3.063063e-01	4.865311e+03
3.073073e-01	4.873103e+03
3.083083e-01	4.880895e+03
3.093093e-01	4.888687e+03
3.103103e-01	4.896479e+03
3.113113e-01	4.904271e+03
3.123123e-01	4.912063e+03
3.133133e-01	4.919855e+03
3.143143e-01	4.927647e+03
3.153153e-01	4.935439e+03
3.163163e-01	4.943231e+03
3.173173e-01	4.951023e+03
3.183183e-01	4.958815e+03
3.193193e-01	4.966607e+03
3.203203e-01	4.974399e+03
3.213213e-01	4.982191e+03
3.223223e-01	4.989274e+03
3.233233e-01	4.996290e+03
3.243243e-01	5.003307e+03
3.253253e-01	5.010323e+03
3.263263e-01	5.017340e+03
3.273273e-01	5.024356e+03
3.283283e-01	5.031373e+03
3.293293e-01	5.038389e+03
3.303303e-01	5.045406e+03
3.313313e-01	5.052422e+03
3.323323e-01	5.059439e+03
3.333333e-01	5.066455e+03
3.343343e-01	5.073471e+03
3.353353e-01	5.080488e+03
3.363363e-01	5.087504e+03
3.373373e-01	5.094521e+03
3.383383e-01	5.101537e+03
3.393393e-01	5.108554e+03
3.403403e-01	5.115570e+03
3.413413e-01	5.122587e+03
3.423423e-01	5.129603e+03
3.433433e-01	5.136620e+03
3.443443e-01	5.143636e+03
3.453453e-01	5.150653e+03
3.463463e-01	5.157669e+03
3.473473e-01	5.164686e+03
3.483483e-01	5.171702e+03
3.493493e-01	5.178719e+03
3.503504e-01	5.185735e+03
3.513514e-01	5.192751e+03
3.523524e-01	5.199768e+03
3.533534e-01	5.206784e+03
3.543544e-01	5.213801e+03
3.553554e-01	5.220817e+03
3.563564e-01	5.227834e+03
3.573574e-01	5.234850e+03
3.583584e-01	5.241867e+03
3.593594e-01	5.248883e+03
3.603604e-01	5.255900e+03
3.613614e-01	5.262916e+03
3.623624e-01	5.269933e+03
3.633634e-01	5.276949e+03
3.643644e-01	5.283966e+03
3.653654e-01	5.290982e+03
3.663664e-01	5.297998e+03
3.673674e-01	5.305015e+03
3.683684e-01	5.312031e+03
3.693694e-01	5.319048e+03
3.703704e-01	5.326064e+03
3.713714e-01	5.333081e+03
3.723724e-01	5.340097e+03
3.733734e-01	5.347114e+03
3.743744e-01	5.354130e+03
3.753754e-01	5.361147e+03
3.763764e-01	5.368163e+03
3.773774e-01	5.375180e+03
3.783784e-01	5.382196e+03
3.793794e-01	5.389213e+03
3.803804e-01	5.396229e+03
3.813814e-01	5.403246e+03
3.823824e-01	5.410262e+03
3.833834e-01	5.417278e+03
3.843844e-01	5.424295e+03
3.853854e-01	5.431311e+03
3.863864e-01	5.438328e+03
3.873874e-01	5.445344e+03
3.883884e-01	5.452361e+03
3.893894e-01	5.459377e+03
3.903904e-01	5.466394e+03
3.913914e-01	5.473410e+03
3.923924e-01	5.480427e+03
3.933934e-01	5.487443e+03
3.943944e-01	5.494460e+03
3.953954e-01	5.501476e+03
3.963964e-01	5.508493e+03
3.973974e-01	5.515509e+03
3.983984e-01	5.522526e+03
3.993994e-01	5.529542e+03
4.004004e-01	5.536558e+03
4.014014e-01	5.543575e+03
4.024024e-01	5.550591e+03
4.034034e-01	5.557608e+03
4.044044e-01	5.564624e+03
4.054054e-01	5.571641e+03
4.064064e-01	5.578657e+03
4.074074e-01	5.585674e+03
4.084084e-01	5.592690e+03
4.094094e-01	5.599707e+03
4.104104e-01	5.606723e+03
4.114114e-01	5.613740e+03
4.124124e-01	5.620756e+03
4.134134e-01	5.627773e+03
4.144144e-01	5.634789e+03
4.154154e-01	5.641805e+03
4.164164e-01	5.648766e+03
4.174174e-01	5.655535e+03
4.184184e-01	5.662304e+03
4.194194e-01	5.669073e+03
4.204204e-01	5.675842e+03
4.214214e-01	5.682611e+03
4.224224e-01	5.689380e+03
4.234234e-01	5.696149e+03
4.244244e-01	5.702918e+03
4.254254e-01	5.709687e+03
4.264264e-01	5.716456e+03
4.274274e-01	5.723225e+03
4.284284e-01	5.729994e+03
4.294294e-01	5.736763e+03
4.304304e-01	5.743532e+03
4.314314e-01	5.750301e+03
4.324324e-01	5.757070e+03
4.334334e-01	5.763839e+03
4.344344e-01	5.770608e+03
4.354354e-01	5.777377e+03
4.364364e-01	5.784146e+03
4.374374e-01	5.790915e+03
4.384384e-01	5.797684e+03
4.394394e-01	5.804453e+03
4.404404e-01	5.811222e+03
4.414414e-01	5.817991e+03
4.424424e-01	5.824760e+03
4.434434e-01	5.831529e+03
4.444444e-01	5.838298e+03
4.454454e-01	5.845067e+03
4.464464e-01	5.851836e+03
4.474474e-01	5.858605e+03
4.484484e-01	5.865374e+03
4.494494e-01	5.872143e+03
4.504505e-01	5.878912e+03
4.514515e-01	5.885680e+03
4.524525e-01	5.892449e+03
4.534535e-01	5.899218e+03
4.544545e-01	5.905987e+03
4.554555e-01	5.912756e+03
4.564565e-01	5.919525e+03
4.574575e-01	5.926294e+03
4.584585e-01	5.933063e+03
4.594595e-01	5.939832e+03
4.604605e-01	5.946601e+03
4.614615e-01	5.953370e+03
4.624625e-01	5.960139e+03
4.634635e-01	5.966908e+03
4.644645e-01	5.973677e+03
4.654655e-01	5.980446e+03
4.664665e-01	5.987215e+03
4.674675e-01	5.993984e+03
4.684685e-01	6.000753e+03
4.694695e-01	6.007522e+03
4.704705e-01	6.014291e+03
4.714715e-01	6.021060e+03
4.724725e-01	6.027829e+03
4.734735e-01	6.034598e+03
4.744745e-01	6.041367e+03
4.754755e-01	6.048136e+03
4.764765e-01	6.054905e+03
4.774775e-01	6.061674e+03
4.784785e-01	6.068443e+03
4.794795e-01	6.075212e+03
4.804805e-01	6.081981e+03
4.814815e-01	6.088750e+03
4.824825e-01	6.095519e+03
4.834835e-01	6.102288e+03
4.844845e-01	6.109057e+03
4.854855e-01	6.115826e+03
4.864865e-01	6.122595e+03
4.874875e-01	6.129364e+03
4.884885e-01	6.136133e+03
4.894895e-01	6.142902e+03
4.904905e-01	6.149671e+03
4.914915e-01	6.156440e+03
4.924925e-01	6.163209e+03
4.934935e-01	6.169978e+03
4.944945e-01	6.176747e+03
4.954955e-01	6.183516e+03
4.964965e-01	6.190285e+03
4.974975e-01	6.197054e+03
4.984985e-01	6.203823e+03
4.994995e-01	6.210592e+03
5.005005e-01	6.217361e+03
5.015015e-01	6.224130e+03
5.025025e-01	6.230899e+03
5.035035e-01	6.237668e+03
5.045045e-01	6.244437e+03
5.055055e-01	6.251206e+03
5.065065e-01	6.257975e+03
5.075075e-01	6.264744e+03
5.085085e-01	6.271513e+03
5.095095e-01	6.278281e+03
5.105105e-01	6.285050e+03
5.115115e-01	6.291819e+03
5.125125e-01	6.298588e+03
5.135135e-01	6.305357e+03
5.145145e-01	6.312130e+03
5.155155e-01	6.318952e+03
5.165165e-01	6.325774e+03
5.175175e-01	6.332596e+03
5.185185e-01	6.339417e+03
5.195195e-01	6.346239e+03
5.205205e-01	6.353061e+03
5.215215e-01	6.359883e+03
5.225225e-01	6.366704e+03
5.235235e-01	6.373526e+03
5.245245e-01	6.380348e+03
5.255255e-01	6.387170e+03
5.265265e-01	6.393991e+03
5.275275e-01	6.400813e+03
5.285285e-01	6.407635e+03
5.295295e-01	6.414457e+03
5.305305e-01	6.421278e+03
5.315315e-01	6.428100e+03
5.325325e-01	6.434922e+03
5.335335e-01	6.441744e+03
5.345345e-01	6.448565e+03
5.355355e-01	6.455387e+03
5.365365e-01	6.462209e+03
5.375375e-01	6.469031e+03
5.385385e-01	6.475852e+03
5.395395e-01	6.482674e+03
5.405405e-01	6.489496e+03
5.415415e-01	6.496318e+03
5.425425e-01	6.503139e+03
5.435435e-01	6.509961e+03
5.445445e-01	6.516783e+03
5.455455e-01	6.523605e+03
5.465465e-01	6.530426e+03
5.475475e-01	6.537248e+03
5.485485e-01	6.544070e+03
5.495495e-01	6.550892e+03
5.505506e-01	6.557713e+03
5.515516e-01	6.564535e+03
5.525526e-01	6.571357e+03
5.535536e-01	6.578179e+03
5.545546e-01	6.585000e+03
5.555556e-01	6.591822e+03
5.565566e-01	6.598644e+03
5.575576e-01	6.605466e+03
5.585586e-01	6.612287e+03
5.595596e-01	6.619109e+03
5.605606e-01	6.625931e+03
5.615616e-01	6.632753e+03
5.625626e-01	6.639574e+03
5.635636e-01	6.646396e+03
5.645646e-01	6.653218e+03
5.655656e-01	6.660040e+03
5.665666e-01	6.666861e+03
5.675676e-01	6.673683e+03
5.685686e-01	6.680505e+03
5.695696e-01	6.687327e+03
5.705706e-01	6.694148e+03
5.715716e-01	6.700970e+03
5.725726e-01	6.707792e+03
5.735736e-01	6.714614e+03
5.745746e-01	6.721435e+03
5.755756e-01	6.728257e+03
5.765766e-01	6.735079e+03
5.775776e-01	6.741901e+03
5.785786e-01	6.748722e+03
5.795796e-01	6.755544e+03
5.805806e-01	6.762366e+03
5.815816e-01	6.769188e+03
5.825826e-01	6.776009e+03
5.835836e-01	6.782831e+03
5.845846e-01	6.789653e+03
5.855856e-01	6.796475e+03
5.865866e-01	6.803296e+03
5.875876e-01	6.810118e+03
5.885886e-01	6.816940e+03
5.895896e-01	6.823762e+03
5.905906e-01	6.830583e+03
5.915916e-01	6.837405e+03
5.925926e-01	6.844227e+03
5.935936e-01	6.851049e+03
5.945946e-01	6.857870e+03
5.955956e-01	6.864692e+03
5.965966e-01	6.871514e+03
5.975976e-01	6.878336e+03
5.985986e-01	6.885157e+03
5.995996e-01	6.891979e+03
6.006006e-01	6.898801e+03
6.016016e-01	6.905623e+03
6.026026e-01	6.912444e+03
6.036036e-01	6.919266e+03
6.046046e-01	6.926088e+03
6.056056e-01	6.932910e+03
6.066066e-01	6.939731e+03
6.076076e-01	6.946553e+03
6.086086e-01	6.953375e+03
6.096096e-01	6.960197e+03
6.106106e-01	6.967018e+03
6.116116e-01	6.973840e+03
6.126126e-01	6.981020e+03
6.136136e-01	6.988367e+03
6.146146e-01	6.995713e+03
6.156156e-01	7.003059e+03
6.166166e-01	7.010406e+03
6.176176e-01	7.017752e+03
6.186186e-01	7.025098e+03
6.196196e-01	7.032445e+03
6.206206e-01	7.039791e+03
6.216216e-01	7.047137e+03
6.226226e-01	7.054484e+03
6.236236e-01	7.061830e+03
6.246246e-01	7.069176e+03
6.256256e-01	7.076523e+03
6.266266e-01	7.083869e+03
6.276276e-01	7.091215e+03
6.286286e-01	7.098562e+03
6.296296e-01	7.105908e+03
6.306306e-01	7.113254e+03
6.316316e-01	7.120601e+03
6.326326e-01	7.127947e+03
6.336336e-01	7.135293e+03
6.346346e-01	7.142639e+03
6.356356e-01	7.149986e+03
6.366366e-01	7.157332e+03
6.376376e-01	7.164678e+03
6.386386e-01	7.172025e+03
6.396396e-01	7.179371e+03
6.406406e-01	7.186717e+03
6.416416e-01	7.194064e+03
6.426426e-01	7.201410e+03
6.436436e-01	7.208756e+03
6.446446e-01	7.216103e+03
6.456456e-01	7.223449e+03
6.466466e-01	7.230795e+03
6.476476e-01	7.238142e+03
6.486486e-01	7.245488e+03
6.496496e-01	7.252834e+03
6.506507e-01	7.260181e+03
6.516517e-01	7.267527e+03
6.526527e-01	7.274873e+03
6.536537e-01	7.282220e+03
6.546547e-01	7.289566e+03
6.556557e-01	7.296912e+03
6.566567e-01	7.304259e+03
6.576577e-01	7.311605e+03
6.586587e-01	7.318951e+03
6.596597e-01	7.326298e+03
6.606607e-01	7.333644e+03
6.616617e-01	7.340990e+03
6.626627e-01	7.348337e+03
6.636637e-01	7.355683e+03
6.646647e-01	7.363029e+03
6.656657e-01	7.370376e+03
6.666667e-01	7.377722e+03
6.676677e-01	7.385068e+03
6.686687e-01	7.392414e+03
6.696697e-01	7.399761e+03
6.706707e-01	7.407107e+03
6.716717e-01	7.414453e+03
6.726727e-01	7.421800e+03
6.736737e-01	7.429146e+03
6.746747e-01	7.436492e+03
6.756757e-01	7.443839e+03
6.766767e-01	7.451185e+03
6.776777e-01	7.458531e+03
6.786787e-01	7.465878e+03
6.796797e-01	7.473224e+03
6.806807e-01	7.480570e+03
6.816817e-01	7.487917e+03
6.826827e-01	7.495263e+03
6.836837e-01	7.502609e+03
6.846847e-01	7.509956e+03
6.856857e-01	7.517302e+03
6.866867e-01	7.524648e+03
6.876877e-01	7.531995e+03
6.886887e-01	7.539341e+03
6.896897e-01	7.546687e+03
6.906907e-01	7.554034e+03
6.916917e-01	7.561380e+03
6.926927e-01	7.568726e+03
6.936937e-01	7.576073e+03
6.946947e-01	7.583419e+03
6.956957e-01	7.590765e+03
6.966967e-01	7.598112e+03
6.976977e-01	7.605458e+03
6.986987e-01	7.612804e+03
6.996997e-01	7.620151e+03
7.007007e-01	7.627497e+03
7.017017e-01	7.634843e+03
7.027027e-01	7.642462e+03
7.037037e-01	7.650913e+03
7.047047e-01	7.659364e+03
7.057057e-01	7.667815e+03
7.067067e-01	7.676266e+03
7.077077e-01	7.684718e+03
7.087087e-01	7.693169e+03
7.097097e-01	7.701620e+03
7.107107e-01	7.710071e+03
7.117117e-01	7.718522e+03
7.127127e-01	7.726974e+03
7.137137e-01	7.735425e+03
7.147147e-01	7.743876e+03
7.157157e-01	7.752327e+03
7.167167e-01	7.760778e+03
7.177177e-01	7.769230e+03
7.187187e-01	7.777681e+03
7.197197e-01	7.786132e+03
7.207207e-01	7.794583e+03
7.217217e-01	7.803034e+03
7.227227e-01	7.811486e+03
7.237237e-01	7.819937e+03
7.247247e-01	7.828388e+03
7.257257e-01	7.836839e+03
7.267267e-01	7.845290e+03
7.277277e-01	7.853742e+03
7.287287e-01	7.862193e+03
7.297297e-01	7.870644e+03
7.307307e-01	7.879095e+03
7.317317e-01	7.887546e+03
7.327327e-01	7.895998e+03
7.337337e-01	7.904449e+03
7.347347e-01	7.912900e+03
7.357357e-01	7.921351e+03
7.367367e-01	7.929803e+03
7.377377e-01	7.938254e+03
7.387387e-01	7.946705e+03
7.397397e-01	7.955156e+03
7.407407e-01	7.963607e+03
7.417417e-01	7.972059e+03
7.427427e-01	7.980510e+03
7.437437e-01	7.988961e+03
7.447447e-01	7.997412e+03
7.457457e-01	8.005863e+03
7.467467e-01	8.014315e+03
7.477477e-01	8.022766e+03
7.487487e-01	8.031217e+03
7.497497e-01	8.039668e+03
7.507508e-01	8.048119e+03
7.517518e-01	8.056571e+03
7.527528e-01	8.065022e+03
7.537538e-01	8.073473e+03
7.547548e-01	8.081924e+03
7.557558e-01	8.090375e+03
7.567568e-01	8.098827e+03
7.577578e-01	8.107278e+03
7.587588e-01	8.115729e+03
7.597598e-01	8.124180e+03
7.607608e-01	8.132631e+03
7.617618e-01	8.141083e+03
7.627628e-01	8.149534e+03
7.637638e-01	8.157985e+03
7.647648e-01	8.166436e+03
7.657658e-01	8.174887e+03
7.667668e-01	8.183339e+03
7.677678e-01	8.191790e+03
7.687688e-01	8.200241e+03
7.697698e-01	8.208692e+03
7.707708e-01	8.217143e+03
7.717718e-01	8.225595e+03
7.727728e-01	8.234046e+03
7.737738e-01	8.242497e+03
7.747748e-01	8.250948e+03
7.757758e-01	8.259400e+03
7.767768e-01	8.267851e+03
7.777778e-01	8.276302e+03
7.787788e-01	8.284753e+03
7.797798e-01	8.293204e+03
7.807808e-01	8.301656e+03
7.817818e-01	8.311159e+03
7.827828e-01	8.321273e+03
7.837838e-01	8.331387e+03
7.847848e-01	8.341502e+03
7.857858e-01	8.351616e+03
7.867868e-01	8.361730e+03
7.877878e-01	8.371845e+03
7.887888e-01	8.381959e+03
7.897898e-01	8.392073e+03
7.907908e-01	8.402188e+03
7.917918e-01	8.412302e+03
7.927928e-01	8.422417e+03
7.937938e-01	8.432531e+03
7.947948e-01	8.442645e+03
7.957958e-01	8.452760e+03
7.967968e-01	8.462874e+03
7.977978e-01	8.472988e+03
7.987988e-01	8.483103e+03
7.997998e-01	8.493217e+03
8.008008e-01	8.503331e+03
8.018018e-01	8.513446e+03
8.028028e-01	8.523560e+03
8.038038e-01	8.533674e+03
8.048048e-01	8.543789e+03
8.058058e-01	8.553903e+03
8.068068e-01	8.564018e+03
8.078078e-01	8.574132e+03
8.088088e-01	8.584246e+03
8.098098e-01	8.594361e+03
8.108108e-01	8.604475e+03
8.118118e-01	8.614589e+03
8.128128e-01	8.624704e+03
8.138138e-01	8.634818e+03
8.148148e-01	8.644932e+03
8.158158e-01	8.655047e+03
8.168168e-01	8.665161e+03
8.178178e-01	8.675275e+03
8.188188e-01	8.685390e+03
8.198198e-01	8.695504e+03
8.208208e-01	8.705619e+03
8.218218e-01	8.715733e+03
8.228228e-01	8.725847e+03
8.238238e-01	8.735962e+03
8.248248e-01	8.746076e+03
8.258258e-01	8.756190e+03
8.268268e-01	8.766305e+03
8.278278e-01	8.776419e+03
8.288288e-01	8.786533e+03
8.298298e-01	8.796648e+03
8.308308e-01	8.806762e+03
8.318318e-01	8.816876e+03
8.328328e-01	8.826991e+03
8.338338e-01	8.837105e+03
8.348348e-01	8.847220e+03
8.358358e-01	8.857334e+03
8.368368e-01	8.867448e+03
8.378378e-01	8.877563e+03
8.388388e-01	8.887677e+03
8.398398e-01	8.897791e+03
8.408408e-01	8.907906e+03
8.418418e-01	8.918020e+03
8.428428e-01	8.928134e+03
8.438438e-01	8.938249e+03
8.448448e-01	8.948363e+03
8.458458e-01	8.958477e+03
8.468468e-01	8.968592e+03
8.478478e-01	8.981395e+03
8.488488e-01	8.994353e+03
8.498498e-01	9.007311e+03
8.508509e-01	9.020269e+03
8.518519e-01	9.033227e+03
8.528529e-01	9.046185e+03
8.538539e-01	9.059143e+03
8.548549e-01	9.072101e+03
8.558559e-01	9.085059e+03
8.568569e-01	9.098017e+03
8.578579e-01	9.110975e+03
8.588589e-01	9.123932e+03
8.598599e-01	9.136890e+03
8.608609e-01	9.149848e+03
8.618619e-01	9.162806e+03
8.628629e-01	9.175764e+03
8.638639e-01	9.188722e+03
8.648649e-01	9.201680e+03
8.658659e-01	9.214638e+03
8.668669e-01	9.227596e+03
8.678679e-01	9.240554e+03
8.688689e-01	9.253512e+03
8.698699e-01	9.266470e+03
8.708709e-01	9.279428e+03
8.718719e-01	9.292386e+03
8.728729e-01	9.305344e+03
8.738739e-01	9.318302e+03
8.748749e-01	9.331260e+03
8.758759e-01	9.344218e+03
8.768769e-01	9.357176e+03
8.778779e-01	9.370134e+03
8.788789e-01	9.383092e+03
8.798799e-01	9.396050e+03
8.808809e-01	9.409008e+03
8.818819e-01	9.421965e+03
8.828829e-01	9.434923e+03
8.838839e-01	9.447881e+03
8.848849e-01	9.460839e+03
8.858859e-01	9.473797e+03
8.868869e-01	9.486755e+03
8.878879e-01	9.499713e+03
8.888889e-01	9.512671e+03
8.898899e-01	9.525629e+03
8.908909e-01	9.538587e+03
8.918919e-01	9.551545e+03
8.928929e-01	9.564503e+03
8.938939e-01	9.577461e+03
8.948949e-01	9.590419e+03
8.958959e-01	9.603377e+03
8.968969e-01	9.616335e+03
8.978979e-01	9.629293e+03
8.988989e-01	9.645390e+03
8.998999e-01	9.663010e+03
9.009009e-01	9.680629e+03
9.019019e-01	9.698248e+03
9.029029e-01	9.715868e+03
9.039039e-01	9.733487e+03
9.049049e-01	9.751106e+03
9.059059e-01	9.768726e+03
9.069069e-01	9.786345e+03
9.079079e-01	9.803964e+03
9.089089e-01	9.821584e+03
9.099099e-01	9.839203e+03
9.109109e-01	9.856822e+03
9.119119e-01	9.874442e+03
9.129129e-01	9.892061e+03
9.139139e-01	9.909680e+03
9.149149e-01	9.927300e+03
9.159159e-01	9.944919e+03
9.169169e-01	9.962538e+03
9.179179e-01	9.980158e+03
9.189189e-01	9.997777e+03
9.199199e-01	1.001540e+04
9.209209e-01	1.003302e+04
9.219219e-01	1.005064e+04
9.229229e-01	1.006825e+04
9.239239e-01	1.008587e+04
9.249249e-01	1.010349e+04
9.259259e-01	1.012111e+04
9.269269e-01	1.013873e+04
9.279279e-01	1.015635e+04
9.289289e-01	1.017397e+04
9.299299e-01	1.019159e+04
9.309309e-01	1.020921e+04
9.319319e-01	1.022683e+04
9.329329e-01	1.024445e+04
9.339339e-01	1.026207e+04
9.349349e-01	1.027969e+04
9.359359e-01	1.029731e+04
9.369369e-01	1.032264e+04
9.379379e-01	1.034825e+04
9.389389e-01	1.037386e+04
9.399399e-01	1.039946e+04
9.409409e-01	1.042507e+04
9.419419e-01	1.045068e+04
9.429429e-01	1.047629e+04
9.439439e-01	1.050189e+04
9.449449e-01	1.052750e+04
9.459459e-01	1.055311e+04
9.469469e-01	1.057872e+04
9.479479e-01	1.060432e+04
9.489489e-01	1.062993e+04
9.499499e-01	1.065554e+04
9.509510e-01	1.068115e+04
9.519520e-01	1.070675e+04
9.529530e-01	1.073236e+04
9.539540e-01	1.075797e+04
9.549550e-01	1.078358e+04
9.559560e-01	1.080919e+04
9.569570e-01	1.083479e+04
9.579580e-01	1.086040e+04
9.589590e-01	1.088601e+04
9.599600e-01	1.091162e+04
9.609610e-01	1.093722e+04
9.619620e-01	1.096311e+04
9.629630e-01	1.100199e+04
9.639640e-01	1.104088e+04
9.649650e-01	1.107976e+04
9.659660e-01	1.111864e+04
9.669670e-01	1.115752e+04
9.679680e-01	1.119640e+04
9.689690e-01	1.123528e+04
9.699700e-01	1.127416e+04
9.709710e-01	1.131305e+04
9.719720e-01	1.135193e+04
9.729730e-01	1.139081e+04
9.739740e-01	1.142969e+04
9.749750e-01	1.146857e+04
9.759760e-01	1.150745e+04
9.769770e-01	1.154634e+04
9.779780e-01	1.158522e+04
9.789790e-01	1.162410e+04
9.799800e-01	1.168630e+04
9.809810e-01	1.175014e+04
9.819820e-01	1.181398e+04
9.829830e-01	1.187783e+04
9.839840e-01	1.194167e+04
9.849850e-01	1.200552e+04
9.859860e-01	1.206936e+04
9.869870e-01	1.213321e+04
9.879880e-01	1.219705e+04
9.889890e-01	1.226089e+04
9.899900e-01	1.235107e+04
9.909910e-01	1.246482e+04
9.919920e-01	1.257857e+04
9.929930e-01	1.269232e+04
9.939940e-01	1.280606e+04
9.949950e-01	1.291981e+04
9.959960e-01	1.310570e+04
9.969970e-01	1.332447e+04
9.979980e-01	1.354324e+04
9.989990e-01	1.393582e+04
1.000000e+00	1.893486e+04
