# q	x_q
0.000000e+00	0.000000e+00
1.001001e-03	0.000000e+00
2.002002e-03	0.000000e+00
3.003003e-03	0.000000e+00
4.004004e-03	0.000000e+00
5.005005e-03	0.000000e+00
6.006006e-03	0.000000e+00
7.007007e-03	0.000000e+00
8.008008e-03	0.000000e+00
9.009009e-03	0.000000e+00
1.001001e-02	0.000000e+00
1.101101e-02	0.000000e+00
1.201201e-02	0.000000e+00
1.301301e-02	0.000000e+00
1.401401e-02	0.000000e+00
1.501502e-02	0.000000e+00
1.601602e-02	0.000000e+00
1.701702e-02	0.000000e+00
1.801802e-02	0.000000e+00
1.901902e-02	0.000000e+00
2.002002e-02	0.000000e+00
2.102102e-02	0.000000e+00
2.202202e-02	0.000000e+00
2.302302e-02	0.000000e+00
2.402402e-02	0.000000e+00
2.502503e-02	0.000000e+00
2.602603e-02	0.000000e+00
2.702703e-02	0.000000e+00
2.802803e-02	0.000000e+00
2.902903e-02	0.000000e+00
3.003003e-02	0.000000e+00
3.103103e-02	0.000000e+00
3.203203e-02	0.000000e+00
3.303303e-02	0.000000e+00
3.403403e-02	3.076325e-05
3.503504e-02	9.371474e-05
3.603604e-02	1.566662e-04
3.703704e-02	2.196177e-04
3.803804e-02	2.825692e-04
3.903904e-02	3.455207e-04
4.004004e-02	4.084722e-04
4.104104e-02	4.714237e-04
4.204204e-02	5.343752e-04
4.304304e-02	5.973267e-04
4.404404e-02	6.602782e-04
4.504505e-02	7.232296e-04
4.604605e-02	7.861811e-04
4.704705e-02	8.491326e-04
4.804805e-02	9.120841e-04
4.904905e-02	9.750356e-04
5.005005e-02	1.037987e-03
5.105105e-02	1.100939e-03
5.205205e-02	1.163890e-03
5.305305e-02	1.226842e-03
5.405405e-02	1.289793e-03
5.505506e-02	1.352745e-03
5.605606e-02	1.415696e-03
5.705706e-02	1.478648e-03
5.805806e-02	1.541599e-03
5.905906e-02	1.604551e-03
6.006006e-02	1.667502e-03
6.106106e-02	1.730453e-03
6.206206e-02	1.793405e-03
6.306306e-02	1.856356e-03
6.406406e-02	1.919308e-03
6.506507e-02	1.982259e-03
6.606607e-02	2.045211e-03
6.706707e-02	2.103149e-03
6.806807e-02	2.127431e-03
6.906907e-02	2.151714e-03
7.007007e-02	2.175997e-03
7.107107e-02	2.200280e-03
7.207207e-02	2.224563e-03
7.307307e-02	2.248845e-03
7.407407e-02	2.273128e-03
7.507508e-02	2.297411e-03
7.607608e-02	2.321694e-03
7.707708e-02	2.345977e-03
7.807808e-02	2.370259e-03
7.907908e-02	2.394542e-03
8.008008e-02	2.418825e-03
8.108108e-02	2.443108e-03
8.208208e-02	2.467390e-03
8.308308e-02	2.491673e-03
8.408408e-02	2.515956e-03
8.508509e-02	2.540239e-03
8.608609e-02	2.564522e-03
8.708709e-02	2.588804e-03
8.808809e-02	2.613087e-03
8.908909e-02	2.637370e-03
9.009009e-02	2.661653e-03
9.109109e-02	2.685936e-03
9.209209e-02	2.710218e-03
9.309309e-02	2.734501e-03
9.409409e-02	2.758784e-03
9.509510e-02	2.783067e-03
9.609610e-02	2.807350e-03
9.709710e-02	2.831632e-03
9.809810e-02	2.855915e-03
9.909910e-02	2.880198e-03
1.001001e-01	2.904481e-03
1.011011e-01	2.928764e-03
1.021021e-01	2.953046e-03
1.031031e-01	2.977329e-03
1.041041e-01	3.001612e-03
1.051051e-01	3.025895e-03
1.061061e-01	3.050178e-03
1.071071e-01	3.074460e-03
1.081081e-01	3.098743e-03
1.091091e-01	3.123026e-03
1.101101e-01	3.147309e-03
1.111111e-01	3.171592e-03
1.121121e-01	3.195874e-03
1.131131e-01	3.220157e-03
1.141141e-01	3.244440e-03
1.151151e-01	3.268723e-03
1.161161e-01	3.293006e-03
1.171171e-01	3.317288e-03
1.181181e-01	3.341571e-03
1.191191e-01	3.365854e-03
1.201201e-01	3.390137e-03
1.211211e-01	3.414419e-03
1.221221e-01	3.438702e-03
1.231231e-01	3.462985e-03
1.241241e-01	3.487268e-03
1.251251e-01	3.511551e-03
1.261261e-01	3.535833e-03
1.271271e-01	3.560116e-03
1.281281e-01	3.584399e-03
1.291291e-01	3.608682e-03
1.301301e-01	3.632965e-03
1.311311e-01	3.657247e-03
1.321321e-01	3.681530e-03
1.331331e-01	3.705813e-03
1.341341e-01	3.730096e-03
1.351351e-01	3.754379e-03
1.361361e-01	3.778661e-03
1.371371e-01	3.802944e-03
1.381381e-01	3.827227e-03
1.391391e-01	3.851510e-03
1.401401e-01	3.875793e-03
1.411411e-01	3.900075e-03
1.421421e-01	3.924358e-03
1.431431e-01	3.948641e-03
1.441441e-01	3.972924e-03
1.451451e-01	3.997207e-03
1.461461e-01	4.021489e-03
1.471471e-01	4.045772e-03
1.481481e-01	4.070055e-03
1.491491e-01	4.094338e-03
1.501502e-01	4.118621e-03
1.511512e-01	4.142903e-03
1.521522e-01	4.167186e-03
1.531532e-01	4.191469e-03
1.541542e-01	4.215752e-03
1.551552e-01	4.240035e-03
1.561562e-01	4.264317e-03
1.571572e-01	4.288600e-03
1.581582e-01	4.312883e-03
1.591592e-01	4.337166e-03
1.601602e-01	4.361448e-03
1.611612e-01	4.385731e-03
1.621622e-01	4.410014e-03
1.631632e-01	4.434297e-03
1.641642e-01	4.458580e-03
1.651652e-01	4.482862e-03
1.661662e-01	4.507145e-03
1.671672e-01	4.531428e-03
1.681682e-01	4.555711e-03
1.691692e-01	4.579994e-03
1.701702e-01	4.604276e-03
1.711712e-01	4.628559e-03
1.721722e-01	4.652842e-03
1.731732e-01	4.677125e-03
1.741742e-01	4.701408e-03
1.751752e-01	4.725690e-03
1.761762e-01	4.749973e-03
1.771772e-01	4.774256e-03
1.781782e-01	4.798539e-03
1.791792e-01	4.822822e-03
1.801802e-01	4.847104e-03
1.811812e-01	4.871387e-03
1.821822e-01	4.895670e-03
1.831832e-01	4.919953e-03
1.841842e-01	4.944236e-03
1.851852e-01	4.968518e-03
1.861862e-01	4.992801e-03
1.871872e-01	5.017084e-03
1.881882e-01	5.041367e-03
1.891892e-01	5.065650e-03
1.901902e-01	5.089932e-03
1.911912e-01	5.114215e-03
1.921922e-01	5.138498e-03
1.931932e-01	5.162781e-03
1.941942e-01	5.187063e-03
1.951952e-01	5.228949e-03
1.961962e-01	5.290903e-03
1.971972e-01	5.352858e-03
1.981982e-01	5.414812e-03
1.991992e-01	5.476767e-03
2.002002e-01	5.538721e-03
2.012012e-01	5.600676e-03
2.022022e-01	5.662630e-03
2.032032e-01	5.724585e-03
2.042042e-01	5.786539e-03
2.052052e-01	5.848493e-03
2.062062e-01	5.910448e-03
2.072072e-01	5.972402e-03
2.082082e-01	6.034357e-03
2.092092e-01	6.096311e-03
2.102102e-01	6.158266e-03
2.112112e-01	6.220220e-03
2.122122e-01	6.282175e-03
2.132132e-01	6.344129e-03
2.142142e-01	6.406084e-03
2.152152e-01	6.468038e-03
2.162162e-01	6.529993e-03
2.172172e-01	6.591947e-03
2.182182e-01	6.653902e-03
2.192192e-01	6.715856e-03
2.202202e-01	6.777811e-03
2.212212e-01	6.839765e-03
2.222222e-01	6.901720e-03
2.232232e-01	6.963674e-03
2.242242e-01	7.025629e-03
2.252252e-01	7.087583e-03
2.262262e-01	7.149538e-03
2.272272e-01	7.211492e-03
2.282282e-01	7.273447e-03
2.292292e-01	7.335401e-03
2.302302e-01	7.397356e-03
2.312312e-01	7.459310e-03
2.322322e-01	7.521265e-03
2.332332e-01	7.583219e-03
2.342342e-01	7.645174e-03
2.352352e-01	7.707128e-03
2.362362e-01	7.769083e-03
2.372372e-01	7.831037e-03
2.382382e-01	7.892991e-03
2.392392e-01	7.954946e-03
2.402402e-01	8.016900e-03
2.412412e-01	8.078855e-03
2.422422e-01	8.140809e-03
2.432432e-01	8.202764e-03
2.442442e-01	8.264718e-03
2.452452e-01	8.326673e-03
2.462462e-01	8.388627e-03
2.472472e-01	8.450582e-03
2.482482e-01	8.512536e-03
2.492492e-01	8.574491e-03
2.502503e-01	8.636445e-03
2.512513e-01	8.698400e-03
2.522523e-01	8.760354e-03
2.532533e-01	8.822309e-03
2.542543e-01	8.884263e-03
2.552553e-01	8.946218e-03
2.562563e-01	9.008172e-03
2.572573e-01	9.070127e-03
2.582583e-01	9.132081e-03
2.592593e-01	9.194036e-03
2.602603e-01	9.255990e-03
2.612613e-01	9.317945e-03
2.622623e-01	9.379899e-03
2.632633e-01	9.441854e-03
2.642643e-01	9.503808e-03
2.652653e-01	9.565763e-03
2.662663e-01	9.627717e-03
2.672673e-01	9.689672e-03
2.682683e-01	9.751626e-03
2.692693e-01	9.813580e-03
2.702703e-01	9.875535e-03
2.712713e-01	9.937489e-03
2.722723e-01	9.999444e-03
2.732733e-01	1.006140e-02
2.742743e-01	1.012335e-02
2.752753e-01	1.018531e-02
2.762763e-01	1.024726e-02
2.772773e-01	1.030922e-02
2.782783e-01	1.037117e-02
2.792793e-01	1.043313e-02
2.802803e-01	1.049508e-02
2.812813e-01	1.055703e-02
2.822823e-01	1.061899e-02
2.832833e-01	1.068094e-02
2.842843e-01	1.074290e-02
2.852853e-01	1.080485e-02
2.862863e-01	1.086681e-02
2.872873e-01	1.092876e-02
2.882883e-01	1.099072e-02
2.892893e-01	1.105267e-02
2.902903e-01	1.111462e-02
2.912913e-01	1.117658e-02
2.922923e-01	1.123853e-02
2.932933e-01	1.130049e-02
2.942943e-01	1.136244e-02
2.952953e-01	1.142440e-02
2.962963e-01	1.148635e-02
2.972973e-01	1.154831e-02
2.982983e-01	1.161026e-02
2.992993e-01	1.167222e-02
3.003003e-01	1.173417e-02
3.013013e-01	1.179612e-02
3.023023e-01	1.185808e-02
3.033033e-01	1.192003e-02
3.043043e-01	1.198199e-02
3.053053e-01	1.204394e-02
3.063063e-01	1.210590e-02
3.073073e-01	1.216785e-02
3.083083e-01	1.222981e-02
3.093093e-01	1.229176e-02
3.103103e-01	1.235371e-02
3.113113e-01	1.241567e-02
3.123123e-01	1.247762e-02
3.133133e-01	1.253958e-02
3.143143e-01	1.260153e-02
3.153153e-01	1.266349e-02
3.163163e-01	1.272544e-02
3.173173e-01	1.278740e-02
3.183183e-01	1.284935e-02
3.193193e-01	1.291130e-02
3.203203e-01	1.297326e-02
3.213213e-01	1.334178e-02
3.223223e-01	1.394311e-02
3.233233e-01	1.454444e-02
3.243243e-01	1.514577e-02
3.253253e-01	1.574709e-02
3.263263e-01	1.634842e-02
3.273273e-01	1.694975e-02
3.283283e-01	1.755108e-02
3.293293e-01	1.815241e-02
3.303303e-01	1.875373e-02
3.313313e-01	1.935506e-02
3.323323e-01	1.995639e-02
3.333333e-01	2.055772e-02
3.343343e-01	2.115905e-02
3.353353e-01	2.176037e-02
3.363363e-01	2.236170e-02
3.373373e-01	2.296303e-02
3.383383e-01	2.356436e-02
3.393393e-01	2.416569e-02
3.403403e-01	2.476701e-02
3.413413e-01	2.536834e-02
3.423423e-01	2.596967e-02
3.433433e-01	2.657100e-02
3.443443e-01	2.717232e-02
3.453453e-01	2.777365e-02
3.463463e-01	2.837498e-02
3.473473e-01	2.897631e-02
3.483483e-01	2.957764e-02
3.493493e-01	3.017896e-02
3.503504e-01	3.078029e-02
3.513514e-01	3.138162e-02
3.523524e-01	3.198295e-02
3.533534e-01	3.258428e-02
3.543544e-01	3.311721e-02
3.553554e-01	3.349694e-02
3.563564e-01	3.387667e-02
3.573574e-01	3.425640e-02
3.583584e-01	3.463614e-02
3.593594e-01	3.501587e-02
3.603604e-01	3.539560e-02
3.613614e-01	3.577533e-02
3.623624e-01	3.615507e-02
3.633634e-01	3.653480e-02
3.643644e-01	3.691453e-02
3.653654e-01	3.729426e-02
3.663664e-01	3.767400e-02
3.673674e-01	3.805373e-02
3.683684e-01	3.843346e-02
3.693694e-01	3.881319e-02
3.703704e-01	3.919293e-02
3.713714e-01	3.957266e-02
3.723724e-01	3.995239e-02
3.733734e-01	4.033212e-02
3.743744e-01	4.071186e-02
3.753754e-01	4.109159e-02
3.763764e-01	4.147132e-02
3.773774e-01	4.185105e-02
3.783784e-01	4.223079e-02
3.793794e-01	4.261052e-02
3.803804e-01	4.299025e-02
3.813814e-01	4.336998e-02
3.823824e-01	4.374972e-02
3.833834e-01	4.412945e-02
3.843844e-01	4.450918e-02
3.853854e-01	4.488891e-02
3.863864e-01	4.526865e-02
3.873874e-01	4.564838e-02
3.883884e-01	4.602811e-02
3.893894e-01	4.640784e-02
3.903904e-01	4.678758e-02
3.913914e-01	4.716731e-02
3.923924e-01	4.754704e-02
3.933934e-01	4.792677e-02
3.943944e-01	4.830651e-02
3.953954e-01	4.868624e-02
3.963964e-01	4.906597e-02
3.973974e-01	4.944570e-02
3.983984e-01	4.982544e-02
3.993994e-01	5.020517e-02
4.004004e-01	5.058490e-02
4.014014e-01	5.096463e-02
4.024024e-01	5.134437e-02
4.034034e-01	5.172410e-02
4.044044e-01	5.210383e-02
4.054054e-01	5.248356e-02
4.064064e-01	5.286330e-02
4.074074e-01	5.324303e-02
4.084084e-01	5.362276e-02
4.094094e-01	5.400249e-02
4.104104e-01	5.438223e-02
4.114114e-01	5.476196e-02
4.124124e-01	5.514169e-02
4.134134e-01	5.552142e-02
4.144144e-01	5.590116e-02
4.154154e-01	5.628089e-02
4.164164e-01	5.666062e-02
4.174174e-01	5.704035e-02
4.184184e-01	5.742009e-02
4.194194e-01	5.779982e-02
4.204204e-01	5.817955e-02
4.214214e-01	5.855928e-02
4.224224e-01	5.893902e-02
4.234234e-01	5.931875e-02
4.244244e-01	5.969848e-02
4.254254e-01	6.007821e-02
4.264264e-01	6.045795e-02
4.274274e-01	6.083768e-02
4.284284e-01	6.121741e-02
4.294294e-01	6.159714e-02
4.304304e-01	6.197688e-02
4.314314e-01	6.235661e-02
4.324324e-01	6.273634e-02
4.334334e-01	6.311607e-02
4.344344e-01	6.349581e-02
4.354354e-01	6.387554e-02
4.364364e-01	6.425527e-02
4.374374e-01	6.463500e-02
4.384384e-01	6.501474e-02
4.394394e-01	6.539447e-02
4.404404e-01	6.577420e-02
4.414414e-01	6.615393e-02
4.424424e-01	6.653367e-02
4.434434e-01	6.691340e-02
4.444444e-01	6.729313e-02
4.454454e-01	6.767286e-02
4.464464e-01	6.805260e-02
4.474474e-01	6.843233e-02
4.484484e-01	6.881206e-02
4.494494e-01	6.919179e-02
4.504505e-01	6.957153e-02
4.514515e-01	6.995126e-02
4.524525e-01	7.033099e-02
4.534535e-01	7.071072e-02
4.544545e-01	7.109046e-02
4.554555e-01	7.147019e-02
4.564565e-01	7.184992e-02
4.574575e-01	7.222965e-02
4.584585e-01	7.260939e-02
4.594595e-01	7.298912e-02
4.604605e-01	7.336885e-02
4.614615e-01	7.374858e-02
4.624625e-01	7.412832e-02
4.634635e-01	7.450805e-02
4.644645e-01	7.488778e-02
4.654655e-01	7.526751e-02
4.664665e-01	7.564725e-02
4.674675e-01	7.602698e-02
4.684685e-01	7.640671e-02
4.694695e-01	7.678644e-02
4.704705e-01	7.716617e-02
4.714715e-01	7.754591e-02
4.724725e-01	7.792564e-02
4.734735e-01	7.830537e-02
4.744745e-01	7.868510e-02
4.754755e-01	7.906484e-02
4.764765e-01	7.944457e-02
4.774775e-01	7.982430e-02
4.784785e-01	8.020403e-02
4.794795e-01	8.058377e-02
4.804805e-01	8.096350e-02
4.814815e-01	8.134323e-02
4.824825e-01	8.172296e-02
4.834835e-01	8.224216e-02
4.844845e-01	8.313758e-02
4.854855e-01	8.403299e-02
4.864865e-01	8.492841e-02
4.874875e-01	8.582382e-02
4.884885e-01	8.671924e-02
4.894895e-01	8.761465e-02
4.904905e-01	8.851007e-02
4.914915e-01	8.940548e-02
4.924925e-01	9.030090e-02
4.934935e-01	9.119631e-02
4.944945e-01	9.209173e-02
4.954955e-01	9.298714e-02
4.964965e-01	9.388256e-02
4.974975e-01	9.477797e-02
4.984985e-01	9.567339e-02
4.994995e-01	9.656880e-02
5.005005e-01	9.746422e-02
5.015015e-01	9.835964e-02
5.025025e-01	9.925505e-02
5.035035e-01	1.001505e-01
5.045045e-01	1.010459e-01
5.055055e-01	1.019413e-01
5.065065e-01	1.028367e-01
5.075075e-01	1.037321e-01
5.085085e-01	1.046275e-01
5.095095e-01	1.055230e-01
5.105105e-01	1.064184e-01
5.115115e-01	1.073138e-01
5.125125e-01	1.082092e-01
5.135135e-01	1.091046e-01
5.145145e-01	1.100000e-01
5.155155e-01	1.108954e-01
5.165165e-01	1.117909e-01
5.175175e-01	1.126863e-01
5.185185e-01	1.135817e-01
5.195195e-01	1.144771e-01
5.205205e-01	1.153725e-01
5.215215e-01	1.162679e-01
5.225225e-01	1.171634e-01
5.235235e-01	1.180588e-01
5.245245e-01	1.189542e-01
5.255255e-01	1.198496e-01
5.265265e-01	1.207450e-01
5.275275e-01	1.216404e-01
5.285285e-01	1.225358e-01
5.295295e-01	1.234313e-01
5.305305e-01	1.243267e-01
5.315315e-01	1.252221e-01
5.325325e-01	1.261175e-01
5.335335e-01	1.270129e-01
5.345345e-01	1.279083e-01
5.355355e-01	1.288038e-01
5.365365e-01	1.296992e-01
5.375375e-01	1.305946e-01
5.385385e-01	1.314900e-01
5.395395e-01	1.323854e-01
5.405405e-01	1.332808e-01
5.415415e-01	1.341762e-01
5.425425e-01	1.350717e-01
5.435435e-01	1.359671e-01
5.445445e-01	1.368625e-01
5.455455e-01	1.377579e-01
5.465465e-01	1.386533e-01
5.475475e-01	1.395487e-01
5.485485e-01	1.404441e-01
5.495495e-01	1.413396e-01
5.505506e-01	1.422350e-01
5.515516e-01	1.431304e-01
5.525526e-01	1.440258e-01
5.535536e-01	1.449212e-01
5.545546e-01	1.458166e-01
5.555556e-01	1.467121e-01
5.565566e-01	1.476075e-01
5.575576e-01	1.485029e-01
5.585586e-01	1.493983e-01
5.595596e-01	1.502937e-01
5.605606e-01	1.511891e-01
5.615616e-01	1.520845e-01
5.625626e-01	1.529800e-01
5.635636e-01	1.538754e-01
5.645646e-01	1.547708e-01
5.655656e-01	1.556662e-01
5.665666e-01	1.565616e-01
5.675676e-01	1.574570e-01
5.685686e-01	1.583525e-01
5.695696e-01	1.592479e-01
5.705706e-01	1.601433e-01
5.715716e-01	1.610387e-01
5.725726e-01	1.619341e-01
5.735736e-01	1.628295e-01
5.745746e-01	1.637249e-01
5.755756e-01	1.646204e-01
5.765766e-01	1.655158e-01
5.775776e-01	1.664112e-01
5.785786e-01	1.673066e-01
5.795796e-01	1.682020e-01
5.805806e-01	1.690974e-01
5.815816e-01	1.699929e-01
5.825826e-01	1.708883e-01
5.835836e-01	1.717837e-01
5.845846e-01	1.726791e-01
5.855856e-01	1.735745e-01
5.865866e-01	1.744699e-01
5.875876e-01	1.753653e-01
5.885886e-01	1.762608e-01
5.895896e-01	1.771562e-01
5.905906e-01	1.780516e-01
5.915916e-01	1.789470e-01
5.925926e-01	1.798424e-01
5.935936e-01	1.807378e-01
5.945946e-01	1.816332e-01
5.955956e-01	1.825287e-01
5.965966e-01	1.834241e-01
5.975976e-01	1.843195e-01
5.985986e-01	1.852149e-01
5.995996e-01	1.861103e-01
6.006006e-01	1.870057e-01
6.016016e-01	1.879012e-01
6.026026e-01	1.887966e-01
6.036036e-01	1.896920e-01
6.046046e-01	1.905874e-01
6.056056e-01	1.914828e-01
6.066066e-01	1.923782e-01
6.076076e-01	1.932736e-01
6.086086e-01	1.941691e-01
6.096096e-01	1.950645e-01
6.106106e-01	1.959599e-01
6.116116e-01	1.968553e-01
6.126126e-01	1.977507e-01
6.136136e-01	1.986461e-01
6.146146e-01	1.995416e-01
6.156156e-01	2.044448e-01
6.166166e-01	2.135528e-01
6.176176e-01	2.226609e-01
6.186186e-01	2.317689e-01
6.196196e-01	2.408770e-01
6.206206e-01	2.499850e-01
6.216216e-01	2.590931e-01
6.226226e-01	2.682011e-01
6.236236e-01	2.773091e-01
6.246246e-01	2.864172e-01
6.256256e-01	2.955252e-01
6.266266e-01	3.046333e-01
6.276276e-01	3.137413e-01
6.286286e-01	3.228494e-01
6.296296e-01	3.319574e-01
6.306306e-01	3.410655e-01
6.316316e-01	3.501735e-01
6.326326e-01	3.592815e-01
6.336336e-01	3.683896e-01
6.346346e-01	3.774976e-01
6.356356e-01	3.866057e-01
6.366366e-01	3.957137e-01
6.376376e-01	4.048218e-01
6.386386e-01	4.139298e-01
6.396396e-01	4.230379e-01
6.406406e-01	4.321459e-01
6.416416e-01	4.412539e-01
6.426426e-01	4.503620e-01
6.436436e-01	4.594700e-01
6.446446e-01	4.685781e-01
6.456456e-01	4.776861e-01
6.466466e-01	4.867942e-01
6.476476e-01	4.959022e-01
6.486486e-01	5.050103e-01
6.496496e-01	5.138914e-01
6.506507e-01	5.224977e-01
6.516517e-01	5.311039e-01
6.526527e-01	5.397102e-01
6.536537e-01	5.483165e-01
6.546547e-01	5.569227e-01
6.556557e-01	5.655290e-01
6.566567e-01	5.741352e-01
6.576577e-01	5.827415e-01
6.586587e-01	5.913478e-01
6.596597e-01	5.999540e-01
6.606607e-01	6.085603e-01
6.616617e-01	6.171666e-01
6.626627e-01	6.257728e-01
6.636637e-01	6.343791e-01
6.646647e-01	6.429853e-01
6.656657e-01	6.515916e-01
6.666667e-01	6.601979e-01
6.676677e-01	6.688041e-01
6.686687e-01	6.774104e-01
6.696697e-01	6.860167e-01
6.706707e-01	6.946229e-01
6.716717e-01	7.032292e-01
6.726727e-01	7.118354e-01
6.736737e-01	7.204417e-01
6.746747e-01	7.290480e-01
6.756757e-01	7.376542e-01
6.766767e-01	7.462605e-01
6.776777e-01	7.548668e-01
6.786787e-01	7.634730e-01
6.796797e-01	7.720793e-01
6.806807e-01	7.806855e-01
6.816817e-01	7.892918e-01
6.826827e-01	7.978981e-01
6.836837e-01	8.065043e-01
6.846847e-01	8.151106e-01
6.856857e-01	8.237169e-01
6.866867e-01	8.323231e-01
6.876877e-01	8.409294e-01
6.886887e-01	8.495356e-01
6.896897e-01	8.581419e-01
6.906907e-01	8.667482e-01
6.916917e-01	8.753544e-01
6.926927e-01	8.839607e-01
6.936937e-01	8.925670e-01
6.946947e-01	9.011732e-01
6.956957e-01	9.097795e-01
6.966967e-01	9.183857e-01
6.976977e-01	9.269920e-01
6.986987e-01	9.355983e-01
6.996997e-01	9.442045e-01
7.007007e-01	9.528108e-01
7.017017e-01	9.614171e-01
7.027027e-01	9.700233e-01
7.037037e-01	9.786296e-01
7.047047e-01	9.872358e-01
7.057057e-01	9.958421e-01
7.067067e-01	1.004448e+00
7.077077e-01	1.013055e+00
7.087087e-01	1.021661e+00
7.097097e-01	1.030267e+00
7.107107e-01	1.038873e+00
7.117117e-01	1.047480e+00
7.127127e-01	1.056086e+00
7.137137e-01	1.064692e+00
7.147147e-01	1.073298e+00
7.157157e-01	1.081905e+00
7.167167e-01	1.090511e+00
7.177177e-01	1.099117e+00
7.187187e-01	1.107724e+00
7.197197e-01	1.116330e+00
7.207207e-01	1.124936e+00
7.217217e-01	1.133542e+00
7.227227e-01	1.142149e+00
7.237237e-01	1.150755e+00
7.247247e-01	1.159361e+00
7.257257e-01	1.167967e+00
7.267267e-01	1.176574e+00
7.277277e-01	1.185180e+00
7.287287e-01	1.193786e+00
7.297297e-01	1.202392e+00
7.307307e-01	1.210999e+00
7.317317e-01	1.219605e+00
7.327327e-01	1.228211e+00
7.337337e-01	1.236817e+00
7.347347e-01	1.245424e+00
7.357357e-01	1.254030e+00
7.367367e-01	1.262636e+00
7.377377e-01	1.271243e+00
7.387387e-01	1.279849e+00
7.397397e-01	1.288455e+00
7.407407e-01	1.297061e+00
7.417417e-01	1.315173e+00
7.427427e-01	1.338213e+00
7.437437e-01	1.361254e+00
7.447447e-01	1.384294e+00
7.457457e-01	1.407335e+00
7.467467e-01	1.430375e+00
7.477477e-01	1.453416e+00
7.487487e-01	1.476456e+00
7.497497e-01	1.499497e+00
7.507508e-01	1.522537e+00
7.517518e-01	1.545577e+00
7.527528e-01	1.568618e+00
7.537538e-01	1.591658e+00
7.547548e-01	1.614699e+00
7.557558e-01	1.637739e+00
7.567568e-01	1.660780e+00
7.577578e-01	1.683820e+00
7.587588e-01	1.706860e+00
7.597598e-01	1.729901e+00
7.607608e-01	1.752941e+00
7.617618e-01	1.775982e+00
7.627628e-01	1.799022e+00
7.637638e-01	1.822063e+00
7.647648e-01	1.845103e+00
7.657658e-01	1.868144e+00
7.667668e-01	1.891184e+00
7.677678e-01	1.914224e+00
7.687688e-01	1.937265e+00
7.697698e-01	1.960305e+00
7.707708e-01	1.983346e+00
7.717718e-01	2.006386e+00
7.727728e-01	2.029427e+00
7.737738e-01	2.052467e+00
7.747748e-01	2.075508e+00
7.757758e-01	2.098548e+00
7.767768e-01	2.121588e+00
7.777778e-01	2.144629e+00
7.787788e-01	2.167669e+00
7.797798e-01	2.190710e+00
7.807808e-01	2.213750e+00
7.817818e-01	2.236791e+00
7.827828e-01	2.259831e+00
7.837838e-01	2.282871e+00
7.847848e-01	2.305912e+00
7.857858e-01	2.328952e+00
7.867868e-01	2.351993e+00
7.877878e-01	2.375033e+00
7.887888e-01	2.398074e+00
7.897898e-01	2.421114e+00
7.907908e-01	2.444155e+00
7.917918e-01	2.467195e+00
7.927928e-01	2.490235e+00
7.937938e-01	2.513276e+00
7.947948e-01	2.536316e+00
7.957958e-01	2.559357e+00
7.967968e-01	2.582397e+00
7.977978e-01	2.605438e+00
7.987988e-01	2.628478e+00
7.997998e-01	2.651518e+00
8.008008e-01	2.674559e+00
8.018018e-01	2.697599e+00
8.028028e-01	2.720640e+00
8.038038e-01	2.743680e+00
8.048048e-01	2.766721e+00
8.058058e-01	2.789761e+00
8.068068e-01	2.812802e+00
8.078078e-01	2.835842e+00
8.088088e-01	2.858882e+00
8.098098e-01	2.881923e+00
8.108108e-01	2.904963e+00
8.118118e-01	2.928004e+00
8.128128e-01	2.951044e+00
8.138138e-01	2.974085e+00
8.148148e-01	2.997125e+00
8.158158e-01	3.020165e+00
8.168168e-01	3.043206e+00
8.178178e-01	3.066246e+00
8.188188e-01	3.089287e+00
8.198198e-01	3.112327e+00
8.208208e-01	3.135368e+00
8.218218e-01	3.158408e+00
8.228228e-01	3.181449e+00
8.238238e-01	3.209059e+00
8.248248e-01	3.255555e+00
8.258258e-01	3.302052e+00
8.268268e-01	3.348549e+00
8.278278e-01	3.395045e+00
8.288288e-01	3.441542e+00
8.298298e-01	3.488038e+00
8.308308e-01	3.534535e+00
8.318318e-01	3.581031e+00
8.328328e-01	3.627528e+00
8.338338e-01	3.674024e+00
8.348348e-01	3.720521e+00
8.358358e-01	3.767017e+00
8.368368e-01	3.813514e+00
8.378378e-01	3.860010e+00
8.388388e-01	3.906507e+00
8.398398e-01	3.953003e+00
8.408408e-01	3.999500e+00
8.418418e-01	4.045996e+00
8.428428e-01	4.092493e+00
8.438438e-01	4.138989e+00
8.448448e-01	4.185486e+00
8.458458e-01	4.231982e+00
8.468468e-01	4.278479e+00
8.478478e-01	4.324975e+00
8.488488e-01	4.371472e+00
8.498498e-01	4.417968e+00
8.508509e-01	4.464465e+00
8.518519e-01	4.510962e+00
8.528529e-01	4.557458e+00
8.538539e-01	4.603955e+00
8.548549e-01	4.650451e+00
8.558559e-01	4.696948e+00
8.568569e-01	4.743444e+00
8.578579e-01	4.789941e+00
8.588589e-01	4.836437e+00
8.598599e-01	4.882934e+00
8.608609e-01	4.929430e+00
8.618619e-01	4.975927e+00
8.628629e-01	5.022423e+00
8.638639e-01	5.068920e+00
8.648649e-01	5.115416e+00
8.658659e-01	5.161913e+00
8.668669e-01	5.208409e+00
8.678679e-01	5.254906e+00
8.688689e-01	5.301402e+00
8.698699e-01	5.347899e+00
8.708709e-01	5.394395e+00
8.718719e-01	5.440892e+00
8.728729e-01	5.487388e+00
8.738739e-01	5.533885e+00
8.748749e-01	5.580381e+00
8.758759e-01	5.626878e+00
8.768769e-01	5.673374e+00
8.778779e-01	5.719871e+00
8.788789e-01	5.766368e+00
8.798799e-01	5.812864e+00
8.808809e-01	5.859361e+00
8.818819e-01	5.905857e+00
8.828829e-01	5.952354e+00
8.838839e-01	5.998850e+00
8.848849e-01	6.045347e+00
8.858859e-01	6.091843e+00
8.868869e-01	6.138340e+00
8.878879e-01	6.184836e+00
8.888889e-01	6.231333e+00
8.898899e-01	6.277829e+00
8.908909e-01	6.324326e+00
8.918919e-01	6.370822e+00
8.928929e-01	6.417319e+00
8.938939e-01	6.463815e+00
8.948949e-01	6.510312e+00
8.958959e-01	6.556808e+00
8.968969e-01	6.603305e+00
8.978979e-01	6.649801e+00
8.988989e-01	6.696298e+00
8.998999e-01	6.742794e+00
9.009009e-01	6.789291e+00
9.019019e-01	6.835787e+00
9.029029e-01	6.882284e+00
9.039039e-01	6.928781e+00
9.049049e-01	6.975277e+00
9.059059e-01	7.021774e+00
9.069069e-01	7.068270e+00
9.079079e-01	7.114767e+00
9.089089e-01	7.161263e+00
9.099099e-01	7.207760e+00
9.109109e-01	7.254256e+00
9.119119e-01	7.300753e+00
9.129129e-01	7.347249e+00
9.139139e-01	7.393746e+00
9.149149e-01	7.440242e+00
9.159159e-01	7.486739e+00
9.169169e-01	7.533235e+00
9.179179e-01	7.579732e+00
9.189189e-01	7.626228e+00
9.199199e-01	7.672725e+00
9.209209e-01	7.719221e+00
9.219219e-01	7.765718e+00
9.229229e-01	7.812214e+00
9.239239e-01	7.858711e+00
9.249249e-01	7.905207e+00
9.259259e-01	7.951704e+00
9.269269e-01	7.998200e+00
9.279279e-01	8.324631e+00
9.289289e-01	8.662331e+00
9.299299e-01	9.000032e+00
9.309309e-01	9.337733e+00
9.319319e-01	9.675433e+00
9.329329e-01	1.001313e+01
9.339339e-01	1.035083e+01
9.349349e-01	1.068854e+01
9.359359e-01	1.102624e+01
9.369369e-01	1.136394e+01
9.379379e-01	1.170164e+01
9.389389e-01	1.203934e+01
9.399399e-01	1.237704e+01
9.409409e-01	1.271474e+01
9.419419e-01	1.305244e+01
9.429429e-01	1.339014e+01
9.439439e-01	1.372784e+01
9.449449e-01	1.406554e+01
9.459459e-01	1.440324e+01
9.469469e-01	1.474094e+01
9.479479e-01	1.507864e+01
9.489489e-01	1.541634e+01
9.499499e-01	1.575404e+01
9.509510e-01	1.609175e+01
9.519520e-01	1.642945e+01
9.529530e-01	1.676715e+01
9.539540e-01	1.710485e+01
9.549550e-01	1.744255e+01
9.559560e-01	1.778025e+01
9.569570e-01	1.811795e+01
9.579580e-01	1.845565e+01
9.589590e-01	1.879335e+01
9.599600e-01	1.913105e+01
9.609610e-01	1.946875e+01
9.619620e-01	1.980645e+01
9.629630e-01	2.034216e+01
9.639640e-01	2.114372e+01
9.649650e-01	2.194529e+01
9.659660e-01	2.274685e+01
9.669670e-01	2.354841e+01
9.679680e-01	2.434998e+01
9.689690e-01	2.515154e+01
9.699700e-01	2.595310e+01
9.709710e-01	2.675467e+01
9.719720e-01	2.755623e+01
9.729730e-01	2.835779e+01
9.739740e-01	2.915936e+01
9.749750e-01	2.996092e+01
9.759760e-01	3.076248e+01
9.769770e-01	3.156405e+01
9.779780e-01	3.236561e+01
9.789790e-01	3.316717e+01
9.799800e-01	3.396874e+01
9.809810e-01	3.477030e+01
9.819820e-01	3.557186e+01
9.829830e-01	3.637343e+01
9.839840e-01	3.717499e+01
9.849850e-01	3.797655e+01
9.859860e-01	3.877811e+01
9.869870e-01	3.957968e+01
9.879880e-01	4.038124e+01
9.889890e-01	4.118280e+01
9.899900e-01	4.198437e+01
9.909910e-01	4.278593e+01
9.919920e-01	4.358749e+01
9.929930e-01	4.438906e+01
9.939940e-01	4.519062e+01
9.949950e-01	4.599218e+01
9.959960e-01	4.679375e+01
9.969970e-01	4.759531e+01
9.979980e-01	4.839687e+01
9.989990e-01	4.919844e+01
1.000000e+00	5.000000e+01
