# q	y_q
0.000000e+00	2.412347e+02
1.001001e-03	7.515506e+02
2.002002e-03	9.088012e+02
3.003003e-03	1.066052e+03
4.004004e-03	1.213034e+03
5.005005e-03	1.276018e+03
6.006006e-03	1.339001e+03
7.007007e-03	1.401985e+03
8.008008e-03	1.464969e+03
9.009009e-03	1.527952e+03
1.001001e-02	1.590936e+03
1.101101e-02	1.653920e+03
1.201201e-02	1.702259e+03
1.301301e-02	1.732603e+03
1.401401e-02	1.762948e+03
1.501502e-02	1.793293e+03
1.601602e-02	1.823638e+03
1.701702e-02	1.853983e+03
1.801802e-02	1.884328e+03
1.901902e-02	1.914672e+03
2.002002e-02	1.945017e+03
2.102102e-02	1.975362e+03
2.202202e-02	2.005707e+03
2.302302e-02	2.036052e+03
2.402402e-02	2.066397e+03
2.502503e-02	2.096741e+03
2.602603e-02	2.127086e+03
2.702703e-02	2.157431e+03
2.802803e-02	2.180221e+03
2.902903e-02	2.196809e+03
3.003003e-02	2.213396e+03
3.103103e-02	2.229983e+03
3.203203e-02	2.246571e+03
3.303303e-02	2.263158e+03
3.403403e-02	2.279745e+03
3.503504e-02	2.296333e+03
3.603604e-02	2.312920e+03
3.703704e-02	2.329508e+03
3.803804e-02	2.346095e+03
3.903904e-02	2.362682e+03
4.004004e-02	2.379270e+03
4.104104e-02	2.395857e+03
4.204204e-02	2.412445e+03
4.304304e-02	2.429032e+03
4.404404e-02	2.445619e+03
4.504505e-02	2.462207e+03
4.604605e-02	2.478794e+03
4.704705e-02	2.495381e+03
4.804805e-02	2.511969e+03
4.904905e-02	2.528556e+03
5.005005e-02	2.545144e+03
5.105105e-02	2.561731e+03
5.205205e-02	2.578318e+03
5.305305e-02	2.594906e+03
5.405405e-02	2.611493e+03
5.505506e-02	2.628080e+03
5.605606e-02	2.644668e+03
5.705706e-02	2.658417e+03
5.805806e-02	2.668868e+03
5.905906e-02	2.679319e+03
6.006006e-02	2.689770e+03
6.106106e-02	2.700221e+03
6.206206e-02	2.710672e+03
6.306306e-02	2.721123e+03
6.406406e-02	2.731574e+03
6.506507e-02	2.742025e+03
6.606607e-02	2.752476e+03
6.706707e-02	2.762927e+03
6.806807e-02	2.773378e+03
6.906907e-02	2.783829e+03
7.007007e-02	2.794280e+03
7.107107e-02	2.804732e+03
7.207207e-02	2.815183e+03
7.307307e-02	2.825634e+03
7.407407e-02	2.836085e+03
7.507508e-02	2.846536e+03
7.607608e-02	2.856987e+03
7.707708e-02	2.867438e+03
7.807808e-02	2.877889e+03
7.907908e-02	2.888340e+03
8.008008e-02	2.898791e+03
8.108108e-02	2.909242e+03
8.208208e-02	2.919693e+03
8.308308e-02	2.930144e+03
8.408408e-02	2.940595e+03
8.508509e-02	2.951047e+03
8.608609e-02	2.961498e+03
8.708709e-02	2.971949e+03
8.808809e-02	2.982400e+03
8.908909e-02	2.992851e+03
9.009009e-02	3.003302e+03
9.109109e-02	3.013753e+03
9.209209e-02	3.024204e+03
9.309309e-02	3.034655e+03
9.409409e-02	3.045106e+03
9.509510e-02	3.055557e+03
9.609610e-02	3.066008e+03
9.709710e-02	3.076459e+03
9.809810e-02	3.086910e+03
9.909910e-02	3.097362e+03
1.001001e-01	3.107813e+03
1.011011e-01	3.118264e+03
1.021021e-01	3.128715e+03
1.031031e-01	3.138231e+03
1.041041e-01	3.145546e+03
1.051051e-01	3.152861e+03
1.061061e-01	3.160177e+03
1.071071e-01	3.167492e+03
1.081081e-01	3.174807e+03
1.091091e-01	3.182122e+03
1.101101e-01	3.189437e+03
1.111111e-01	3.196752e+03
1.121121e-01	3.204067e+03
1.131131e-01	3.211382e+03
1.141141e-01	3.218697e+03
1.151151e-01	3.226013e+03
1.161161e-01	3.233328e+03
1.171171e-01	3.240643e+03
1.181181e-01	3.247958e+03
1.191191e-01	3.255273e+03
1.201201e-01	3.262588e+03
1.211211e-01	3.269903e+03
1.221221e-01	3.277218e+03
1.231231e-01	3.284533e+03
1.241241e-01	3.291849e+03
1.251251e-01	3.299164e+03
1.261261e-01	3.306479e+03
1.271271e-01	3.313794e+03
1.281281e-01	3.321109e+03
1.291291e-01	3.328424e+03
1.301301e-01	3.335739e+03
1.311311e-01	3.343054e+03
1.321321e-01	3.350369e+03
1.331331e-01	3.357684e+03
1.341341e-01	3.365000e+03
1.351351e-01	3.372315e+03
1.361361e-01	3.379630e+03
1.371371e-01	3.386945e+03
1.381381e-01	3.394260e+03
1.391391e-01	3.401575e+03
1.401401e-01	3.408890e+03
1.411411e-01	3.416205e+03
1.421421e-01	3.423520e+03
1.431431e-01	3.430836e+03
1.441441e-01	3.438151e+03
1.451451e-01	3.445466e+03
1.461461e-01	3.452781e+03
1.471471e-01	3.460096e+03
1.481481e-01	3.467411e+03
1.491491e-01	3.474726e+03
1.501502e-01	3.482041e+03
1.511512e-01	3.489356e+03
1.521522e-01	3.496671e+03
1.531532e-01	3.503987e+03
1.541542e-01	3.511302e+03
1.551552e-01	3.518617e+03
1.561562e-01	3.525932e+03
1.571572e-01	3.533247e+03
1.581582e-01	3.540562e+03
1.591592e-01	3.547877e+03
1.601602e-01	3.555192e+03
1.611612e-01	3.562507e+03
1.621622e-01	3.569823e+03
1.631632e-01	3.577138e+03
1.641642e-01	3.584453e+03
1.651652e-01	3.591768e+03
1.661662e-01	3.599083e+03
1.671672e-01	3.606398e+03
1.681682e-01	3.613713e+03
1.691692e-01	3.620504e+03
1.701702e-01	3.626288e+03
1.711712e-01	3.632072e+03
1.721722e-01	3.637857e+03
1.731732e-01	3.643641e+03
1.741742e-01	3.649425e+03
1.751752e-01	3.655210e+03
1.761762e-01	3.660994e+03
1.771772e-01	3.666779e+03
1.781782e-01	3.672563e+03
1.791792e-01	3.678347e+03
1.801802e-01	3.684132e+03
1.811812e-01	3.689916e+03
1.821822e-01	3.695700e+03
1.831832e-01	3.701485e+03
1.841842e-01	3.707269e+03
1.851852e-01	3.713053e+03
1.861862e-01	3.718838e+03
1.871872e-01	3.724622e+03
1.881882e-01	3.730407e+03
1.891892e-01	3.736191e+03
1.901902e-01	3.741975e+03
1.911912e-01	3.747760e+03
1.921922e-01	3.753544e+03
1.931932e-01	3.759328e+03
1.941942e-01	3.765113e+03
1.951952e-01	3.770897e+03
1.961962e-01	3.776682e+03
1.971972e-01	3.782466e+03
1.981982e-01	3.788250e+03
1.991992e-01	3.794035e+03
2.002002e-01	3.799819e+03
2.012012e-01	3.805603e+03
2.022022e-01	3.811388e+03
2.032032e-01	3.817172e+03
2.042042e-01	3.822956e+03
2.052052e-01	3.828741e+03
2.062062e-01	3.834525e+03
2.072072e-01	3.840310e+03
2.082082e-01	3.846094e+03
2.092092e-01	3.851878e+03
2.102102e-01	3.857663e+03
2.112112e-01	3.863447e+03
2.122122e-01	3.869231e+03
2.132132e-01	3.875016e+03
2.142142e-01	3.880800e+03
2.152152e-01	3.886585e+03
2.162162e-01	3.892369e+03
2.172172e-01	3.898153e+03
2.182182e-01	3.903938e+03
2.192192e-01	3.909722e+03
2.202202e-01	3.915506e+03
2.212212e-01	3.921291e+03
2.222222e-01	3.927075e+03
2.232232e-01	3.932860e+03
2.242242e-01	3.938644e+03
2.252252e-01	3.944428e+03
2.262262e-01	3.950213e+03
2.272272e-01	3.955997e+03
2.282282e-01	3.961781e+03
2.292292e-01	3.967566e+03
2.302302e-01	3.973350e+03
2.312312e-01	3.979134e+03
2.322322e-01	3.984919e+03
2.332332e-01	3.990703e+03
2.342342e-01	3.996488e+03
2.352352e-01	4.002272e+03
2.362362e-01	4.008056e+03
2.372372e-01	4.013841e+03
2.382382e-01	4.019625e+03
2.392392e-01	4.025409e+03
2.402402e-01	4.031194e+03
2.412412e-01	4.036978e+03
2.422422e-01	4.042763e+03
2.432432e-01	4.048547e+03
2.442442e-01	4.054331e+03
2.452452e-01	4.060116e+03
2.462462e-01	4.065900e+03
2.472472e-01	4.071684e+03
2.482482e-01	4.077469e+03
2.492492e-01	4.083253e+03
2.502503e-01	4.089037e+03
2.512513e-01	4.094822e+03
2.522523e-01	4.100606e+03
2.532533e-01	4.105637e+03
2.542543e-01	4.110614e+03
2.552553e-01	4.115591e+03
2.562563e-01	4.120567e+03
2.572573e-01	4.125544e+03
2.582583e-01	4.130521e+03
2.592593e-01	4.135498e+03
2.602603e-01	4.140475e+03
2.612613e-01	4.145452e+03
2.622623e-01	4.150429e+03
2.632633e-01	4.155406e+03
2.642643e-01	4.160383e+03
2.652653e-01	4.165360e+03
2.662663e-01	4.170337e+03
2.672673e-01	4.175313e+03
2.682683e-01	4.180290e+03
2.692693e-01	4.185267e+03
2.702703e-01	4.190244e+03
2.712713e-01	4.195221e+03
2.722723e-01	4.200198e+03
2.732733e-01	4.205175e+03
2.742743e-01	4.210152e+03
2.752753e-01	4.215129e+03
2.762763e-01	4.220106e+03
2.772773e-01	4.225083e+03
2.782783e-01	4.230059e+03
2.792793e-01	4.235036e+03
2.802803e-01	4.240013e+03
2.812813e-01	4.244990e+03
2.822823e-01	4.249967e+03
2.832833e-01	4.254944e+03
2.842843e-01	4.259921e+03
2.852853e-01	4.264898e+03
2.862863e-01	4.269875e+03
2.872873e-01	4.274852e+03
2.882883e-01	4.279829e+03
2.892893e-01	4.284805e+03
2.902903e-01	4.289782e+03
2.912913e-01	4.294759e+03
2.922923e-01	4.299736e+03
2.932933e-01	4.304713e+03
2.942943e-01	4.309690e+03
2.952953e-01	4.314667e+03
2.962963e-01	4.319644e+03
2.972973e-01	4.324621e+03
2.982983e-01	4.329598e+03
2.992993e-01	4.334575e+03
3.003003e-01	4.339551e+03
3.013013e-01	4.344528e+03
3.023023e-01	4.349505e+03
3.033033e-01	4.354482e+03
3.043043e-01	4.359459e+03
3.053053e-01	4.364436e+03
3.063063e-01	4.369413e+03
3.073073e-01	4.374390e+03
3.083083e-01	4.379367e+03
3.093093e-01	4.384344e+03
3.103103e-01	4.389321e+03
3.113113e-01	4.394297e+03
3.123123e-01	4.399274e+03
3.133133e-01	4.404251e+03
3.143143e-01	4.409228e+03
3.153153e-01	4.414205e+03
3.163163e-01	4.419182e+03
3.173173e-01	4.424159e+03
3.183183e-01	4.429136e+03
3.193193e-01	4.434113e+03
3.203203e-01	4.439090e+03
3.213213e-01	4.444067e+03
3.223223e-01	4.449043e+03
3.233233e-01	4.454020e+03
3.243243e-01	4.458997e+03
3.253253e-01	4.463974e+03
3.263263e-01	4.468951e+03
3.273273e-01	4.473928e+03
3.283283e-01	4.478905e+03
3.293293e-01	4.483882e+03
3.303303e-01	4.488859e+03
3.313313e-01	4.493836e+03
3.323323e-01	4.498813e+03
3.333333e-01	4.503789e+03
3.343343e-01	4.508766e+03
3.353353e-01	4.513743e+03
3.363363e-01	4.518720e+03
3.373373e-01	4.523697e+03
3.383383e-01	4.528674e+03
3.393393e-01	4.533651e+03
3.403403e-01	4.538628e+03
3.413413e-01	4.543605e+03
3.423423e-01	4.548582e+03
3.433433e-01	4.553559e+03
3.443443e-01	4.558535e+03
3.453453e-01	4.563512e+03
3.463463e-01	4.568489e+03
3.473473e-01	4.573466e+03
3.483483e-01	4.578443e+03
3.493493e-01	4.583420e+03
3.503504e-01	4.588015e+03
3.513514e-01	4.592607e+03
3.523524e-01	4.597199e+03
3.533534e-01	4.601791e+03
3.543544e-01	4.606383e+03
3.553554e-01	4.610975e+03
3.563564e-01	4.615567e+03
3.573574e-01	4.620158e+03
3.583584e-01	4.624750e+03
3.593594e-01	4.629342e+03
3.603604e-01	4.633934e+03
3.613614e-01	4.638526e+03
3.623624e-01	4.643118e+03
3.633634e-01	4.647710e+03
3.643644e-01	4.652302e+03
3.653654e-01	4.656894e+03
3.663664e-01	4.661486e+03
3.673674e-01	4.666078e+03
3.683684e-01	4.670670e+03
3.693694e-01	4.675262e+03
3.703704e-01	4.679853e+03
3.713714e-01	4.684445e+03
3.723724e-01	4.689037e+03
3.733734e-01	4.693629e+03
3.743744e-01	4.698221e+03
3.753754e-01	4.702813e+03
3.763764e-01	4.707405e+03
3.773774e-01	4.711997e+03
3.783784e-01	4.716589e+03
3.793794e-01	4.721181e+03
3.803804e-01	4.725773e+03
3.813814e-01	4.730365e+03
3.823824e-01	4.734957e+03
3.833834e-01	4.739548e+03
3.843844e-01	4.744140e+03
3.853854e-01	4.748732e+03
3.863864e-01	4.753324e+03
3.873874e-01	4.757916e+03
3.883884e-01	4.762508e+03
3.893894e-01	4.767100e+03
3.903904e-01	4.771692e+03
3.913914e-01	4.776284e+03
3.923924e-01	4.780876e+03
3.933934e-01	4.785468e+03
3.943944e-01	4.790060e+03
3.953954e-01	4.794652e+03
3.963964e-01	4.799243e+03
3.973974e-01	4.803835e+03
3.983984e-01	4.808427e+03
3.993994e-01	4.813019e+03
4.004004e-01	4.817611e+03
4.014014e-01	4.822203e+03
4.024024e-01	4.826795e+03
4.034034e-01	4.831387e+03
4.044044e-01	4.835979e+03
4.054054e-01	4.840571e+03
4.064064e-01	4.845163e+03
4.074074e-01	4.849755e+03
4.084084e-01	4.854347e+03
4.094094e-01	4.858938e+03
4.104104e-01	4.863530e+03
4.114114e-01	4.868122e+03
4.124124e-01	4.872714e+03
4.134134e-01	4.877306e+03
4.144144e-01	4.881898e+03
4.154154e-01	4.886490e+03
4.164164e-01	4.891082e+03
4.174174e-01	4.895674e+03
4.184184e-01	4.900266e+03
4.194194e-01	4.904858e+03
4.204204e-01	4.909450e+03
4.214214e-01	4.914042e+03
4.224224e-01	4.918633e+03
4.234234e-01	4.923225e+03
4.244244e-01	4.927817e+03
4.254254e-01	4.932409e+03
4.264264e-01	4.937001e+03
4.274274e-01	4.941593e+03
4.284284e-01	4.946185e+03
4.294294e-01	4.950777e+03
4.304304e-01	4.955369e+03
4.314314e-01	4.959961e+03
4.324324e-01	4.964553e+03
4.334334e-01	4.969145e+03
4.344344e-01	4.973737e+03
4.354354e-01	4.978329e+03
4.364364e-01	4.982920e+03
4.374374e-01	4.987512e+03
4.384384e-01	4.992104e+03
4.394394e-01	4.996696e+03
4.404404e-01	5.001288e+03
4.414414e-01	5.005880e+03
4.424424e-01	5.010472e+03
4.434434e-01	5.015064e+03
4.444444e-01	5.019656e+03
4.454454e-01	5.024248e+03
4.464464e-01	5.028840e+03
4.474474e-01	5.033432e+03
4.484484e-01	5.038024e+03
4.494494e-01	5.042615e+03
4.504505e-01	5.047207e+03
4.514515e-01	5.051799e+03
4.524525e-01	5.056391e+03
4.534535e-01	5.060983e+03
4.544545e-01	5.065575e+03
4.554555e-01	5.070175e+03
4.564565e-01	5.074776e+03
4.574575e-01	5.079377e+03
4.584585e-01	5.083978e+03
4.594595e-01	5.088578e+03
4.604605e-01	5.093179e+03
4.614615e-01	5.097780e+03
4.624625e-01	5.102381e+03
4.634635e-01	5.106982e+03
4.644645e-01	5.111583e+03
4.654655e-01	5.116183e+03
4.664665e-01	5.120784e+03
4.674675e-01	5.125385e+03
4.684685e-01	5.129986e+03
4.694695e-01	5.134587e+03
4.704705e-01	5.139187e+03
4.714715e-01	5.143788e+03
4.724725e-01	5.148389e+03
4.734735e-01	5.152990e+03
4.744745e-01	5.157591e+03
4.754755e-01	5.162192e+03
4.764765e-01	5.166792e+03
4.774775e-01	5.171393e+03
4.784785e-01	5.175994e+03
4.794795e-01	5.180595e+03
4.804805e-01	5.185196e+03
4.814815e-01	5.189797e+03
4.824825e-01	5.194397e+03
4.834835e-01	5.198998e+03
4.844845e-01	5.203599e+03
4.854855e-01	5.208200e+03
4.864865e-01	5.212801e+03
4.874875e-01	5.217401e+03
4.884885e-01	5.222002e+03
4.894895e-01	5.226603e+03
4.904905e-01	5.231204e+03
4.914915e-01	5.235805e+03
4.924925e-01	5.240406e+03
4.934935e-01	5.245006e+03
4.944945e-01	5.249607e+03
4.954955e-01	5.254208e+03
4.964965e-01	5.258809e+03
4.974975e-01	5.263410e+03
4.984985e-01	5.268010e+03
4.994995e-01	5.272611e+03
5.005005e-01	5.277212e+03
5.015015e-01	5.281813e+03
5.025025e-01	5.286414e+03
5.035035e-01	5.291015e+03
5.045045e-01	5.295615e+03
5.055055e-01	5.300216e+03
5.065065e-01	5.304817e+03
5.075075e-01	5.309418e+03
5.085085e-01	5.314019e+03
5.095095e-01	5.318620e+03
5.105105e-01	5.323220e+03
5.115115e-01	5.327821e+03
5.125125e-01	5.332422e+03
5.135135e-01	5.337023e+03
5.145145e-01	5.341624e+03
5.155155e-01	5.346224e+03
5.165165e-01	5.350825e+03
5.175175e-01	5.355426e+03
5.185185e-01	5.360027e+03
5.195195e-01	5.364628e+03
5.205205e-01	5.369229e+03
5.215215e-01	5.373829e+03
5.225225e-01	5.378430e+03
5.235235e-01	5.383031e+03
5.245245e-01	5.387632e+03
5.255255e-01	5.392233e+03
5.265265e-01	5.396833e+03
5.275275e-01	5.401434e+03
5.285285e-01	5.406035e+03
5.295295e-01	5.410636e+03
5.305305e-01	5.415237e+03
5.315315e-01	5.419838e+03
5.325325e-01	5.424438e+03
5.335335e-01	5.429039e+03
5.345345e-01	5.433640e+03
5.355355e-01	5.438241e+03
5.365365e-01	5.442842e+03
5.375375e-01	5.447442e+03
5.385385e-01	5.452043e+03
5.395395e-01	5.456644e+03
5.405405e-01	5.461245e+03
5.415415e-01	5.465846e+03
5.425425e-01	5.470447e+03
5.435435e-01	5.475047e+03
5.445445e-01	5.479648e+03
5.455455e-01	5.484249e+03
5.465465e-01	5.488850e+03
5.475475e-01	5.493451e+03
5.485485e-01	5.498052e+03
5.495495e-01	5.502652e+03
5.505506e-01	5.507253e+03
5.515516e-01	5.511854e+03
5.525526e-01	5.516455e+03
5.535536e-01	5.521056e+03
5.545546e-01	5.525656e+03
5.555556e-01	5.530257e+03
5.565566e-01	5.534858e+03
5.575576e-01	5.539459e+03
5.585586e-01	5.544060e+03
5.595596e-01	5.548676e+03
5.605606e-01	5.553550e+03
5.615616e-01	5.558424e+03
5.625626e-01	5.563297e+03
5.635636e-01	5.568171e+03
5.645646e-01	5.573045e+03
5.655656e-01	5.577919e+03
5.665666e-01	5.582792e+03
5.675676e-01	5.587666e+03
5.685686e-01	5.592540e+03
5.695696e-01	5.597413e+03
5.705706e-01	5.602287e+03
5.715716e-01	5.607161e+03
5.725726e-01	5.612035e+03
5.735736e-01	5.616908e+03
5.745746e-01	5.621782e+03
5.755756e-01	5.626656e+03
5.765766e-01	5.631530e+03
5.775776e-01	5.636403e+03
5.785786e-01	5.641277e+03
5.795796e-01	5.646151e+03
5.805806e-01	5.651025e+03
5.815816e-01	5.655898e+03
5.825826e-01	5.660772e+03
5.835836e-01	5.665646e+03
5.845846e-01	5.670519e+03
5.855856e-01	5.675393e+03
5.865866e-01	5.680267e+03
5.875876e-01	5.685141e+03
5.885886e-01	5.690014e+03
5.895896e-01	5.694888e+03
5.905906e-01	5.699762e+03
5.915916e-01	5.704636e+03
5.925926e-01	5.709509e+03
5.935936e-01	5.714383e+03
5.945946e-01	5.719257e+03
5.955956e-01	5.724131e+03
5.965966e-01	5.729004e+03
5.975976e-01	5.733878e+03
5.985986e-01	5.738752e+03
5.995996e-01	5.743625e+03
6.006006e-01	5.748499e+03
6.016016e-01	5.753373e+03
6.026026e-01	5.758247e+03
6.036036e-01	5.763120e+03
6.046046e-01	5.767994e+03
6.056056e-01	5.772868e+03
6.066066e-01	5.777742e+03
6.076076e-01	5.782615e+03
6.086086e-01	5.787489e+03
6.096096e-01	5.792363e+03
6.106106e-01	5.797237e+03
6.116116e-01	5.802110e+03
6.126126e-01	5.806984e+03
6.136136e-01	5.811858e+03
6.146146e-01	5.816732e+03
6.156156e-01	5.821605e+03
6.166166e-01	5.826479e+03
6.176176e-01	5.831353e+03
6.186186e-01	5.836226e+03
6.196196e-01	5.841100e+03
6.206206e-01	5.845974e+03
6.216216e-01	5.850848e+03
6.226226e-01	5.855721e+03
6.236236e-01	5.860595e+03
6.246246e-01	5.865469e+03
6.256256e-01	5.870343e+03
6.266266e-01	5.875216e+03
6.276276e-01	5.880090e+03
6.286286e-01	5.884964e+03
6.296296e-01	5.889838e+03
6.306306e-01	5.894711e+03
6.316316e-01	5.899585e+03
6.326326e-01	5.904459e+03
6.336336e-01	5.909332e+03
6.346346e-01	5.914206e+03
6.356356e-01	5.919080e+03
6.366366e-01	5.923954e+03
6.376376e-01	5.928827e+03
6.386386e-01	5.933701e+03
6.396396e-01	5.938575e+03
6.406406e-01	5.943449e+03
6.416416e-01	5.948322e+03
6.426426e-01	5.953196e+03
6.436436e-01	5.958070e+03
6.446446e-01	5.962944e+03
6.456456e-01	5.967817e+03
6.466466e-01	5.972691e+03
6.476476e-01	5.977565e+03
6.486486e-01	5.982439e+03
6.496496e-01	5.987312e+03
6.506507e-01	5.992186e+03
6.516517e-01	5.997060e+03
6.526527e-01	6.001933e+03
6.536537e-01	6.006807e+03
6.546547e-01	6.011681e+03
6.556557e-01	6.016555e+03
6.566567e-01	6.021428e+03
6.576577e-01	6.026302e+03
6.586587e-01	6.031211e+03
6.596597e-01	6.036646e+03
6.606607e-01	6.042080e+03
6.616617e-01	6.047514e+03
6.626627e-01	6.052948e+03
6.636637e-01	6.058382e+03
6.646647e-01	6.063817e+03
6.656657e-01	6.069251e+03
6.666667e-01	6.074685e+03
6.676677e-01	6.080119e+03
6.686687e-01	6.085554e+03
6.696697e-01	6.090988e+03
6.706707e-01	6.096422e+03
6.716717e-01	6.101856e+03
6.726727e-01	6.107290e+03
6.736737e-01	6.112725e+03
6.746747e-01	6.118159e+03
6.756757e-01	6.123593e+03
6.766767e-01	6.129027e+03
6.776777e-01	6.134462e+03
6.786787e-01	6.139896e+03
6.796797e-01	6.145330e+03
6.806807e-01	6.150764e+03
6.816817e-01	6.156198e+03
6.826827e-01	6.161633e+03
6.836837e-01	6.167067e+03
6.846847e-01	6.172501e+03
6.856857e-01	6.177935e+03
6.866867e-01	6.183370e+03
6.876877e-01	6.188804e+03
6.886887e-01	6.194238e+03
6.896897e-01	6.199672e+03
6.906907e-01	6.205106e+03
6.916917e-01	6.210541e+03
6.926927e-01	6.215975e+03
6.936937e-01	6.221409e+03
6.946947e-01	6.226843e+03
6.956957e-01	6.232278e+03
6.966967e-01	6.237712e+03
6.976977e-01	6.243146e+03
6.986987e-01	6.248580e+03
6.996997e-01	6.254014e+03
7.007007e-01	6.259449e+03
7.017017e-01	6.264883e+03
7.027027e-01	6.270317e+03
7.037037e-01	6.275751e+03
7.047047e-01	6.281186e+03
7.057057e-01	6.286620e+03
7.067067e-01	6.292054e+03
7.077077e-01	6.297488e+03
7.087087e-01	6.302922e+03
7.097097e-01	6.308357e+03
7.107107e-01	6.313791e+03
7.117117e-01	6.319225e+03
7.127127e-01	6.324659e+03
7.137137e-01	6.330094e+03
7.147147e-01	6.335528e+03
7.157157e-01	6.340962e+03
7.167167e-01	6.346396e+03
7.177177e-01	6.351830e+03
7.187187e-01	6.357265e+03
7.197197e-01	6.362699e+03
7.207207e-01	6.368133e+03
7.217217e-01	6.373567e+03
7.227227e-01	6.379002e+03
7.237237e-01	6.384436e+03
7.247247e-01	6.389870e+03
7.257257e-01	6.395304e+03
7.267267e-01	6.400738e+03
7.277277e-01	6.406173e+03
7.287287e-01	6.411607e+03
7.297297e-01	6.417041e+03
7.307307e-01	6.422475e+03
7.317317e-01	6.427910e+03
7.327327e-01	6.433344e+03
7.337337e-01	6.438778e+03
7.347347e-01	6.444212e+03
7.357357e-01	6.449646e+03
7.367367e-01	6.455081e+03
7.377377e-01	6.460515e+03
7.387387e-01	6.465949e+03
7.397397e-01	6.471383e+03
7.407407e-01	6.476818e+03
7.417417e-01	6.482252e+03
7.427427e-01	6.487686e+03
7.437437e-01	6.493120e+03
7.447447e-01	6.498554e+03
7.457457e-01	6.503989e+03
7.467467e-01	6.509423e+03
7.477477e-01	6.515162e+03
7.487487e-01	6.521688e+03
7.497497e-01	6.528214e+03
7.507508e-01	6.534740e+03
7.517518e-01	6.541266e+03
7.527528e-01	6.547792e+03
7.537538e-01	6.554318e+03
7.547548e-01	6.560844e+03
7.557558e-01	6.567370e+03
7.567568e-01	6.573896e+03
7.577578e-01	6.580422e+03
7.587588e-01	6.586948e+03
7.597598e-01	6.593474e+03
7.607608e-01	6.600000e+03
7.617618e-01	6.606526e+03
7.627628e-01	6.613052e+03
7.637638e-01	6.619578e+03
7.647648e-01	6.626104e+03
7.657658e-01	6.632630e+03
7.667668e-01	6.639156e+03
7.677678e-01	6.645682e+03
7.687688e-01	6.652208e+03
7.697698e-01	6.658734e+03
7.707708e-01	6.665260e+03
7.717718e-01	6.671786e+03
7.727728e-01	6.678312e+03
7.737738e-01	6.684838e+03
7.747748e-01	6.691364e+03
7.757758e-01	6.697890e+03
7.767768e-01	6.704416e+03
7.777778e-01	6.710942e+03
7.787788e-01	6.717468e+03
7.797798e-01	6.723994e+03
7.807808e-01	6.730520e+03
7.817818e-01	6.737046e+03
7.827828e-01	6.743572e+03
7.837838e-01	6.750098e+03
7.847848e-01	6.756624e+03
7.857858e-01	6.763150e+03
7.867868e-01	6.769676e+03
7.877878e-01	6.776202e+03
7.887888e-01	6.782728e+03
7.897898e-01	6.789254e+03
7.907908e-01	6.795780e+03
7.917918e-01	6.802306e+03
7.927928e-01	6.808832e+03
7.937938e-01	6.815358e+03
7.947948e-01	6.821884e+03
7.957958e-01	6.828410e+03
7.967968e-01	6.834936e+03
7.977978e-01	6.841462e+03
7.987988e-01	6.847988e+03
7.997998e-01	6.854514e+03
8.008008e-01	6.861040e+03
8.018018e-01	6.867566e+03
8.028028e-01	6.874092e+03
8.038038e-01	6.880618e+03
8.048048e-01	6.887144e+03
8.058058e-01	6.893670e+03
8.068068e-01	6.900196e+03
8.078078e-01	6.906722e+03
8.088088e-01	6.913248e+03
8.098098e-01	6.919774e+03
8.108108e-01	6.926300e+03
8.118118e-01	6.932826e+03
8.128128e-01	6.939352e+03
8.138138e-01	6.945878e+03
8.148148e-01	6.952404e+03
8.158158e-01	6.958930e+03
8.168168e-01	6.965456e+03
8.178178e-01	6.971982e+03
8.188188e-01	6.978508e+03
8.198198e-01	6.985034e+03
8.208208e-01	6.991560e+03
8.218218e-01	6.998668e+03
8.228228e-01	7.006860e+03
8.238238e-01	7.015052e+03
8.248248e-01	7.023245e+03
8.258258e-01	7.031437e+03
8.268268e-01	7.039629e+03
8.278278e-01	7.047821e+03
8.288288e-01	7.056013e+03
8.298298e-01	7.064205e+03
8.308308e-01	7.072397e+03
8.318318e-01	7.080589e+03
8.328328e-01	7.088781e+03
8.338338e-01	7.096974e+03
8.348348e-01	7.105166e+03
8.358358e-01	7.113358e+03
8.368368e-01	7.121550e+03
8.378378e-01	7.129742e+03
8.388388e-01	7.137934e+03
8.398398e-01	7.146126e+03
8.408408e-01	7.154318e+03
8.418418e-01	7.162510e+03
8.428428e-01	7.170703e+03
8.438438e-01	7.178895e+03
8.448448e-01	7.187087e+03
8.458458e-01	7.195279e+03
8.468468e-01	7.203471e+03
8.478478e-01	7.211663e+03
8.488488e-01	7.219855e+03
8.498498e-01	7.228047e+03
8.508509e-01	7.236239e+03
8.518519e-01	7.244432e+03
8.528529e-01	7.252624e+03
8.538539e-01	7.260816e+03
8.548549e-01	7.269008e+03
8.558559e-01	7.277200e+03
8.568569e-01	7.285392e+03
8.578579e-01	7.293584e+03
8.588589e-01	7.301776e+03
8.598599e-01	7.309968e+03
8.608609e-01	7.318161e+03
8.618619e-01	7.326353e+03
8.628629e-01	7.334545e+03
8.638639e-01	7.342737e+03
8.648649e-01	7.350929e+03
8.658659e-01	7.359121e+03
8.668669e-01	7.367313e+03
8.678679e-01	7.375505e+03
8.688689e-01	7.383697e+03
8.698699e-01	7.391890e+03
8.708709e-01	7.400082e+03
8.718719e-01	7.408274e+03
8.728729e-01	7.416466e+03
8.738739e-01	7.424658e+03
8.748749e-01	7.432850e+03
8.758759e-01	7.441042e+03
8.768769e-01	7.449234e+03
8.778779e-01	7.457426e+03
8.788789e-01	7.465619e+03
8.798799e-01	7.473811e+03
8.808809e-01	7.483312e+03
8.818819e-01	7.494382e+03
8.828829e-01	7.505452e+03
8.838839e-01	7.516522e+03
8.848849e-01	7.527591e+03
8.858859e-01	7.538661e+03
8.868869e-01	7.549731e+03
8.878879e-01	7.560801e+03
8.888889e-01	7.571871e+03
8.898899e-01	7.582941e+03
8.908909e-01	7.594010e+03
8.918919e-01	7.605080e+03
8.928929e-01	7.616150e+03
8.938939e-01	7.627220e+03
8.948949e-01	7.638290e+03
8.958959e-01	7.649360e+03
8.968969e-01	7.660430e+03
8.978979e-01	7.671499e+03
8.988989e-01	7.682569e+03
8.998999e-01	7.693639e+03
9.009009e-01	7.704709e+03
9.019019e-01	7.715779e+03
9.029029e-01	7.726849e+03
9.039039e-01	7.737919e+03
9.049049e-01	7.748988e+03
9.059059e-01	7.760058e+03
9.069069e-01	7.771128e+03
9.079079e-01	7.782198e+03
9.089089e-01	7.793268e+03
9.099099e-01	7.804338e+03
9.109109e-01	7.815408e+03
9.119119e-01	7.826477e+03
9.129129e-01	7.837547e+03
9.139139e-01	7.848617e+03
9.149149e-01	7.859687e+03
9.159159e-01	7.870757e+03
9.169169e-01	7.881827e+03
9.179179e-01	7.892897e+03
9.189189e-01	7.903966e+03
9.199199e-01	7.915036e+03
9.209209e-01	7.926106e+03
9.219219e-01	7.937176e+03
9.229229e-01	7.948246e+03
9.239239e-01	7.959316e+03
9.249249e-01	7.974467e+03
9.259259e-01	7.990223e+03
9.269269e-01	8.005979e+03
9.279279e-01	8.021736e+03
9.289289e-01	8.037492e+03
9.299299e-01	8.053249e+03
9.309309e-01	8.069005e+03
9.319319e-01	8.084761e+03
9.329329e-01	8.100518e+03
9.339339e-01	8.116274e+03
9.349349e-01	8.132030e+03
9.359359e-01	8.147787e+03
9.369369e-01	8.163543e+03
9.379379e-01	8.179299e+03
9.389389e-01	8.195056e+03
9.399399e-01	8.210812e+03
9.409409e-01	8.226569e+03
9.419419e-01	8.242325e+03
9.429429e-01	8.258081e+03
9.439439e-01	8.273838e+03
9.449449e-01	8.289594e+03
9.459459e-01	8.305350e+03
9.469469e-01	8.321107e+03
9.479479e-01	8.336863e+03
9.489489e-01	8.352619e+03
9.499499e-01	8.368376e+03
9.509510e-01	8.384132e+03
9.519520e-01	8.399888e+03
9.529530e-01	8.415645e+03
9.539540e-01	8.431401e+03
9.549550e-01	8.449160e+03
9.559560e-01	8.472916e+03
9.569570e-01	8.496673e+03
9.579580e-01	8.520430e+03
9.589590e-01	8.544186e+03
9.599600e-01	8.567943e+03
9.609610e-01	8.591700e+03
9.619620e-01	8.615457e+03
9.629630e-01	8.639213e+03
9.639640e-01	8.662970e+03
9.649650e-01	8.686727e+03
9.659660e-01	8.710483e+03
9.669670e-01	8.734240e+03
9.679680e-01	8.757997e+03
9.689690e-01	8.781754e+03
9.699700e-01	8.805510e+03
9.709710e-01	8.829267e+03
9.719720e-01	8.853024e+03
9.729730e-01	8.876780e+03
9.739740e-01	8.900537e+03
9.749750e-01	8.924294e+03
9.759760e-01	8.962362e+03
9.769770e-01	9.001320e+03
9.779780e-01	9.040278e+03
9.789790e-01	9.079236e+03
9.799800e-01	9.118194e+03
9.809810e-01	9.157152e+03
9.819820e-01	9.196109e+03
9.829830e-01	9.235067e+03
9.839840e-01	9.274025e+03
9.849850e-01	9.312983e+03
9.859860e-01	9.351941e+03
9.869870e-01	9.390899e+03
9.879880e-01	9.446165e+03
9.889890e-01	9.514398e+03
9.899900e-01	9.582630e+03
9.909910e-01	9.650862e+03
9.919920e-01	9.719094e+03
9.929930e-01	9.787327e+03
9.939940e-01	9.855559e+03
9.949950e-01	9.955107e+03
9.959960e-01	1.008776e+04
9.969970e-01	1.022041e+04
9.979980e-01	1.035306e+04
9.989990e-01	1.062828e+04
1.000000e+00	1.133803e+04
