# q	y_q
0.000000e+00	1.930043e+02
1.001001e-03	1.930043e+02
2.002002e-03	1.930043e+02
3.003003e-03	1.930043e+02
4.004004e-03	2.338761e+02
5.005005e-03	2.826455e+02
6.006006e-03	3.314148e+02
7.007007e-03	3.801842e+02
8.008008e-03	4.289536e+02
9.009009e-03	4.777230e+02
1.001001e-02	5.264924e+02
1.101101e-02	5.752617e+02
1.201201e-02	6.000916e+02
1.301301e-02	6.229266e+02
1.401401e-02	6.457617e+02
1.501502e-02	6.685967e+02
1.601602e-02	6.914318e+02
1.701702e-02	7.142669e+02
1.801802e-02	7.371019e+02
1.901902e-02	7.599370e+02
2.002002e-02	7.827721e+02
2.102102e-02	8.056071e+02
2.202202e-02	8.284422e+02
2.302302e-02	8.512773e+02
2.402402e-02	8.741123e+02
2.502503e-02	8.969474e+02
2.602603e-02	9.197824e+02
2.702703e-02	9.426175e+02
2.802803e-02	9.652515e+02
2.902903e-02	9.774360e+02
3.003003e-02	9.896206e+02
3.103103e-02	1.001805e+03
3.203203e-02	1.013990e+03
3.303303e-02	1.026174e+03
3.403403e-02	1.038359e+03
3.503504e-02	1.050543e+03
3.603604e-02	1.062728e+03
3.703704e-02	1.074912e+03
3.803804e-02	1.087097e+03
3.903904e-02	1.099281e+03
4.004004e-02	1.111466e+03
4.104104e-02	1.123651e+03
4.204204e-02	1.135835e+03
4.304304e-02	1.148020e+03
4.404404e-02	1.160204e+03
4.504505e-02	1.172389e+03
4.604605e-02	1.184573e+03
4.704705e-02	1.196758e+03
4.804805e-02	1.208942e+03
4.904905e-02	1.221127e+03
5.005005e-02	1.233311e+03
5.105105e-02	1.245496e+03
5.205205e-02	1.257681e+03
5.305305e-02	1.269865e+03
5.405405e-02	1.282050e+03
5.505506e-02	1.294234e+03
5.605606e-02	1.306419e+03
5.705706e-02	1.318603e+03
5.805806e-02	1.330788e+03
5.905906e-02	1.342972e+03
6.006006e-02	1.353482e+03
6.106106e-02	1.360720e+03
6.206206e-02	1.367959e+03
6.306306e-02	1.375197e+03
6.406406e-02	1.382436e+03
6.506507e-02	1.389674e+03
6.606607e-02	1.396913e+03
6.706707e-02	1.404151e+03
6.806807e-02	1.411390e+03
6.906907e-02	1.418628e+03
7.007007e-02	1.425867e+03
7.107107e-02	1.433105e+03
7.207207e-02	1.440343e+03
7.307307e-02	1.447582e+03
7.407407e-02	1.454820e+03
7.507508e-02	1.462059e+03
7.607608e-02	1.469297e+03
7.707708e-02	1.476536e+03
7.807808e-02	1.483774e+03
7.907908e-02	1.491013e+03
8.008008e-02	1.498251e+03
8.108108e-02	1.505490e+03
8.208208e-02	1.512728e+03
8.308308e-02	1.519967e+03
8.408408e-02	1.527205e+03
8.508509e-02	1.534444e+03
8.608609e-02	1.541682e+03
8.708709e-02	1.548921e+03
8.808809e-02	1.556159e+03
8.908909e-02	1.563398e+03
9.009009e-02	1.570636e+03
9.109109e-02	1.577875e+03
9.209209e-02	1.585113e+03
9.309309e-02	1.592352e+03
9.409409e-02	1.599590e+03
9.509510e-02	1.606829e+03
9.609610e-02	1.614067e+03
9.709710e-02	1.621305e+03
9.809810e-02	1.628544e+03
9.909910e-02	1.635782e+03
1.001001e-01	1.643021e+03
1.011011e-01	1.650259e+03
1.021021e-01	1.657498e+03
1.031031e-01	1.664736e+03
1.041041e-01	1.671975e+03
1.051051e-01	1.679213e+03
1.061061e-01	1.686452e+03
1.071071e-01	1.693690e+03
1.081081e-01	1.700929e+03
1.091091e-01	1.708167e+03
1.101101e-01	1.715406e+03
1.111111e-01	1.722644e+03
1.121121e-01	1.729883e+03
1.131131e-01	1.737095e+03
1.141141e-01	1.742005e+03
1.151151e-01	1.746915e+03
1.161161e-01	1.751825e+03
1.171171e-01	1.756736e+03
1.181181e-01	1.761646e+03
1.191191e-01	1.766556e+03
1.201201e-01	1.771466e+03
1.211211e-01	1.776377e+03
1.221221e-01	1.781287e+03
1.231231e-01	1.786197e+03
1.241241e-01	1.791107e+03
1.251251e-01	1.796018e+03
1.261261e-01	1.800928e+03
1.271271e-01	1.805838e+03
1.281281e-01	1.810749e+03
1.291291e-01	1.815659e+03
1.301301e-01	1.820569e+03
1.311311e-01	1.825479e+03
1.321321e-01	1.830390e+03
1.331331e-01	1.835300e+03
1.341341e-01	1.840210e+03
1.351351e-01	1.845120e+03
1.361361e-01	1.850031e+03
1.371371e-01	1.854941e+03
1.381381e-01	1.859851e+03
1.391391e-01	1.864761e+03
1.401401e-01	1.869672e+03
1.411411e-01	1.874582e+03
1.421421e-01	1.879492e+03
1.431431e-01	1.884402e+03
1.441441e-01	1.889313e+03
1.451451e-01	1.894223e+03
1.461461e-01	1.899133e+03
1.471471e-01	1.904043e+03
1.481481e-01	1.908954e+03
1.491491e-01	1.913864e+03
1.501502e-01	1.918774e+03
1.511512e-01	1.923684e+03
1.521522e-01	1.928595e+03
1.531532e-01	1.933505e+03
1.541542e-01	1.938415e+03
1.551552e-01	1.943326e+03
1.561562e-01	1.948236e+03
1.571572e-01	1.953146e+03
1.581582e-01	1.958056e+03
1.591592e-01	1.962967e+03
1.601602e-01	1.967877e+03
1.611612e-01	1.972787e+03
1.621622e-01	1.977697e+03
1.631632e-01	1.982608e+03
1.641642e-01	1.987518e+03
1.651652e-01	1.992428e+03
1.661662e-01	1.997338e+03
1.671672e-01	2.002249e+03
1.681682e-01	2.007159e+03
1.691692e-01	2.012069e+03
1.701702e-01	2.016979e+03
1.711712e-01	2.021890e+03
1.721722e-01	2.026800e+03
1.731732e-01	2.031710e+03
1.741742e-01	2.036620e+03
1.751752e-01	2.041531e+03
1.761762e-01	2.046441e+03
1.771772e-01	2.051351e+03
1.781782e-01	2.056262e+03
1.791792e-01	2.061172e+03
1.801802e-01	2.066082e+03
1.811812e-01	2.070992e+03
1.821822e-01	2.075903e+03
1.831832e-01	2.080813e+03
1.841842e-01	2.085723e+03
1.851852e-01	2.090633e+03
1.861862e-01	2.095544e+03
1.871872e-01	2.100454e+03
1.881882e-01	2.105364e+03
1.891892e-01	2.110274e+03
1.901902e-01	2.115185e+03
1.911912e-01	2.120095e+03
1.921922e-01	2.124533e+03
1.931932e-01	2.128259e+03
1.941942e-01	2.131985e+03
1.951952e-01	2.135712e+03
1.961962e-01	2.139438e+03
1.971972e-01	2.143164e+03
1.981982e-01	2.146890e+03
1.991992e-01	2.150616e+03
2.002002e-01	2.154342e+03
2.012012e-01	2.158069e+03
2.022022e-01	2.161795e+03
2.032032e-01	2.165521e+03
2.042042e-01	2.169247e+03
2.052052e-01	2.172973e+03
2.062062e-01	2.176699e+03
2.072072e-01	2.180426e+03
2.082082e-01	2.184152e+03
2.092092e-01	2.187878e+03
2.102102e-01	2.191604e+03
2.112112e-01	2.195330e+03
2.122122e-01	2.199056e+03
2.132132e-01	2.202783e+03
2.142142e-01	2.206509e+03
2.152152e-01	2.210235e+03
2.162162e-01	2.213961e+03
2.172172e-01	2.217687e+03
2.182182e-01	2.221413e+03
2.192192e-01	2.225140e+03
2.202202e-01	2.228866e+03
2.212212e-01	2.232592e+03
2.222222e-01	2.236318e+03
2.232232e-01	2.240044e+03
2.242242e-01	2.243770e+03
2.252252e-01	2.247497e+03
2.262262e-01	2.251223e+03
2.272272e-01	2.254949e+03
2.282282e-01	2.258675e+03
2.292292e-01	2.262401e+03
2.302302e-01	2.266127e+03
2.312312e-01	2.269854e+03
2.322322e-01	2.273580e+03
2.332332e-01	2.277306e+03
2.342342e-01	2.281032e+03
2.352352e-01	2.284758e+03
2.362362e-01	2.288484e+03
2.372372e-01	2.292211e+03
2.382382e-01	2.295937e+03
2.392392e-01	2.299663e+03
2.402402e-01	2.303389e+03
2.412412e-01	2.307115e+03
2.422422e-01	2.310841e+03
2.432432e-01	2.314568e+03
2.442442e-01	2.318294e+03
2.452452e-01	2.322020e+03
2.462462e-01	2.325746e+03
2.472472e-01	2.329472e+03
2.482482e-01	2.333198e+03
2.492492e-01	2.336925e+03
2.502503e-01	2.340651e+03
2.512513e-01	2.344377e+03
2.522523e-01	2.348103e+03
2.532533e-01	2.351829e+03
2.542543e-01	2.355555e+03
2.552553e-01	2.359282e+03
2.562563e-01	2.363008e+03
2.572573e-01	2.366734e+03
2.582583e-01	2.370460e+03
2.592593e-01	2.374186e+03
2.602603e-01	2.377912e+03
2.612613e-01	2.381639e+03
2.622623e-01	2.385365e+03
2.632633e-01	2.389091e+03
2.642643e-01	2.392817e+03
2.652653e-01	2.396543e+03
2.662663e-01	2.400269e+03
2.672673e-01	2.403996e+03
2.682683e-01	2.407722e+03
2.692693e-01	2.411448e+03
2.702703e-01	2.415174e+03
2.712713e-01	2.418900e+03
2.722723e-01	2.422626e+03
2.732733e-01	2.426353e+03
2.742743e-01	2.430079e+03
2.752753e-01	2.433805e+03
2.762763e-01	2.437531e+03
2.772773e-01	2.441257e+03
2.782783e-01	2.444983e+03
2.792793e-01	2.448710e+03
2.802803e-01	2.452436e+03
2.812813e-01	2.456162e+03
2.822823e-01	2.459888e+03
2.832833e-01	2.463614e+03
2.842843e-01	2.467340e+03
2.852853e-01	2.471067e+03
2.862863e-01	2.474793e+03
2.872873e-01	2.478519e+03
2.882883e-01	2.482245e+03
2.892893e-01	2.485971e+03
2.902903e-01	2.489697e+03
2.912913e-01	2.493424e+03
2.922923e-01	2.497150e+03
2.932933e-01	2.500876e+03
2.942943e-01	2.504602e+03
2.952953e-01	2.508328e+03
2.962963e-01	2.511609e+03
2.972973e-01	2.514782e+03
2.982983e-01	2.517955e+03
2.992993e-01	2.521128e+03
3.003003e-01	2.524301e+03
3.013013e-01	2.527474e+03
3.023023e-01	2.530647e+03
3.033033e-01	2.533820e+03
3.043043e-01	2.536993e+03
3.053053e-01	2.540166e+03
3.063063e-01	2.543339e+03
3.073073e-01	2.546512e+03
3.083083e-01	2.549685e+03
3.093093e-01	2.552858e+03
3.103103e-01	2.556032e+03
3.113113e-01	2.559205e+03
3.123123e-01	2.562378e+03
3.133133e-01	2.565551e+03
3.143143e-01	2.568724e+03
3.153153e-01	2.571897e+03
3.163163e-01	2.575070e+03
3.173173e-01	2.578243e+03
3.183183e-01	2.581416e+03
3.193193e-01	2.584589e+03
3.203203e-01	2.587762e+03
3.213213e-01	2.590935e+03
3.223223e-01	2.594108e+03
3.233233e-01	2.597281e+03
3.243243e-01	2.600454e+03
3.253253e-01	2.603627e+03
3.263263e-01	2.606800e+03
3.273273e-01	2.609973e+03
3.283283e-01	2.613146e+03
3.293293e-01	2.616319e+03
3.303303e-01	2.619492e+03
3.313313e-01	2.622665e+03
3.323323e-01	2.625838e+03
3.333333e-01	2.629011e+03
3.343343e-01	2.632184e+03
3.353353e-01	2.635357e+03
3.363363e-01	2.638530e+03
3.373373e-01	2.641703e+03
3.383383e-01	2.644876e+03
3.393393e-01	2.648049e+03
3.403403e-01	2.651222e+03
3.413413e-01	2.654395e+03
3.423423e-01	2.657568e+03
3.433433e-01	2.660741e+03
3.443443e-01	2.663914e+03
3.453453e-01	2.667087e+03
3.463463e-01	2.670260e+03
3.473473e-01	2.673433e+03
3.483483e-01	2.676606e+03
3.493493e-01	2.679779e+03
3.503504e-01	2.682952e+03
3.513514e-01	2.686125e+03
3.523524e-01	2.689298e+03
3.533534e-01	2.692471e+03
3.543544e-01	2.695644e+03
3.553554e-01	2.698817e+03
3.563564e-01	2.701990e+03
3.573574e-01	2.705163e+03
3.583584e-01	2.708336e+03
3.593594e-01	2.711509e+03
3.603604e-01	2.714682e+03
3.613614e-01	2.717855e+03
3.623624e-01	2.721028e+03
3.633634e-01	2.724201e+03
3.643644e-01	2.727374e+03
3.653654e-01	2.730547e+03
3.663664e-01	2.733720e+03
3.673674e-01	2.736893e+03
3.683684e-01	2.740066e+03
3.693694e-01	2.743239e+03
3.703704e-01	2.746412e+03
3.713714e-01	2.749585e+03
3.723724e-01	2.752759e+03
3.733734e-01	2.755932e+03
3.743744e-01	2.759105e+03
3.753754e-01	2.762278e+03
3.763764e-01	2.765451e+03
3.773774e-01	2.768624e+03
3.783784e-01	2.771797e+03
3.793794e-01	2.774970e+03
3.803804e-01	2.778143e+03
3.813814e-01	2.781316e+03
3.823824e-01	2.784489e+03
3.833834e-01	2.787662e+03
3.843844e-01	2.790835e+03
3.853854e-01	2.794008e+03
3.863864e-01	2.797181e+03
3.873874e-01	2.800354e+03
3.883884e-01	2.803527e+03
3.893894e-01	2.806700e+03
3.903904e-01	2.809873e+03
3.913914e-01	2.813046e+03
3.923924e-01	2.816219e+03
3.933934e-01	2.819392e+03
3.943944e-01	2.822565e+03
3.953954e-01	2.825738e+03
3.963964e-01	2.828911e+03
3.973974e-01	2.832084e+03
3.983984e-01	2.835257e+03
3.993994e-01	2.838430e+03
4.004004e-01	2.841603e+03
4.014014e-01	2.844776e+03
4.024024e-01	2.847949e+03
4.034034e-01	2.851122e+03
4.044044e-01	2.854295e+03
4.054054e-01	2.857468e+03
4.064064e-01	2.860641e+03
4.074074e-01	2.863814e+03
4.084084e-01	2.866987e+03
4.094094e-01	2.870160e+03
4.104104e-01	2.873333e+03
4.114114e-01	2.876506e+03
4.124124e-01	2.879679e+03
4.134134e-01	2.882852e+03
4.144144e-01	2.886025e+03
4.154154e-01	2.889198e+03
4.164164e-01	2.892371e+03
4.174174e-01	2.895521e+03
4.184184e-01	2.898544e+03
4.194194e-01	2.901566e+03
4.204204e-01	2.904589e+03
4.214214e-01	2.907611e+03
4.224224e-01	2.910634e+03
4.234234e-01	2.913656e+03
4.244244e-01	2.916679e+03
4.254254e-01	2.919701e+03
4.264264e-01	2.922723e+03
4.274274e-01	2.925746e+03
4.284284e-01	2.928768e+03
4.294294e-01	2.931791e+03
4.304304e-01	2.934813e+03
4.314314e-01	2.937836e+03
4.324324e-01	2.940858e+03
4.334334e-01	2.943881e+03
4.344344e-01	2.946903e+03
4.354354e-01	2.949926e+03
4.364364e-01	2.952948e+03
4.374374e-01	2.955970e+03
4.384384e-01	2.958993e+03
4.394394e-01	2.962015e+03
4.404404e-01	2.965038e+03
4.414414e-01	2.968060e+03
4.424424e-01	2.971083e+03
4.434434e-01	2.974105e+03
4.444444e-01	2.977128e+03
4.454454e-01	2.980150e+03
4.464464e-01	2.983172e+03
4.474474e-01	2.986195e+03
4.484484e-01	2.989217e+03
4.494494e-01	2.992240e+03
4.504505e-01	2.995262e+03
4.514515e-01	2.998285e+03
4.524525e-01	3.001307e+03
4.534535e-01	3.004330e+03
4.544545e-01	3.007352e+03
4.554555e-01	3.010374e+03
4.564565e-01	3.013397e+03
4.574575e-01	3.016419e+03
4.584585e-01	3.019442e+03
4.594595e-01	3.022464e+03
4.604605e-01	3.025487e+03
4.614615e-01	3.028509e+03
4.624625e-01	3.031532e+03
4.634635e-01	3.034554e+03
4.644645e-01	3.037576e+03
4.654655e-01	3.040599e+03
4.664665e-01	3.043621e+03
4.674675e-01	3.046644e+03
4.684685e-01	3.049666e+03
4.694695e-01	3.052689e+03
4.704705e-01	3.055711e+03
4.714715e-01	3.058734e+03
4.724725e-01	3.061756e+03
4.734735e-01	3.064779e+03
4.744745e-01	3.067801e+03
4.754755e-01	3.070823e+03
4.764765e-01	3.073846e+03
4.774775e-01	3.076868e+03
4.784785e-01	3.079891e+03
4.794795e-01	3.082913e+03
4.804805e-01	3.085936e+03
4.814815e-01	3.088958e+03
4.824825e-01	3.091981e+03
4.834835e-01	3.095003e+03
4.844845e-01	3.098025e+03
4.854855e-01	3.101048e+03
4.864865e-01	3.104070e+03
4.874875e-01	3.107093e+03
4.884885e-01	3.110115e+03
4.894895e-01	3.113138e+03
4.904905e-01	3.116160e+03
4.914915e-01	3.119183e+03
4.924925e-01	3.122205e+03
4.934935e-01	3.125227e+03
4.944945e-01	3.128250e+03
4.954955e-01	3.131272e+03
4.964965e-01	3.134295e+03
4.974975e-01	3.137317e+03
4.984985e-01	3.140340e+03
4.994995e-01	3.143362e+03
5.005005e-01	3.146385e+03
5.015015e-01	3.149407e+03
5.025025e-01	3.152430e+03
5.035035e-01	3.155452e+03
5.045045e-01	3.158474e+03
5.055055e-01	3.161497e+03
5.065065e-01	3.164519e+03
5.075075e-01	3.167542e+03
5.085085e-01	3.170564e+03
5.095095e-01	3.173587e+03
5.105105e-01	3.176609e+03
5.115115e-01	3.179632e+03
5.125125e-01	3.182654e+03
5.135135e-01	3.185676e+03
5.145145e-01	3.188699e+03
5.155155e-01	3.191721e+03
5.165165e-01	3.194744e+03
5.175175e-01	3.197766e+03
5.185185e-01	3.200789e+03
5.195195e-01	3.203811e+03
5.205205e-01	3.206834e+03
5.215215e-01	3.209856e+03
5.225225e-01	3.212878e+03
5.235235e-01	3.215901e+03
5.245245e-01	3.218923e+03
5.255255e-01	3.221946e+03
5.265265e-01	3.224968e+03
5.275275e-01	3.227991e+03
5.285285e-01	3.231013e+03
5.295295e-01	3.234036e+03
5.305305e-01	3.237058e+03
5.315315e-01	3.240080e+03
5.325325e-01	3.243103e+03
5.335335e-01	3.246125e+03
5.345345e-01	3.249148e+03
5.355355e-01	3.252170e+03
5.365365e-01	3.255193e+03
5.375375e-01	3.258215e+03
5.385385e-01	3.261238e+03
5.395395e-01	3.264260e+03
5.405405e-01	3.267283e+03
5.415415e-01	3.270305e+03
5.425425e-01	3.273327e+03
5.435435e-01	3.276350e+03
5.445445e-01	3.279372e+03
5.455455e-01	3.282461e+03
5.465465e-01	3.285636e+03
5.475475e-01	3.288810e+03
5.485485e-01	3.291984e+03
5.495495e-01	3.295159e+03
5.505506e-01	3.298333e+03
5.515516e-01	3.301507e+03
5.525526e-01	3.304682e+03
5.535536e-01	3.307856e+03
5.545546e-01	3.311030e+03
5.555556e-01	3.314205e+03
5.565566e-01	3.317379e+03
5.575576e-01	3.320553e+03
5.585586e-01	3.323728e+03
5.595596e-01	3.326902e+03
5.605606e-01	3.330076e+03
5.615616e-01	3.333251e+03
5.625626e-01	3.336425e+03
5.635636e-01	3.339599e+03
5.645646e-01	3.342774e+03
5.655656e-01	3.345948e+03
5.665666e-01	3.349122e+03
5.675676e-01	3.352297e+03
5.685686e-01	3.355471e+03
5.695696e-01	3.358645e+03
5.705706e-01	3.361820e+03
5.715716e-01	3.364994e+03
5.725726e-01	3.368168e+03
5.735736e-01	3.371343e+03
5.745746e-01	3.374517e+03
5.755756e-01	3.377691e+03
5.765766e-01	3.380866e+03
5.775776e-01	3.384040e+03
5.785786e-01	3.387214e+03
5.795796e-01	3.390389e+03
5.805806e-01	3.393563e+03
5.815816e-01	3.396737e+03
5.825826e-01	3.399912e+03
5.835836e-01	3.403086e+03
5.845846e-01	3.406260e+03
5.855856e-01	3.409435e+03
5.865866e-01	3.412609e+03
5.875876e-01	3.415783e+03
5.885886e-01	3.418958e+03
5.895896e-01	3.422132e+03
5.905906e-01	3.425306e+03
5.915916e-01	3.428481e+03
5.925926e-01	3.431655e+03
5.935936e-01	3.434829e+03
5.945946e-01	3.438004e+03
5.955956e-01	3.441178e+03
5.965966e-01	3.444352e+03
5.975976e-01	3.447527e+03
5.985986e-01	3.450701e+03
5.995996e-01	3.453875e+03
6.006006e-01	3.457050e+03
6.016016e-01	3.460224e+03
6.026026e-01	3.463398e+03
6.036036e-01	3.466573e+03
6.046046e-01	3.469747e+03
6.056056e-01	3.472921e+03
6.066066e-01	3.476096e+03
6.076076e-01	3.479270e+03
6.086086e-01	3.482444e+03
6.096096e-01	3.485619e+03
6.106106e-01	3.488793e+03
6.116116e-01	3.491968e+03
6.126126e-01	3.495142e+03
6.136136e-01	3.498316e+03
6.146146e-01	3.501491e+03
6.156156e-01	3.504665e+03
6.166166e-01	3.507839e+03
6.176176e-01	3.511014e+03
6.186186e-01	3.514188e+03
6.196196e-01	3.517362e+03
6.206206e-01	3.520537e+03
6.216216e-01	3.523711e+03
6.226226e-01	3.526885e+03
6.236236e-01	3.530060e+03
6.246246e-01	3.533234e+03
6.256256e-01	3.536408e+03
6.266266e-01	3.539583e+03
6.276276e-01	3.542757e+03
6.286286e-01	3.545931e+03
6.296296e-01	3.549106e+03
6.306306e-01	3.552280e+03
6.316316e-01	3.555454e+03
6.326326e-01	3.558629e+03
6.336336e-01	3.561803e+03
6.346346e-01	3.564977e+03
6.356356e-01	3.568152e+03
6.366366e-01	3.571326e+03
6.376376e-01	3.574500e+03
6.386386e-01	3.577675e+03
6.396396e-01	3.580849e+03
6.406406e-01	3.584023e+03
6.416416e-01	3.587198e+03
6.426426e-01	3.590372e+03
6.436436e-01	3.593546e+03
6.446446e-01	3.596721e+03
6.456456e-01	3.599895e+03
6.466466e-01	3.603069e+03
6.476476e-01	3.606244e+03
6.486486e-01	3.609418e+03
6.496496e-01	3.612592e+03
6.506507e-01	3.615767e+03
6.516517e-01	3.618941e+03
6.526527e-01	3.622115e+03
6.536537e-01	3.625290e+03
6.546547e-01	3.628464e+03
6.556557e-01	3.631638e+03
6.566567e-01	3.634813e+03
6.576577e-01	3.637987e+03
6.586587e-01	3.641161e+03
6.596597e-01	3.644336e+03
6.606607e-01	3.647510e+03
6.616617e-01	3.650684e+03
6.626627e-01	3.653859e+03
6.636637e-01	3.657033e+03
6.646647e-01	3.660207e+03
6.656657e-01	3.663382e+03
6.666667e-01	3.666556e+03
6.676677e-01	3.670198e+03
6.686687e-01	3.673933e+03
6.696697e-01	3.677668e+03
6.706707e-01	3.681403e+03
6.716717e-01	3.685138e+03
6.726727e-01	3.688873e+03
6.736737e-01	3.692608e+03
6.746747e-01	3.696343e+03
6.756757e-01	3.700078e+03
6.766767e-01	3.703813e+03
6.776777e-01	3.707548e+03
6.786787e-01	3.711283e+03
6.796797e-01	3.715017e+03
6.806807e-01	3.718752e+03
6.816817e-01	3.722487e+03
6.826827e-01	3.726222e+03
6.836837e-01	3.729957e+03
6.846847e-01	3.733692e+03
6.856857e-01	3.737427e+03
6.866867e-01	3.741162e+03
6.876877e-01	3.744897e+03
6.886887e-01	3.748632e+03
6.896897e-01	3.752367e+03
6.906907e-01	3.756102e+03
6.916917e-01	3.759837e+03
6.926927e-01	3.763572e+03
6.936937e-01	3.767307e+03
6.946947e-01	3.771042e+03
6.956957e-01	3.774776e+03
6.966967e-01	3.778511e+03
6.976977e-01	3.782246e+03
6.986987e-01	3.785981e+03
6.996997e-01	3.789716e+03
7.007007e-01	3.793451e+03
7.017017e-01	3.797186e+03
7.027027e-01	3.800921e+03
7.037037e-01	3.804656e+03
7.047047e-01	3.808391e+03
7.057057e-01	3.812126e+03
7.067067e-01	3.815861e+03
7.077077e-01	3.819596e+03
7.087087e-01	3.823331e+03
7.097097e-01	3.827066e+03
7.107107e-01	3.830801e+03
7.117117e-01	3.834535e+03
7.127127e-01	3.838270e+03
7.137137e-01	3.842005e+03
7.147147e-01	3.845740e+03
7.157157e-01	3.849475e+03
7.167167e-01	3.853210e+03
7.177177e-01	3.856945e+03
7.187187e-01	3.860680e+03
7.197197e-01	3.864415e+03
7.207207e-01	3.868150e+03
7.217217e-01	3.871885e+03
7.227227e-01	3.875620e+03
7.237237e-01	3.879355e+03
7.247247e-01	3.883090e+03
7.257257e-01	3.886825e+03
7.267267e-01	3.890560e+03
7.277277e-01	3.894294e+03
7.287287e-01	3.898029e+03
7.297297e-01	3.901764e+03
7.307307e-01	3.905499e+03
7.317317e-01	3.909234e+03
7.327327e-01	3.912969e+03
7.337337e-01	3.916704e+03
7.347347e-01	3.920439e+03
7.357357e-01	3.924174e+03
7.367367e-01	3.927909e+03
7.377377e-01	3.931644e+03
7.387387e-01	3.935379e+03
7.397397e-01	3.939114e+03
7.407407e-01	3.942849e+03
7.417417e-01	3.946584e+03
7.427427e-01	3.950319e+03
7.437437e-01	3.954053e+03
7.447447e-01	3.957788e+03
7.457457e-01	3.961523e+03
7.467467e-01	3.965258e+03
7.477477e-01	3.968993e+03
7.487487e-01	3.972728e+03
7.497497e-01	3.976463e+03
7.507508e-01	3.980198e+03
7.517518e-01	3.983933e+03
7.527528e-01	3.987668e+03
7.537538e-01	3.991403e+03
7.547548e-01	3.995138e+03
7.557558e-01	3.998873e+03
7.567568e-01	4.002608e+03
7.577578e-01	4.006343e+03
7.587588e-01	4.010078e+03
7.597598e-01	4.013812e+03
7.607608e-01	4.017547e+03
7.617618e-01	4.021282e+03
7.627628e-01	4.025017e+03
7.637638e-01	4.028752e+03
7.647648e-01	4.032487e+03
7.657658e-01	4.036222e+03
7.667668e-01	4.039957e+03
7.677678e-01	4.043692e+03
7.687688e-01	4.047427e+03
7.697698e-01	4.051162e+03
7.707708e-01	4.055397e+03
7.717718e-01	4.060165e+03
7.727728e-01	4.064933e+03
7.737738e-01	4.069701e+03
7.747748e-01	4.074470e+03
7.757758e-01	4.079238e+03
7.767768e-01	4.084006e+03
7.777778e-01	4.088774e+03
7.787788e-01	4.093543e+03
7.797798e-01	4.098311e+03
7.807808e-01	4.103079e+03
7.817818e-01	4.107847e+03
7.827828e-01	4.112616e+03
7.837838e-01	4.117384e+03
7.847848e-01	4.122152e+03
7.857858e-01	4.126921e+03
7.867868e-01	4.131689e+03
7.877878e-01	4.136457e+03
7.887888e-01	4.141225e+03
7.897898e-01	4.145994e+03
7.907908e-01	4.150762e+03
7.917918e-01	4.155530e+03
7.927928e-01	4.160298e+03
7.937938e-01	4.165067e+03
7.947948e-01	4.169835e+03
7.957958e-01	4.174603e+03
7.967968e-01	4.179371e+03
7.977978e-01	4.184140e+03
7.987988e-01	4.188908e+03
7.997998e-01	4.193676e+03
8.008008e-01	4.198444e+03
8.018018e-01	4.203213e+03
8.028028e-01	4.207981e+03
8.038038e-01	4.212749e+03
8.048048e-01	4.217518e+03
8.058058e-01	4.222286e+03
8.068068e-01	4.227054e+03
8.078078e-01	4.231822e+03
8.088088e-01	4.236591e+03
8.098098e-01	4.241359e+03
8.108108e-01	4.246127e+03
8.118118e-01	4.250895e+03
8.128128e-01	4.255664e+03
8.138138e-01	4.260432e+03
8.148148e-01	4.265200e+03
8.158158e-01	4.269968e+03
8.168168e-01	4.274737e+03
8.178178e-01	4.279505e+03
8.188188e-01	4.284273e+03
8.198198e-01	4.289041e+03
8.208208e-01	4.293810e+03
8.218218e-01	4.298578e+03
8.228228e-01	4.303346e+03
8.238238e-01	4.308115e+03
8.248248e-01	4.312883e+03
8.258258e-01	4.317651e+03
8.268268e-01	4.322419e+03
8.278278e-01	4.327188e+03
8.288288e-01	4.331956e+03
8.298298e-01	4.336724e+03
8.308308e-01	4.341492e+03
8.318318e-01	4.346261e+03
8.328328e-01	4.351029e+03
8.338338e-01	4.355797e+03
8.348348e-01	4.360565e+03
8.358358e-01	4.365334e+03
8.368368e-01	4.370102e+03
8.378378e-01	4.374870e+03
8.388388e-01	4.379638e+03
8.398398e-01	4.384407e+03
8.408408e-01	4.389175e+03
8.418418e-01	4.393943e+03
8.428428e-01	4.398712e+03
8.438438e-01	4.403480e+03
8.448448e-01	4.408248e+03
8.458458e-01	4.413016e+03
8.468468e-01	4.417785e+03
8.478478e-01	4.422553e+03
8.488488e-01	4.427321e+03
8.498498e-01	4.432089e+03
8.508509e-01	4.436858e+03
8.518519e-01	4.442600e+03
8.528529e-01	4.449207e+03
8.538539e-01	4.455814e+03
8.548549e-01	4.462421e+03
8.558559e-01	4.469028e+03
8.568569e-01	4.475635e+03
8.578579e-01	4.482242e+03
8.588589e-01	4.488849e+03
8.598599e-01	4.495456e+03
8.608609e-01	4.502063e+03
8.618619e-01	4.508670e+03
8.628629e-01	4.515276e+03
8.638639e-01	4.521883e+03
8.648649e-01	4.528490e+03
8.658659e-01	4.535097e+03
8.668669e-01	4.541704e+03
8.678679e-01	4.548311e+03
8.688689e-01	4.554918e+03
8.698699e-01	4.561525e+03
8.708709e-01	4.568132e+03
8.718719e-01	4.574739e+03
8.728729e-01	4.581346e+03
8.738739e-01	4.587953e+03
8.748749e-01	4.594559e+03
8.758759e-01	4.601166e+03
8.768769e-01	4.607773e+03
8.778779e-01	4.614380e+03
8.788789e-01	4.620987e+03
8.798799e-01	4.627594e+03
8.808809e-01	4.634201e+03
8.818819e-01	4.640808e+03
8.828829e-01	4.647415e+03
8.838839e-01	4.654022e+03
8.848849e-01	4.660629e+03
8.858859e-01	4.667236e+03
8.868869e-01	4.673842e+03
8.878879e-01	4.680449e+03
8.888889e-01	4.687056e+03
8.898899e-01	4.693663e+03
8.908909e-01	4.700270e+03
8.918919e-01	4.706877e+03
8.928929e-01	4.713484e+03
8.938939e-01	4.720091e+03
8.948949e-01	4.726698e+03
8.958959e-01	4.733305e+03
8.968969e-01	4.739912e+03
8.978979e-01	4.746519e+03
8.988989e-01	4.753126e+03
8.998999e-01	4.759732e+03
9.009009e-01	4.766339e+03
9.019019e-01	4.772946e+03
9.029029e-01	4.779553e+03
9.039039e-01	4.786160e+03
9.049049e-01	4.792767e+03
9.059059e-01	4.799374e+03
9.069069e-01	4.805981e+03
9.079079e-01	4.812588e+03
9.089089e-01	4.819195e+03
9.099099e-01	4.826147e+03
9.109109e-01	4.836043e+03
9.119119e-01	4.845939e+03
9.129129e-01	4.855835e+03
9.139139e-01	4.865730e+03
9.149149e-01	4.875626e+03
9.159159e-01	4.885522e+03
9.169169e-01	4.895418e+03
9.179179e-01	4.905314e+03
9.189189e-01	4.915209e+03
9.199199e-01	4.925105e+03
9.209209e-01	4.935001e+03
9.219219e-01	4.944897e+03
9.229229e-01	4.954792e+03
9.239239e-01	4.964688e+03
9.249249e-01	4.974584e+03
9.259259e-01	4.984480e+03
9.269269e-01	4.994376e+03
9.279279e-01	5.004271e+03
9.289289e-01	5.014167e+03
9.299299e-01	5.024063e+03
9.309309e-01	5.033959e+03
9.319319e-01	5.043855e+03
9.329329e-01	5.053750e+03
9.339339e-01	5.063646e+03
9.349349e-01	5.073542e+03
9.359359e-01	5.083438e+03
9.369369e-01	5.093333e+03
9.379379e-01	5.103229e+03
9.389389e-01	5.113125e+03
9.399399e-01	5.123021e+03
9.409409e-01	5.132917e+03
9.419419e-01	5.142812e+03
9.429429e-01	5.152708e+03
9.439439e-01	5.162604e+03
9.449449e-01	5.172500e+03
9.459459e-01	5.182396e+03
9.469469e-01	5.192291e+03
9.479479e-01	5.202187e+03
9.489489e-01	5.212662e+03
9.499499e-01	5.228479e+03
9.509510e-01	5.244297e+03
9.519520e-01	5.260115e+03
9.529530e-01	5.275932e+03
9.539540e-01	5.291750e+03
9.549550e-01	5.307567e+03
9.559560e-01	5.323385e+03
9.569570e-01	5.339203e+03
9.579580e-01	5.355020e+03
9.589590e-01	5.370838e+03
9.599600e-01	5.386656e+03
9.609610e-01	5.402473e+03
9.619620e-01	5.418291e+03
9.629630e-01	5.434109e+03
9.639640e-01	5.449926e+03
9.649650e-01	5.465744e+03
9.659660e-01	5.481562e+03
9.669670e-01	5.497379e+03
9.679680e-01	5.513197e+03
9.689690e-01	5.529015e+03
9.699700e-01	5.544832e+03
9.709710e-01	5.560650e+03
9.719720e-01	5.576467e+03
9.729730e-01	5.592285e+03
9.739740e-01	5.616309e+03
9.749750e-01	5.643949e+03
9.759760e-01	5.671590e+03
9.769770e-01	5.699231e+03
9.779780e-01	5.726871e+03
9.789790e-01	5.754512e+03
9.799800e-01	5.782153e+03
9.809810e-01	5.809793e+03
9.819820e-01	5.837434e+03
9.829830e-01	5.865075e+03
9.839840e-01	5.892716e+03
9.849850e-01	5.920356e+03
9.859860e-01	5.947997e+03
9.869870e-01	5.975638e+03
9.879880e-01	6.021057e+03
9.889890e-01	6.073091e+03
9.899900e-01	6.125125e+03
9.909910e-01	6.177159e+03
9.919920e-01	6.229193e+03
9.929930e-01	6.281227e+03
9.939940e-01	6.333261e+03
9.949950e-01	6.402262e+03
9.959960e-01	6.508954e+03
9.969970e-01	6.615645e+03
9.979980e-01	6.722337e+03
9.989990e-01	6.927533e+03
1.000000e+00	7.527167e+03
