# q	y_q
0.000000e+00	1.588741e+02
1.001001e-03	7.966054e+02
2.002002e-03	8.875141e+02
3.003003e-03	9.784228e+02
4.004004e-03	1.069332e+03
5.005005e-03	1.132356e+03
6.006006e-03	1.170586e+03
7.007007e-03	1.208817e+03
8.008008e-03	1.247047e+03
9.009009e-03	1.285278e+03
1.001001e-02	1.323509e+03
1.101101e-02	1.361739e+03
1.201201e-02	1.399970e+03
1.301301e-02	1.433879e+03
1.401401e-02	1.452286e+03
1.501502e-02	1.470692e+03
1.601602e-02	1.489099e+03
1.701702e-02	1.507505e+03
1.801802e-02	1.525912e+03
1.901902e-02	1.544318e+03
2.002002e-02	1.562724e+03
2.102102e-02	1.581131e+03
2.202202e-02	1.599537e+03
2.302302e-02	1.617944e+03
2.402402e-02	1.636350e+03
2.502503e-02	1.654757e+03
2.602603e-02	1.673163e+03
2.702703e-02	1.691570e+03
2.802803e-02	1.709976e+03
2.902903e-02	1.728383e+03
3.003003e-02	1.746789e+03
3.103103e-02	1.757207e+03
3.203203e-02	1.767250e+03
3.303303e-02	1.777292e+03
3.403403e-02	1.787335e+03
3.503504e-02	1.797378e+03
3.603604e-02	1.807420e+03
3.703704e-02	1.817463e+03
3.803804e-02	1.827505e+03
3.903904e-02	1.837548e+03
4.004004e-02	1.847590e+03
4.104104e-02	1.857633e+03
4.204204e-02	1.867676e+03
4.304304e-02	1.877718e+03
4.404404e-02	1.887761e+03
4.504505e-02	1.897803e+03
4.604605e-02	1.907846e+03
4.704705e-02	1.917888e+03
4.804805e-02	1.927931e+03
4.904905e-02	1.937974e+03
5.005005e-02	1.948016e+03
5.105105e-02	1.958059e+03
5.205205e-02	1.968101e+03
5.305305e-02	1.978144e+03
5.405405e-02	1.988187e+03
5.505506e-02	1.998229e+03
5.605606e-02	2.008272e+03
5.705706e-02	2.018314e+03
5.805806e-02	2.028357e+03
5.905906e-02	2.038399e+03
6.006006e-02	2.048442e+03
6.106106e-02	2.058485e+03
6.206206e-02	2.067287e+03
6.306306e-02	2.073393e+03
6.406406e-02	2.079498e+03
6.506507e-02	2.085604e+03
6.606607e-02	2.091709e+03
6.706707e-02	2.097815e+03
6.806807e-02	2.103920e+03
6.906907e-02	2.110026e+03
7.007007e-02	2.116131e+03
7.107107e-02	2.122237e+03
7.207207e-02	2.128342e+03
7.307307e-02	2.134448e+03
7.407407e-02	2.140553e+03
7.507508e-02	2.146659e+03
7.607608e-02	2.152765e+03
7.707708e-02	2.158870e+03
7.807808e-02	2.164976e+03
7.907908e-02	2.171081e+03
8.008008e-02	2.177187e+03
8.108108e-02	2.183292e+03
8.208208e-02	2.189398e+03
8.308308e-02	2.195503e+03
8.408408e-02	2.201609e+03
8.508509e-02	2.207714e+03
8.608609e-02	2.213820e+03
8.708709e-02	2.219926e+03
8.808809e-02	2.226031e+03
8.908909e-02	2.232137e+03
9.009009e-02	2.238242e+03
9.109109e-02	2.244348e+03
9.209209e-02	2.250453e+03
9.309309e-02	2.256559e+03
9.409409e-02	2.262664e+03
9.509510e-02	2.268770e+03
9.609610e-02	2.274875e+03
9.709710e-02	2.280981e+03
9.809810e-02	2.287087e+03
9.909910e-02	2.293192e+03
1.001001e-01	2.299298e+03
1.011011e-01	2.305403e+03
1.021021e-01	2.311509e+03
1.031031e-01	2.317614e+03
1.041041e-01	2.323720e+03
1.051051e-01	2.329825e+03
1.061061e-01	2.335931e+03
1.071071e-01	2.342036e+03
1.081081e-01	2.348142e+03
1.091091e-01	2.354248e+03
1.101101e-01	2.360353e+03
1.111111e-01	2.366459e+03
1.121121e-01	2.372564e+03
1.131131e-01	2.378670e+03
1.141141e-01	2.384242e+03
1.151151e-01	2.388388e+03
1.161161e-01	2.392534e+03
1.171171e-01	2.396681e+03
1.181181e-01	2.400827e+03
1.191191e-01	2.404974e+03
1.201201e-01	2.409120e+03
1.211211e-01	2.413267e+03
1.221221e-01	2.417413e+03
1.231231e-01	2.421560e+03
1.241241e-01	2.425706e+03
1.251251e-01	2.429853e+03
1.261261e-01	2.433999e+03
1.271271e-01	2.438145e+03
1.281281e-01	2.442292e+03
1.291291e-01	2.446438e+03
1.301301e-01	2.450585e+03
1.311311e-01	2.454731e+03
1.321321e-01	2.458878e+03
1.331331e-01	2.463024e+03
1.341341e-01	2.467171e+03
1.351351e-01	2.471317e+03
1.361361e-01	2.475464e+03
1.371371e-01	2.479610e+03
1.381381e-01	2.483757e+03
1.391391e-01	2.487903e+03
1.401401e-01	2.492049e+03
1.411411e-01	2.496196e+03
1.421421e-01	2.500342e+03
1.431431e-01	2.504489e+03
1.441441e-01	2.508635e+03
1.451451e-01	2.512782e+03
1.461461e-01	2.516928e+03
1.471471e-01	2.521075e+03
1.481481e-01	2.525221e+03
1.491491e-01	2.529368e+03
1.501502e-01	2.533514e+03
1.511512e-01	2.537661e+03
1.521522e-01	2.541807e+03
1.531532e-01	2.545953e+03
1.541542e-01	2.550100e+03
1.551552e-01	2.554246e+03
1.561562e-01	2.558393e+03
1.571572e-01	2.562539e+03
1.581582e-01	2.566686e+03
1.591592e-01	2.570832e+03
1.601602e-01	2.574979e+03
1.611612e-01	2.579125e+03
1.621622e-01	2.583272e+03
1.631632e-01	2.587418e+03
1.641642e-01	2.591564e+03
1.651652e-01	2.595711e+03
1.661662e-01	2.599857e+03
1.671672e-01	2.604004e+03
1.681682e-01	2.608150e+03
1.691692e-01	2.612297e+03
1.701702e-01	2.616443e+03
1.711712e-01	2.620590e+03
1.721722e-01	2.624736e+03
1.731732e-01	2.628883e+03
1.741742e-01	2.633029e+03
1.751752e-01	2.637176e+03
1.761762e-01	2.641322e+03
1.771772e-01	2.645468e+03
1.781782e-01	2.649615e+03
1.791792e-01	2.653761e+03
1.801802e-01	2.657908e+03
1.811812e-01	2.662054e+03
1.821822e-01	2.666201e+03
1.831832e-01	2.670347e+03
1.841842e-01	2.674494e+03
1.851852e-01	2.678640e+03
1.861862e-01	2.682787e+03
1.871872e-01	2.686933e+03
1.881882e-01	2.691080e+03
1.891892e-01	2.695226e+03
1.901902e-01	2.699372e+03
1.911912e-01	2.702866e+03
1.921922e-01	2.705993e+03
1.931932e-01	2.709121e+03
1.941942e-01	2.712248e+03
1.951952e-01	2.715376e+03
1.961962e-01	2.718503e+03
1.971972e-01	2.721631e+03
1.981982e-01	2.724759e+03
1.991992e-01	2.727886e+03
2.002002e-01	2.731014e+03
2.012012e-01	2.734141e+03
2.022022e-01	2.737269e+03
2.032032e-01	2.740396e+03
2.042042e-01	2.743524e+03
2.052052e-01	2.746652e+03
2.062062e-01	2.749779e+03
2.072072e-01	2.752907e+03
2.082082e-01	2.756034e+03
2.092092e-01	2.759162e+03
2.102102e-01	2.762289e+03
2.112112e-01	2.765417e+03
2.122122e-01	2.768545e+03
2.132132e-01	2.771672e+03
2.142142e-01	2.774800e+03
2.152152e-01	2.777927e+03
2.162162e-01	2.781055e+03
2.172172e-01	2.784182e+03
2.182182e-01	2.787310e+03
2.192192e-01	2.790438e+03
2.202202e-01	2.793565e+03
2.212212e-01	2.796693e+03
2.222222e-01	2.799820e+03
2.232232e-01	2.802948e+03
2.242242e-01	2.806075e+03
2.252252e-01	2.809203e+03
2.262262e-01	2.812331e+03
2.272272e-01	2.815458e+03
2.282282e-01	2.818586e+03
2.292292e-01	2.821713e+03
2.302302e-01	2.824841e+03
2.312312e-01	2.827968e+03
2.322322e-01	2.831096e+03
2.332332e-01	2.834224e+03
2.342342e-01	2.837351e+03
2.352352e-01	2.840479e+03
2.362362e-01	2.843606e+03
2.372372e-01	2.846734e+03
2.382382e-01	2.849861e+03
2.392392e-01	2.852989e+03
2.402402e-01	2.856117e+03
2.412412e-01	2.859244e+03
2.422422e-01	2.862372e+03
2.432432e-01	2.865499e+03
2.442442e-01	2.868627e+03
2.452452e-01	2.871754e+03
2.462462e-01	2.874882e+03
2.472472e-01	2.878010e+03
2.482482e-01	2.881137e+03
2.492492e-01	2.884265e+03
2.502503e-01	2.887392e+03
2.512513e-01	2.890520e+03
2.522523e-01	2.893647e+03
2.532533e-01	2.896775e+03
2.542543e-01	2.899903e+03
2.552553e-01	2.903030e+03
2.562563e-01	2.906158e+03
2.572573e-01	2.909285e+03
2.582583e-01	2.912413e+03
2.592593e-01	2.915541e+03
2.602603e-01	2.918668e+03
2.612613e-01	2.921796e+03
2.622623e-01	2.924923e+03
2.632633e-01	2.928051e+03
2.642643e-01	2.931178e+03
2.652653e-01	2.934306e+03
2.662663e-01	2.937434e+03
2.672673e-01	2.940561e+03
2.682683e-01	2.943689e+03
2.692693e-01	2.946816e+03
2.702703e-01	2.949944e+03
2.712713e-01	2.953071e+03
2.722723e-01	2.956199e+03
2.732733e-01	2.959327e+03
2.742743e-01	2.962454e+03
2.752753e-01	2.965582e+03
2.762763e-01	2.968709e+03
2.772773e-01	2.971837e+03
2.782783e-01	2.974964e+03
2.792793e-01	2.978092e+03
2.802803e-01	2.981220e+03
2.812813e-01	2.984347e+03
2.822823e-01	2.987475e+03
2.832833e-01	2.990602e+03
2.842843e-01	2.993730e+03
2.852853e-01	2.996857e+03
2.862863e-01	2.999985e+03
2.872873e-01	3.003113e+03
2.882883e-01	3.006240e+03
2.892893e-01	3.009368e+03
2.902903e-01	3.012495e+03
2.912913e-01	3.015623e+03
2.922923e-01	3.018730e+03
2.932933e-01	3.021414e+03
2.942943e-01	3.024098e+03
2.952953e-01	3.026782e+03
2.962963e-01	3.029466e+03
2.972973e-01	3.032150e+03
2.982983e-01	3.034834e+03
2.992993e-01	3.037517e+03
3.003003e-01	3.040201e+03
3.013013e-01	3.042885e+03
3.023023e-01	3.045569e+03
3.033033e-01	3.048253e+03
3.043043e-01	3.050937e+03
3.053053e-01	3.053621e+03
3.063063e-01	3.056305e+03
3.073073e-01	3.058988e+03
3.083083e-01	3.061672e+03
3.093093e-01	3.064356e+03
3.103103e-01	3.067040e+03
3.113113e-01	3.069724e+03
3.123123e-01	3.072408e+03
3.133133e-01	3.075092e+03
3.143143e-01	3.077776e+03
3.153153e-01	3.080460e+03
3.163163e-01	3.083143e+03
3.173173e-01	3.085827e+03
3.183183e-01	3.088511e+03
3.193193e-01	3.091195e+03
3.203203e-01	3.093879e+03
3.213213e-01	3.096563e+03
3.223223e-01	3.099247e+03
3.233233e-01	3.101931e+03
3.243243e-01	3.104614e+03
3.253253e-01	3.107298e+03
3.263263e-01	3.109982e+03
3.273273e-01	3.112666e+03
3.283283e-01	3.115350e+03
3.293293e-01	3.118034e+03
3.303303e-01	3.120718e+03
3.313313e-01	3.123402e+03
3.323323e-01	3.126086e+03
3.333333e-01	3.128769e+03
3.343343e-01	3.131453e+03
3.353353e-01	3.134137e+03
3.363363e-01	3.136821e+03
3.373373e-01	3.139505e+03
3.383383e-01	3.142189e+03
3.393393e-01	3.144873e+03
3.403403e-01	3.147557e+03
3.413413e-01	3.150240e+03
3.423423e-01	3.152924e+03
3.433433e-01	3.155608e+03
3.443443e-01	3.158292e+03
3.453453e-01	3.160976e+03
3.463463e-01	3.163660e+03
3.473473e-01	3.166344e+03
3.483483e-01	3.169028e+03
3.493493e-01	3.171712e+03
3.503504e-01	3.174395e+03
3.513514e-01	3.177079e+03
3.523524e-01	3.179763e+03
3.533534e-01	3.182447e+03
3.543544e-01	3.185131e+03
3.553554e-01	3.187815e+03
3.563564e-01	3.190499e+03
3.573574e-01	3.193183e+03
3.583584e-01	3.195866e+03
3.593594e-01	3.198550e+03
3.603604e-01	3.201234e+03
3.613614e-01	3.203918e+03
3.623624e-01	3.206602e+03
3.633634e-01	3.209286e+03
3.643644e-01	3.211970e+03
3.653654e-01	3.214654e+03
3.663664e-01	3.217338e+03
3.673674e-01	3.220021e+03
3.683684e-01	3.222705e+03
3.693694e-01	3.225389e+03
3.703704e-01	3.228073e+03
3.713714e-01	3.230757e+03
3.723724e-01	3.233441e+03
3.733734e-01	3.236125e+03
3.743744e-01	3.238809e+03
3.753754e-01	3.241492e+03
3.763764e-01	3.244176e+03
3.773774e-01	3.246860e+03
3.783784e-01	3.249544e+03
3.793794e-01	3.252228e+03
3.803804e-01	3.254912e+03
3.813814e-01	3.257596e+03
3.823824e-01	3.260280e+03
3.833834e-01	3.262964e+03
3.843844e-01	3.265647e+03
3.853854e-01	3.268331e+03
3.863864e-01	3.271015e+03
3.873874e-01	3.273699e+03
3.883884e-01	3.276383e+03
3.893894e-01	3.279067e+03
3.903904e-01	3.281751e+03
3.913914e-01	3.284435e+03
3.923924e-01	3.287118e+03
3.933934e-01	3.289802e+03
3.943944e-01	3.292486e+03
3.953954e-01	3.295170e+03
3.963964e-01	3.297854e+03
3.973974e-01	3.300538e+03
3.983984e-01	3.303222e+03
3.993994e-01	3.305906e+03
4.004004e-01	3.308590e+03
4.014014e-01	3.311273e+03
4.024024e-01	3.313957e+03
4.034034e-01	3.316641e+03
4.044044e-01	3.319325e+03
4.054054e-01	3.322009e+03
4.064064e-01	3.324693e+03
4.074074e-01	3.327377e+03
4.084084e-01	3.330061e+03
4.094094e-01	3.332744e+03
4.104104e-01	3.335428e+03
4.114114e-01	3.338029e+03
4.124124e-01	3.340587e+03
4.134134e-01	3.343144e+03
4.144144e-01	3.345701e+03
4.154154e-01	3.348258e+03
4.164164e-01	3.350816e+03
4.174174e-01	3.353373e+03
4.184184e-01	3.355930e+03
4.194194e-01	3.358487e+03
4.204204e-01	3.361045e+03
4.214214e-01	3.363602e+03
4.224224e-01	3.366159e+03
4.234234e-01	3.368716e+03
4.244244e-01	3.371274e+03
4.254254e-01	3.373831e+03
4.264264e-01	3.376388e+03
4.274274e-01	3.378945e+03
4.284284e-01	3.381503e+03
4.294294e-01	3.384060e+03
4.304304e-01	3.386617e+03
4.314314e-01	3.389174e+03
4.324324e-01	3.391732e+03
4.334334e-01	3.394289e+03
4.344344e-01	3.396846e+03
4.354354e-01	3.399403e+03
4.364364e-01	3.401961e+03
4.374374e-01	3.404518e+03
4.384384e-01	3.407075e+03
4.394394e-01	3.409632e+03
4.404404e-01	3.412190e+03
4.414414e-01	3.414747e+03
4.424424e-01	3.417304e+03
4.434434e-01	3.419861e+03
4.444444e-01	3.422419e+03
4.454454e-01	3.424976e+03
4.464464e-01	3.427533e+03
4.474474e-01	3.430090e+03
4.484484e-01	3.432648e+03
4.494494e-01	3.435205e+03
4.504505e-01	3.437762e+03
4.514515e-01	3.440319e+03
4.524525e-01	3.442877e+03
4.534535e-01	3.445434e+03
4.544545e-01	3.447991e+03
4.554555e-01	3.450548e+03
4.564565e-01	3.453106e+03
4.574575e-01	3.455663e+03
4.584585e-01	3.458220e+03
4.594595e-01	3.460777e+03
4.604605e-01	3.463335e+03
4.614615e-01	3.465892e+03
4.624625e-01	3.468449e+03
4.634635e-01	3.471006e+03
4.644645e-01	3.473564e+03
4.654655e-01	3.476121e+03
4.664665e-01	3.478678e+03
4.674675e-01	3.481235e+03
4.684685e-01	3.483793e+03
4.694695e-01	3.486350e+03
4.704705e-01	3.488907e+03
4.714715e-01	3.491464e+03
4.724725e-01	3.494022e+03
4.734735e-01	3.496579e+03
4.744745e-01	3.499136e+03
4.754755e-01	3.501693e+03
4.764765e-01	3.504251e+03
4.774775e-01	3.506808e+03
4.784785e-01	3.509365e+03
4.794795e-01	3.511922e+03
4.804805e-01	3.514480e+03
4.814815e-01	3.517037e+03
4.824825e-01	3.519594e+03
4.834835e-01	3.522151e+03
4.844845e-01	3.524709e+03
4.854855e-01	3.527266e+03
4.864865e-01	3.529823e+03
4.874875e-01	3.532380e+03
4.884885e-01	3.534938e+03
4.894895e-01	3.537495e+03
4.904905e-01	3.540052e+03
4.914915e-01	3.542609e+03
4.924925e-01	3.545167e+03
4.934935e-01	3.547724e+03
4.944945e-01	3.550281e+03
4.954955e-01	3.552838e+03
4.964965e-01	3.555396e+03
4.974975e-01	3.557953e+03
4.984985e-01	3.560510e+03
4.994995e-01	3.563067e+03
5.005005e-01	3.565625e+03
5.015015e-01	3.568182e+03
5.025025e-01	3.570739e+03
5.035035e-01	3.573296e+03
5.045045e-01	3.575854e+03
5.055055e-01	3.578411e+03
5.065065e-01	3.580968e+03
5.075075e-01	3.583525e+03
5.085085e-01	3.586083e+03
5.095095e-01	3.588640e+03
5.105105e-01	3.591197e+03
5.115115e-01	3.593754e+03
5.125125e-01	3.596312e+03
5.135135e-01	3.598869e+03
5.145145e-01	3.601426e+03
5.155155e-01	3.603983e+03
5.165165e-01	3.606541e+03
5.175175e-01	3.609098e+03
5.185185e-01	3.611655e+03
5.195195e-01	3.614212e+03
5.205205e-01	3.616770e+03
5.215215e-01	3.619327e+03
5.225225e-01	3.621884e+03
5.235235e-01	3.624441e+03
5.245245e-01	3.626999e+03
5.255255e-01	3.629556e+03
5.265265e-01	3.632113e+03
5.275275e-01	3.634670e+03
5.285285e-01	3.637228e+03
5.295295e-01	3.639785e+03
5.305305e-01	3.642342e+03
5.315315e-01	3.644899e+03
5.325325e-01	3.647457e+03
5.335335e-01	3.650014e+03
5.345345e-01	3.652571e+03
5.355355e-01	3.655190e+03
5.365365e-01	3.657900e+03
5.375375e-01	3.660611e+03
5.385385e-01	3.663322e+03
5.395395e-01	3.666032e+03
5.405405e-01	3.668743e+03
5.415415e-01	3.671453e+03
5.425425e-01	3.674164e+03
5.435435e-01	3.676875e+03
5.445445e-01	3.679585e+03
5.455455e-01	3.682296e+03
5.465465e-01	3.685007e+03
5.475475e-01	3.687717e+03
5.485485e-01	3.690428e+03
5.495495e-01	3.693139e+03
5.505506e-01	3.695849e+03
5.515516e-01	3.698560e+03
5.525526e-01	3.701270e+03
5.535536e-01	3.703981e+03
5.545546e-01	3.706692e+03
5.555556e-01	3.709402e+03
5.565566e-01	3.712113e+03
5.575576e-01	3.714824e+03
5.585586e-01	3.717534e+03
5.595596e-01	3.720245e+03
5.605606e-01	3.722956e+03
5.615616e-01	3.725666e+03
5.625626e-01	3.728377e+03
5.635636e-01	3.731087e+03
5.645646e-01	3.733798e+03
5.655656e-01	3.736509e+03
5.665666e-01	3.739219e+03
5.675676e-01	3.741930e+03
5.685686e-01	3.744641e+03
5.695696e-01	3.747351e+03
5.705706e-01	3.750062e+03
5.715716e-01	3.752773e+03
5.725726e-01	3.755483e+03
5.735736e-01	3.758194e+03
5.745746e-01	3.760904e+03
5.755756e-01	3.763615e+03
5.765766e-01	3.766326e+03
5.775776e-01	3.769036e+03
5.785786e-01	3.771747e+03
5.795796e-01	3.774458e+03
5.805806e-01	3.777168e+03
5.815816e-01	3.779879e+03
5.825826e-01	3.782590e+03
5.835836e-01	3.785300e+03
5.845846e-01	3.788011e+03
5.855856e-01	3.790721e+03
5.865866e-01	3.793432e+03
5.875876e-01	3.796143e+03
5.885886e-01	3.798853e+03
5.895896e-01	3.801564e+03
5.905906e-01	3.804275e+03
5.915916e-01	3.806985e+03
5.925926e-01	3.809696e+03
5.935936e-01	3.812407e+03
5.945946e-01	3.815117e+03
5.955956e-01	3.817828e+03
5.965966e-01	3.820538e+03
5.975976e-01	3.823249e+03
5.985986e-01	3.825960e+03
5.995996e-01	3.828670e+03
6.006006e-01	3.831381e+03
6.016016e-01	3.834092e+03
6.026026e-01	3.836802e+03
6.036036e-01	3.839513e+03
6.046046e-01	3.842224e+03
6.056056e-01	3.844934e+03
6.066066e-01	3.847645e+03
6.076076e-01	3.850355e+03
6.086086e-01	3.853066e+03
6.096096e-01	3.855777e+03
6.106106e-01	3.858487e+03
6.116116e-01	3.861198e+03
6.126126e-01	3.863909e+03
6.136136e-01	3.866619e+03
6.146146e-01	3.869330e+03
6.156156e-01	3.872040e+03
6.166166e-01	3.874751e+03
6.176176e-01	3.877462e+03
6.186186e-01	3.880172e+03
6.196196e-01	3.882883e+03
6.206206e-01	3.885594e+03
6.216216e-01	3.888304e+03
6.226226e-01	3.891015e+03
6.236236e-01	3.893726e+03
6.246246e-01	3.896436e+03
6.256256e-01	3.899147e+03
6.266266e-01	3.901857e+03
6.276276e-01	3.904568e+03
6.286286e-01	3.907279e+03
6.296296e-01	3.909989e+03
6.306306e-01	3.912700e+03
6.316316e-01	3.915411e+03
6.326326e-01	3.918121e+03
6.336336e-01	3.920832e+03
6.346346e-01	3.923543e+03
6.356356e-01	3.926253e+03
6.366366e-01	3.928964e+03
6.376376e-01	3.931674e+03
6.386386e-01	3.934385e+03
6.396396e-01	3.937096e+03
6.406406e-01	3.939806e+03
6.416416e-01	3.942517e+03
6.426426e-01	3.945228e+03
6.436436e-01	3.947938e+03
6.446446e-01	3.950649e+03
6.456456e-01	3.953360e+03
6.466466e-01	3.956070e+03
6.476476e-01	3.958781e+03
6.486486e-01	3.961491e+03
6.496496e-01	3.964202e+03
6.506507e-01	3.966913e+03
6.516517e-01	3.969623e+03
6.526527e-01	3.972413e+03
6.536537e-01	3.975567e+03
6.546547e-01	3.978721e+03
6.556557e-01	3.981875e+03
6.566567e-01	3.985029e+03
6.576577e-01	3.988183e+03
6.586587e-01	3.991337e+03
6.596597e-01	3.994491e+03
6.606607e-01	3.997645e+03
6.616617e-01	4.000799e+03
6.626627e-01	4.003953e+03
6.636637e-01	4.007107e+03
6.646647e-01	4.010261e+03
6.656657e-01	4.013416e+03
6.666667e-01	4.016570e+03
6.676677e-01	4.019724e+03
6.686687e-01	4.022878e+03
6.696697e-01	4.026032e+03
6.706707e-01	4.029186e+03
6.716717e-01	4.032340e+03
6.726727e-01	4.035494e+03
6.736737e-01	4.038648e+03
6.746747e-01	4.041802e+03
6.756757e-01	4.044956e+03
6.766767e-01	4.048110e+03
6.776777e-01	4.051264e+03
6.786787e-01	4.054418e+03
6.796797e-01	4.057573e+03
6.806807e-01	4.060727e+03
6.816817e-01	4.063881e+03
6.826827e-01	4.067035e+03
6.836837e-01	4.070189e+03
6.846847e-01	4.073343e+03
6.856857e-01	4.076497e+03
6.866867e-01	4.079651e+03
6.876877e-01	4.082805e+03
6.886887e-01	4.085959e+03
6.896897e-01	4.089113e+03
6.906907e-01	4.092267e+03
6.916917e-01	4.095421e+03
6.926927e-01	4.098575e+03
6.936937e-01	4.101730e+03
6.946947e-01	4.104884e+03
6.956957e-01	4.108038e+03
6.966967e-01	4.111192e+03
6.976977e-01	4.114346e+03
6.986987e-01	4.117500e+03
6.996997e-01	4.120654e+03
7.007007e-01	4.123808e+03
7.017017e-01	4.126962e+03
7.027027e-01	4.130116e+03
7.037037e-01	4.133270e+03
7.047047e-01	4.136424e+03
7.057057e-01	4.139578e+03
7.067067e-01	4.142732e+03
7.077077e-01	4.145886e+03
7.087087e-01	4.149041e+03
7.097097e-01	4.152195e+03
7.107107e-01	4.155349e+03
7.117117e-01	4.158503e+03
7.127127e-01	4.161657e+03
7.137137e-01	4.164811e+03
7.147147e-01	4.167965e+03
7.157157e-01	4.171119e+03
7.167167e-01	4.174273e+03
7.177177e-01	4.177427e+03
7.187187e-01	4.180581e+03
7.197197e-01	4.183735e+03
7.207207e-01	4.186889e+03
7.217217e-01	4.190043e+03
7.227227e-01	4.193198e+03
7.237237e-01	4.196352e+03
7.247247e-01	4.199506e+03
7.257257e-01	4.202660e+03
7.267267e-01	4.205814e+03
7.277277e-01	4.208968e+03
7.287287e-01	4.212122e+03
7.297297e-01	4.215276e+03
7.307307e-01	4.218430e+03
7.317317e-01	4.221584e+03
7.327327e-01	4.224738e+03
7.337337e-01	4.227892e+03
7.347347e-01	4.231046e+03
7.357357e-01	4.234200e+03
7.367367e-01	4.237354e+03
7.377377e-01	4.240509e+03
7.387387e-01	4.243663e+03
7.397397e-01	4.246817e+03
7.407407e-01	4.249971e+03
7.417417e-01	4.253125e+03
7.427427e-01	4.256279e+03
7.437437e-01	4.259433e+03
7.447447e-01	4.262587e+03
7.457457e-01	4.265741e+03
7.467467e-01	4.268895e+03
7.477477e-01	4.272049e+03
7.487487e-01	4.275203e+03
7.497497e-01	4.278357e+03
7.507508e-01	4.281511e+03
7.517518e-01	4.284666e+03
7.527528e-01	4.287820e+03
7.537538e-01	4.291333e+03
7.547548e-01	4.295312e+03
7.557558e-01	4.299291e+03
7.567568e-01	4.303270e+03
7.577578e-01	4.307250e+03
7.587588e-01	4.311229e+03
7.597598e-01	4.315208e+03
7.607608e-01	4.319187e+03
7.617618e-01	4.323166e+03
7.627628e-01	4.327146e+03
7.637638e-01	4.331125e+03
7.647648e-01	4.335104e+03
7.657658e-01	4.339083e+03
7.667668e-01	4.343062e+03
7.677678e-01	4.347042e+03
7.687688e-01	4.351021e+03
7.697698e-01	4.355000e+03
7.707708e-01	4.358979e+03
7.717718e-01	4.362958e+03
7.727728e-01	4.366938e+03
7.737738e-01	4.370917e+03
7.747748e-01	4.374896e+03
7.757758e-01	4.378875e+03
7.767768e-01	4.382854e+03
7.777778e-01	4.386834e+03
7.787788e-01	4.390813e+03
7.797798e-01	4.394792e+03
7.807808e-01	4.398771e+03
7.817818e-01	4.402751e+03
7.827828e-01	4.406730e+03
7.837838e-01	4.410709e+03
7.847848e-01	4.414688e+03
7.857858e-01	4.418667e+03
7.867868e-01	4.422647e+03
7.877878e-01	4.426626e+03
7.887888e-01	4.430605e+03
7.897898e-01	4.434584e+03
7.907908e-01	4.438563e+03
7.917918e-01	4.442543e+03
7.927928e-01	4.446522e+03
7.937938e-01	4.450501e+03
7.947948e-01	4.454480e+03
7.957958e-01	4.458459e+03
7.967968e-01	4.462439e+03
7.977978e-01	4.466418e+03
7.987988e-01	4.470397e+03
7.997998e-01	4.474376e+03
8.008008e-01	4.478355e+03
8.018018e-01	4.482335e+03
8.028028e-01	4.486314e+03
8.038038e-01	4.490293e+03
8.048048e-01	4.494272e+03
8.058058e-01	4.498252e+03
8.068068e-01	4.502231e+03
8.078078e-01	4.506210e+03
8.088088e-01	4.510189e+03
8.098098e-01	4.514168e+03
8.108108e-01	4.518148e+03
8.118118e-01	4.522127e+03
8.128128e-01	4.526106e+03
8.138138e-01	4.530085e+03
8.148148e-01	4.534064e+03
8.158158e-01	4.538044e+03
8.168168e-01	4.542023e+03
8.178178e-01	4.546002e+03
8.188188e-01	4.549981e+03
8.198198e-01	4.553960e+03
8.208208e-01	4.557940e+03
8.218218e-01	4.561919e+03
8.228228e-01	4.565898e+03
8.238238e-01	4.569877e+03
8.248248e-01	4.573856e+03
8.258258e-01	4.577836e+03
8.268268e-01	4.581815e+03
8.278278e-01	4.585794e+03
8.288288e-01	4.589773e+03
8.298298e-01	4.593753e+03
8.308308e-01	4.597732e+03
8.318318e-01	4.601711e+03
8.328328e-01	4.605690e+03
8.338338e-01	4.610478e+03
8.348348e-01	4.615844e+03
8.358358e-01	4.621210e+03
8.368368e-01	4.626576e+03
8.378378e-01	4.631941e+03
8.388388e-01	4.637307e+03
8.398398e-01	4.642673e+03
8.408408e-01	4.648039e+03
8.418418e-01	4.653405e+03
8.428428e-01	4.658771e+03
8.438438e-01	4.664137e+03
8.448448e-01	4.669503e+03
8.458458e-01	4.674869e+03
8.468468e-01	4.680235e+03
8.478478e-01	4.685601e+03
8.488488e-01	4.690967e+03
8.498498e-01	4.696333e+03
8.508509e-01	4.701698e+03
8.518519e-01	4.707064e+03
8.528529e-01	4.712430e+03
8.538539e-01	4.717796e+03
8.548549e-01	4.723162e+03
8.558559e-01	4.728528e+03
8.568569e-01	4.733894e+03
8.578579e-01	4.739260e+03
8.588589e-01	4.744626e+03
8.598599e-01	4.749992e+03
8.608609e-01	4.755358e+03
8.618619e-01	4.760724e+03
8.628629e-01	4.766090e+03
8.638639e-01	4.771455e+03
8.648649e-01	4.776821e+03
8.658659e-01	4.782187e+03
8.668669e-01	4.787553e+03
8.678679e-01	4.792919e+03
8.688689e-01	4.798285e+03
8.698699e-01	4.803651e+03
8.708709e-01	4.809017e+03
8.718719e-01	4.814383e+03
8.728729e-01	4.819749e+03
8.738739e-01	4.825115e+03
8.748749e-01	4.830481e+03
8.758759e-01	4.835847e+03
8.768769e-01	4.841212e+03
8.778779e-01	4.846578e+03
8.788789e-01	4.851944e+03
8.798799e-01	4.857310e+03
8.808809e-01	4.862676e+03
8.818819e-01	4.868042e+03
8.828829e-01	4.873408e+03
8.838839e-01	4.878774e+03
8.848849e-01	4.884140e+03
8.858859e-01	4.889506e+03
8.868869e-01	4.894872e+03
8.878879e-01	4.900238e+03
8.888889e-01	4.905604e+03
8.898899e-01	4.910969e+03
8.908909e-01	4.916335e+03
8.918919e-01	4.921701e+03
8.928929e-01	4.927908e+03
8.938939e-01	4.935563e+03
8.948949e-01	4.943218e+03
8.958959e-01	4.950874e+03
8.968969e-01	4.958529e+03
8.978979e-01	4.966185e+03
8.988989e-01	4.973840e+03
8.998999e-01	4.981496e+03
9.009009e-01	4.989151e+03
9.019019e-01	4.996807e+03
9.029029e-01	5.004462e+03
9.039039e-01	5.012118e+03
9.049049e-01	5.019773e+03
9.059059e-01	5.027429e+03
9.069069e-01	5.035084e+03
9.079079e-01	5.042740e+03
9.089089e-01	5.050395e+03
9.099099e-01	5.058051e+03
9.109109e-01	5.065706e+03
9.119119e-01	5.073361e+03
9.129129e-01	5.081017e+03
9.139139e-01	5.088672e+03
9.149149e-01	5.096328e+03
9.159159e-01	5.103983e+03
9.169169e-01	5.111639e+03
9.179179e-01	5.119294e+03
9.189189e-01	5.126950e+03
9.199199e-01	5.134605e+03
9.209209e-01	5.142261e+03
9.219219e-01	5.149916e+03
9.229229e-01	5.157572e+03
9.239239e-01	5.165227e+03
9.249249e-01	5.172883e+03
9.259259e-01	5.180538e+03
9.269269e-01	5.188194e+03
9.279279e-01	5.195849e+03
9.289289e-01	5.203504e+03
9.299299e-01	5.211160e+03
9.309309e-01	5.218815e+03
9.319319e-01	5.226471e+03
9.329329e-01	5.234126e+03
9.339339e-01	5.241782e+03
9.349349e-01	5.252720e+03
9.359359e-01	5.264187e+03
9.369369e-01	5.275655e+03
9.379379e-01	5.287123e+03
9.389389e-01	5.298591e+03
9.399399e-01	5.310058e+03
9.409409e-01	5.321526e+03
9.419419e-01	5.332994e+03
9.429429e-01	5.344462e+03
9.439439e-01	5.355930e+03
9.449449e-01	5.367397e+03
9.459459e-01	5.378865e+03
9.469469e-01	5.390333e+03
9.479479e-01	5.401801e+03
9.489489e-01	5.413268e+03
9.499499e-01	5.424736e+03
9.509510e-01	5.436204e+03
9.519520e-01	5.447672e+03
9.529530e-01	5.459139e+03
9.539540e-01	5.470607e+03
9.549550e-01	5.482075e+03
9.559560e-01	5.493543e+03
9.569570e-01	5.505010e+03
9.579580e-01	5.516478e+03
9.589590e-01	5.527946e+03
9.599600e-01	5.539414e+03
9.609610e-01	5.550882e+03
9.619620e-01	5.563358e+03
9.629630e-01	5.581413e+03
9.639640e-01	5.599469e+03
9.649650e-01	5.617525e+03
9.659660e-01	5.635581e+03
9.669670e-01	5.653636e+03
9.679680e-01	5.671692e+03
9.689690e-01	5.689748e+03
9.699700e-01	5.707804e+03
9.709710e-01	5.725859e+03
9.719720e-01	5.743915e+03
9.729730e-01	5.761971e+03
9.739740e-01	5.780027e+03
9.749750e-01	5.798083e+03
9.759760e-01	5.816138e+03
9.769770e-01	5.834194e+03
9.779780e-01	5.852250e+03
9.789790e-01	5.870306e+03
9.799800e-01	5.894964e+03
9.809810e-01	5.924919e+03
9.819820e-01	5.954873e+03
9.829830e-01	5.984828e+03
9.839840e-01	6.014782e+03
9.849850e-01	6.044737e+03
9.859860e-01	6.074692e+03
9.869870e-01	6.104646e+03
9.879880e-01	6.134601e+03
9.889890e-01	6.164555e+03
9.899900e-01	6.194510e+03
9.909910e-01	6.248151e+03
9.919920e-01	6.303111e+03
9.929930e-01	6.358072e+03
9.939940e-01	6.413033e+03
9.949950e-01	6.467993e+03
9.959960e-01	6.531785e+03
9.969970e-01	6.639995e+03
9.979980e-01	6.748204e+03
9.989990e-01	6.890884e+03
1.000000e+00	7.149336e+03
