# # p(y | x = 5.000000e+01)
# # y_val	p(y|x)
0.000000e+00	8.166392e-06
6.169403e+00	8.228308e-06
1.233881e+01	8.290644e-06
1.850821e+01	8.353403e-06
2.467761e+01	8.416587e-06
3.084702e+01	8.480197e-06
3.701642e+01	8.544238e-06
4.318582e+01	8.608711e-06
4.935523e+01	8.673618e-06
5.552463e+01	8.738963e-06
6.169403e+01	8.804747e-06
6.786344e+01	8.870974e-06
7.403284e+01	8.937646e-06
8.020224e+01	9.004765e-06
8.637165e+01	9.072333e-06
9.254105e+01	9.140355e-06
9.871045e+01	9.208831e-06
1.048799e+02	9.277765e-06
1.110493e+02	9.347159e-06
1.172187e+02	9.417016e-06
1.233881e+02	9.487338e-06
1.295575e+02	9.558129e-06
1.357269e+02	9.629390e-06
1.418963e+02	9.701124e-06
1.480657e+02	9.773335e-06
1.542351e+02	9.846024e-06
1.604045e+02	9.919195e-06
1.665739e+02	9.992850e-06
1.727433e+02	1.006699e-05
1.789127e+02	1.014162e-05
1.850821e+02	1.021675e-05
1.912515e+02	1.029237e-05
1.974209e+02	1.036848e-05
2.035903e+02	1.044510e-05
2.097597e+02	1.052222e-05
2.159291e+02	1.059985e-05
2.220985e+02	1.067798e-05
2.282679e+02	1.075663e-05
2.344373e+02	1.083579e-05
2.406067e+02	1.091547e-05
2.467761e+02	1.099567e-05
2.529455e+02	1.107639e-05
2.591149e+02	1.115764e-05
2.652843e+02	1.123942e-05
2.714537e+02	1.132173e-05
2.776232e+02	1.140457e-05
2.837926e+02	1.148795e-05
2.899620e+02	1.157188e-05
2.961314e+02	1.165634e-05
3.023008e+02	1.174135e-05
3.084702e+02	1.182692e-05
3.146396e+02	1.191303e-05
3.208090e+02	1.199970e-05
3.269784e+02	1.208693e-05
3.331478e+02	1.217472e-05
3.393172e+02	1.226307e-05
3.454866e+02	1.235199e-05
3.516560e+02	1.244148e-05
3.578254e+02	1.253155e-05
3.639948e+02	1.262219e-05
3.701642e+02	1.271341e-05
3.763336e+02	1.280522e-05
3.825030e+02	1.289761e-05
3.886724e+02	1.299059e-05
3.948418e+02	1.308416e-05
4.010112e+02	1.317832e-05
4.071806e+02	1.327309e-05
4.133500e+02	1.336846e-05
4.195194e+02	1.346443e-05
4.256888e+02	1.356101e-05
4.318582e+02	1.365820e-05
4.380276e+02	1.375601e-05
4.441970e+02	1.385443e-05
4.503664e+02	1.395347e-05
4.565359e+02	1.405314e-05
4.627053e+02	1.415344e-05
4.688747e+02	1.425437e-05
4.750441e+02	1.435593e-05
4.812135e+02	1.445813e-05
4.873829e+02	1.456096e-05
4.935523e+02	1.466445e-05
4.997217e+02	1.476858e-05
5.058911e+02	1.487336e-05
5.120605e+02	1.497879e-05
5.182299e+02	1.508488e-05
5.243993e+02	1.519164e-05
5.305687e+02	1.529905e-05
5.367381e+02	1.540714e-05
5.429075e+02	1.551589e-05
5.490769e+02	1.562532e-05
5.552463e+02	1.573543e-05
5.614157e+02	1.584622e-05
5.675851e+02	1.595769e-05
5.737545e+02	1.606986e-05
5.799239e+02	1.618271e-05
5.860933e+02	1.629626e-05
5.922627e+02	1.641051e-05
5.984321e+02	1.652546e-05
6.046015e+02	1.664111e-05
6.107709e+02	1.675748e-05
6.169403e+02	1.687456e-05
6.231097e+02	1.699235e-05
6.292791e+02	1.711087e-05
6.354485e+02	1.723011e-05
6.416180e+02	1.735007e-05
6.477874e+02	1.747077e-05
6.539568e+02	1.759220e-05
6.601262e+02	1.771437e-05
6.662956e+02	1.783729e-05
6.724650e+02	1.796094e-05
6.786344e+02	1.808535e-05
6.848038e+02	1.821051e-05
6.909732e+02	1.833643e-05
6.971426e+02	1.846311e-05
7.033120e+02	1.859055e-05
7.094814e+02	1.871876e-05
7.156508e+02	1.884774e-05
7.218202e+02	1.897749e-05
7.279896e+02	1.910803e-05
7.341590e+02	1.923935e-05
7.403284e+02	1.937146e-05
7.464978e+02	1.950435e-05
7.526672e+02	1.963804e-05
7.588366e+02	1.977253e-05
7.650060e+02	1.990782e-05
7.711754e+02	2.004392e-05
7.773448e+02	2.018083e-05
7.835142e+02	2.031855e-05
7.896836e+02	2.045709e-05
7.958530e+02	2.059645e-05
8.020224e+02	2.073664e-05
8.081918e+02	2.087765e-05
8.143612e+02	2.101950e-05
8.205306e+02	2.116219e-05
8.267001e+02	2.130572e-05
8.328695e+02	2.145009e-05
8.390389e+02	2.159532e-05
8.452083e+02	2.174139e-05
8.513777e+02	2.188833e-05
8.575471e+02	2.203612e-05
8.637165e+02	2.218479e-05
8.698859e+02	2.233432e-05
8.760553e+02	2.248472e-05
8.822247e+02	2.263600e-05
8.883941e+02	2.278817e-05
8.945635e+02	2.294122e-05
9.007329e+02	2.309516e-05
9.069023e+02	2.324999e-05
9.130717e+02	2.340573e-05
9.192411e+02	2.356236e-05
9.254105e+02	2.371990e-05
9.315799e+02	2.387836e-05
9.377493e+02	2.403772e-05
9.439187e+02	2.419801e-05
9.500881e+02	2.435922e-05
9.562575e+02	2.452136e-05
9.624269e+02	2.468443e-05
9.685963e+02	2.484844e-05
9.747657e+02	2.501338e-05
9.809351e+02	2.517927e-05
9.871045e+02	2.534611e-05
9.932739e+02	2.551391e-05
9.994433e+02	2.568266e-05
1.005613e+03	2.585237e-05
1.011782e+03	2.602305e-05
1.017952e+03	2.619470e-05
1.024121e+03	2.636732e-05
1.030290e+03	2.654093e-05
1.036460e+03	2.671551e-05
1.042629e+03	2.689109e-05
1.048799e+03	2.706765e-05
1.054968e+03	2.724522e-05
1.061137e+03	2.742378e-05
1.067307e+03	2.760335e-05
1.073476e+03	2.778393e-05
1.079646e+03	2.796553e-05
1.085815e+03	2.814814e-05
1.091984e+03	2.833178e-05
1.098154e+03	2.851644e-05
1.104323e+03	2.870214e-05
1.110493e+03	2.888888e-05
1.116662e+03	2.907665e-05
1.122831e+03	2.926547e-05
1.129001e+03	2.945534e-05
1.135170e+03	2.964627e-05
1.141340e+03	2.983826e-05
1.147509e+03	3.003131e-05
1.153678e+03	3.022543e-05
1.159848e+03	3.042062e-05
1.166017e+03	3.061689e-05
1.172187e+03	3.081424e-05
1.178356e+03	3.101268e-05
1.184525e+03	3.121221e-05
1.190695e+03	3.141284e-05
1.196864e+03	3.161456e-05
1.203034e+03	3.181740e-05
1.209203e+03	3.202134e-05
1.215372e+03	3.222640e-05
1.221542e+03	3.243258e-05
1.227711e+03	3.263988e-05
1.233881e+03	3.284831e-05
1.240050e+03	3.305788e-05
1.246219e+03	3.326858e-05
1.252389e+03	3.348043e-05
1.258558e+03	3.369342e-05
1.264728e+03	3.390757e-05
1.270897e+03	3.412287e-05
1.277066e+03	3.433934e-05
1.283236e+03	3.455697e-05
1.289405e+03	3.477578e-05
1.295575e+03	3.499576e-05
1.301744e+03	3.521692e-05
1.307914e+03	3.543927e-05
1.314083e+03	3.566281e-05
1.320252e+03	3.588755e-05
1.326422e+03	3.611349e-05
1.332591e+03	3.634063e-05
1.338761e+03	3.656898e-05
1.344930e+03	3.679855e-05
1.351099e+03	3.702934e-05
1.357269e+03	3.726135e-05
1.363438e+03	3.749459e-05
1.369608e+03	3.772907e-05
1.375777e+03	3.796479e-05
1.381946e+03	3.820175e-05
1.388116e+03	3.843996e-05
1.394285e+03	3.867943e-05
1.400455e+03	3.892016e-05
1.406624e+03	3.916215e-05
1.412793e+03	3.940541e-05
1.418963e+03	3.964994e-05
1.425132e+03	3.989575e-05
1.431302e+03	4.014285e-05
1.437471e+03	4.039124e-05
1.443640e+03	4.064092e-05
1.449810e+03	4.089190e-05
1.455979e+03	4.114419e-05
1.462149e+03	4.139778e-05
1.468318e+03	4.165269e-05
1.474487e+03	4.190892e-05
1.480657e+03	4.216647e-05
1.486826e+03	4.242536e-05
1.492996e+03	4.268557e-05
1.499165e+03	4.294713e-05
1.505334e+03	4.321003e-05
1.511504e+03	4.347428e-05
1.517673e+03	4.373989e-05
1.523843e+03	4.400686e-05
1.530012e+03	4.427519e-05
1.536181e+03	4.454489e-05
1.542351e+03	4.481597e-05
1.548520e+03	4.508843e-05
1.554690e+03	4.536227e-05
1.560859e+03	4.563751e-05
1.567028e+03	4.591414e-05
1.573198e+03	4.619217e-05
1.579367e+03	4.647161e-05
1.585537e+03	4.675246e-05
1.591706e+03	4.703472e-05
1.597875e+03	4.731841e-05
1.604045e+03	4.760352e-05
1.610214e+03	4.789007e-05
1.616384e+03	4.817805e-05
1.622553e+03	4.846748e-05
1.628722e+03	4.875835e-05
1.634892e+03	4.905068e-05
1.641061e+03	4.934447e-05
1.647231e+03	4.963971e-05
1.653400e+03	4.993643e-05
1.659570e+03	5.023462e-05
1.665739e+03	5.053429e-05
1.671908e+03	5.083545e-05
1.678078e+03	5.113809e-05
1.684247e+03	5.144223e-05
1.690417e+03	5.174787e-05
1.696586e+03	5.205501e-05
1.702755e+03	5.236366e-05
1.708925e+03	5.267383e-05
1.715094e+03	5.298552e-05
1.721264e+03	5.329874e-05
1.727433e+03	5.361349e-05
1.733602e+03	5.392977e-05
1.739772e+03	5.424760e-05
1.745941e+03	5.456697e-05
1.752111e+03	5.488790e-05
1.758280e+03	5.521039e-05
1.764449e+03	5.553444e-05
1.770619e+03	5.586005e-05
1.776788e+03	5.618724e-05
1.782958e+03	5.651601e-05
1.789127e+03	5.684637e-05
1.795296e+03	5.717831e-05
1.801466e+03	5.751185e-05
1.807635e+03	5.784699e-05
1.813805e+03	5.818374e-05
1.819974e+03	5.852209e-05
1.826143e+03	5.886206e-05
1.832313e+03	5.920366e-05
1.838482e+03	5.954688e-05
1.844652e+03	5.989173e-05
1.850821e+03	6.023822e-05
1.856990e+03	6.058636e-05
1.863160e+03	6.093614e-05
1.869329e+03	6.128758e-05
1.875499e+03	6.164067e-05
1.881668e+03	6.199543e-05
1.887837e+03	6.235186e-05
1.894007e+03	6.270996e-05
1.900176e+03	6.306975e-05
1.906346e+03	6.343121e-05
1.912515e+03	6.379437e-05
1.918684e+03	6.415923e-05
1.924854e+03	6.452579e-05
1.931023e+03	6.489405e-05
1.937193e+03	6.526403e-05
1.943362e+03	6.563573e-05
1.949531e+03	6.600914e-05
1.955701e+03	6.638429e-05
1.961870e+03	6.676117e-05
1.968040e+03	6.713979e-05
1.974209e+03	6.752015e-05
1.980378e+03	6.790226e-05
1.986548e+03	6.828613e-05
1.992717e+03	6.867176e-05
1.998887e+03	6.905915e-05
2.005056e+03	6.944831e-05
2.011226e+03	6.983925e-05
2.017395e+03	7.023197e-05
2.023564e+03	7.062648e-05
2.029734e+03	7.102278e-05
2.035903e+03	7.142088e-05
2.042073e+03	7.182078e-05
2.048242e+03	7.222249e-05
2.054411e+03	7.262601e-05
2.060581e+03	7.303135e-05
2.066750e+03	7.343851e-05
2.072920e+03	7.384751e-05
2.079089e+03	7.425834e-05
2.085258e+03	7.467100e-05
2.091428e+03	7.508552e-05
2.097597e+03	7.550188e-05
2.103767e+03	7.592010e-05
2.109936e+03	7.634018e-05
2.116105e+03	7.676213e-05
2.122275e+03	7.718594e-05
2.128444e+03	7.761164e-05
2.134614e+03	7.803922e-05
2.140783e+03	7.846868e-05
2.146952e+03	7.890004e-05
2.153122e+03	7.933329e-05
2.159291e+03	7.976845e-05
2.165461e+03	8.020551e-05
2.171630e+03	8.064449e-05
2.177799e+03	8.108539e-05
2.183969e+03	8.152821e-05
2.190138e+03	8.197296e-05
2.196308e+03	8.241964e-05
2.202477e+03	8.286827e-05
2.208646e+03	8.331884e-05
2.214816e+03	8.377135e-05
2.220985e+03	8.422583e-05
2.227155e+03	8.468226e-05
2.233324e+03	8.514066e-05
2.239493e+03	8.560103e-05
2.245663e+03	8.606337e-05
2.251832e+03	8.652770e-05
2.258002e+03	8.699401e-05
2.264171e+03	8.746231e-05
2.270340e+03	8.793261e-05
2.276510e+03	8.840491e-05
2.282679e+03	8.887922e-05
2.288849e+03	8.935554e-05
2.295018e+03	8.983387e-05
2.301187e+03	9.031422e-05
2.307357e+03	9.079661e-05
2.313526e+03	9.128102e-05
2.319696e+03	9.176747e-05
2.325865e+03	9.225596e-05
2.332034e+03	9.274650e-05
2.338204e+03	9.323909e-05
2.344373e+03	9.373374e-05
2.350543e+03	9.423045e-05
2.356712e+03	9.472922e-05
2.362881e+03	9.523007e-05
2.369051e+03	9.573300e-05
2.375220e+03	9.623800e-05
2.381390e+03	9.674509e-05
2.387559e+03	9.725428e-05
2.393729e+03	9.776556e-05
2.399898e+03	9.827894e-05
2.406067e+03	9.879443e-05
2.412237e+03	9.931203e-05
2.418406e+03	9.983174e-05
2.424576e+03	1.003536e-04
2.430745e+03	1.008775e-04
2.436914e+03	1.014036e-04
2.443084e+03	1.019319e-04
2.449253e+03	1.024622e-04
2.455423e+03	1.029947e-04
2.461592e+03	1.035294e-04
2.467761e+03	1.040662e-04
2.473931e+03	1.046052e-04
2.480100e+03	1.051463e-04
2.486270e+03	1.056896e-04
2.492439e+03	1.062351e-04
2.498608e+03	1.067828e-04
2.504778e+03	1.073326e-04
2.510947e+03	1.078846e-04
2.517117e+03	1.084389e-04
2.523286e+03	1.089953e-04
2.529455e+03	1.095539e-04
2.535625e+03	1.101147e-04
2.541794e+03	1.106777e-04
2.547964e+03	1.112430e-04
2.554133e+03	1.118105e-04
2.560302e+03	1.123802e-04
2.566472e+03	1.129521e-04
2.572641e+03	1.135262e-04
2.578811e+03	1.141026e-04
2.584980e+03	1.146813e-04
2.591149e+03	1.152621e-04
2.597319e+03	1.158453e-04
2.603488e+03	1.164307e-04
2.609658e+03	1.170183e-04
2.615827e+03	1.176082e-04
2.621996e+03	1.182004e-04
2.628166e+03	1.187948e-04
2.634335e+03	1.193916e-04
2.640505e+03	1.199906e-04
2.646674e+03	1.205919e-04
2.652843e+03	1.211954e-04
2.659013e+03	1.218013e-04
2.665182e+03	1.224095e-04
2.671352e+03	1.230200e-04
2.677521e+03	1.236328e-04
2.683690e+03	1.242479e-04
2.689860e+03	1.248653e-04
2.696029e+03	1.254850e-04
2.702199e+03	1.261071e-04
2.708368e+03	1.267314e-04
2.714537e+03	1.273581e-04
2.720707e+03	1.279872e-04
2.726876e+03	1.286186e-04
2.733046e+03	1.292523e-04
2.739215e+03	1.298884e-04
2.745385e+03	1.305268e-04
2.751554e+03	1.311676e-04
2.757723e+03	1.318107e-04
2.763893e+03	1.324562e-04
2.770062e+03	1.331041e-04
2.776232e+03	1.337544e-04
2.782401e+03	1.344070e-04
2.788570e+03	1.350620e-04
2.794740e+03	1.357193e-04
2.800909e+03	1.363791e-04
2.807079e+03	1.370413e-04
2.813248e+03	1.377058e-04
2.819417e+03	1.383727e-04
2.825587e+03	1.390421e-04
2.831756e+03	1.397138e-04
2.837926e+03	1.403880e-04
2.844095e+03	1.410645e-04
2.850264e+03	1.417435e-04
2.856434e+03	1.424249e-04
2.862603e+03	1.431087e-04
2.868773e+03	1.437950e-04
2.874942e+03	1.444837e-04
2.881111e+03	1.451748e-04
2.887281e+03	1.458683e-04
2.893450e+03	1.465643e-04
2.899620e+03	1.472627e-04
2.905789e+03	1.479636e-04
2.911958e+03	1.486669e-04
2.918128e+03	1.493726e-04
2.924297e+03	1.500808e-04
2.930467e+03	1.507915e-04
2.936636e+03	1.515047e-04
2.942805e+03	1.522203e-04
2.948975e+03	1.529383e-04
2.955144e+03	1.536589e-04
2.961314e+03	1.543819e-04
2.967483e+03	1.551074e-04
2.973652e+03	1.558353e-04
2.979822e+03	1.565658e-04
2.985991e+03	1.572987e-04
2.992161e+03	1.580341e-04
2.998330e+03	1.587720e-04
3.004499e+03	1.595124e-04
3.010669e+03	1.602553e-04
3.016838e+03	1.610007e-04
3.023008e+03	1.617486e-04
3.029177e+03	1.624990e-04
3.035346e+03	1.632520e-04
3.041516e+03	1.640074e-04
3.047685e+03	1.647653e-04
3.053855e+03	1.655258e-04
3.060024e+03	1.662887e-04
3.066193e+03	1.670542e-04
3.072363e+03	1.678222e-04
3.078532e+03	1.685928e-04
3.084702e+03	1.693658e-04
3.090871e+03	1.701414e-04
3.097040e+03	1.709195e-04
3.103210e+03	1.717002e-04
3.109379e+03	1.724834e-04
3.115549e+03	1.732691e-04
3.121718e+03	1.740574e-04
3.127888e+03	1.748482e-04
3.134057e+03	1.756415e-04
3.140226e+03	1.764374e-04
3.146396e+03	1.772359e-04
3.152565e+03	1.780369e-04
3.158735e+03	1.788405e-04
3.164904e+03	1.796466e-04
3.171073e+03	1.804552e-04
3.177243e+03	1.812665e-04
3.183412e+03	1.820802e-04
3.189582e+03	1.828966e-04
3.195751e+03	1.837155e-04
3.201920e+03	1.845370e-04
3.208090e+03	1.853610e-04
3.214259e+03	1.861876e-04
3.220429e+03	1.870168e-04
3.226598e+03	1.878486e-04
3.232767e+03	1.886829e-04
3.238937e+03	1.895198e-04
3.245106e+03	1.903593e-04
3.251276e+03	1.912013e-04
3.257445e+03	1.920459e-04
3.263614e+03	1.928931e-04
3.269784e+03	1.937429e-04
3.275953e+03	1.945953e-04
3.282123e+03	1.954503e-04
3.288292e+03	1.963078e-04
3.294461e+03	1.971679e-04
3.300631e+03	1.980307e-04
3.306800e+03	1.988960e-04
3.312970e+03	1.997638e-04
3.319139e+03	2.006343e-04
3.325308e+03	2.015074e-04
3.331478e+03	2.023831e-04
3.337647e+03	2.032613e-04
3.343817e+03	2.041422e-04
3.349986e+03	2.050256e-04
3.356155e+03	2.059116e-04
3.362325e+03	2.068003e-04
3.368494e+03	2.076915e-04
3.374664e+03	2.085853e-04
3.380833e+03	2.094817e-04
3.387002e+03	2.103807e-04
3.393172e+03	2.112824e-04
3.399341e+03	2.121866e-04
3.405511e+03	2.130934e-04
3.411680e+03	2.140028e-04
3.417849e+03	2.149148e-04
3.424019e+03	2.158294e-04
3.430188e+03	2.167466e-04
3.436358e+03	2.176664e-04
3.442527e+03	2.185888e-04
3.448696e+03	2.195138e-04
3.454866e+03	2.204414e-04
3.461035e+03	2.213715e-04
3.467205e+03	2.223043e-04
3.473374e+03	2.232397e-04
3.479544e+03	2.241777e-04
3.485713e+03	2.251183e-04
3.491882e+03	2.260615e-04
3.498052e+03	2.270072e-04
3.504221e+03	2.279556e-04
3.510391e+03	2.289066e-04
3.516560e+03	2.298602e-04
3.522729e+03	2.308163e-04
3.528899e+03	2.317751e-04
3.535068e+03	2.327364e-04
3.541238e+03	2.337003e-04
3.547407e+03	2.346669e-04
3.553576e+03	2.356360e-04
3.559746e+03	2.366077e-04
3.565915e+03	2.375820e-04
3.572085e+03	2.385589e-04
3.578254e+03	2.395384e-04
3.584423e+03	2.405204e-04
3.590593e+03	2.415051e-04
3.596762e+03	2.424923e-04
3.602932e+03	2.434821e-04
3.609101e+03	2.444745e-04
3.615270e+03	2.454695e-04
3.621440e+03	2.464670e-04
3.627609e+03	2.474672e-04
3.633779e+03	2.484699e-04
3.639948e+03	2.494752e-04
3.646117e+03	2.504830e-04
3.652287e+03	2.514934e-04
3.658456e+03	2.525064e-04
3.664626e+03	2.535220e-04
3.670795e+03	2.545401e-04
3.676964e+03	2.555608e-04
3.683134e+03	2.565840e-04
3.689303e+03	2.576098e-04
3.695473e+03	2.586382e-04
3.701642e+03	2.596691e-04
3.707811e+03	2.607026e-04
3.713981e+03	2.617386e-04
3.720150e+03	2.627772e-04
3.726320e+03	2.638183e-04
3.732489e+03	2.648619e-04
3.738658e+03	2.659081e-04
3.744828e+03	2.669569e-04
3.750997e+03	2.680082e-04
3.757167e+03	2.690620e-04
3.763336e+03	2.701183e-04
3.769505e+03	2.711772e-04
3.775675e+03	2.722386e-04
3.781844e+03	2.733025e-04
3.788014e+03	2.743690e-04
3.794183e+03	2.754379e-04
3.800352e+03	2.765094e-04
3.806522e+03	2.775834e-04
3.812691e+03	2.786599e-04
3.818861e+03	2.797389e-04
3.825030e+03	2.808204e-04
3.831199e+03	2.819044e-04
3.837369e+03	2.829909e-04
3.843538e+03	2.840798e-04
3.849708e+03	2.851713e-04
3.855877e+03	2.862653e-04
3.862047e+03	2.873617e-04
3.868216e+03	2.884606e-04
3.874385e+03	2.895620e-04
3.880555e+03	2.906659e-04
3.886724e+03	2.917722e-04
3.892894e+03	2.928810e-04
3.899063e+03	2.939923e-04
3.905232e+03	2.951060e-04
3.911402e+03	2.962221e-04
3.917571e+03	2.973407e-04
3.923741e+03	2.984618e-04
3.929910e+03	2.995853e-04
3.936079e+03	3.007112e-04
3.942249e+03	3.018395e-04
3.948418e+03	3.029703e-04
3.954588e+03	3.041035e-04
3.960757e+03	3.052391e-04
3.966926e+03	3.063771e-04
3.973096e+03	3.075176e-04
3.979265e+03	3.086604e-04
3.985435e+03	3.098056e-04
3.991604e+03	3.109533e-04
3.997773e+03	3.121033e-04
4.003943e+03	3.132557e-04
4.010112e+03	3.144104e-04
4.016282e+03	3.155676e-04
4.022451e+03	3.167271e-04
4.028620e+03	3.178890e-04
4.034790e+03	3.190532e-04
4.040959e+03	3.202198e-04
4.047129e+03	3.213888e-04
4.053298e+03	3.225600e-04
4.059467e+03	3.237337e-04
4.065637e+03	3.249096e-04
4.071806e+03	3.260879e-04
4.077976e+03	3.272685e-04
4.084145e+03	3.284514e-04
4.090314e+03	3.296366e-04
4.096484e+03	3.308241e-04
4.102653e+03	3.320139e-04
4.108823e+03	3.332060e-04
4.114992e+03	3.344004e-04
4.121161e+03	3.355971e-04
4.127331e+03	3.367960e-04
4.133500e+03	3.379972e-04
4.139670e+03	3.392007e-04
4.145839e+03	3.404064e-04
4.152008e+03	3.416144e-04
4.158178e+03	3.428246e-04
4.164347e+03	3.440370e-04
4.170517e+03	3.452517e-04
4.176686e+03	3.464686e-04
4.182855e+03	3.476877e-04
4.189025e+03	3.489090e-04
4.195194e+03	3.501325e-04
4.201364e+03	3.513582e-04
4.207533e+03	3.525861e-04
4.213703e+03	3.538161e-04
4.219872e+03	3.550484e-04
4.226041e+03	3.562828e-04
4.232211e+03	3.575193e-04
4.238380e+03	3.587580e-04
4.244550e+03	3.599989e-04
4.250719e+03	3.612419e-04
4.256888e+03	3.624870e-04
4.263058e+03	3.637342e-04
4.269227e+03	3.649836e-04
4.275397e+03	3.662350e-04
4.281566e+03	3.674886e-04
4.287735e+03	3.687442e-04
4.293905e+03	3.700020e-04
4.300074e+03	3.712618e-04
4.306244e+03	3.725236e-04
4.312413e+03	3.737876e-04
4.318582e+03	3.750535e-04
4.324752e+03	3.763215e-04
4.330921e+03	3.775916e-04
4.337091e+03	3.788637e-04
4.343260e+03	3.801378e-04
4.349429e+03	3.814139e-04
4.355599e+03	3.826919e-04
4.361768e+03	3.839720e-04
4.367938e+03	3.852541e-04
4.374107e+03	3.865382e-04
4.380276e+03	3.878242e-04
4.386446e+03	3.891121e-04
4.392615e+03	3.904020e-04
4.398785e+03	3.916939e-04
4.404954e+03	3.929877e-04
4.411123e+03	3.942834e-04
4.417293e+03	3.955810e-04
4.423462e+03	3.968805e-04
4.429632e+03	3.981819e-04
4.435801e+03	3.994852e-04
4.441970e+03	4.007904e-04
4.448140e+03	4.020974e-04
4.454309e+03	4.034063e-04
4.460479e+03	4.047170e-04
4.466648e+03	4.060295e-04
4.472817e+03	4.073439e-04
4.478987e+03	4.086601e-04
4.485156e+03	4.099781e-04
4.491326e+03	4.112979e-04
4.497495e+03	4.126195e-04
4.503664e+03	4.139429e-04
4.509834e+03	4.152680e-04
4.516003e+03	4.165949e-04
4.522173e+03	4.179236e-04
4.528342e+03	4.192539e-04
4.534511e+03	4.205860e-04
4.540681e+03	4.219198e-04
4.546850e+03	4.232553e-04
4.553020e+03	4.245925e-04
4.559189e+03	4.259314e-04
4.565359e+03	4.272720e-04
4.571528e+03	4.286142e-04
4.577697e+03	4.299581e-04
4.583867e+03	4.313036e-04
4.590036e+03	4.326507e-04
4.596206e+03	4.339995e-04
4.602375e+03	4.353498e-04
4.608544e+03	4.367018e-04
4.614714e+03	4.380553e-04
4.620883e+03	4.394104e-04
4.627053e+03	4.407671e-04
4.633222e+03	4.421253e-04
4.639391e+03	4.434851e-04
4.645561e+03	4.448464e-04
4.651730e+03	4.462092e-04
4.657900e+03	4.475735e-04
4.664069e+03	4.489393e-04
4.670238e+03	4.503065e-04
4.676408e+03	4.516753e-04
4.682577e+03	4.530455e-04
4.688747e+03	4.544171e-04
4.694916e+03	4.557902e-04
4.701085e+03	4.571647e-04
4.707255e+03	4.585406e-04
4.713424e+03	4.599179e-04
4.719594e+03	4.612966e-04
4.725763e+03	4.626767e-04
4.731932e+03	4.640581e-04
4.738102e+03	4.654408e-04
4.744271e+03	4.668249e-04
4.750441e+03	4.682104e-04
4.756610e+03	4.695971e-04
4.762779e+03	4.709851e-04
4.768949e+03	4.723744e-04
4.775118e+03	4.737650e-04
4.781288e+03	4.751568e-04
4.787457e+03	4.765499e-04
4.793626e+03	4.779442e-04
4.799796e+03	4.793397e-04
4.805965e+03	4.807365e-04
4.812135e+03	4.821344e-04
4.818304e+03	4.835335e-04
4.824473e+03	4.849338e-04
4.830643e+03	4.863352e-04
4.836812e+03	4.877378e-04
4.842982e+03	4.891415e-04
4.849151e+03	4.905463e-04
4.855320e+03	4.919521e-04
4.861490e+03	4.933591e-04
4.867659e+03	4.947672e-04
4.873829e+03	4.961763e-04
4.879998e+03	4.975864e-04
4.886167e+03	4.989976e-04
4.892337e+03	5.004098e-04
4.898506e+03	5.018230e-04
4.904676e+03	5.032372e-04
4.910845e+03	5.046524e-04
4.917014e+03	5.060685e-04
4.923184e+03	5.074856e-04
4.929353e+03	5.089036e-04
4.935523e+03	5.103225e-04
4.941692e+03	5.117423e-04
4.947862e+03	5.131630e-04
4.954031e+03	5.145845e-04
4.960200e+03	5.160070e-04
4.966370e+03	5.174303e-04
4.972539e+03	5.188544e-04
4.978709e+03	5.202793e-04
4.984878e+03	5.217050e-04
4.991047e+03	5.231315e-04
4.997217e+03	5.245588e-04
5.003386e+03	5.259868e-04
5.009556e+03	5.274156e-04
5.015725e+03	5.288450e-04
5.021894e+03	5.302752e-04
5.028064e+03	5.317061e-04
5.034233e+03	5.331377e-04
5.040403e+03	5.345699e-04
5.046572e+03	5.360028e-04
5.052741e+03	5.374363e-04
5.058911e+03	5.388705e-04
5.065080e+03	5.403052e-04
5.071250e+03	5.417405e-04
5.077419e+03	5.431764e-04
5.083588e+03	5.446129e-04
5.089758e+03	5.460499e-04
5.095927e+03	5.474874e-04
5.102097e+03	5.489254e-04
5.108266e+03	5.503639e-04
5.114435e+03	5.518029e-04
5.120605e+03	5.532423e-04
5.126774e+03	5.546822e-04
5.132944e+03	5.561226e-04
5.139113e+03	5.575633e-04
5.145282e+03	5.590044e-04
5.151452e+03	5.604459e-04
5.157621e+03	5.618878e-04
5.163791e+03	5.633300e-04
5.169960e+03	5.647726e-04
5.176129e+03	5.662154e-04
5.182299e+03	5.676586e-04
5.188468e+03	5.691021e-04
5.194638e+03	5.705458e-04
5.200807e+03	5.719897e-04
5.206976e+03	5.734339e-04
5.213146e+03	5.748783e-04
5.219315e+03	5.763229e-04
5.225485e+03	5.777677e-04
5.231654e+03	5.792127e-04
5.237823e+03	5.806578e-04
5.243993e+03	5.821030e-04
5.250162e+03	5.835483e-04
5.256332e+03	5.849938e-04
5.262501e+03	5.864393e-04
5.268670e+03	5.878849e-04
5.274840e+03	5.893305e-04
5.281009e+03	5.907762e-04
5.287179e+03	5.922218e-04
5.293348e+03	5.936675e-04
5.299518e+03	5.951131e-04
5.305687e+03	5.965587e-04
5.311856e+03	5.980043e-04
5.318026e+03	5.994497e-04
5.324195e+03	6.008951e-04
5.330365e+03	6.023404e-04
5.336534e+03	6.037855e-04
5.342703e+03	6.052305e-04
5.348873e+03	6.066753e-04
5.355042e+03	6.081200e-04
5.361212e+03	6.095644e-04
5.367381e+03	6.110087e-04
5.373550e+03	6.124527e-04
5.379720e+03	6.138964e-04
5.385889e+03	6.153399e-04
5.392059e+03	6.167831e-04
5.398228e+03	6.182260e-04
5.404397e+03	6.196685e-04
5.410567e+03	6.211108e-04
5.416736e+03	6.225526e-04
5.422906e+03	6.239941e-04
5.429075e+03	6.254352e-04
5.435244e+03	6.268759e-04
5.441414e+03	6.283161e-04
5.447583e+03	6.297559e-04
5.453753e+03	6.311953e-04
5.459922e+03	6.326341e-04
5.466091e+03	6.340724e-04
5.472261e+03	6.355103e-04
5.478430e+03	6.369475e-04
5.484600e+03	6.383842e-04
5.490769e+03	6.398204e-04
5.496938e+03	6.412559e-04
5.503108e+03	6.426908e-04
5.509277e+03	6.441251e-04
5.515447e+03	6.455588e-04
5.521616e+03	6.469917e-04
5.527785e+03	6.484240e-04
5.533955e+03	6.498556e-04
5.540124e+03	6.512864e-04
5.546294e+03	6.527165e-04
5.552463e+03	6.541458e-04
5.558632e+03	6.555744e-04
5.564802e+03	6.570021e-04
5.570971e+03	6.584291e-04
5.577141e+03	6.598552e-04
5.583310e+03	6.612804e-04
5.589479e+03	6.627047e-04
5.595649e+03	6.641282e-04
5.601818e+03	6.655507e-04
5.607988e+03	6.669723e-04
5.614157e+03	6.683930e-04
5.620326e+03	6.698127e-04
5.626496e+03	6.712314e-04
5.632665e+03	6.726491e-04
5.638835e+03	6.740657e-04
5.645004e+03	6.754813e-04
5.651173e+03	6.768958e-04
5.657343e+03	6.783093e-04
5.663512e+03	6.797216e-04
5.669682e+03	6.811329e-04
5.675851e+03	6.825429e-04
5.682021e+03	6.839519e-04
5.688190e+03	6.853596e-04
5.694359e+03	6.867661e-04
5.700529e+03	6.881714e-04
5.706698e+03	6.895755e-04
5.712868e+03	6.909783e-04
5.719037e+03	6.923798e-04
5.725206e+03	6.937801e-04
5.731376e+03	6.951790e-04
5.737545e+03	6.965766e-04
5.743715e+03	6.979728e-04
5.749884e+03	6.993676e-04
5.756053e+03	7.007611e-04
5.762223e+03	7.021531e-04
5.768392e+03	7.035437e-04
5.774562e+03	7.049329e-04
5.780731e+03	7.063205e-04
5.786900e+03	7.077067e-04
5.793070e+03	7.090914e-04
5.799239e+03	7.104745e-04
5.805409e+03	7.118561e-04
5.811578e+03	7.132361e-04
5.817747e+03	7.146146e-04
5.823917e+03	7.159914e-04
5.830086e+03	7.173666e-04
5.836256e+03	7.187401e-04
5.842425e+03	7.201120e-04
5.848594e+03	7.214822e-04
5.854764e+03	7.228507e-04
5.860933e+03	7.242174e-04
5.867103e+03	7.255824e-04
5.873272e+03	7.269456e-04
5.879441e+03	7.283071e-04
5.885611e+03	7.296667e-04
5.891780e+03	7.310246e-04
5.897950e+03	7.323805e-04
5.904119e+03	7.337347e-04
5.910288e+03	7.350869e-04
5.916458e+03	7.364372e-04
5.922627e+03	7.377856e-04
5.928797e+03	7.391321e-04
5.934966e+03	7.404766e-04
5.941135e+03	7.418191e-04
5.947305e+03	7.431596e-04
5.953474e+03	7.444981e-04
5.959644e+03	7.458346e-04
5.965813e+03	7.471689e-04
5.971982e+03	7.485013e-04
5.978152e+03	7.498315e-04
5.984321e+03	7.511596e-04
5.990491e+03	7.524855e-04
5.996660e+03	7.538093e-04
6.002829e+03	7.551309e-04
6.008999e+03	7.564503e-04
6.015168e+03	7.577675e-04
6.021338e+03	7.590825e-04
6.027507e+03	7.603952e-04
6.033677e+03	7.617056e-04
6.039846e+03	7.630138e-04
6.046015e+03	7.643196e-04
6.052185e+03	7.656231e-04
6.058354e+03	7.669242e-04
6.064524e+03	7.682230e-04
6.070693e+03	7.695193e-04
6.076862e+03	7.708133e-04
6.083032e+03	7.721048e-04
6.089201e+03	7.733939e-04
6.095371e+03	7.746805e-04
6.101540e+03	7.759646e-04
6.107709e+03	7.772462e-04
6.113879e+03	7.785252e-04
6.120048e+03	7.798017e-04
6.126218e+03	7.810757e-04
6.132387e+03	7.823470e-04
6.138556e+03	7.836158e-04
6.144726e+03	7.848819e-04
6.150895e+03	7.861454e-04
6.157065e+03	7.874062e-04
6.163234e+03	7.886643e-04
6.169403e+03	7.899197e-04
6.175573e+03	7.911724e-04
6.181742e+03	7.924223e-04
6.187912e+03	7.936695e-04
6.194081e+03	7.949139e-04
6.200250e+03	7.961555e-04
6.206420e+03	7.973943e-04
6.212589e+03	7.986303e-04
6.218759e+03	7.998634e-04
6.224928e+03	8.010936e-04
6.231097e+03	8.023209e-04
6.237267e+03	8.035453e-04
6.243436e+03	8.047668e-04
6.249606e+03	8.059853e-04
6.255775e+03	8.072008e-04
6.261944e+03	8.084133e-04
6.268114e+03	8.096229e-04
6.274283e+03	8.108294e-04
6.280453e+03	8.120328e-04
6.286622e+03	8.132332e-04
6.292791e+03	8.144305e-04
6.298961e+03	8.156247e-04
6.305130e+03	8.168158e-04
6.311300e+03	8.180037e-04
6.317469e+03	8.191885e-04
6.323638e+03	8.203701e-04
6.329808e+03	8.215484e-04
6.335977e+03	8.227236e-04
6.342147e+03	8.238955e-04
6.348316e+03	8.250642e-04
6.354485e+03	8.262296e-04
6.360655e+03	8.273917e-04
6.366824e+03	8.285505e-04
6.372994e+03	8.297060e-04
6.379163e+03	8.308581e-04
6.385332e+03	8.320069e-04
6.391502e+03	8.331522e-04
6.397671e+03	8.342942e-04
6.403841e+03	8.354328e-04
6.410010e+03	8.365679e-04
6.416180e+03	8.376995e-04
6.422349e+03	8.388277e-04
6.428518e+03	8.399524e-04
6.434688e+03	8.410735e-04
6.440857e+03	8.421912e-04
6.447027e+03	8.433053e-04
6.453196e+03	8.444158e-04
6.459365e+03	8.455227e-04
6.465535e+03	8.466261e-04
6.471704e+03	8.477258e-04
6.477874e+03	8.488219e-04
6.484043e+03	8.499143e-04
6.490212e+03	8.510030e-04
6.496382e+03	8.520881e-04
6.502551e+03	8.531694e-04
6.508721e+03	8.542471e-04
6.514890e+03	8.553209e-04
6.521059e+03	8.563911e-04
6.527229e+03	8.574574e-04
6.533398e+03	8.585199e-04
6.539568e+03	8.595787e-04
6.545737e+03	8.606336e-04
6.551906e+03	8.616846e-04
6.558076e+03	8.627318e-04
6.564245e+03	8.637751e-04
6.570415e+03	8.648145e-04
6.576584e+03	8.658500e-04
6.582753e+03	8.668815e-04
6.588923e+03	8.679091e-04
6.595092e+03	8.689328e-04
6.601262e+03	8.699524e-04
6.607431e+03	8.709680e-04
6.613600e+03	8.719797e-04
6.619770e+03	8.729872e-04
6.625939e+03	8.739908e-04
6.632109e+03	8.749902e-04
6.638278e+03	8.759856e-04
6.644447e+03	8.769769e-04
6.650617e+03	8.779641e-04
6.656786e+03	8.789471e-04
6.662956e+03	8.799260e-04
6.669125e+03	8.809007e-04
6.675294e+03	8.818712e-04
6.681464e+03	8.828375e-04
6.687633e+03	8.837996e-04
6.693803e+03	8.847575e-04
6.699972e+03	8.857111e-04
6.706141e+03	8.866605e-04
6.712311e+03	8.876056e-04
6.718480e+03	8.885463e-04
6.724650e+03	8.894828e-04
6.730819e+03	8.904150e-04
6.736988e+03	8.913428e-04
6.743158e+03	8.922662e-04
6.749327e+03	8.931853e-04
6.755497e+03	8.941000e-04
6.761666e+03	8.950102e-04
6.767836e+03	8.959161e-04
6.774005e+03	8.968175e-04
6.780174e+03	8.977145e-04
6.786344e+03	8.986070e-04
6.792513e+03	8.994950e-04
6.798683e+03	9.003785e-04
6.804852e+03	9.012575e-04
6.811021e+03	9.021320e-04
6.817191e+03	9.030019e-04
6.823360e+03	9.038673e-04
6.829530e+03	9.047281e-04
6.835699e+03	9.055844e-04
6.841868e+03	9.064360e-04
6.848038e+03	9.072830e-04
6.854207e+03	9.081254e-04
6.860377e+03	9.089631e-04
6.866546e+03	9.097962e-04
6.872715e+03	9.106246e-04
6.878885e+03	9.114484e-04
6.885054e+03	9.122674e-04
6.891224e+03	9.130817e-04
6.897393e+03	9.138913e-04
6.903562e+03	9.146961e-04
6.909732e+03	9.154962e-04
6.915901e+03	9.162915e-04
6.922071e+03	9.170821e-04
6.928240e+03	9.178678e-04
6.934409e+03	9.186488e-04
6.940579e+03	9.194249e-04
6.946748e+03	9.201961e-04
6.952918e+03	9.209626e-04
6.959087e+03	9.217241e-04
6.965256e+03	9.224808e-04
6.971426e+03	9.232326e-04
6.977595e+03	9.239795e-04
6.983765e+03	9.247215e-04
6.989934e+03	9.254585e-04
6.996103e+03	9.261906e-04
7.002273e+03	9.269178e-04
7.008442e+03	9.276399e-04
7.014612e+03	9.283572e-04
7.020781e+03	9.290694e-04
7.026950e+03	9.297766e-04
7.033120e+03	9.304788e-04
7.039289e+03	9.311760e-04
7.045459e+03	9.318681e-04
7.051628e+03	9.325552e-04
7.057797e+03	9.332372e-04
7.063967e+03	9.339141e-04
7.070136e+03	9.345860e-04
7.076306e+03	9.352527e-04
7.082475e+03	9.359144e-04
7.088644e+03	9.365709e-04
7.094814e+03	9.372223e-04
7.100983e+03	9.378685e-04
7.107153e+03	9.385096e-04
7.113322e+03	9.391456e-04
7.119492e+03	9.397763e-04
7.125661e+03	9.404019e-04
7.131830e+03	9.410222e-04
7.138000e+03	9.416374e-04
7.144169e+03	9.422473e-04
7.150339e+03	9.428520e-04
7.156508e+03	9.434514e-04
7.162677e+03	9.440456e-04
7.168847e+03	9.446345e-04
7.175016e+03	9.452182e-04
7.181186e+03	9.457965e-04
7.187355e+03	9.463696e-04
7.193524e+03	9.469374e-04
7.199694e+03	9.474998e-04
7.205863e+03	9.480570e-04
7.212033e+03	9.486088e-04
7.218202e+03	9.491552e-04
7.224371e+03	9.496963e-04
7.230541e+03	9.502321e-04
7.236710e+03	9.507624e-04
7.242880e+03	9.512874e-04
7.249049e+03	9.518070e-04
7.255218e+03	9.523212e-04
7.261388e+03	9.528300e-04
7.267557e+03	9.533333e-04
7.273727e+03	9.538313e-04
7.279896e+03	9.543238e-04
7.286065e+03	9.548108e-04
7.292235e+03	9.552924e-04
7.298404e+03	9.557685e-04
7.304574e+03	9.562392e-04
7.310743e+03	9.567044e-04
7.316912e+03	9.571641e-04
7.323082e+03	9.576183e-04
7.329251e+03	9.580670e-04
7.335421e+03	9.585102e-04
7.341590e+03	9.589479e-04
7.347759e+03	9.593800e-04
7.353929e+03	9.598067e-04
7.360098e+03	9.602277e-04
7.366268e+03	9.606433e-04
7.372437e+03	9.610532e-04
7.378606e+03	9.614576e-04
7.384776e+03	9.618565e-04
7.390945e+03	9.622497e-04
7.397115e+03	9.626374e-04
7.403284e+03	9.630195e-04
7.409453e+03	9.633960e-04
7.415623e+03	9.637668e-04
7.421792e+03	9.641321e-04
7.427962e+03	9.644917e-04
7.434131e+03	9.648458e-04
7.440300e+03	9.651942e-04
7.446470e+03	9.655369e-04
7.452639e+03	9.658740e-04
7.458809e+03	9.662055e-04
7.464978e+03	9.665313e-04
7.471147e+03	9.668514e-04
7.477317e+03	9.671659e-04
7.483486e+03	9.674747e-04
7.489656e+03	9.677778e-04
7.495825e+03	9.680753e-04
7.501995e+03	9.683670e-04
7.508164e+03	9.686531e-04
7.514333e+03	9.689335e-04
7.520503e+03	9.692081e-04
7.526672e+03	9.694771e-04
7.532842e+03	9.697403e-04
7.539011e+03	9.699978e-04
7.545180e+03	9.702496e-04
7.551350e+03	9.704957e-04
7.557519e+03	9.707360e-04
7.563689e+03	9.709706e-04
7.569858e+03	9.711995e-04
7.576027e+03	9.714226e-04
7.582197e+03	9.716400e-04
7.588366e+03	9.718516e-04
7.594536e+03	9.720575e-04
7.600705e+03	9.722576e-04
7.606874e+03	9.724519e-04
7.613044e+03	9.726405e-04
7.619213e+03	9.728233e-04
7.625383e+03	9.730003e-04
7.631552e+03	9.731716e-04
7.637721e+03	9.733370e-04
7.643891e+03	9.734967e-04
7.650060e+03	9.736506e-04
7.656230e+03	9.737988e-04
7.662399e+03	9.739411e-04
7.668568e+03	9.740776e-04
7.674738e+03	9.742084e-04
7.680907e+03	9.743333e-04
7.687077e+03	9.744525e-04
7.693246e+03	9.745658e-04
7.699415e+03	9.746733e-04
7.705585e+03	9.747751e-04
7.711754e+03	9.748710e-04
7.717924e+03	9.749611e-04
7.724093e+03	9.750454e-04
7.730262e+03	9.751239e-04
7.736432e+03	9.751965e-04
7.742601e+03	9.752634e-04
7.748771e+03	9.753244e-04
7.754940e+03	9.753797e-04
7.761109e+03	9.754291e-04
7.767279e+03	9.754726e-04
7.773448e+03	9.755104e-04
7.779618e+03	9.755424e-04
7.785787e+03	9.755685e-04
7.791956e+03	9.755888e-04
7.798126e+03	9.756032e-04
7.804295e+03	9.756119e-04
7.810465e+03	9.756147e-04
7.816634e+03	9.756117e-04
7.822803e+03	9.756029e-04
7.828973e+03	9.755883e-04
7.835142e+03	9.755678e-04
7.841312e+03	9.755415e-04
7.847481e+03	9.755094e-04
7.853651e+03	9.754715e-04
7.859820e+03	9.754277e-04
7.865989e+03	9.753782e-04
7.872159e+03	9.753228e-04
7.878328e+03	9.752616e-04
7.884498e+03	9.751946e-04
7.890667e+03	9.751217e-04
7.896836e+03	9.750431e-04
7.903006e+03	9.749586e-04
7.909175e+03	9.748683e-04
7.915345e+03	9.747722e-04
7.921514e+03	9.746703e-04
7.927683e+03	9.745626e-04
7.933853e+03	9.744491e-04
7.940022e+03	9.743298e-04
7.946192e+03	9.742047e-04
7.952361e+03	9.740738e-04
7.958530e+03	9.739371e-04
7.964700e+03	9.737946e-04
7.970869e+03	9.736463e-04
7.977039e+03	9.734923e-04
7.983208e+03	9.733324e-04
7.989377e+03	9.731668e-04
7.995547e+03	9.729954e-04
8.001716e+03	9.728182e-04
8.007886e+03	9.726352e-04
8.014055e+03	9.724465e-04
8.020224e+03	9.722520e-04
8.026394e+03	9.720517e-04
8.032563e+03	9.718457e-04
8.038733e+03	9.716339e-04
8.044902e+03	9.714164e-04
8.051071e+03	9.711931e-04
8.057241e+03	9.709640e-04
8.063410e+03	9.707293e-04
8.069580e+03	9.704888e-04
8.075749e+03	9.702425e-04
8.081918e+03	9.699906e-04
8.088088e+03	9.697329e-04
8.094257e+03	9.694695e-04
8.100427e+03	9.692004e-04
8.106596e+03	9.689256e-04
8.112765e+03	9.686450e-04
8.118935e+03	9.683588e-04
8.125104e+03	9.680669e-04
8.131274e+03	9.677693e-04
8.137443e+03	9.674660e-04
8.143612e+03	9.671570e-04
8.149782e+03	9.668424e-04
8.155951e+03	9.665221e-04
8.162121e+03	9.661961e-04
8.168290e+03	9.658645e-04
8.174459e+03	9.655272e-04
8.180629e+03	9.651843e-04
8.186798e+03	9.648358e-04
8.192968e+03	9.644816e-04
8.199137e+03	9.641218e-04
8.205306e+03	9.637564e-04
8.211476e+03	9.633853e-04
8.217645e+03	9.630087e-04
8.223815e+03	9.626264e-04
8.229984e+03	9.622386e-04
8.236154e+03	9.618452e-04
8.242323e+03	9.614462e-04
8.248492e+03	9.610416e-04
8.254662e+03	9.606315e-04
8.260831e+03	9.602158e-04
8.267001e+03	9.597946e-04
8.273170e+03	9.593678e-04
8.279339e+03	9.589355e-04
8.285509e+03	9.584977e-04
8.291678e+03	9.580543e-04
8.297848e+03	9.576055e-04
8.304017e+03	9.571511e-04
8.310186e+03	9.566912e-04
8.316356e+03	9.562259e-04
8.322525e+03	9.557551e-04
8.328695e+03	9.552788e-04
8.334864e+03	9.547970e-04
8.341033e+03	9.543098e-04
8.347203e+03	9.538172e-04
8.353372e+03	9.533191e-04
8.359542e+03	9.528156e-04
8.365711e+03	9.523066e-04
8.371880e+03	9.517923e-04
8.378050e+03	9.512725e-04
8.384219e+03	9.507474e-04
8.390389e+03	9.502169e-04
8.396558e+03	9.496810e-04
8.402727e+03	9.491397e-04
8.408897e+03	9.485931e-04
8.415066e+03	9.480412e-04
8.421236e+03	9.474839e-04
8.427405e+03	9.469213e-04
8.433574e+03	9.463534e-04
8.439744e+03	9.457802e-04
8.445913e+03	9.452016e-04
8.452083e+03	9.446178e-04
8.458252e+03	9.440288e-04
8.464421e+03	9.434344e-04
8.470591e+03	9.428348e-04
8.476760e+03	9.422300e-04
8.482930e+03	9.416199e-04
8.489099e+03	9.410046e-04
8.495268e+03	9.403841e-04
8.501438e+03	9.397584e-04
8.507607e+03	9.391275e-04
8.513777e+03	9.384915e-04
8.519946e+03	9.378502e-04
8.526115e+03	9.372038e-04
8.532285e+03	9.365523e-04
8.538454e+03	9.358956e-04
8.544624e+03	9.352338e-04
8.550793e+03	9.345669e-04
8.556962e+03	9.338949e-04
8.563132e+03	9.332179e-04
8.569301e+03	9.325357e-04
8.575471e+03	9.318485e-04
8.581640e+03	9.311562e-04
8.587810e+03	9.304589e-04
8.593979e+03	9.297565e-04
8.600148e+03	9.290492e-04
8.606318e+03	9.283368e-04
8.612487e+03	9.276195e-04
8.618657e+03	9.268971e-04
8.624826e+03	9.261698e-04
8.630995e+03	9.254376e-04
8.637165e+03	9.247004e-04
8.643334e+03	9.239583e-04
8.649504e+03	9.232113e-04
8.655673e+03	9.224593e-04
8.661842e+03	9.217025e-04
8.668012e+03	9.209408e-04
8.674181e+03	9.201743e-04
8.680351e+03	9.194028e-04
8.686520e+03	9.186266e-04
8.692689e+03	9.178455e-04
8.698859e+03	9.170597e-04
8.705028e+03	9.162690e-04
8.711198e+03	9.154735e-04
8.717367e+03	9.146733e-04
8.723536e+03	9.138683e-04
8.729706e+03	9.130586e-04
8.735875e+03	9.122441e-04
8.742045e+03	9.114250e-04
8.748214e+03	9.106011e-04
8.754383e+03	9.097726e-04
8.760553e+03	9.089394e-04
8.766722e+03	9.081015e-04
8.772892e+03	9.072590e-04
8.779061e+03	9.064118e-04
8.785230e+03	9.055601e-04
8.791400e+03	9.047037e-04
8.797569e+03	9.038427e-04
8.803739e+03	9.029772e-04
8.809908e+03	9.021072e-04
8.816077e+03	9.012326e-04
8.822247e+03	9.003534e-04
8.828416e+03	8.994698e-04
8.834586e+03	8.985816e-04
8.840755e+03	8.976890e-04
8.846924e+03	8.967919e-04
8.853094e+03	8.958904e-04
8.859263e+03	8.949844e-04
8.865433e+03	8.940740e-04
8.871602e+03	8.931592e-04
8.877771e+03	8.922400e-04
8.883941e+03	8.913164e-04
8.890110e+03	8.903885e-04
8.896280e+03	8.894562e-04
8.902449e+03	8.885196e-04
8.908618e+03	8.875787e-04
8.914788e+03	8.866335e-04
8.920957e+03	8.856840e-04
8.927127e+03	8.847303e-04
8.933296e+03	8.837723e-04
8.939465e+03	8.828101e-04
8.945635e+03	8.818436e-04
8.951804e+03	8.808730e-04
8.957974e+03	8.798982e-04
8.964143e+03	8.789192e-04
8.970313e+03	8.779360e-04
8.976482e+03	8.769488e-04
8.982651e+03	8.759574e-04
8.988821e+03	8.749619e-04
8.994990e+03	8.739623e-04
9.001160e+03	8.729586e-04
9.007329e+03	8.719509e-04
9.013498e+03	8.709392e-04
9.019668e+03	8.699234e-04
9.025837e+03	8.689037e-04
9.032007e+03	8.678799e-04
9.038176e+03	8.668522e-04
9.044345e+03	8.658206e-04
9.050515e+03	8.647850e-04
9.056684e+03	8.637455e-04
9.062854e+03	8.627021e-04
9.069023e+03	8.616548e-04
9.075192e+03	8.606036e-04
9.081362e+03	8.595486e-04
9.087531e+03	8.584898e-04
9.093701e+03	8.574271e-04
9.099870e+03	8.563607e-04
9.106039e+03	8.552904e-04
9.112209e+03	8.542164e-04
9.118378e+03	8.531387e-04
9.124548e+03	8.520573e-04
9.130717e+03	8.509721e-04
9.136886e+03	8.498832e-04
9.143056e+03	8.487907e-04
9.149225e+03	8.476945e-04
9.155395e+03	8.465947e-04
9.161564e+03	8.454913e-04
9.167733e+03	8.443842e-04
9.173903e+03	8.432736e-04
9.180072e+03	8.421594e-04
9.186242e+03	8.410417e-04
9.192411e+03	8.399204e-04
9.198580e+03	8.387956e-04
9.204750e+03	8.376674e-04
9.210919e+03	8.365356e-04
9.217089e+03	8.354004e-04
9.223258e+03	8.342618e-04
9.229427e+03	8.331197e-04
9.235597e+03	8.319742e-04
9.241766e+03	8.308254e-04
9.247936e+03	8.296732e-04
9.254105e+03	8.285176e-04
9.260274e+03	8.273587e-04
9.266444e+03	8.261965e-04
9.272613e+03	8.250310e-04
9.278783e+03	8.238622e-04
9.284952e+03	8.226902e-04
9.291121e+03	8.215150e-04
9.297291e+03	8.203365e-04
9.303460e+03	8.191548e-04
9.309630e+03	8.179699e-04
9.315799e+03	8.167819e-04
9.321969e+03	8.155908e-04
9.328138e+03	8.143965e-04
9.334307e+03	8.131991e-04
9.340477e+03	8.119986e-04
9.346646e+03	8.107951e-04
9.352816e+03	8.095885e-04
9.358985e+03	8.083789e-04
9.365154e+03	8.071662e-04
9.371324e+03	8.059506e-04
9.377493e+03	8.047320e-04
9.383663e+03	8.035105e-04
9.389832e+03	8.022860e-04
9.396001e+03	8.010586e-04
9.402171e+03	7.998283e-04
9.408340e+03	7.985951e-04
9.414510e+03	7.973591e-04
9.420679e+03	7.961203e-04
9.426848e+03	7.948786e-04
9.433018e+03	7.936341e-04
9.439187e+03	7.923868e-04
9.445357e+03	7.911368e-04
9.451526e+03	7.898840e-04
9.457695e+03	7.886285e-04
9.463865e+03	7.873703e-04
9.470034e+03	7.861094e-04
9.476204e+03	7.848459e-04
9.482373e+03	7.835797e-04
9.488542e+03	7.823109e-04
9.494712e+03	7.810394e-04
9.500881e+03	7.797654e-04
9.507051e+03	7.784888e-04
9.513220e+03	7.772097e-04
9.519389e+03	7.759281e-04
9.525559e+03	7.746439e-04
9.531728e+03	7.733572e-04
9.537898e+03	7.720681e-04
9.544067e+03	7.707765e-04
9.550236e+03	7.694825e-04
9.556406e+03	7.681860e-04
9.562575e+03	7.668872e-04
9.568745e+03	7.655860e-04
9.574914e+03	7.642825e-04
9.581083e+03	7.629766e-04
9.587253e+03	7.616684e-04
9.593422e+03	7.603579e-04
9.599592e+03	7.590451e-04
9.605761e+03	7.577301e-04
9.611930e+03	7.564128e-04
9.618100e+03	7.550933e-04
9.624269e+03	7.537717e-04
9.630439e+03	7.524478e-04
9.636608e+03	7.511218e-04
9.642777e+03	7.497936e-04
9.648947e+03	7.484634e-04
9.655116e+03	7.471310e-04
9.661286e+03	7.457966e-04
9.667455e+03	7.444600e-04
9.673625e+03	7.431215e-04
9.679794e+03	7.417809e-04
9.685963e+03	7.404383e-04
9.692133e+03	7.390938e-04
9.698302e+03	7.377473e-04
9.704472e+03	7.363988e-04
9.710641e+03	7.350484e-04
9.716810e+03	7.336962e-04
9.722980e+03	7.323420e-04
9.729149e+03	7.309860e-04
9.735319e+03	7.296281e-04
9.741488e+03	7.282684e-04
9.747657e+03	7.269069e-04
9.753827e+03	7.255436e-04
9.759996e+03	7.241785e-04
9.766166e+03	7.228117e-04
9.772335e+03	7.214432e-04
9.778504e+03	7.200730e-04
9.784674e+03	7.187011e-04
9.790843e+03	7.173275e-04
9.797013e+03	7.159522e-04
9.803182e+03	7.145754e-04
9.809351e+03	7.131969e-04
9.815521e+03	7.118168e-04
9.821690e+03	7.104352e-04
9.827860e+03	7.090520e-04
9.834029e+03	7.076673e-04
9.840198e+03	7.062811e-04
9.846368e+03	7.048933e-04
9.852537e+03	7.035042e-04
9.858707e+03	7.021135e-04
9.864876e+03	7.007214e-04
9.871045e+03	6.993279e-04
9.877215e+03	6.979331e-04
9.883384e+03	6.965368e-04
9.889554e+03	6.951392e-04
9.895723e+03	6.937402e-04
9.901892e+03	6.923400e-04
9.908062e+03	6.909384e-04
9.914231e+03	6.895356e-04
9.920401e+03	6.881315e-04
9.926570e+03	6.867261e-04
9.932739e+03	6.853195e-04
9.938909e+03	6.839118e-04
9.945078e+03	6.825028e-04
9.951248e+03	6.810927e-04
9.957417e+03	6.796815e-04
9.963586e+03	6.782691e-04
9.969756e+03	6.768556e-04
9.975925e+03	6.754410e-04
9.982095e+03	6.740254e-04
9.988264e+03	6.726087e-04
9.994433e+03	6.711910e-04
1.000060e+04	6.697723e-04
1.000677e+04	6.683526e-04
1.001294e+04	6.669319e-04
1.001911e+04	6.655103e-04
1.002528e+04	6.640877e-04
1.003145e+04	6.626642e-04
1.003762e+04	6.612398e-04
1.004379e+04	6.598146e-04
1.004996e+04	6.583885e-04
1.005613e+04	6.569615e-04
1.006230e+04	6.555337e-04
1.006847e+04	6.541052e-04
1.007464e+04	6.526758e-04
1.008081e+04	6.512457e-04
1.008697e+04	6.498148e-04
1.009314e+04	6.483833e-04
1.009931e+04	6.469510e-04
1.010548e+04	6.455180e-04
1.011165e+04	6.440843e-04
1.011782e+04	6.426500e-04
1.012399e+04	6.412151e-04
1.013016e+04	6.397795e-04
1.013633e+04	6.383434e-04
1.014250e+04	6.369066e-04
1.014867e+04	6.354693e-04
1.015484e+04	6.340315e-04
1.016101e+04	6.325932e-04
1.016718e+04	6.311543e-04
1.017335e+04	6.297150e-04
1.017952e+04	6.282752e-04
1.018568e+04	6.268349e-04
1.019185e+04	6.253942e-04
1.019802e+04	6.239531e-04
1.020419e+04	6.225116e-04
1.021036e+04	6.210697e-04
1.021653e+04	6.196275e-04
1.022270e+04	6.181849e-04
1.022887e+04	6.167420e-04
1.023504e+04	6.152988e-04
1.024121e+04	6.138553e-04
1.024738e+04	6.124116e-04
1.025355e+04	6.109676e-04
1.025972e+04	6.095233e-04
1.026589e+04	6.080789e-04
1.027206e+04	6.066342e-04
1.027823e+04	6.051894e-04
1.028440e+04	6.037444e-04
1.029056e+04	6.022993e-04
1.029673e+04	6.008540e-04
1.030290e+04	5.994086e-04
1.030907e+04	5.979631e-04
1.031524e+04	5.965176e-04
1.032141e+04	5.950720e-04
1.032758e+04	5.936264e-04
1.033375e+04	5.921807e-04
1.033992e+04	5.907350e-04
1.034609e+04	5.892894e-04
1.035226e+04	5.878437e-04
1.035843e+04	5.863982e-04
1.036460e+04	5.849526e-04
1.037077e+04	5.835072e-04
1.037694e+04	5.820619e-04
1.038311e+04	5.806166e-04
1.038928e+04	5.791715e-04
1.039544e+04	5.777266e-04
1.040161e+04	5.762818e-04
1.040778e+04	5.748372e-04
1.041395e+04	5.733928e-04
1.042012e+04	5.719486e-04
1.042629e+04	5.705047e-04
1.043246e+04	5.690610e-04
1.043863e+04	5.676175e-04
1.044480e+04	5.661744e-04
1.045097e+04	5.647315e-04
1.045714e+04	5.632890e-04
1.046331e+04	5.618468e-04
1.046948e+04	5.604049e-04
1.047565e+04	5.589634e-04
1.048182e+04	5.575223e-04
1.048799e+04	5.560816e-04
1.049416e+04	5.546413e-04
1.050032e+04	5.532014e-04
1.050649e+04	5.517619e-04
1.051266e+04	5.503230e-04
1.051883e+04	5.488845e-04
1.052500e+04	5.474465e-04
1.053117e+04	5.460090e-04
1.053734e+04	5.445720e-04
1.054351e+04	5.431356e-04
1.054968e+04	5.416997e-04
1.055585e+04	5.402644e-04
1.056202e+04	5.388297e-04
1.056819e+04	5.373955e-04
1.057436e+04	5.359620e-04
1.058053e+04	5.345292e-04
1.058670e+04	5.330970e-04
1.059287e+04	5.316654e-04
1.059904e+04	5.302345e-04
1.060520e+04	5.288043e-04
1.061137e+04	5.273749e-04
1.061754e+04	5.259461e-04
1.062371e+04	5.245181e-04
1.062988e+04	5.230909e-04
1.063605e+04	5.216644e-04
1.064222e+04	5.202387e-04
1.064839e+04	5.188138e-04
1.065456e+04	5.173897e-04
1.066073e+04	5.159665e-04
1.066690e+04	5.145441e-04
1.067307e+04	5.131225e-04
1.067924e+04	5.117019e-04
1.068541e+04	5.102821e-04
1.069158e+04	5.088632e-04
1.069775e+04	5.074452e-04
1.070391e+04	5.060282e-04
1.071008e+04	5.046121e-04
1.071625e+04	5.031970e-04
1.072242e+04	5.017828e-04
1.072859e+04	5.003696e-04
1.073476e+04	4.989575e-04
1.074093e+04	4.975463e-04
1.074710e+04	4.961362e-04
1.075327e+04	4.947271e-04
1.075944e+04	4.933191e-04
1.076561e+04	4.919121e-04
1.077178e+04	4.905063e-04
1.077795e+04	4.891015e-04
1.078412e+04	4.876978e-04
1.079029e+04	4.862953e-04
1.079646e+04	4.848939e-04
1.080263e+04	4.834937e-04
1.080879e+04	4.820946e-04
1.081496e+04	4.806967e-04
1.082113e+04	4.793000e-04
1.082730e+04	4.779045e-04
1.083347e+04	4.765102e-04
1.083964e+04	4.751172e-04
1.084581e+04	4.737254e-04
1.085198e+04	4.723349e-04
1.085815e+04	4.709456e-04
1.086432e+04	4.695576e-04
1.087049e+04	4.681709e-04
1.087666e+04	4.667855e-04
1.088283e+04	4.654015e-04
1.088900e+04	4.640187e-04
1.089517e+04	4.626374e-04
1.090134e+04	4.612574e-04
1.090751e+04	4.598787e-04
1.091367e+04	4.585014e-04
1.091984e+04	4.571256e-04
1.092601e+04	4.557511e-04
1.093218e+04	4.543781e-04
1.093835e+04	4.530065e-04
1.094452e+04	4.516363e-04
1.095069e+04	4.502676e-04
1.095686e+04	4.489004e-04
1.096303e+04	4.475346e-04
1.096920e+04	4.461704e-04
1.097537e+04	4.448076e-04
1.098154e+04	4.434464e-04
1.098771e+04	4.420866e-04
1.099388e+04	4.407285e-04
1.100005e+04	4.393718e-04
1.100622e+04	4.380168e-04
1.101239e+04	4.366633e-04
1.101855e+04	4.353114e-04
1.102472e+04	4.339611e-04
1.103089e+04	4.326123e-04
1.103706e+04	4.312653e-04
1.104323e+04	4.299198e-04
1.104940e+04	4.285760e-04
1.105557e+04	4.272338e-04
1.106174e+04	4.258933e-04
1.106791e+04	4.245545e-04
1.107408e+04	4.232173e-04
1.108025e+04	4.218818e-04
1.108642e+04	4.205481e-04
1.109259e+04	4.192160e-04
1.109876e+04	4.178857e-04
1.110493e+04	4.165571e-04
1.111110e+04	4.152303e-04
1.111726e+04	4.139052e-04
1.112343e+04	4.125819e-04
1.112960e+04	4.112604e-04
1.113577e+04	4.099406e-04
1.114194e+04	4.086227e-04
1.114811e+04	4.073065e-04
1.115428e+04	4.059922e-04
1.116045e+04	4.046797e-04
1.116662e+04	4.033690e-04
1.117279e+04	4.020602e-04
1.117896e+04	4.007532e-04
1.118513e+04	3.994481e-04
1.119130e+04	3.981448e-04
1.119747e+04	3.968435e-04
1.120364e+04	3.955440e-04
1.120981e+04	3.942465e-04
1.121598e+04	3.929508e-04
1.122214e+04	3.916571e-04
1.122831e+04	3.903653e-04
1.123448e+04	3.890754e-04
1.124065e+04	3.877875e-04
1.124682e+04	3.865016e-04
1.125299e+04	3.852176e-04
1.125916e+04	3.839356e-04
1.126533e+04	3.826555e-04
1.127150e+04	3.813775e-04
1.127767e+04	3.801015e-04
1.128384e+04	3.788274e-04
1.129001e+04	3.775554e-04
1.129618e+04	3.762854e-04
1.130235e+04	3.750175e-04
1.130852e+04	3.737516e-04
1.131469e+04	3.724877e-04
1.132086e+04	3.712259e-04
1.132702e+04	3.699661e-04
1.133319e+04	3.687085e-04
1.133936e+04	3.674529e-04
1.134553e+04	3.661994e-04
1.135170e+04	3.649480e-04
1.135787e+04	3.636987e-04
1.136404e+04	3.624515e-04
1.137021e+04	3.612065e-04
1.137638e+04	3.599635e-04
1.138255e+04	3.587227e-04
1.138872e+04	3.574841e-04
1.139489e+04	3.562476e-04
1.140106e+04	3.550133e-04
1.140723e+04	3.537811e-04
1.141340e+04	3.525511e-04
1.141957e+04	3.513233e-04
1.142574e+04	3.500976e-04
1.143190e+04	3.488742e-04
1.143807e+04	3.476529e-04
1.144424e+04	3.464339e-04
1.145041e+04	3.452171e-04
1.145658e+04	3.440025e-04
1.146275e+04	3.427901e-04
1.146892e+04	3.415800e-04
1.147509e+04	3.403721e-04
1.148126e+04	3.391664e-04
1.148743e+04	3.379630e-04
1.149360e+04	3.367619e-04
1.149977e+04	3.355630e-04
1.150594e+04	3.343664e-04
1.151211e+04	3.331721e-04
1.151828e+04	3.319800e-04
1.152445e+04	3.307903e-04
1.153061e+04	3.296028e-04
1.153678e+04	3.284177e-04
1.154295e+04	3.272348e-04
1.154912e+04	3.260543e-04
1.155529e+04	3.248761e-04
1.156146e+04	3.237002e-04
1.156763e+04	3.225267e-04
1.157380e+04	3.213555e-04
1.157997e+04	3.201866e-04
1.158614e+04	3.190201e-04
1.159231e+04	3.178559e-04
1.159848e+04	3.166941e-04
1.160465e+04	3.155346e-04
1.161082e+04	3.143775e-04
1.161699e+04	3.132228e-04
1.162316e+04	3.120705e-04
1.162933e+04	3.109206e-04
1.163549e+04	3.097730e-04
1.164166e+04	3.086278e-04
1.164783e+04	3.074851e-04
1.165400e+04	3.063447e-04
1.166017e+04	3.052068e-04
1.166634e+04	3.040712e-04
1.167251e+04	3.029381e-04
1.167868e+04	3.018074e-04
1.168485e+04	3.006791e-04
1.169102e+04	2.995532e-04
1.169719e+04	2.984298e-04
1.170336e+04	2.973089e-04
1.170953e+04	2.961903e-04
1.171570e+04	2.950742e-04
1.172187e+04	2.939606e-04
1.172804e+04	2.928494e-04
1.173421e+04	2.917407e-04
1.174037e+04	2.906344e-04
1.174654e+04	2.895306e-04
1.175271e+04	2.884293e-04
1.175888e+04	2.873305e-04
1.176505e+04	2.862341e-04
1.177122e+04	2.851402e-04
1.177739e+04	2.840488e-04
1.178356e+04	2.829599e-04
1.178973e+04	2.818735e-04
1.179590e+04	2.807896e-04
1.180207e+04	2.797081e-04
1.180824e+04	2.786292e-04
1.181441e+04	2.775528e-04
1.182058e+04	2.764789e-04
1.182675e+04	2.754075e-04
1.183292e+04	2.743386e-04
1.183909e+04	2.732722e-04
1.184525e+04	2.722084e-04
1.185142e+04	2.711470e-04
1.185759e+04	2.700882e-04
1.186376e+04	2.690320e-04
1.186993e+04	2.679782e-04
1.187610e+04	2.669270e-04
1.188227e+04	2.658783e-04
1.188844e+04	2.648322e-04
1.189461e+04	2.637886e-04
1.190078e+04	2.627476e-04
1.190695e+04	2.617091e-04
1.191312e+04	2.606731e-04
1.191929e+04	2.596397e-04
1.192546e+04	2.586089e-04
1.193163e+04	2.575806e-04
1.193780e+04	2.565549e-04
1.194396e+04	2.555317e-04
1.195013e+04	2.545111e-04
1.195630e+04	2.534930e-04
1.196247e+04	2.524775e-04
1.196864e+04	2.514646e-04
1.197481e+04	2.504543e-04
1.198098e+04	2.494465e-04
1.198715e+04	2.484413e-04
1.199332e+04	2.474387e-04
1.199949e+04	2.464386e-04
1.200566e+04	2.454411e-04
1.201183e+04	2.444462e-04
1.201800e+04	2.434539e-04
1.202417e+04	2.424642e-04
1.203034e+04	2.414770e-04
1.203651e+04	2.404925e-04
1.204268e+04	2.395105e-04
1.204884e+04	2.385311e-04
1.205501e+04	2.375543e-04
1.206118e+04	2.365800e-04
1.206735e+04	2.356084e-04
1.207352e+04	2.346393e-04
1.207969e+04	2.336729e-04
1.208586e+04	2.327090e-04
1.209203e+04	2.317477e-04
1.209820e+04	2.307891e-04
1.210437e+04	2.298330e-04
1.211054e+04	2.288795e-04
1.211671e+04	2.279286e-04
1.212288e+04	2.269803e-04
1.212905e+04	2.260346e-04
1.213522e+04	2.250915e-04
1.214139e+04	2.241510e-04
1.214756e+04	2.232131e-04
1.215372e+04	2.222778e-04
1.215989e+04	2.213450e-04
1.216606e+04	2.204149e-04
1.217223e+04	2.194874e-04
1.217840e+04	2.185625e-04
1.218457e+04	2.176402e-04
1.219074e+04	2.167204e-04
1.219691e+04	2.158033e-04
1.220308e+04	2.148888e-04
1.220925e+04	2.139769e-04
1.221542e+04	2.130675e-04
1.222159e+04	2.121608e-04
1.222776e+04	2.112567e-04
1.223393e+04	2.103551e-04
1.224010e+04	2.094562e-04
1.224627e+04	2.085598e-04
1.225244e+04	2.076661e-04
1.225860e+04	2.067749e-04
1.226477e+04	2.058864e-04
1.227094e+04	2.050004e-04
1.227711e+04	2.041171e-04
1.228328e+04	2.032363e-04
1.228945e+04	2.023581e-04
1.229562e+04	2.014825e-04
1.230179e+04	2.006095e-04
1.230796e+04	1.997391e-04
1.231413e+04	1.988713e-04
1.232030e+04	1.980061e-04
1.232647e+04	1.971434e-04
1.233264e+04	1.962834e-04
1.233881e+04	1.954259e-04
1.234498e+04	1.945710e-04
1.235115e+04	1.937187e-04
1.235731e+04	1.928690e-04
1.236348e+04	1.920219e-04
1.236965e+04	1.911773e-04
1.237582e+04	1.903353e-04
1.238199e+04	1.894959e-04
1.238816e+04	1.886591e-04
1.239433e+04	1.878249e-04
1.240050e+04	1.869932e-04
1.240667e+04	1.861641e-04
1.241284e+04	1.853375e-04
1.241901e+04	1.845136e-04
1.242518e+04	1.836922e-04
1.243135e+04	1.828733e-04
1.243752e+04	1.820570e-04
1.244369e+04	1.812433e-04
1.244986e+04	1.804322e-04
1.245603e+04	1.796236e-04
1.246219e+04	1.788176e-04
1.246836e+04	1.780141e-04
1.247453e+04	1.772131e-04
1.248070e+04	1.764148e-04
1.248687e+04	1.756189e-04
1.249304e+04	1.748256e-04
1.249921e+04	1.740349e-04
1.250538e+04	1.732467e-04
1.251155e+04	1.724611e-04
1.251772e+04	1.716779e-04
1.252389e+04	1.708974e-04
1.253006e+04	1.701193e-04
1.253623e+04	1.693438e-04
1.254240e+04	1.685708e-04
1.254857e+04	1.678003e-04
1.255474e+04	1.670324e-04
1.256091e+04	1.662670e-04
1.256707e+04	1.655041e-04
1.257324e+04	1.647437e-04
1.257941e+04	1.639859e-04
1.258558e+04	1.632305e-04
1.259175e+04	1.624777e-04
1.259792e+04	1.617273e-04
1.260409e+04	1.609795e-04
1.261026e+04	1.602342e-04
1.261643e+04	1.594913e-04
1.262260e+04	1.587510e-04
1.262877e+04	1.580132e-04
1.263494e+04	1.572778e-04
1.264111e+04	1.565449e-04
1.264728e+04	1.558146e-04
1.265345e+04	1.550867e-04
1.265962e+04	1.543613e-04
1.266579e+04	1.536383e-04
1.267195e+04	1.529179e-04
1.267812e+04	1.521999e-04
1.268429e+04	1.514843e-04
1.269046e+04	1.507713e-04
1.269663e+04	1.500607e-04
1.270280e+04	1.493525e-04
1.270897e+04	1.486468e-04
1.271514e+04	1.479436e-04
1.272131e+04	1.472428e-04
1.272748e+04	1.465444e-04
1.273365e+04	1.458485e-04
1.273982e+04	1.451551e-04
1.274599e+04	1.444640e-04
1.275216e+04	1.437754e-04
1.275833e+04	1.430892e-04
1.276450e+04	1.424055e-04
1.277066e+04	1.417242e-04
1.277683e+04	1.410453e-04
1.278300e+04	1.403688e-04
1.278917e+04	1.396947e-04
1.279534e+04	1.390230e-04
1.280151e+04	1.383537e-04
1.280768e+04	1.376869e-04
1.281385e+04	1.370224e-04
1.282002e+04	1.363603e-04
1.282619e+04	1.357006e-04
1.283236e+04	1.350433e-04
1.283853e+04	1.343884e-04
1.284470e+04	1.337358e-04
1.285087e+04	1.330856e-04
1.285704e+04	1.324378e-04
1.286321e+04	1.317924e-04
1.286938e+04	1.311493e-04
1.287554e+04	1.305086e-04
1.288171e+04	1.298703e-04
1.288788e+04	1.292342e-04
1.289405e+04	1.286006e-04
1.290022e+04	1.279693e-04
1.290639e+04	1.273403e-04
1.291256e+04	1.267136e-04
1.291873e+04	1.260893e-04
1.292490e+04	1.254673e-04
1.293107e+04	1.248477e-04
1.293724e+04	1.242303e-04
1.294341e+04	1.236153e-04
1.294958e+04	1.230026e-04
1.295575e+04	1.223922e-04
1.296192e+04	1.217841e-04
1.296809e+04	1.211782e-04
1.297426e+04	1.205747e-04
1.298042e+04	1.199735e-04
1.298659e+04	1.193745e-04
1.299276e+04	1.187779e-04
1.299893e+04	1.181835e-04
1.300510e+04	1.175914e-04
1.301127e+04	1.170015e-04
1.301744e+04	1.164140e-04
1.302361e+04	1.158286e-04
1.302978e+04	1.152456e-04
1.303595e+04	1.146648e-04
1.304212e+04	1.140862e-04
1.304829e+04	1.135099e-04
1.305446e+04	1.129358e-04
1.306063e+04	1.123639e-04
1.306680e+04	1.117943e-04
1.307297e+04	1.112269e-04
1.307914e+04	1.106617e-04
1.308530e+04	1.100987e-04
1.309147e+04	1.095380e-04
1.309764e+04	1.089794e-04
1.310381e+04	1.084231e-04
1.310998e+04	1.078689e-04
1.311615e+04	1.073169e-04
1.312232e+04	1.067672e-04
1.312849e+04	1.062196e-04
1.313466e+04	1.056741e-04
1.314083e+04	1.051309e-04
1.314700e+04	1.045898e-04
1.315317e+04	1.040509e-04
1.315934e+04	1.035141e-04
1.316551e+04	1.029795e-04
1.317168e+04	1.024471e-04
1.317785e+04	1.019168e-04
1.318402e+04	1.013886e-04
1.319018e+04	1.008626e-04
1.319635e+04	1.003387e-04
1.320252e+04	9.981692e-05
1.320869e+04	9.929727e-05
1.321486e+04	9.877973e-05
1.322103e+04	9.826430e-05
1.322720e+04	9.775098e-05
1.323337e+04	9.723976e-05
1.323954e+04	9.673063e-05
1.324571e+04	9.622360e-05
1.325188e+04	9.571865e-05
1.325805e+04	9.521579e-05
1.326422e+04	9.471500e-05
1.327039e+04	9.421628e-05
1.327656e+04	9.371963e-05
1.328273e+04	9.322505e-05
1.328889e+04	9.273251e-05
1.329506e+04	9.224203e-05
1.330123e+04	9.175360e-05
1.330740e+04	9.126721e-05
1.331357e+04	9.078285e-05
1.331974e+04	9.030053e-05
1.332591e+04	8.982023e-05
1.333208e+04	8.934195e-05
1.333825e+04	8.886569e-05
1.334442e+04	8.839144e-05
1.335059e+04	8.791920e-05
1.335676e+04	8.744896e-05
1.336293e+04	8.698071e-05
1.336910e+04	8.651446e-05
1.337527e+04	8.605019e-05
1.338144e+04	8.558790e-05
1.338761e+04	8.512759e-05
1.339377e+04	8.466924e-05
1.339994e+04	8.421287e-05
1.340611e+04	8.375845e-05
1.341228e+04	8.330599e-05
1.341845e+04	8.285547e-05
1.342462e+04	8.240691e-05
1.343079e+04	8.196028e-05
1.343696e+04	8.151558e-05
1.344313e+04	8.107281e-05
1.344930e+04	8.063197e-05
1.345547e+04	8.019305e-05
1.346164e+04	7.975604e-05
1.346781e+04	7.932093e-05
1.347398e+04	7.888773e-05
1.348015e+04	7.845643e-05
1.348632e+04	7.802702e-05
1.349249e+04	7.759950e-05
1.349865e+04	7.717386e-05
1.350482e+04	7.675009e-05
1.351099e+04	7.632820e-05
1.351716e+04	7.590817e-05
1.352333e+04	7.549001e-05
1.352950e+04	7.507370e-05
1.353567e+04	7.465924e-05
1.354184e+04	7.424662e-05
1.354801e+04	7.383584e-05
1.355418e+04	7.342690e-05
1.356035e+04	7.301979e-05
1.356652e+04	7.261450e-05
1.357269e+04	7.221103e-05
1.357886e+04	7.180937e-05
1.358503e+04	7.140953e-05
1.359120e+04	7.101148e-05
1.359737e+04	7.061523e-05
1.360353e+04	7.022077e-05
1.360970e+04	6.982810e-05
1.361587e+04	6.943721e-05
1.362204e+04	6.904810e-05
1.362821e+04	6.866076e-05
1.363438e+04	6.827518e-05
1.364055e+04	6.789136e-05
1.364672e+04	6.750930e-05
1.365289e+04	6.712899e-05
1.365906e+04	6.675042e-05
1.366523e+04	6.637359e-05
1.367140e+04	6.599849e-05
1.367757e+04	6.562512e-05
1.368374e+04	6.525348e-05
1.368991e+04	6.488355e-05
1.369608e+04	6.451533e-05
1.370224e+04	6.414882e-05
1.370841e+04	6.378402e-05
1.371458e+04	6.342090e-05
1.372075e+04	6.305948e-05
1.372692e+04	6.269975e-05
1.373309e+04	6.234169e-05
1.373926e+04	6.198531e-05
1.374543e+04	6.163060e-05
1.375160e+04	6.127755e-05
1.375777e+04	6.092616e-05
1.376394e+04	6.057643e-05
1.377011e+04	6.022834e-05
1.377628e+04	5.988190e-05
1.378245e+04	5.953709e-05
1.378862e+04	5.919391e-05
1.379479e+04	5.885237e-05
1.380096e+04	5.851244e-05
1.380712e+04	5.817413e-05
1.381329e+04	5.783743e-05
1.381946e+04	5.750234e-05
1.382563e+04	5.716884e-05
1.383180e+04	5.683694e-05
1.383797e+04	5.650663e-05
1.384414e+04	5.617791e-05
1.385031e+04	5.585076e-05
1.385648e+04	5.552519e-05
1.386265e+04	5.520119e-05
1.386882e+04	5.487875e-05
1.387499e+04	5.455786e-05
1.388116e+04	5.423853e-05
1.388733e+04	5.392075e-05
1.389350e+04	5.360451e-05
1.389967e+04	5.328980e-05
1.390584e+04	5.297663e-05
1.391200e+04	5.266498e-05
1.391817e+04	5.235486e-05
1.392434e+04	5.204625e-05
1.393051e+04	5.173915e-05
1.393668e+04	5.143355e-05
1.394285e+04	5.112946e-05
1.394902e+04	5.082686e-05
1.395519e+04	5.052574e-05
1.396136e+04	5.022612e-05
1.396753e+04	4.992797e-05
1.397370e+04	4.963129e-05
1.397987e+04	4.933609e-05
1.398604e+04	4.904234e-05
1.399221e+04	4.875006e-05
1.399838e+04	4.845922e-05
1.400455e+04	4.816984e-05
1.401072e+04	4.788190e-05
1.401688e+04	4.759539e-05
1.402305e+04	4.731032e-05
1.402922e+04	4.702667e-05
1.403539e+04	4.674444e-05
1.404156e+04	4.646363e-05
1.404773e+04	4.618424e-05
1.405390e+04	4.590624e-05
1.406007e+04	4.562965e-05
1.406624e+04	4.535446e-05
1.407241e+04	4.508065e-05
1.407858e+04	4.480824e-05
1.408475e+04	4.453720e-05
1.409092e+04	4.426753e-05
1.409709e+04	4.399924e-05
1.410326e+04	4.373231e-05
1.410943e+04	4.346675e-05
1.411559e+04	4.320253e-05
1.412176e+04	4.293967e-05
1.412793e+04	4.267815e-05
1.413410e+04	4.241797e-05
1.414027e+04	4.215913e-05
1.414644e+04	4.190161e-05
1.415261e+04	4.164542e-05
1.415878e+04	4.139055e-05
1.416495e+04	4.113699e-05
1.417112e+04	4.088474e-05
1.417729e+04	4.063380e-05
1.418346e+04	4.038415e-05
1.418963e+04	4.013580e-05
1.419580e+04	3.988874e-05
1.420197e+04	3.964296e-05
1.420814e+04	3.939847e-05
1.421431e+04	3.915524e-05
1.422047e+04	3.891329e-05
1.422664e+04	3.867260e-05
1.423281e+04	3.843317e-05
1.423898e+04	3.819499e-05
1.424515e+04	3.795806e-05
1.425132e+04	3.772238e-05
1.425749e+04	3.748794e-05
1.426366e+04	3.725473e-05
1.426983e+04	3.702275e-05
1.427600e+04	3.679200e-05
1.428217e+04	3.656247e-05
1.428834e+04	3.633415e-05
1.429451e+04	3.610704e-05
1.430068e+04	3.588114e-05
1.430685e+04	3.565643e-05
1.431302e+04	3.543293e-05
1.431919e+04	3.521061e-05
1.432535e+04	3.498948e-05
1.433152e+04	3.476953e-05
1.433769e+04	3.455076e-05
1.434386e+04	3.433316e-05
1.435003e+04	3.411673e-05
1.435620e+04	3.390146e-05
1.436237e+04	3.368734e-05
1.436854e+04	3.347438e-05
1.437471e+04	3.326257e-05
1.438088e+04	3.305190e-05
1.438705e+04	3.284236e-05
1.439322e+04	3.263396e-05
1.439939e+04	3.242669e-05
1.440556e+04	3.222055e-05
1.441173e+04	3.201552e-05
1.441790e+04	3.181161e-05
1.442407e+04	3.160881e-05
1.443023e+04	3.140711e-05
1.443640e+04	3.120652e-05
1.444257e+04	3.100702e-05
1.444874e+04	3.080861e-05
1.445491e+04	3.061129e-05
1.446108e+04	3.041505e-05
1.446725e+04	3.021989e-05
1.447342e+04	3.002580e-05
1.447959e+04	2.983278e-05
1.448576e+04	2.964082e-05
1.449193e+04	2.944993e-05
1.449810e+04	2.926008e-05
1.450427e+04	2.907129e-05
1.451044e+04	2.888355e-05
1.451661e+04	2.869684e-05
1.452278e+04	2.851117e-05
1.452894e+04	2.832654e-05
1.453511e+04	2.814293e-05
1.454128e+04	2.796035e-05
1.454745e+04	2.777878e-05
1.455362e+04	2.759823e-05
1.455979e+04	2.741869e-05
1.456596e+04	2.724015e-05
1.457213e+04	2.706262e-05
1.457830e+04	2.688608e-05
1.458447e+04	2.671053e-05
1.459064e+04	2.653597e-05
1.459681e+04	2.636240e-05
1.460298e+04	2.618980e-05
1.460915e+04	2.601818e-05
1.461532e+04	2.584753e-05
1.462149e+04	2.567784e-05
1.462766e+04	2.550912e-05
1.463382e+04	2.534135e-05
1.463999e+04	2.517454e-05
1.464616e+04	2.500868e-05
1.465233e+04	2.484376e-05
1.465850e+04	2.467978e-05
1.466467e+04	2.451673e-05
1.467084e+04	2.435462e-05
1.467701e+04	2.419344e-05
1.468318e+04	2.403318e-05
1.468935e+04	2.387383e-05
1.469552e+04	2.371541e-05
1.470169e+04	2.355789e-05
1.470786e+04	2.340128e-05
1.471403e+04	2.324557e-05
1.472020e+04	2.309077e-05
1.472637e+04	2.293685e-05
1.473254e+04	2.278383e-05
1.473870e+04	2.263169e-05
1.474487e+04	2.248043e-05
1.475104e+04	2.233005e-05
1.475721e+04	2.218054e-05
1.476338e+04	2.203191e-05
1.476955e+04	2.188414e-05
1.477572e+04	2.173723e-05
1.478189e+04	2.159117e-05
1.478806e+04	2.144597e-05
1.479423e+04	2.130162e-05
1.480040e+04	2.115812e-05
1.480657e+04	2.101546e-05
1.481274e+04	2.087363e-05
1.481891e+04	2.073264e-05
1.482508e+04	2.059247e-05
1.483125e+04	2.045314e-05
1.483742e+04	2.031462e-05
1.484358e+04	2.017692e-05
1.484975e+04	2.004004e-05
1.485592e+04	1.990396e-05
1.486209e+04	1.976869e-05
1.486826e+04	1.963423e-05
1.487443e+04	1.950056e-05
1.488060e+04	1.936769e-05
1.488677e+04	1.923560e-05
1.489294e+04	1.910430e-05
1.489911e+04	1.897379e-05
1.490528e+04	1.884406e-05
1.491145e+04	1.871510e-05
1.491762e+04	1.858691e-05
1.492379e+04	1.845949e-05
1.492996e+04	1.833283e-05
1.493613e+04	1.820694e-05
1.494229e+04	1.808180e-05
1.494846e+04	1.795741e-05
1.495463e+04	1.783378e-05
1.496080e+04	1.771089e-05
1.496697e+04	1.758874e-05
1.497314e+04	1.746733e-05
1.497931e+04	1.734665e-05
1.498548e+04	1.722670e-05
1.499165e+04	1.710749e-05
1.499782e+04	1.698899e-05
1.500399e+04	1.687122e-05
1.501016e+04	1.675416e-05
1.501633e+04	1.663781e-05
1.502250e+04	1.652218e-05
1.502867e+04	1.640725e-05
1.503484e+04	1.629302e-05
1.504101e+04	1.617949e-05
1.504717e+04	1.606665e-05
1.505334e+04	1.595451e-05
1.505951e+04	1.584306e-05
1.506568e+04	1.573229e-05
1.507185e+04	1.562220e-05
1.507802e+04	1.551279e-05
1.508419e+04	1.540405e-05
1.509036e+04	1.529599e-05
1.509653e+04	1.518859e-05
1.510270e+04	1.508186e-05
1.510887e+04	1.497578e-05
1.511504e+04	1.487037e-05
1.512121e+04	1.476560e-05
1.512738e+04	1.466149e-05
1.513355e+04	1.455803e-05
1.513972e+04	1.445521e-05
1.514589e+04	1.435303e-05
1.515205e+04	1.425149e-05
1.515822e+04	1.415058e-05
1.516439e+04	1.405030e-05
1.517056e+04	1.395065e-05
1.517673e+04	1.385162e-05
1.518290e+04	1.375322e-05
1.518907e+04	1.365543e-05
1.519524e+04	1.355825e-05
1.520141e+04	1.346169e-05
1.520758e+04	1.336574e-05
1.521375e+04	1.327039e-05
1.521992e+04	1.317564e-05
1.522609e+04	1.308149e-05
1.523226e+04	1.298793e-05
1.523843e+04	1.289497e-05
1.524460e+04	1.280260e-05
1.525077e+04	1.271081e-05
1.525693e+04	1.261960e-05
1.526310e+04	1.252898e-05
1.526927e+04	1.243893e-05
1.527544e+04	1.234945e-05
1.528161e+04	1.226055e-05
1.528778e+04	1.217221e-05
1.529395e+04	1.208444e-05
1.530012e+04	1.199723e-05
1.530629e+04	1.191057e-05
1.531246e+04	1.182447e-05
1.531863e+04	1.173893e-05
1.532480e+04	1.165393e-05
1.533097e+04	1.156948e-05
1.533714e+04	1.148557e-05
1.534331e+04	1.140221e-05
1.534948e+04	1.131938e-05
1.535565e+04	1.123708e-05
1.536181e+04	1.115532e-05
1.536798e+04	1.107409e-05
1.537415e+04	1.099338e-05
1.538032e+04	1.091320e-05
1.538649e+04	1.083353e-05
1.539266e+04	1.075438e-05
1.539883e+04	1.067575e-05
1.540500e+04	1.059763e-05
1.541117e+04	1.052002e-05
1.541734e+04	1.044291e-05
1.542351e+04	1.036631e-05
1.542968e+04	1.029021e-05
1.543585e+04	1.021460e-05
1.544202e+04	1.013949e-05
1.544819e+04	1.006488e-05
1.545436e+04	9.990747e-06
1.546052e+04	9.917106e-06
1.546669e+04	9.843949e-06
1.547286e+04	9.771273e-06
1.547903e+04	9.699076e-06
1.548520e+04	9.627355e-06
1.549137e+04	9.556107e-06
1.549754e+04	9.485330e-06
1.550371e+04	9.415021e-06
1.550988e+04	9.345178e-06
1.551605e+04	9.275797e-06
1.552222e+04	9.206876e-06
1.552839e+04	9.138413e-06
1.553456e+04	9.070404e-06
1.554073e+04	9.002848e-06
1.554690e+04	8.935742e-06
1.555307e+04	8.869083e-06
1.555924e+04	8.802869e-06
1.556540e+04	8.737097e-06
1.557157e+04	8.671765e-06
1.557774e+04	8.606870e-06
1.558391e+04	8.542410e-06
1.559008e+04	8.478381e-06
1.559625e+04	8.414783e-06
1.560242e+04	8.351611e-06
1.560859e+04	8.288865e-06
1.561476e+04	8.226540e-06
1.562093e+04	8.164636e-06
1.562710e+04	8.103149e-06
1.563327e+04	8.042077e-06
1.563944e+04	7.981418e-06
1.564561e+04	7.921169e-06
1.565178e+04	7.861328e-06
1.565795e+04	7.801892e-06
1.566412e+04	7.742860e-06
1.567028e+04	7.684228e-06
1.567645e+04	7.625995e-06
1.568262e+04	7.568158e-06
1.568879e+04	7.510715e-06
1.569496e+04	7.453663e-06
1.570113e+04	7.397000e-06
1.570730e+04	7.340725e-06
1.571347e+04	7.284834e-06
1.571964e+04	7.229325e-06
1.572581e+04	7.174197e-06
1.573198e+04	7.119447e-06
1.573815e+04	7.065072e-06
1.574432e+04	7.011070e-06
1.575049e+04	6.957440e-06
1.575666e+04	6.904179e-06
1.576283e+04	6.851285e-06
1.576900e+04	6.798755e-06
1.577516e+04	6.746588e-06
1.578133e+04	6.694781e-06
1.578750e+04	6.643333e-06
1.579367e+04	6.592240e-06
1.579984e+04	6.541501e-06
1.580601e+04	6.491114e-06
1.581218e+04	6.441077e-06
1.581835e+04	6.391387e-06
1.582452e+04	6.342043e-06
1.583069e+04	6.293042e-06
1.583686e+04	6.244383e-06
1.584303e+04	6.196063e-06
1.584920e+04	6.148080e-06
1.585537e+04	6.100432e-06
1.586154e+04	6.053117e-06
1.586771e+04	6.006133e-06
1.587387e+04	5.959479e-06
1.588004e+04	5.913152e-06
1.588621e+04	5.867149e-06
1.589238e+04	5.821470e-06
1.589855e+04	5.776112e-06
1.590472e+04	5.731073e-06
1.591089e+04	5.686352e-06
1.591706e+04	5.641946e-06
1.592323e+04	5.597853e-06
1.592940e+04	5.554072e-06
1.593557e+04	5.510600e-06
1.594174e+04	5.467435e-06
1.594791e+04	5.424577e-06
1.595408e+04	5.382022e-06
1.596025e+04	5.339770e-06
1.596642e+04	5.297817e-06
1.597259e+04	5.256163e-06
1.597875e+04	5.214805e-06
1.598492e+04	5.173741e-06
1.599109e+04	5.132970e-06
1.599726e+04	5.092490e-06
1.600343e+04	5.052300e-06
1.600960e+04	5.012396e-06
1.601577e+04	4.972778e-06
1.602194e+04	4.933444e-06
1.602811e+04	4.894391e-06
1.603428e+04	4.855619e-06
1.604045e+04	4.817125e-06
1.604662e+04	4.778908e-06
1.605279e+04	4.740966e-06
1.605896e+04	4.703297e-06
1.606513e+04	4.665899e-06
1.607130e+04	4.628771e-06
1.607747e+04	4.591911e-06
1.608363e+04	4.555317e-06
1.608980e+04	4.518989e-06
1.609597e+04	4.482923e-06
1.610214e+04	4.447118e-06
1.610831e+04	4.411573e-06
1.611448e+04	4.376286e-06
1.612065e+04	4.341255e-06
1.612682e+04	4.306479e-06
1.613299e+04	4.271956e-06
1.613916e+04	4.237685e-06
1.614533e+04	4.203663e-06
1.615150e+04	4.169890e-06
1.615767e+04	4.136363e-06
1.616384e+04	4.103081e-06
1.617001e+04	4.070043e-06
1.617618e+04	4.037247e-06
1.618235e+04	4.004691e-06
1.618851e+04	3.972374e-06
1.619468e+04	3.940294e-06
1.620085e+04	3.908450e-06
1.620702e+04	3.876840e-06
1.621319e+04	3.845463e-06
1.621936e+04	3.814317e-06
1.622553e+04	3.783401e-06
1.623170e+04	3.752713e-06
1.623787e+04	3.722252e-06
1.624404e+04	3.692016e-06
1.625021e+04	3.662003e-06
1.625638e+04	3.632213e-06
1.626255e+04	3.602644e-06
1.626872e+04	3.573294e-06
1.627489e+04	3.544162e-06
1.628106e+04	3.515247e-06
1.628722e+04	3.486546e-06
1.629339e+04	3.458060e-06
1.629956e+04	3.429785e-06
1.630573e+04	3.401722e-06
1.631190e+04	3.373868e-06
1.631807e+04	3.346222e-06
1.632424e+04	3.318783e-06
1.633041e+04	3.291549e-06
1.633658e+04	3.264519e-06
1.634275e+04	3.237692e-06
1.634892e+04	3.211066e-06
1.635509e+04	3.184640e-06
1.636126e+04	3.158413e-06
1.636743e+04	3.132383e-06
1.637360e+04	3.106549e-06
1.637977e+04	3.080910e-06
1.638594e+04	3.055464e-06
1.639210e+04	3.030210e-06
1.639827e+04	3.005147e-06
1.640444e+04	2.980273e-06
1.641061e+04	2.955588e-06
1.641678e+04	2.931090e-06
1.642295e+04	2.906777e-06
1.642912e+04	2.882649e-06
1.643529e+04	2.858704e-06
1.644146e+04	2.834941e-06
1.644763e+04	2.811359e-06
1.645380e+04	2.787956e-06
1.645997e+04	2.764731e-06
1.646614e+04	2.741684e-06
1.647231e+04	2.718813e-06
1.647848e+04	2.696116e-06
1.648465e+04	2.673593e-06
1.649082e+04	2.651242e-06
1.649698e+04	2.629062e-06
1.650315e+04	2.607053e-06
1.650932e+04	2.585212e-06
1.651549e+04	2.563538e-06
1.652166e+04	2.542032e-06
1.652783e+04	2.520690e-06
1.653400e+04	2.499513e-06
1.654017e+04	2.478500e-06
1.654634e+04	2.457648e-06
1.655251e+04	2.436957e-06
1.655868e+04	2.416425e-06
1.656485e+04	2.396053e-06
1.657102e+04	2.375838e-06
1.657719e+04	2.355779e-06
1.658336e+04	2.335876e-06
1.658953e+04	2.316127e-06
1.659570e+04	2.296532e-06
1.660186e+04	2.277088e-06
1.660803e+04	2.257796e-06
1.661420e+04	2.238654e-06
1.662037e+04	2.219661e-06
1.662654e+04	2.200816e-06
1.663271e+04	2.182118e-06
1.663888e+04	2.163566e-06
1.664505e+04	2.145159e-06
1.665122e+04	2.126895e-06
1.665739e+04	2.108775e-06
1.666356e+04	2.090796e-06
1.666973e+04	2.072959e-06
1.667590e+04	2.055261e-06
1.668207e+04	2.037702e-06
1.668824e+04	2.020281e-06
1.669441e+04	2.002998e-06
1.670057e+04	1.985850e-06
1.670674e+04	1.968837e-06
1.671291e+04	1.951958e-06
1.671908e+04	1.935213e-06
1.672525e+04	1.918600e-06
1.673142e+04	1.902118e-06
1.673759e+04	1.885766e-06
1.674376e+04	1.869544e-06
1.674993e+04	1.853450e-06
1.675610e+04	1.837484e-06
1.676227e+04	1.821644e-06
1.676844e+04	1.805930e-06
1.677461e+04	1.790341e-06
1.678078e+04	1.774876e-06
1.678695e+04	1.759534e-06
1.679312e+04	1.744315e-06
1.679929e+04	1.729216e-06
1.680545e+04	1.714238e-06
1.681162e+04	1.699380e-06
1.681779e+04	1.684641e-06
1.682396e+04	1.670019e-06
1.683013e+04	1.655514e-06
1.683630e+04	1.641126e-06
1.684247e+04	1.626853e-06
1.684864e+04	1.612694e-06
1.685481e+04	1.598649e-06
1.686098e+04	1.584717e-06
1.686715e+04	1.570897e-06
1.687332e+04	1.557188e-06
1.687949e+04	1.543590e-06
1.688566e+04	1.530101e-06
1.689183e+04	1.516721e-06
1.689800e+04	1.503449e-06
1.690417e+04	1.490284e-06
1.691033e+04	1.477226e-06
1.691650e+04	1.464273e-06
1.692267e+04	1.451426e-06
1.692884e+04	1.438682e-06
1.693501e+04	1.426042e-06
1.694118e+04	1.413504e-06
1.694735e+04	1.401069e-06
1.695352e+04	1.388734e-06
1.695969e+04	1.376500e-06
1.696586e+04	1.364366e-06
1.697203e+04	1.352330e-06
1.697820e+04	1.340393e-06
1.698437e+04	1.328552e-06
1.699054e+04	1.316809e-06
1.699671e+04	1.305162e-06
1.700288e+04	1.293610e-06
1.700905e+04	1.282153e-06
1.701521e+04	1.270789e-06
1.702138e+04	1.259519e-06
1.702755e+04	1.248341e-06
1.703372e+04	1.237255e-06
1.703989e+04	1.226260e-06
1.704606e+04	1.215356e-06
1.705223e+04	1.204541e-06
1.705840e+04	1.193816e-06
1.706457e+04	1.183179e-06
1.707074e+04	1.172629e-06
1.707691e+04	1.162167e-06
1.708308e+04	1.151791e-06
1.708925e+04	1.141501e-06
1.709542e+04	1.131297e-06
1.710159e+04	1.121177e-06
1.710776e+04	1.111140e-06
1.711392e+04	1.101187e-06
1.712009e+04	1.091317e-06
1.712626e+04	1.081529e-06
1.713243e+04	1.071822e-06
1.713860e+04	1.062195e-06
1.714477e+04	1.052649e-06
1.715094e+04	1.043183e-06
1.715711e+04	1.033796e-06
1.716328e+04	1.024486e-06
1.716945e+04	1.015255e-06
1.717562e+04	1.006101e-06
1.718179e+04	9.970233e-07
1.718796e+04	9.880218e-07
1.719413e+04	9.790956e-07
1.720030e+04	9.702443e-07
1.720647e+04	9.614673e-07
1.721264e+04	9.527640e-07
1.721880e+04	9.441338e-07
1.722497e+04	9.355762e-07
1.723114e+04	9.270907e-07
1.723731e+04	9.186766e-07
1.724348e+04	9.103335e-07
1.724965e+04	9.020608e-07
1.725582e+04	8.938579e-07
1.726199e+04	8.857243e-07
1.726816e+04	8.776595e-07
1.727433e+04	8.696629e-07
1.728050e+04	8.617340e-07
1.728667e+04	8.538723e-07
1.729284e+04	8.460773e-07
1.729901e+04	8.383485e-07
1.730518e+04	8.306853e-07
1.731135e+04	8.230872e-07
1.731752e+04	8.155538e-07
1.732368e+04	8.080845e-07
1.732985e+04	8.006788e-07
1.733602e+04	7.933363e-07
1.734219e+04	7.860564e-07
1.734836e+04	7.788386e-07
1.735453e+04	7.716826e-07
1.736070e+04	7.645877e-07
1.736687e+04	7.575535e-07
1.737304e+04	7.505796e-07
1.737921e+04	7.436654e-07
1.738538e+04	7.368105e-07
1.739155e+04	7.300144e-07
1.739772e+04	7.232767e-07
1.740389e+04	7.165969e-07
1.741006e+04	7.099746e-07
1.741623e+04	7.034093e-07
1.742240e+04	6.969005e-07
1.742856e+04	6.904478e-07
1.743473e+04	6.840508e-07
1.744090e+04	6.777090e-07
1.744707e+04	6.714220e-07
1.745324e+04	6.651894e-07
1.745941e+04	6.590107e-07
1.746558e+04	6.528854e-07
1.747175e+04	6.468133e-07
1.747792e+04	6.407938e-07
1.748409e+04	6.348265e-07
1.749026e+04	6.289110e-07
1.749643e+04	6.230470e-07
1.750260e+04	6.172339e-07
1.750877e+04	6.114714e-07
1.751494e+04	6.057592e-07
1.752111e+04	6.000966e-07
1.752728e+04	5.944835e-07
1.753344e+04	5.889194e-07
1.753961e+04	5.834038e-07
1.754578e+04	5.779365e-07
1.755195e+04	5.725170e-07
1.755812e+04	5.671449e-07
1.756429e+04	5.618198e-07
1.757046e+04	5.565415e-07
1.757663e+04	5.513094e-07
1.758280e+04	5.461233e-07
1.758897e+04	5.409827e-07
1.759514e+04	5.358874e-07
1.760131e+04	5.308368e-07
1.760748e+04	5.258307e-07
1.761365e+04	5.208687e-07
1.761982e+04	5.159505e-07
1.762599e+04	5.110756e-07
1.763215e+04	5.062438e-07
1.763832e+04	5.014547e-07
1.764449e+04	4.967079e-07
1.765066e+04	4.920031e-07
1.765683e+04	4.873399e-07
1.766300e+04	4.827181e-07
1.766917e+04	4.781372e-07
1.767534e+04	4.735970e-07
1.768151e+04	4.690971e-07
1.768768e+04	4.646372e-07
1.769385e+04	4.602170e-07
1.770002e+04	4.558361e-07
1.770619e+04	4.514941e-07
1.771236e+04	4.471909e-07
1.771853e+04	4.429261e-07
1.772470e+04	4.386993e-07
1.773087e+04	4.345102e-07
1.773703e+04	4.303586e-07
1.774320e+04	4.262441e-07
1.774937e+04	4.221664e-07
1.775554e+04	4.181252e-07
1.776171e+04	4.141203e-07
1.776788e+04	4.101512e-07
1.777405e+04	4.062178e-07
1.778022e+04	4.023197e-07
1.778639e+04	3.984566e-07
1.779256e+04	3.946283e-07
1.779873e+04	3.908344e-07
1.780490e+04	3.870746e-07
1.781107e+04	3.833488e-07
1.781724e+04	3.796565e-07
1.782341e+04	3.759976e-07
1.782958e+04	3.723717e-07
1.783575e+04	3.687786e-07
1.784191e+04	3.652179e-07
1.784808e+04	3.616895e-07
1.785425e+04	3.581931e-07
1.786042e+04	3.547283e-07
1.786659e+04	3.512949e-07
1.787276e+04	3.478927e-07
1.787893e+04	3.445214e-07
1.788510e+04	3.411807e-07
1.789127e+04	3.378704e-07
1.789744e+04	3.345902e-07
1.790361e+04	3.313399e-07
1.790978e+04	3.281192e-07
1.791595e+04	3.249278e-07
1.792212e+04	3.217656e-07
1.792829e+04	3.186323e-07
1.793446e+04	3.155276e-07
1.794063e+04	3.124512e-07
1.794679e+04	3.094031e-07
1.795296e+04	3.063828e-07
1.795913e+04	3.033902e-07
1.796530e+04	3.004250e-07
1.797147e+04	2.974871e-07
1.797764e+04	2.945761e-07
1.798381e+04	2.916918e-07
1.798998e+04	2.888341e-07
1.799615e+04	2.860027e-07
1.800232e+04	2.831973e-07
1.800849e+04	2.804178e-07
1.801466e+04	2.776639e-07
1.802083e+04	2.749354e-07
1.802700e+04	2.722321e-07
1.803317e+04	2.695537e-07
1.803934e+04	2.669001e-07
1.804550e+04	2.642711e-07
1.805167e+04	2.616664e-07
1.805784e+04	2.590858e-07
1.806401e+04	2.565292e-07
1.807018e+04	2.539962e-07
1.807635e+04	2.514868e-07
1.808252e+04	2.490007e-07
1.808869e+04	2.465376e-07
1.809486e+04	2.440975e-07
1.810103e+04	2.416801e-07
1.810720e+04	2.392852e-07
1.811337e+04	2.369126e-07
1.811954e+04	2.345622e-07
1.812571e+04	2.322337e-07
1.813188e+04	2.299269e-07
1.813805e+04	2.276417e-07
1.814422e+04	2.253778e-07
1.815038e+04	2.231351e-07
1.815655e+04	2.209135e-07
1.816272e+04	2.187126e-07
1.816889e+04	2.165324e-07
1.817506e+04	2.143726e-07
1.818123e+04	2.122331e-07
1.818740e+04	2.101137e-07
1.819357e+04	2.080142e-07
1.819974e+04	2.059345e-07
1.820591e+04	2.038744e-07
1.821208e+04	2.018336e-07
1.821825e+04	1.998121e-07
1.822442e+04	1.978097e-07
1.823059e+04	1.958261e-07
1.823676e+04	1.938613e-07
1.824293e+04	1.919151e-07
1.824910e+04	1.899872e-07
1.825526e+04	1.880776e-07
1.826143e+04	1.861861e-07
1.826760e+04	1.843125e-07
1.827377e+04	1.824567e-07
1.827994e+04	1.806185e-07
1.828611e+04	1.787977e-07
1.829228e+04	1.769943e-07
1.829845e+04	1.752079e-07
1.830462e+04	1.734386e-07
1.831079e+04	1.716861e-07
1.831696e+04	1.699503e-07
1.832313e+04	1.682311e-07
1.832930e+04	1.665282e-07
1.833547e+04	1.648416e-07
1.834164e+04	1.631712e-07
1.834781e+04	1.615166e-07
1.835398e+04	1.598779e-07
1.836014e+04	1.582549e-07
1.836631e+04	1.566474e-07
1.837248e+04	1.550554e-07
1.837865e+04	1.534785e-07
1.838482e+04	1.519169e-07
1.839099e+04	1.503702e-07
1.839716e+04	1.488383e-07
1.840333e+04	1.473212e-07
1.840950e+04	1.458187e-07
1.841567e+04	1.443307e-07
1.842184e+04	1.428570e-07
1.842801e+04	1.413974e-07
1.843418e+04	1.399520e-07
1.844035e+04	1.385205e-07
1.844652e+04	1.371028e-07
1.845269e+04	1.356989e-07
1.845885e+04	1.343085e-07
1.846502e+04	1.329316e-07
1.847119e+04	1.315679e-07
1.847736e+04	1.302176e-07
1.848353e+04	1.288802e-07
1.848970e+04	1.275559e-07
1.849587e+04	1.262444e-07
1.850204e+04	1.249457e-07
1.850821e+04	1.236596e-07
1.851438e+04	1.223860e-07
1.852055e+04	1.211248e-07
1.852672e+04	1.198758e-07
1.853289e+04	1.186391e-07
1.853906e+04	1.174144e-07
1.854523e+04	1.162016e-07
1.855140e+04	1.150007e-07
1.855757e+04	1.138115e-07
1.856373e+04	1.126339e-07
1.856990e+04	1.114679e-07
1.857607e+04	1.103133e-07
1.858224e+04	1.091700e-07
1.858841e+04	1.080379e-07
1.859458e+04	1.069168e-07
1.860075e+04	1.058068e-07
1.860692e+04	1.047077e-07
1.861309e+04	1.036194e-07
1.861926e+04	1.025418e-07
1.862543e+04	1.014748e-07
1.863160e+04	1.004183e-07
1.863777e+04	9.937217e-08
1.864394e+04	9.833637e-08
1.865011e+04	9.731080e-08
1.865628e+04	9.629534e-08
1.866245e+04	9.528992e-08
1.866861e+04	9.429443e-08
1.867478e+04	9.330878e-08
1.868095e+04	9.233288e-08
1.868712e+04	9.136664e-08
1.869329e+04	9.040998e-08
1.869946e+04	8.946280e-08
1.870563e+04	8.852501e-08
1.871180e+04	8.759653e-08
1.871797e+04	8.667728e-08
1.872414e+04	8.576715e-08
1.873031e+04	8.486608e-08
1.873648e+04	8.397397e-08
1.874265e+04	8.309075e-08
1.874882e+04	8.221632e-08
1.875499e+04	8.135061e-08
1.876116e+04	8.049353e-08
1.876733e+04	7.964501e-08
1.877349e+04	7.880497e-08
1.877966e+04	7.797332e-08
1.878583e+04	7.714998e-08
1.879200e+04	7.633488e-08
1.879817e+04	7.552795e-08
1.880434e+04	7.472909e-08
1.881051e+04	7.393825e-08
1.881668e+04	7.315534e-08
1.882285e+04	7.238029e-08
1.882902e+04	7.161302e-08
1.883519e+04	7.085346e-08
1.884136e+04	7.010154e-08
1.884753e+04	6.935718e-08
1.885370e+04	6.862032e-08
1.885987e+04	6.789088e-08
1.886604e+04	6.716880e-08
1.887220e+04	6.645400e-08
1.887837e+04	6.574641e-08
1.888454e+04	6.504597e-08
1.889071e+04	6.435260e-08
1.889688e+04	6.366625e-08
1.890305e+04	6.298684e-08
1.890922e+04	6.231432e-08
1.891539e+04	6.164860e-08
1.892156e+04	6.098963e-08
1.892773e+04	6.033735e-08
1.893390e+04	5.969168e-08
1.894007e+04	5.905257e-08
1.894624e+04	5.841996e-08
1.895241e+04	5.779378e-08
1.895858e+04	5.717397e-08
1.896475e+04	5.656046e-08
1.897092e+04	5.595321e-08
1.897708e+04	5.535215e-08
1.898325e+04	5.475721e-08
1.898942e+04	5.416835e-08
1.899559e+04	5.358550e-08
1.900176e+04	5.300861e-08
1.900793e+04	5.243761e-08
1.901410e+04	5.187246e-08
1.902027e+04	5.131308e-08
1.902644e+04	5.075944e-08
1.903261e+04	5.021147e-08
1.903878e+04	4.966913e-08
1.904495e+04	4.913234e-08
1.905112e+04	4.860107e-08
1.905729e+04	4.807525e-08
1.906346e+04	4.755484e-08
1.906963e+04	4.703979e-08
1.907580e+04	4.653003e-08
1.908196e+04	4.602552e-08
1.908813e+04	4.552621e-08
1.909430e+04	4.503205e-08
1.910047e+04	4.454299e-08
1.910664e+04	4.405897e-08
1.911281e+04	4.357996e-08
1.911898e+04	4.310589e-08
1.912515e+04	4.263673e-08
1.913132e+04	4.217242e-08
1.913749e+04	4.171292e-08
1.914366e+04	4.125818e-08
1.914983e+04	4.080816e-08
1.915600e+04	4.036280e-08
1.916217e+04	3.992206e-08
1.916834e+04	3.948590e-08
1.917451e+04	3.905427e-08
1.918068e+04	3.862713e-08
1.918684e+04	3.820444e-08
1.919301e+04	3.778614e-08
1.919918e+04	3.737220e-08
1.920535e+04	3.696258e-08
1.921152e+04	3.655722e-08
1.921769e+04	3.615610e-08
1.922386e+04	3.575916e-08
1.923003e+04	3.536637e-08
1.923620e+04	3.497769e-08
1.924237e+04	3.459307e-08
1.924854e+04	3.421248e-08
1.925471e+04	3.383587e-08
1.926088e+04	3.346321e-08
1.926705e+04	3.309445e-08
