# # p(y | x = 1.300000e-02)
# # y_val	p(y|x)
0.000000e+00	3.597742e-05
6.169403e+00	3.619674e-05
1.233881e+01	3.641719e-05
1.850821e+01	3.663877e-05
2.467761e+01	3.686150e-05
3.084702e+01	3.708537e-05
3.701642e+01	3.731039e-05
4.318582e+01	3.753656e-05
4.935523e+01	3.776389e-05
5.552463e+01	3.799239e-05
6.169403e+01	3.822205e-05
6.786344e+01	3.845288e-05
7.403284e+01	3.868489e-05
8.020224e+01	3.891807e-05
8.637165e+01	3.915245e-05
9.254105e+01	3.938801e-05
9.871045e+01	3.962476e-05
1.048799e+02	3.986272e-05
1.110493e+02	4.010187e-05
1.172187e+02	4.034224e-05
1.233881e+02	4.058381e-05
1.295575e+02	4.082660e-05
1.357269e+02	4.107062e-05
1.418963e+02	4.131585e-05
1.480657e+02	4.156232e-05
1.542351e+02	4.181002e-05
1.604045e+02	4.205896e-05
1.665739e+02	4.230915e-05
1.727433e+02	4.256058e-05
1.789127e+02	4.281326e-05
1.850821e+02	4.306721e-05
1.912515e+02	4.332241e-05
1.974209e+02	4.357888e-05
2.035903e+02	4.383662e-05
2.097597e+02	4.409564e-05
2.159291e+02	4.435594e-05
2.220985e+02	4.461752e-05
2.282679e+02	4.488039e-05
2.344373e+02	4.514455e-05
2.406067e+02	4.541002e-05
2.467761e+02	4.567679e-05
2.529455e+02	4.594486e-05
2.591149e+02	4.621425e-05
2.652843e+02	4.648495e-05
2.714537e+02	4.675698e-05
2.776232e+02	4.703033e-05
2.837926e+02	4.730502e-05
2.899620e+02	4.758104e-05
2.961314e+02	4.785840e-05
3.023008e+02	4.813711e-05
3.084702e+02	4.841716e-05
3.146396e+02	4.869857e-05
3.208090e+02	4.898134e-05
3.269784e+02	4.926548e-05
3.331478e+02	4.955098e-05
3.393172e+02	4.983786e-05
3.454866e+02	5.012611e-05
3.516560e+02	5.041575e-05
3.578254e+02	5.070677e-05
3.639948e+02	5.099919e-05
3.701642e+02	5.129300e-05
3.763336e+02	5.158821e-05
3.825030e+02	5.188484e-05
3.886724e+02	5.218287e-05
3.948418e+02	5.248232e-05
4.010112e+02	5.278319e-05
4.071806e+02	5.308548e-05
4.133500e+02	5.338920e-05
4.195194e+02	5.369436e-05
4.256888e+02	5.400096e-05
4.318582e+02	5.430900e-05
4.380276e+02	5.461849e-05
4.441970e+02	5.492944e-05
4.503664e+02	5.524184e-05
4.565359e+02	5.555571e-05
4.627053e+02	5.587105e-05
4.688747e+02	5.618786e-05
4.750441e+02	5.650614e-05
4.812135e+02	5.682591e-05
4.873829e+02	5.714717e-05
4.935523e+02	5.746991e-05
4.997217e+02	5.779416e-05
5.058911e+02	5.811990e-05
5.120605e+02	5.844715e-05
5.182299e+02	5.877592e-05
5.243993e+02	5.910619e-05
5.305687e+02	5.943799e-05
5.367381e+02	5.977132e-05
5.429075e+02	6.010617e-05
5.490769e+02	6.044256e-05
5.552463e+02	6.078049e-05
5.614157e+02	6.111996e-05
5.675851e+02	6.146099e-05
5.737545e+02	6.180356e-05
5.799239e+02	6.214770e-05
5.860933e+02	6.249340e-05
5.922627e+02	6.284067e-05
5.984321e+02	6.318951e-05
6.046015e+02	6.353993e-05
6.107709e+02	6.389193e-05
6.169403e+02	6.424552e-05
6.231097e+02	6.460070e-05
6.292791e+02	6.495748e-05
6.354485e+02	6.531586e-05
6.416180e+02	6.567585e-05
6.477874e+02	6.603745e-05
6.539568e+02	6.640066e-05
6.601262e+02	6.676550e-05
6.662956e+02	6.713196e-05
6.724650e+02	6.750005e-05
6.786344e+02	6.786978e-05
6.848038e+02	6.824115e-05
6.909732e+02	6.861416e-05
6.971426e+02	6.898882e-05
7.033120e+02	6.936514e-05
7.094814e+02	6.974312e-05
7.156508e+02	7.012276e-05
7.218202e+02	7.050407e-05
7.279896e+02	7.088705e-05
7.341590e+02	7.127171e-05
7.403284e+02	7.165806e-05
7.464978e+02	7.204609e-05
7.526672e+02	7.243581e-05
7.588366e+02	7.282723e-05
7.650060e+02	7.322036e-05
7.711754e+02	7.361519e-05
7.773448e+02	7.401173e-05
7.835142e+02	7.440999e-05
7.896836e+02	7.480996e-05
7.958530e+02	7.521167e-05
8.020224e+02	7.561510e-05
8.081918e+02	7.602027e-05
8.143612e+02	7.642718e-05
8.205306e+02	7.683584e-05
8.267001e+02	7.724624e-05
8.328695e+02	7.765840e-05
8.390389e+02	7.807232e-05
8.452083e+02	7.848800e-05
8.513777e+02	7.890544e-05
8.575471e+02	7.932466e-05
8.637165e+02	7.974566e-05
8.698859e+02	8.016844e-05
8.760553e+02	8.059301e-05
8.822247e+02	8.101936e-05
8.883941e+02	8.144752e-05
8.945635e+02	8.187747e-05
9.007329e+02	8.230923e-05
9.069023e+02	8.274280e-05
9.130717e+02	8.317819e-05
9.192411e+02	8.361539e-05
9.254105e+02	8.405442e-05
9.315799e+02	8.449527e-05
9.377493e+02	8.493796e-05
9.439187e+02	8.538249e-05
9.500881e+02	8.582885e-05
9.562575e+02	8.627707e-05
9.624269e+02	8.672714e-05
9.685963e+02	8.717906e-05
9.747657e+02	8.763284e-05
9.809351e+02	8.808849e-05
9.871045e+02	8.854601e-05
9.932739e+02	8.900540e-05
9.994433e+02	8.946667e-05
1.005613e+03	8.992982e-05
1.011782e+03	9.039486e-05
1.017952e+03	9.086179e-05
1.024121e+03	9.133062e-05
1.030290e+03	9.180135e-05
1.036460e+03	9.227399e-05
1.042629e+03	9.274854e-05
1.048799e+03	9.322500e-05
1.054968e+03	9.370338e-05
1.061137e+03	9.418368e-05
1.067307e+03	9.466591e-05
1.073476e+03	9.515008e-05
1.079646e+03	9.563618e-05
1.085815e+03	9.612422e-05
1.091984e+03	9.661420e-05
1.098154e+03	9.710614e-05
1.104323e+03	9.760003e-05
1.110493e+03	9.809588e-05
1.116662e+03	9.859369e-05
1.122831e+03	9.909347e-05
1.129001e+03	9.959522e-05
1.135170e+03	1.000989e-04
1.141340e+03	1.006047e-04
1.147509e+03	1.011123e-04
1.153678e+03	1.016220e-04
1.159848e+03	1.021337e-04
1.166017e+03	1.026474e-04
1.172187e+03	1.031630e-04
1.178356e+03	1.036807e-04
1.184525e+03	1.042004e-04
1.190695e+03	1.047221e-04
1.196864e+03	1.052458e-04
1.203034e+03	1.057716e-04
1.209203e+03	1.062993e-04
1.215372e+03	1.068291e-04
1.221542e+03	1.073610e-04
1.227711e+03	1.078948e-04
1.233881e+03	1.084307e-04
1.240050e+03	1.089687e-04
1.246219e+03	1.095087e-04
1.252389e+03	1.100508e-04
1.258558e+03	1.105949e-04
1.264728e+03	1.111411e-04
1.270897e+03	1.116894e-04
1.277066e+03	1.122397e-04
1.283236e+03	1.127921e-04
1.289405e+03	1.133466e-04
1.295575e+03	1.139031e-04
1.301744e+03	1.144618e-04
1.307914e+03	1.150225e-04
1.314083e+03	1.155854e-04
1.320252e+03	1.161503e-04
1.326422e+03	1.167174e-04
1.332591e+03	1.172865e-04
1.338761e+03	1.178578e-04
1.344930e+03	1.184311e-04
1.351099e+03	1.190066e-04
1.357269e+03	1.195842e-04
1.363438e+03	1.201640e-04
1.369608e+03	1.207458e-04
1.375777e+03	1.213298e-04
1.381946e+03	1.219160e-04
1.388116e+03	1.225043e-04
1.394285e+03	1.230947e-04
1.400455e+03	1.236872e-04
1.406624e+03	1.242820e-04
1.412793e+03	1.248788e-04
1.418963e+03	1.254779e-04
1.425132e+03	1.260791e-04
1.431302e+03	1.266824e-04
1.437471e+03	1.272880e-04
1.443640e+03	1.278957e-04
1.449810e+03	1.285055e-04
1.455979e+03	1.291176e-04
1.462149e+03	1.297318e-04
1.468318e+03	1.303483e-04
1.474487e+03	1.309669e-04
1.480657e+03	1.315877e-04
1.486826e+03	1.322107e-04
1.492996e+03	1.328359e-04
1.499165e+03	1.334633e-04
1.505334e+03	1.340930e-04
1.511504e+03	1.347248e-04
1.517673e+03	1.353588e-04
1.523843e+03	1.359951e-04
1.530012e+03	1.366336e-04
1.536181e+03	1.372743e-04
1.542351e+03	1.379172e-04
1.548520e+03	1.385624e-04
1.554690e+03	1.392098e-04
1.560859e+03	1.398594e-04
1.567028e+03	1.405113e-04
1.573198e+03	1.411654e-04
1.579367e+03	1.418217e-04
1.585537e+03	1.424803e-04
1.591706e+03	1.431412e-04
1.597875e+03	1.438043e-04
1.604045e+03	1.444696e-04
1.610214e+03	1.451373e-04
1.616384e+03	1.458071e-04
1.622553e+03	1.464793e-04
1.628722e+03	1.471537e-04
1.634892e+03	1.478304e-04
1.641061e+03	1.485094e-04
1.647231e+03	1.491906e-04
1.653400e+03	1.498741e-04
1.659570e+03	1.505599e-04
1.665739e+03	1.512480e-04
1.671908e+03	1.519384e-04
1.678078e+03	1.526310e-04
1.684247e+03	1.533260e-04
1.690417e+03	1.540233e-04
1.696586e+03	1.547228e-04
1.702755e+03	1.554247e-04
1.708925e+03	1.561288e-04
1.715094e+03	1.568353e-04
1.721264e+03	1.575440e-04
1.727433e+03	1.582551e-04
1.733602e+03	1.589685e-04
1.739772e+03	1.596842e-04
1.745941e+03	1.604022e-04
1.752111e+03	1.611226e-04
1.758280e+03	1.618452e-04
1.764449e+03	1.625702e-04
1.770619e+03	1.632975e-04
1.776788e+03	1.640272e-04
1.782958e+03	1.647591e-04
1.789127e+03	1.654934e-04
1.795296e+03	1.662301e-04
1.801466e+03	1.669690e-04
1.807635e+03	1.677103e-04
1.813805e+03	1.684540e-04
1.819974e+03	1.692000e-04
1.826143e+03	1.699483e-04
1.832313e+03	1.706990e-04
1.838482e+03	1.714521e-04
1.844652e+03	1.722075e-04
1.850821e+03	1.729652e-04
1.856990e+03	1.737253e-04
1.863160e+03	1.744877e-04
1.869329e+03	1.752525e-04
1.875499e+03	1.760197e-04
1.881668e+03	1.767892e-04
1.887837e+03	1.775611e-04
1.894007e+03	1.783354e-04
1.900176e+03	1.791120e-04
1.906346e+03	1.798910e-04
1.912515e+03	1.806723e-04
1.918684e+03	1.814561e-04
1.924854e+03	1.822422e-04
1.931023e+03	1.830306e-04
1.937193e+03	1.838215e-04
1.943362e+03	1.846147e-04
1.949531e+03	1.854103e-04
1.955701e+03	1.862083e-04
1.961870e+03	1.870086e-04
1.968040e+03	1.878113e-04
1.974209e+03	1.886165e-04
1.980378e+03	1.894240e-04
1.986548e+03	1.902338e-04
1.992717e+03	1.910461e-04
1.998887e+03	1.918608e-04
2.005056e+03	1.926778e-04
2.011226e+03	1.934972e-04
2.017395e+03	1.943190e-04
2.023564e+03	1.951432e-04
2.029734e+03	1.959698e-04
2.035903e+03	1.967988e-04
2.042073e+03	1.976302e-04
2.048242e+03	1.984640e-04
2.054411e+03	1.993001e-04
2.060581e+03	2.001387e-04
2.066750e+03	2.009796e-04
2.072920e+03	2.018230e-04
2.079089e+03	2.026687e-04
2.085258e+03	2.035168e-04
2.091428e+03	2.043674e-04
2.097597e+03	2.052203e-04
2.103767e+03	2.060756e-04
2.109936e+03	2.069334e-04
2.116105e+03	2.077935e-04
2.122275e+03	2.086560e-04
2.128444e+03	2.095209e-04
2.134614e+03	2.103882e-04
2.140783e+03	2.112579e-04
2.146952e+03	2.121300e-04
2.153122e+03	2.130046e-04
2.159291e+03	2.138815e-04
2.165461e+03	2.147608e-04
2.171630e+03	2.156425e-04
2.177799e+03	2.165266e-04
2.183969e+03	2.174131e-04
2.190138e+03	2.183020e-04
2.196308e+03	2.191933e-04
2.202477e+03	2.200870e-04
2.208646e+03	2.209831e-04
2.214816e+03	2.218815e-04
2.220985e+03	2.227824e-04
2.227155e+03	2.236857e-04
2.233324e+03	2.245914e-04
2.239493e+03	2.254995e-04
2.245663e+03	2.264099e-04
2.251832e+03	2.273228e-04
2.258002e+03	2.282380e-04
2.264171e+03	2.291557e-04
2.270340e+03	2.300757e-04
2.276510e+03	2.309981e-04
2.282679e+03	2.319229e-04
2.288849e+03	2.328501e-04
2.295018e+03	2.337797e-04
2.301187e+03	2.347117e-04
2.307357e+03	2.356461e-04
2.313526e+03	2.365828e-04
2.319696e+03	2.375219e-04
2.325865e+03	2.384635e-04
2.332034e+03	2.394074e-04
2.338204e+03	2.403536e-04
2.344373e+03	2.413023e-04
2.350543e+03	2.422533e-04
2.356712e+03	2.432067e-04
2.362881e+03	2.441625e-04
2.369051e+03	2.451207e-04
2.375220e+03	2.460812e-04
2.381390e+03	2.470441e-04
2.387559e+03	2.480093e-04
2.393729e+03	2.489770e-04
2.399898e+03	2.499470e-04
2.406067e+03	2.509193e-04
2.412237e+03	2.518940e-04
2.418406e+03	2.528711e-04
2.424576e+03	2.538506e-04
2.430745e+03	2.548324e-04
2.436914e+03	2.558165e-04
2.443084e+03	2.568030e-04
2.449253e+03	2.577919e-04
2.455423e+03	2.587831e-04
2.461592e+03	2.597766e-04
2.467761e+03	2.607725e-04
2.473931e+03	2.617707e-04
2.480100e+03	2.627713e-04
2.486270e+03	2.637742e-04
2.492439e+03	2.647794e-04
2.498608e+03	2.657870e-04
2.504778e+03	2.667969e-04
2.510947e+03	2.678091e-04
2.517117e+03	2.688236e-04
2.523286e+03	2.698405e-04
2.529455e+03	2.708597e-04
2.535625e+03	2.718812e-04
2.541794e+03	2.729050e-04
2.547964e+03	2.739311e-04
2.554133e+03	2.749596e-04
2.560302e+03	2.759903e-04
2.566472e+03	2.770233e-04
2.572641e+03	2.780587e-04
2.578811e+03	2.790963e-04
2.584980e+03	2.801362e-04
2.591149e+03	2.811784e-04
2.597319e+03	2.822229e-04
2.603488e+03	2.832697e-04
2.609658e+03	2.843187e-04
2.615827e+03	2.853701e-04
2.621996e+03	2.864237e-04
2.628166e+03	2.874795e-04
2.634335e+03	2.885377e-04
2.640505e+03	2.895981e-04
2.646674e+03	2.906607e-04
2.652843e+03	2.917256e-04
2.659013e+03	2.927928e-04
2.665182e+03	2.938622e-04
2.671352e+03	2.949338e-04
2.677521e+03	2.960077e-04
2.683690e+03	2.970838e-04
2.689860e+03	2.981621e-04
2.696029e+03	2.992427e-04
2.702199e+03	3.003255e-04
2.708368e+03	3.014105e-04
2.714537e+03	3.024977e-04
2.720707e+03	3.035871e-04
2.726876e+03	3.046788e-04
2.733046e+03	3.057726e-04
2.739215e+03	3.068686e-04
2.745385e+03	3.079668e-04
2.751554e+03	3.090672e-04
2.757723e+03	3.101698e-04
2.763893e+03	3.112746e-04
2.770062e+03	3.123815e-04
2.776232e+03	3.134906e-04
2.782401e+03	3.146019e-04
2.788570e+03	3.157153e-04
2.794740e+03	3.168309e-04
2.800909e+03	3.179486e-04
2.807079e+03	3.190685e-04
2.813248e+03	3.201905e-04
2.819417e+03	3.213146e-04
2.825587e+03	3.224409e-04
2.831756e+03	3.235693e-04
2.837926e+03	3.246998e-04
2.844095e+03	3.258324e-04
2.850264e+03	3.269671e-04
2.856434e+03	3.281040e-04
2.862603e+03	3.292429e-04
2.868773e+03	3.303839e-04
2.874942e+03	3.315270e-04
2.881111e+03	3.326722e-04
2.887281e+03	3.338194e-04
2.893450e+03	3.349687e-04
2.899620e+03	3.361201e-04
2.905789e+03	3.372735e-04
2.911958e+03	3.384290e-04
2.918128e+03	3.395865e-04
2.924297e+03	3.407460e-04
2.930467e+03	3.419076e-04
2.936636e+03	3.430712e-04
2.942805e+03	3.442369e-04
2.948975e+03	3.454045e-04
2.955144e+03	3.465741e-04
2.961314e+03	3.477458e-04
2.967483e+03	3.489194e-04
2.973652e+03	3.500950e-04
2.979822e+03	3.512726e-04
2.985991e+03	3.524522e-04
2.992161e+03	3.536337e-04
2.998330e+03	3.548172e-04
3.004499e+03	3.560027e-04
3.010669e+03	3.571900e-04
3.016838e+03	3.583794e-04
3.023008e+03	3.595706e-04
3.029177e+03	3.607638e-04
3.035346e+03	3.619589e-04
3.041516e+03	3.631559e-04
3.047685e+03	3.643549e-04
3.053855e+03	3.655557e-04
3.060024e+03	3.667584e-04
3.066193e+03	3.679629e-04
3.072363e+03	3.691694e-04
3.078532e+03	3.703777e-04
3.084702e+03	3.715879e-04
3.090871e+03	3.727999e-04
3.097040e+03	3.740138e-04
3.103210e+03	3.752295e-04
3.109379e+03	3.764470e-04
3.115549e+03	3.776664e-04
3.121718e+03	3.788875e-04
3.127888e+03	3.801105e-04
3.134057e+03	3.813353e-04
3.140226e+03	3.825618e-04
3.146396e+03	3.837902e-04
3.152565e+03	3.850203e-04
3.158735e+03	3.862521e-04
3.164904e+03	3.874858e-04
3.171073e+03	3.887211e-04
3.177243e+03	3.899582e-04
3.183412e+03	3.911971e-04
3.189582e+03	3.924376e-04
3.195751e+03	3.936799e-04
3.201920e+03	3.949239e-04
3.208090e+03	3.961696e-04
3.214259e+03	3.974169e-04
3.220429e+03	3.986660e-04
3.226598e+03	3.999167e-04
3.232767e+03	4.011690e-04
3.238937e+03	4.024231e-04
3.245106e+03	4.036787e-04
3.251276e+03	4.049360e-04
3.257445e+03	4.061949e-04
3.263614e+03	4.074555e-04
3.269784e+03	4.087176e-04
3.275953e+03	4.099813e-04
3.282123e+03	4.112467e-04
3.288292e+03	4.125136e-04
3.294461e+03	4.137820e-04
3.300631e+03	4.150521e-04
3.306800e+03	4.163236e-04
3.312970e+03	4.175968e-04
3.319139e+03	4.188714e-04
3.325308e+03	4.201476e-04
3.331478e+03	4.214252e-04
3.337647e+03	4.227044e-04
3.343817e+03	4.239851e-04
3.349986e+03	4.252672e-04
3.356155e+03	4.265509e-04
3.362325e+03	4.278359e-04
3.368494e+03	4.291225e-04
3.374664e+03	4.304104e-04
3.380833e+03	4.316998e-04
3.387002e+03	4.329907e-04
3.393172e+03	4.342829e-04
3.399341e+03	4.355765e-04
3.405511e+03	4.368715e-04
3.411680e+03	4.381679e-04
3.417849e+03	4.394657e-04
3.424019e+03	4.407648e-04
3.430188e+03	4.420653e-04
3.436358e+03	4.433671e-04
3.442527e+03	4.446702e-04
3.448696e+03	4.459746e-04
3.454866e+03	4.472804e-04
3.461035e+03	4.485874e-04
3.467205e+03	4.498957e-04
3.473374e+03	4.512053e-04
3.479544e+03	4.525162e-04
3.485713e+03	4.538283e-04
3.491882e+03	4.551416e-04
3.498052e+03	4.564561e-04
3.504221e+03	4.577719e-04
3.510391e+03	4.590889e-04
3.516560e+03	4.604070e-04
3.522729e+03	4.617264e-04
3.528899e+03	4.630469e-04
3.535068e+03	4.643686e-04
3.541238e+03	4.656914e-04
3.547407e+03	4.670153e-04
3.553576e+03	4.683404e-04
3.559746e+03	4.696666e-04
3.565915e+03	4.709938e-04
3.572085e+03	4.723222e-04
3.578254e+03	4.736516e-04
3.584423e+03	4.749821e-04
3.590593e+03	4.763137e-04
3.596762e+03	4.776462e-04
3.602932e+03	4.789798e-04
3.609101e+03	4.803145e-04
3.615270e+03	4.816501e-04
3.621440e+03	4.829867e-04
3.627609e+03	4.843243e-04
3.633779e+03	4.856629e-04
3.639948e+03	4.870024e-04
3.646117e+03	4.883428e-04
3.652287e+03	4.896842e-04
3.658456e+03	4.910265e-04
3.664626e+03	4.923696e-04
3.670795e+03	4.937137e-04
3.676964e+03	4.950587e-04
3.683134e+03	4.964045e-04
3.689303e+03	4.977511e-04
3.695473e+03	4.990986e-04
3.701642e+03	5.004470e-04
3.707811e+03	5.017961e-04
3.713981e+03	5.031460e-04
3.720150e+03	5.044968e-04
3.726320e+03	5.058483e-04
3.732489e+03	5.072005e-04
3.738658e+03	5.085535e-04
3.744828e+03	5.099072e-04
3.750997e+03	5.112617e-04
3.757167e+03	5.126168e-04
3.763336e+03	5.139727e-04
3.769505e+03	5.153292e-04
3.775675e+03	5.166864e-04
3.781844e+03	5.180442e-04
3.788014e+03	5.194027e-04
3.794183e+03	5.207618e-04
3.800352e+03	5.221215e-04
3.806522e+03	5.234818e-04
3.812691e+03	5.248427e-04
3.818861e+03	5.262042e-04
3.825030e+03	5.275662e-04
3.831199e+03	5.289288e-04
3.837369e+03	5.302919e-04
3.843538e+03	5.316555e-04
3.849708e+03	5.330196e-04
3.855877e+03	5.343841e-04
3.862047e+03	5.357492e-04
3.868216e+03	5.371147e-04
3.874385e+03	5.384807e-04
3.880555e+03	5.398470e-04
3.886724e+03	5.412138e-04
3.892894e+03	5.425810e-04
3.899063e+03	5.439486e-04
3.905232e+03	5.453165e-04
3.911402e+03	5.466849e-04
3.917571e+03	5.480535e-04
3.923741e+03	5.494225e-04
3.929910e+03	5.507917e-04
3.936079e+03	5.521613e-04
3.942249e+03	5.535312e-04
3.948418e+03	5.549013e-04
3.954588e+03	5.562717e-04
3.960757e+03	5.576423e-04
3.966926e+03	5.590132e-04
3.973096e+03	5.603842e-04
3.979265e+03	5.617555e-04
3.985435e+03	5.631269e-04
3.991604e+03	5.644985e-04
3.997773e+03	5.658702e-04
4.003943e+03	5.672421e-04
4.010112e+03	5.686141e-04
4.016282e+03	5.699862e-04
4.022451e+03	5.713583e-04
4.028620e+03	5.727306e-04
4.034790e+03	5.741029e-04
4.040959e+03	5.754752e-04
4.047129e+03	5.768476e-04
4.053298e+03	5.782200e-04
4.059467e+03	5.795924e-04
4.065637e+03	5.809647e-04
4.071806e+03	5.823370e-04
4.077976e+03	5.837093e-04
4.084145e+03	5.850815e-04
4.090314e+03	5.864536e-04
4.096484e+03	5.878256e-04
4.102653e+03	5.891975e-04
4.108823e+03	5.905693e-04
4.114992e+03	5.919409e-04
4.121161e+03	5.933124e-04
4.127331e+03	5.946837e-04
4.133500e+03	5.960548e-04
4.139670e+03	5.974257e-04
4.145839e+03	5.987963e-04
4.152008e+03	6.001668e-04
4.158178e+03	6.015369e-04
4.164347e+03	6.029068e-04
4.170517e+03	6.042764e-04
4.176686e+03	6.056457e-04
4.182855e+03	6.070147e-04
4.189025e+03	6.083833e-04
4.195194e+03	6.097516e-04
4.201364e+03	6.111195e-04
4.207533e+03	6.124870e-04
4.213703e+03	6.138541e-04
4.219872e+03	6.152208e-04
4.226041e+03	6.165871e-04
4.232211e+03	6.179529e-04
4.238380e+03	6.193182e-04
4.244550e+03	6.206831e-04
4.250719e+03	6.220474e-04
4.256888e+03	6.234113e-04
4.263058e+03	6.247746e-04
4.269227e+03	6.261373e-04
4.275397e+03	6.274995e-04
4.281566e+03	6.288611e-04
4.287735e+03	6.302221e-04
4.293905e+03	6.315824e-04
4.300074e+03	6.329422e-04
4.306244e+03	6.343013e-04
4.312413e+03	6.356597e-04
4.318582e+03	6.370174e-04
4.324752e+03	6.383745e-04
4.330921e+03	6.397308e-04
4.337091e+03	6.410864e-04
4.343260e+03	6.424412e-04
4.349429e+03	6.437953e-04
4.355599e+03	6.451485e-04
4.361768e+03	6.465010e-04
4.367938e+03	6.478526e-04
4.374107e+03	6.492035e-04
4.380276e+03	6.505534e-04
4.386446e+03	6.519025e-04
4.392615e+03	6.532507e-04
4.398785e+03	6.545980e-04
4.404954e+03	6.559444e-04
4.411123e+03	6.572898e-04
4.417293e+03	6.586343e-04
4.423462e+03	6.599778e-04
4.429632e+03	6.613203e-04
4.435801e+03	6.626618e-04
4.441970e+03	6.640023e-04
4.448140e+03	6.653417e-04
4.454309e+03	6.666801e-04
4.460479e+03	6.680174e-04
4.466648e+03	6.693536e-04
4.472817e+03	6.706887e-04
4.478987e+03	6.720227e-04
4.485156e+03	6.733555e-04
4.491326e+03	6.746872e-04
4.497495e+03	6.760176e-04
4.503664e+03	6.773469e-04
4.509834e+03	6.786750e-04
4.516003e+03	6.800018e-04
4.522173e+03	6.813274e-04
4.528342e+03	6.826517e-04
4.534511e+03	6.839747e-04
4.540681e+03	6.852965e-04
4.546850e+03	6.866169e-04
4.553020e+03	6.879359e-04
4.559189e+03	6.892537e-04
4.565359e+03	6.905700e-04
4.571528e+03	6.918849e-04
4.577697e+03	6.931985e-04
4.583867e+03	6.945106e-04
4.590036e+03	6.958213e-04
4.596206e+03	6.971305e-04
4.602375e+03	6.984383e-04
4.608544e+03	6.997445e-04
4.614714e+03	7.010492e-04
4.620883e+03	7.023524e-04
4.627053e+03	7.036541e-04
4.633222e+03	7.049542e-04
4.639391e+03	7.062527e-04
4.645561e+03	7.075496e-04
4.651730e+03	7.088449e-04
4.657900e+03	7.101386e-04
4.664069e+03	7.114306e-04
4.670238e+03	7.127209e-04
4.676408e+03	7.140095e-04
4.682577e+03	7.152965e-04
4.688747e+03	7.165817e-04
4.694916e+03	7.178652e-04
4.701085e+03	7.191469e-04
4.707255e+03	7.204268e-04
4.713424e+03	7.217050e-04
4.719594e+03	7.229813e-04
4.725763e+03	7.242558e-04
4.731932e+03	7.255284e-04
4.738102e+03	7.267992e-04
4.744271e+03	7.280682e-04
4.750441e+03	7.293352e-04
4.756610e+03	7.306003e-04
4.762779e+03	7.318634e-04
4.768949e+03	7.331246e-04
4.775118e+03	7.343839e-04
4.781288e+03	7.356411e-04
4.787457e+03	7.368964e-04
4.793626e+03	7.381496e-04
4.799796e+03	7.394008e-04
4.805965e+03	7.406499e-04
4.812135e+03	7.418969e-04
4.818304e+03	7.431419e-04
4.824473e+03	7.443847e-04
4.830643e+03	7.456254e-04
4.836812e+03	7.468640e-04
4.842982e+03	7.481004e-04
4.849151e+03	7.493346e-04
4.855320e+03	7.505667e-04
4.861490e+03	7.517965e-04
4.867659e+03	7.530240e-04
4.873829e+03	7.542494e-04
4.879998e+03	7.554724e-04
4.886167e+03	7.566932e-04
4.892337e+03	7.579117e-04
4.898506e+03	7.591278e-04
4.904676e+03	7.603416e-04
4.910845e+03	7.615531e-04
4.917014e+03	7.627621e-04
4.923184e+03	7.639688e-04
4.929353e+03	7.651731e-04
4.935523e+03	7.663750e-04
4.941692e+03	7.675744e-04
4.947862e+03	7.687713e-04
4.954031e+03	7.699658e-04
4.960200e+03	7.711578e-04
4.966370e+03	7.723472e-04
4.972539e+03	7.735342e-04
4.978709e+03	7.747186e-04
4.984878e+03	7.759004e-04
4.991047e+03	7.770796e-04
4.997217e+03	7.782563e-04
5.003386e+03	7.794303e-04
5.009556e+03	7.806017e-04
5.015725e+03	7.817704e-04
5.021894e+03	7.829365e-04
5.028064e+03	7.840999e-04
5.034233e+03	7.852606e-04
5.040403e+03	7.864186e-04
5.046572e+03	7.875738e-04
5.052741e+03	7.887263e-04
5.058911e+03	7.898760e-04
5.065080e+03	7.910229e-04
5.071250e+03	7.921670e-04
5.077419e+03	7.933083e-04
5.083588e+03	7.944468e-04
5.089758e+03	7.955824e-04
5.095927e+03	7.967151e-04
5.102097e+03	7.978450e-04
5.108266e+03	7.989719e-04
5.114435e+03	8.000959e-04
5.120605e+03	8.012170e-04
5.126774e+03	8.023351e-04
5.132944e+03	8.034503e-04
5.139113e+03	8.045625e-04
5.145282e+03	8.056716e-04
5.151452e+03	8.067777e-04
5.157621e+03	8.078808e-04
5.163791e+03	8.089809e-04
5.169960e+03	8.100778e-04
5.176129e+03	8.111717e-04
5.182299e+03	8.122625e-04
5.188468e+03	8.133501e-04
5.194638e+03	8.144346e-04
5.200807e+03	8.155160e-04
5.206976e+03	8.165942e-04
5.213146e+03	8.176691e-04
5.219315e+03	8.187409e-04
5.225485e+03	8.198095e-04
5.231654e+03	8.208748e-04
5.237823e+03	8.219369e-04
5.243993e+03	8.229957e-04
5.250162e+03	8.240512e-04
5.256332e+03	8.251035e-04
5.262501e+03	8.261524e-04
5.268670e+03	8.271979e-04
5.274840e+03	8.282402e-04
5.281009e+03	8.292790e-04
5.287179e+03	8.303145e-04
5.293348e+03	8.313466e-04
5.299518e+03	8.323752e-04
5.305687e+03	8.334005e-04
5.311856e+03	8.344222e-04
5.318026e+03	8.354406e-04
5.324195e+03	8.364554e-04
5.330365e+03	8.374668e-04
5.336534e+03	8.384746e-04
5.342703e+03	8.394789e-04
5.348873e+03	8.404797e-04
5.355042e+03	8.414770e-04
5.361212e+03	8.424706e-04
5.367381e+03	8.434607e-04
5.373550e+03	8.444472e-04
5.379720e+03	8.454300e-04
5.385889e+03	8.464093e-04
5.392059e+03	8.473849e-04
5.398228e+03	8.483568e-04
5.404397e+03	8.493250e-04
5.410567e+03	8.502896e-04
5.416736e+03	8.512504e-04
5.422906e+03	8.522075e-04
5.429075e+03	8.531609e-04
5.435244e+03	8.541105e-04
5.441414e+03	8.550564e-04
5.447583e+03	8.559985e-04
5.453753e+03	8.569368e-04
5.459922e+03	8.578712e-04
5.466091e+03	8.588019e-04
5.472261e+03	8.597287e-04
5.478430e+03	8.606516e-04
5.484600e+03	8.615707e-04
5.490769e+03	8.624859e-04
5.496938e+03	8.633972e-04
5.503108e+03	8.643046e-04
5.509277e+03	8.652080e-04
5.515447e+03	8.661075e-04
5.521616e+03	8.670031e-04
5.527785e+03	8.678947e-04
5.533955e+03	8.687823e-04
5.540124e+03	8.696659e-04
5.546294e+03	8.705455e-04
5.552463e+03	8.714210e-04
5.558632e+03	8.722925e-04
5.564802e+03	8.731600e-04
5.570971e+03	8.740234e-04
5.577141e+03	8.748827e-04
5.583310e+03	8.757379e-04
5.589479e+03	8.765890e-04
5.595649e+03	8.774360e-04
5.601818e+03	8.782789e-04
5.607988e+03	8.791175e-04
5.614157e+03	8.799521e-04
5.620326e+03	8.807824e-04
5.626496e+03	8.816086e-04
5.632665e+03	8.824306e-04
5.638835e+03	8.832483e-04
5.645004e+03	8.840618e-04
5.651173e+03	8.848711e-04
5.657343e+03	8.856761e-04
5.663512e+03	8.864768e-04
5.669682e+03	8.872733e-04
5.675851e+03	8.880655e-04
5.682021e+03	8.888533e-04
5.688190e+03	8.896369e-04
5.694359e+03	8.904161e-04
5.700529e+03	8.911909e-04
5.706698e+03	8.919614e-04
5.712868e+03	8.927276e-04
5.719037e+03	8.934893e-04
5.725206e+03	8.942467e-04
5.731376e+03	8.949996e-04
5.737545e+03	8.957481e-04
5.743715e+03	8.964922e-04
5.749884e+03	8.972319e-04
5.756053e+03	8.979671e-04
5.762223e+03	8.986978e-04
5.768392e+03	8.994240e-04
5.774562e+03	9.001458e-04
5.780731e+03	9.008630e-04
5.786900e+03	9.015758e-04
5.793070e+03	9.022840e-04
5.799239e+03	9.029876e-04
5.805409e+03	9.036868e-04
5.811578e+03	9.043813e-04
5.817747e+03	9.050713e-04
5.823917e+03	9.057567e-04
5.830086e+03	9.064375e-04
5.836256e+03	9.071137e-04
5.842425e+03	9.077853e-04
5.848594e+03	9.084522e-04
5.854764e+03	9.091145e-04
5.860933e+03	9.097722e-04
5.867103e+03	9.104252e-04
5.873272e+03	9.110735e-04
5.879441e+03	9.117172e-04
5.885611e+03	9.123561e-04
5.891780e+03	9.129904e-04
5.897950e+03	9.136199e-04
5.904119e+03	9.142448e-04
5.910288e+03	9.148648e-04
5.916458e+03	9.154802e-04
5.922627e+03	9.160907e-04
5.928797e+03	9.166966e-04
5.934966e+03	9.172976e-04
5.941135e+03	9.178939e-04
5.947305e+03	9.184853e-04
5.953474e+03	9.190720e-04
5.959644e+03	9.196538e-04
5.965813e+03	9.202308e-04
5.971982e+03	9.208030e-04
5.978152e+03	9.213704e-04
5.984321e+03	9.219329e-04
5.990491e+03	9.224905e-04
5.996660e+03	9.230432e-04
6.002829e+03	9.235911e-04
6.008999e+03	9.241341e-04
6.015168e+03	9.246722e-04
6.021338e+03	9.252054e-04
6.027507e+03	9.257337e-04
6.033677e+03	9.262570e-04
6.039846e+03	9.267754e-04
6.046015e+03	9.272889e-04
6.052185e+03	9.277974e-04
6.058354e+03	9.283010e-04
6.064524e+03	9.287996e-04
6.070693e+03	9.292932e-04
6.076862e+03	9.297818e-04
6.083032e+03	9.302655e-04
6.089201e+03	9.307441e-04
6.095371e+03	9.312178e-04
6.101540e+03	9.316864e-04
6.107709e+03	9.321500e-04
6.113879e+03	9.326085e-04
6.120048e+03	9.330621e-04
6.126218e+03	9.335105e-04
6.132387e+03	9.339540e-04
6.138556e+03	9.343923e-04
6.144726e+03	9.348256e-04
6.150895e+03	9.352539e-04
6.157065e+03	9.356770e-04
6.163234e+03	9.360950e-04
6.169403e+03	9.365080e-04
6.175573e+03	9.369158e-04
6.181742e+03	9.373186e-04
6.187912e+03	9.377162e-04
6.194081e+03	9.381087e-04
6.200250e+03	9.384961e-04
6.206420e+03	9.388783e-04
6.212589e+03	9.392554e-04
6.218759e+03	9.396273e-04
6.224928e+03	9.399941e-04
6.231097e+03	9.403557e-04
6.237267e+03	9.407121e-04
6.243436e+03	9.410634e-04
6.249606e+03	9.414095e-04
6.255775e+03	9.417504e-04
6.261944e+03	9.420861e-04
6.268114e+03	9.424166e-04
6.274283e+03	9.427419e-04
6.280453e+03	9.430620e-04
6.286622e+03	9.433769e-04
6.292791e+03	9.436866e-04
6.298961e+03	9.439910e-04
6.305130e+03	9.442903e-04
6.311300e+03	9.445842e-04
6.317469e+03	9.448730e-04
6.323638e+03	9.451565e-04
6.329808e+03	9.454347e-04
6.335977e+03	9.457077e-04
6.342147e+03	9.459755e-04
6.348316e+03	9.462379e-04
6.354485e+03	9.464951e-04
6.360655e+03	9.467471e-04
6.366824e+03	9.469937e-04
6.372994e+03	9.472351e-04
6.379163e+03	9.474712e-04
6.385332e+03	9.477020e-04
6.391502e+03	9.479275e-04
6.397671e+03	9.481477e-04
6.403841e+03	9.483627e-04
6.410010e+03	9.485723e-04
6.416180e+03	9.487766e-04
6.422349e+03	9.489756e-04
6.428518e+03	9.491693e-04
6.434688e+03	9.493576e-04
6.440857e+03	9.495407e-04
6.447027e+03	9.497184e-04
6.453196e+03	9.498908e-04
6.459365e+03	9.500579e-04
6.465535e+03	9.502196e-04
6.471704e+03	9.503760e-04
6.477874e+03	9.505271e-04
6.484043e+03	9.506728e-04
6.490212e+03	9.508132e-04
6.496382e+03	9.509482e-04
6.502551e+03	9.510779e-04
6.508721e+03	9.512023e-04
6.514890e+03	9.513213e-04
6.521059e+03	9.514349e-04
6.527229e+03	9.515432e-04
6.533398e+03	9.516461e-04
6.539568e+03	9.517437e-04
6.545737e+03	9.518359e-04
6.551906e+03	9.519227e-04
6.558076e+03	9.520042e-04
6.564245e+03	9.520803e-04
6.570415e+03	9.521511e-04
6.576584e+03	9.522165e-04
6.582753e+03	9.522765e-04
6.588923e+03	9.523311e-04
6.595092e+03	9.523804e-04
6.601262e+03	9.524243e-04
6.607431e+03	9.524628e-04
6.613600e+03	9.524960e-04
6.619770e+03	9.525238e-04
6.625939e+03	9.525462e-04
6.632109e+03	9.525632e-04
6.638278e+03	9.525749e-04
6.644447e+03	9.525812e-04
6.650617e+03	9.525821e-04
6.656786e+03	9.525777e-04
6.662956e+03	9.525678e-04
6.669125e+03	9.525526e-04
6.675294e+03	9.525320e-04
6.681464e+03	9.525061e-04
6.687633e+03	9.524748e-04
6.693803e+03	9.524381e-04
6.699972e+03	9.523960e-04
6.706141e+03	9.523485e-04
6.712311e+03	9.522957e-04
6.718480e+03	9.522375e-04
6.724650e+03	9.521740e-04
6.730819e+03	9.521051e-04
6.736988e+03	9.520308e-04
6.743158e+03	9.519511e-04
6.749327e+03	9.518661e-04
6.755497e+03	9.517757e-04
6.761666e+03	9.516800e-04
6.767836e+03	9.515789e-04
6.774005e+03	9.514724e-04
6.780174e+03	9.513606e-04
6.786344e+03	9.512435e-04
6.792513e+03	9.511209e-04
6.798683e+03	9.509931e-04
6.804852e+03	9.508599e-04
6.811021e+03	9.507213e-04
6.817191e+03	9.505774e-04
6.823360e+03	9.504282e-04
6.829530e+03	9.502736e-04
6.835699e+03	9.501137e-04
6.841868e+03	9.499484e-04
6.848038e+03	9.497778e-04
6.854207e+03	9.496019e-04
6.860377e+03	9.494207e-04
6.866546e+03	9.492341e-04
6.872715e+03	9.490423e-04
6.878885e+03	9.488451e-04
6.885054e+03	9.486426e-04
6.891224e+03	9.484348e-04
6.897393e+03	9.482217e-04
6.903562e+03	9.480033e-04
6.909732e+03	9.477795e-04
6.915901e+03	9.475505e-04
6.922071e+03	9.473163e-04
6.928240e+03	9.470767e-04
6.934409e+03	9.468318e-04
6.940579e+03	9.465817e-04
6.946748e+03	9.463263e-04
6.952918e+03	9.460656e-04
6.959087e+03	9.457997e-04
6.965256e+03	9.455285e-04
6.971426e+03	9.452520e-04
6.977595e+03	9.449703e-04
6.983765e+03	9.446833e-04
6.989934e+03	9.443911e-04
6.996103e+03	9.440937e-04
7.002273e+03	9.437911e-04
7.008442e+03	9.434832e-04
7.014612e+03	9.431701e-04
7.020781e+03	9.428517e-04
7.026950e+03	9.425282e-04
7.033120e+03	9.421995e-04
7.039289e+03	9.418655e-04
7.045459e+03	9.415264e-04
7.051628e+03	9.411821e-04
7.057797e+03	9.408326e-04
7.063967e+03	9.404779e-04
7.070136e+03	9.401180e-04
7.076306e+03	9.397530e-04
7.082475e+03	9.393828e-04
7.088644e+03	9.390075e-04
7.094814e+03	9.386270e-04
7.100983e+03	9.382414e-04
7.107153e+03	9.378507e-04
7.113322e+03	9.374548e-04
7.119492e+03	9.370538e-04
7.125661e+03	9.366477e-04
7.131830e+03	9.362365e-04
7.138000e+03	9.358202e-04
7.144169e+03	9.353988e-04
7.150339e+03	9.349723e-04
7.156508e+03	9.345407e-04
7.162677e+03	9.341041e-04
7.168847e+03	9.336624e-04
7.175016e+03	9.332156e-04
7.181186e+03	9.327638e-04
7.187355e+03	9.323070e-04
7.193524e+03	9.318451e-04
7.199694e+03	9.313782e-04
7.205863e+03	9.309063e-04
7.212033e+03	9.304293e-04
7.218202e+03	9.299474e-04
7.224371e+03	9.294605e-04
7.230541e+03	9.289685e-04
7.236710e+03	9.284716e-04
7.242880e+03	9.279698e-04
7.249049e+03	9.274629e-04
7.255218e+03	9.269512e-04
7.261388e+03	9.264344e-04
7.267557e+03	9.259128e-04
7.273727e+03	9.253862e-04
7.279896e+03	9.248547e-04
7.286065e+03	9.243182e-04
7.292235e+03	9.237769e-04
7.298404e+03	9.232307e-04
7.304574e+03	9.226796e-04
7.310743e+03	9.221236e-04
7.316912e+03	9.215628e-04
7.323082e+03	9.209971e-04
7.329251e+03	9.204266e-04
7.335421e+03	9.198512e-04
7.341590e+03	9.192710e-04
7.347759e+03	9.186860e-04
7.353929e+03	9.180962e-04
7.360098e+03	9.175016e-04
7.366268e+03	9.169021e-04
7.372437e+03	9.162980e-04
7.378606e+03	9.156890e-04
7.384776e+03	9.150753e-04
7.390945e+03	9.144568e-04
7.397115e+03	9.138336e-04
7.403284e+03	9.132057e-04
7.409453e+03	9.125731e-04
7.415623e+03	9.119357e-04
7.421792e+03	9.112937e-04
7.427962e+03	9.106469e-04
7.434131e+03	9.099955e-04
7.440300e+03	9.093394e-04
7.446470e+03	9.086787e-04
7.452639e+03	9.080133e-04
7.458809e+03	9.073433e-04
7.464978e+03	9.066687e-04
7.471147e+03	9.059895e-04
7.477317e+03	9.053056e-04
7.483486e+03	9.046172e-04
7.489656e+03	9.039242e-04
7.495825e+03	9.032267e-04
7.501995e+03	9.025245e-04
7.508164e+03	9.018179e-04
7.514333e+03	9.011067e-04
7.520503e+03	9.003910e-04
7.526672e+03	8.996708e-04
7.532842e+03	8.989461e-04
7.539011e+03	8.982169e-04
7.545180e+03	8.974832e-04
7.551350e+03	8.967451e-04
7.557519e+03	8.960025e-04
7.563689e+03	8.952555e-04
7.569858e+03	8.945040e-04
7.576027e+03	8.937482e-04
7.582197e+03	8.929879e-04
7.588366e+03	8.922233e-04
7.594536e+03	8.914543e-04
7.600705e+03	8.906809e-04
7.606874e+03	8.899032e-04
7.613044e+03	8.891211e-04
7.619213e+03	8.883347e-04
7.625383e+03	8.875440e-04
7.631552e+03	8.867490e-04
7.637721e+03	8.859498e-04
7.643891e+03	8.851462e-04
7.650060e+03	8.843384e-04
7.656230e+03	8.835263e-04
7.662399e+03	8.827100e-04
7.668568e+03	8.818895e-04
7.674738e+03	8.810648e-04
7.680907e+03	8.802358e-04
7.687077e+03	8.794027e-04
7.693246e+03	8.785654e-04
7.699415e+03	8.777240e-04
7.705585e+03	8.768784e-04
7.711754e+03	8.760287e-04
7.717924e+03	8.751749e-04
7.724093e+03	8.743170e-04
7.730262e+03	8.734550e-04
7.736432e+03	8.725889e-04
7.742601e+03	8.717188e-04
7.748771e+03	8.708446e-04
7.754940e+03	8.699664e-04
7.761109e+03	8.690842e-04
7.767279e+03	8.681979e-04
7.773448e+03	8.673077e-04
7.779618e+03	8.664135e-04
7.785787e+03	8.655153e-04
7.791956e+03	8.646132e-04
7.798126e+03	8.637072e-04
7.804295e+03	8.627972e-04
7.810465e+03	8.618834e-04
7.816634e+03	8.609656e-04
7.822803e+03	8.600440e-04
7.828973e+03	8.591185e-04
7.835142e+03	8.581892e-04
7.841312e+03	8.572560e-04
7.847481e+03	8.563190e-04
7.853651e+03	8.553782e-04
7.859820e+03	8.544336e-04
7.865989e+03	8.534853e-04
7.872159e+03	8.525332e-04
7.878328e+03	8.515773e-04
7.884498e+03	8.506178e-04
7.890667e+03	8.496545e-04
7.896836e+03	8.486875e-04
7.903006e+03	8.477168e-04
7.909175e+03	8.467425e-04
7.915345e+03	8.457645e-04
7.921514e+03	8.447829e-04
7.927683e+03	8.437977e-04
7.933853e+03	8.428088e-04
7.940022e+03	8.418164e-04
7.946192e+03	8.408203e-04
7.952361e+03	8.398208e-04
7.958530e+03	8.388177e-04
7.964700e+03	8.378110e-04
7.970869e+03	8.368008e-04
7.977039e+03	8.357872e-04
7.983208e+03	8.347700e-04
7.989377e+03	8.337494e-04
7.995547e+03	8.327254e-04
8.001716e+03	8.316979e-04
8.007886e+03	8.306670e-04
8.014055e+03	8.296326e-04
8.020224e+03	8.285949e-04
8.026394e+03	8.275539e-04
8.032563e+03	8.265094e-04
8.038733e+03	8.254617e-04
8.044902e+03	8.244106e-04
8.051071e+03	8.233562e-04
8.057241e+03	8.222985e-04
8.063410e+03	8.212375e-04
8.069580e+03	8.201733e-04
8.075749e+03	8.191058e-04
8.081918e+03	8.180352e-04
8.088088e+03	8.169613e-04
8.094257e+03	8.158842e-04
8.100427e+03	8.148039e-04
8.106596e+03	8.137205e-04
8.112765e+03	8.126339e-04
8.118935e+03	8.115442e-04
8.125104e+03	8.104514e-04
8.131274e+03	8.093554e-04
8.137443e+03	8.082565e-04
8.143612e+03	8.071544e-04
8.149782e+03	8.060493e-04
8.155951e+03	8.049412e-04
8.162121e+03	8.038300e-04
8.168290e+03	8.027159e-04
8.174459e+03	8.015988e-04
8.180629e+03	8.004787e-04
8.186798e+03	7.993557e-04
8.192968e+03	7.982298e-04
8.199137e+03	7.971009e-04
8.205306e+03	7.959692e-04
8.211476e+03	7.948345e-04
8.217645e+03	7.936970e-04
8.223815e+03	7.925567e-04
8.229984e+03	7.914136e-04
8.236154e+03	7.902676e-04
8.242323e+03	7.891188e-04
8.248492e+03	7.879673e-04
8.254662e+03	7.868130e-04
8.260831e+03	7.856559e-04
8.267001e+03	7.844962e-04
8.273170e+03	7.833337e-04
8.279339e+03	7.821685e-04
8.285509e+03	7.810007e-04
8.291678e+03	7.798302e-04
8.297848e+03	7.786571e-04
8.304017e+03	7.774813e-04
8.310186e+03	7.763030e-04
8.316356e+03	7.751220e-04
8.322525e+03	7.739385e-04
8.328695e+03	7.727524e-04
8.334864e+03	7.715638e-04
8.341033e+03	7.703727e-04
8.347203e+03	7.691791e-04
8.353372e+03	7.679830e-04
8.359542e+03	7.667844e-04
8.365711e+03	7.655834e-04
8.371880e+03	7.643799e-04
8.378050e+03	7.631741e-04
8.384219e+03	7.619658e-04
8.390389e+03	7.607552e-04
8.396558e+03	7.595422e-04
8.402727e+03	7.583268e-04
8.408897e+03	7.571091e-04
8.415066e+03	7.558892e-04
8.421236e+03	7.546669e-04
8.427405e+03	7.534423e-04
8.433574e+03	7.522155e-04
8.439744e+03	7.509865e-04
8.445913e+03	7.497552e-04
8.452083e+03	7.485217e-04
8.458252e+03	7.472861e-04
8.464421e+03	7.460482e-04
8.470591e+03	7.448082e-04
8.476760e+03	7.435661e-04
8.482930e+03	7.423219e-04
8.489099e+03	7.410755e-04
8.495268e+03	7.398271e-04
8.501438e+03	7.385766e-04
8.507607e+03	7.373241e-04
8.513777e+03	7.360696e-04
8.519946e+03	7.348130e-04
8.526115e+03	7.335544e-04
8.532285e+03	7.322939e-04
8.538454e+03	7.310314e-04
8.544624e+03	7.297670e-04
8.550793e+03	7.285006e-04
8.556962e+03	7.272323e-04
8.563132e+03	7.259622e-04
8.569301e+03	7.246902e-04
8.575471e+03	7.234163e-04
8.581640e+03	7.221406e-04
8.587810e+03	7.208631e-04
8.593979e+03	7.195837e-04
8.600148e+03	7.183026e-04
8.606318e+03	7.170197e-04
8.612487e+03	7.157351e-04
8.618657e+03	7.144488e-04
8.624826e+03	7.131607e-04
8.630995e+03	7.118709e-04
8.637165e+03	7.105795e-04
8.643334e+03	7.092864e-04
8.649504e+03	7.079917e-04
8.655673e+03	7.066953e-04
8.661842e+03	7.053974e-04
8.668012e+03	7.040978e-04
8.674181e+03	7.027967e-04
8.680351e+03	7.014940e-04
8.686520e+03	7.001898e-04
8.692689e+03	6.988841e-04
8.698859e+03	6.975768e-04
8.705028e+03	6.962681e-04
8.711198e+03	6.949579e-04
8.717367e+03	6.936463e-04
8.723536e+03	6.923332e-04
8.729706e+03	6.910188e-04
8.735875e+03	6.897029e-04
8.742045e+03	6.883856e-04
8.748214e+03	6.870670e-04
8.754383e+03	6.857471e-04
8.760553e+03	6.844258e-04
8.766722e+03	6.831032e-04
8.772892e+03	6.817793e-04
8.779061e+03	6.804542e-04
8.785230e+03	6.791278e-04
8.791400e+03	6.778001e-04
8.797569e+03	6.764713e-04
8.803739e+03	6.751412e-04
8.809908e+03	6.738099e-04
8.816077e+03	6.724775e-04
8.822247e+03	6.711439e-04
8.828416e+03	6.698092e-04
8.834586e+03	6.684734e-04
8.840755e+03	6.671365e-04
8.846924e+03	6.657984e-04
8.853094e+03	6.644594e-04
8.859263e+03	6.631192e-04
8.865433e+03	6.617781e-04
8.871602e+03	6.604359e-04
8.877771e+03	6.590927e-04
8.883941e+03	6.577486e-04
8.890110e+03	6.564035e-04
8.896280e+03	6.550574e-04
8.902449e+03	6.537104e-04
8.908618e+03	6.523626e-04
8.914788e+03	6.510138e-04
8.920957e+03	6.496641e-04
8.927127e+03	6.483136e-04
8.933296e+03	6.469622e-04
8.939465e+03	6.456100e-04
8.945635e+03	6.442570e-04
8.951804e+03	6.429032e-04
8.957974e+03	6.415487e-04
8.964143e+03	6.401933e-04
8.970313e+03	6.388373e-04
8.976482e+03	6.374805e-04
8.982651e+03	6.361230e-04
8.988821e+03	6.347648e-04
8.994990e+03	6.334059e-04
9.001160e+03	6.320464e-04
9.007329e+03	6.306862e-04
9.013498e+03	6.293255e-04
9.019668e+03	6.279641e-04
9.025837e+03	6.266021e-04
9.032007e+03	6.252395e-04
9.038176e+03	6.238764e-04
9.044345e+03	6.225128e-04
9.050515e+03	6.211486e-04
9.056684e+03	6.197839e-04
9.062854e+03	6.184187e-04
9.069023e+03	6.170531e-04
9.075192e+03	6.156870e-04
9.081362e+03	6.143204e-04
9.087531e+03	6.129534e-04
9.093701e+03	6.115861e-04
9.099870e+03	6.102183e-04
9.106039e+03	6.088501e-04
9.112209e+03	6.074816e-04
9.118378e+03	6.061128e-04
9.124548e+03	6.047436e-04
9.130717e+03	6.033741e-04
9.136886e+03	6.020043e-04
9.143056e+03	6.006342e-04
9.149225e+03	5.992639e-04
9.155395e+03	5.978933e-04
9.161564e+03	5.965225e-04
9.167733e+03	5.951515e-04
9.173903e+03	5.937803e-04
9.180072e+03	5.924088e-04
9.186242e+03	5.910373e-04
9.192411e+03	5.896655e-04
9.198580e+03	5.882937e-04
9.204750e+03	5.869217e-04
9.210919e+03	5.855496e-04
9.217089e+03	5.841774e-04
9.223258e+03	5.828052e-04
9.229427e+03	5.814329e-04
9.235597e+03	5.800605e-04
9.241766e+03	5.786882e-04
9.247936e+03	5.773158e-04
9.254105e+03	5.759434e-04
9.260274e+03	5.745711e-04
9.266444e+03	5.731987e-04
9.272613e+03	5.718265e-04
9.278783e+03	5.704543e-04
9.284952e+03	5.690822e-04
9.291121e+03	5.677101e-04
9.297291e+03	5.663382e-04
9.303460e+03	5.649664e-04
9.309630e+03	5.635948e-04
9.315799e+03	5.622233e-04
9.321969e+03	5.608520e-04
9.328138e+03	5.594809e-04
9.334307e+03	5.581100e-04
9.340477e+03	5.567393e-04
9.346646e+03	5.553688e-04
9.352816e+03	5.539986e-04
9.358985e+03	5.526286e-04
9.365154e+03	5.512590e-04
9.371324e+03	5.498896e-04
9.377493e+03	5.485205e-04
9.383663e+03	5.471517e-04
9.389832e+03	5.457833e-04
9.396001e+03	5.444152e-04
9.402171e+03	5.430475e-04
9.408340e+03	5.416802e-04
9.414510e+03	5.403133e-04
9.420679e+03	5.389468e-04
9.426848e+03	5.375807e-04
9.433018e+03	5.362150e-04
9.439187e+03	5.348498e-04
9.445357e+03	5.334850e-04
9.451526e+03	5.321208e-04
9.457695e+03	5.307570e-04
9.463865e+03	5.293937e-04
9.470034e+03	5.280310e-04
9.476204e+03	5.266688e-04
9.482373e+03	5.253071e-04
9.488542e+03	5.239461e-04
9.494712e+03	5.225855e-04
9.500881e+03	5.212256e-04
9.507051e+03	5.198663e-04
9.513220e+03	5.185076e-04
9.519389e+03	5.171496e-04
9.525559e+03	5.157921e-04
9.531728e+03	5.144354e-04
9.537898e+03	5.130793e-04
9.544067e+03	5.117239e-04
9.550236e+03	5.103692e-04
9.556406e+03	5.090153e-04
9.562575e+03	5.076620e-04
9.568745e+03	5.063095e-04
9.574914e+03	5.049577e-04
9.581083e+03	5.036068e-04
9.587253e+03	5.022566e-04
9.593422e+03	5.009071e-04
9.599592e+03	4.995585e-04
9.605761e+03	4.982108e-04
9.611930e+03	4.968638e-04
9.618100e+03	4.955177e-04
9.624269e+03	4.941725e-04
9.630439e+03	4.928281e-04
9.636608e+03	4.914846e-04
9.642777e+03	4.901420e-04
9.648947e+03	4.888003e-04
9.655116e+03	4.874595e-04
9.661286e+03	4.861197e-04
9.667455e+03	4.847808e-04
9.673625e+03	4.834429e-04
9.679794e+03	4.821060e-04
9.685963e+03	4.807700e-04
9.692133e+03	4.794350e-04
9.698302e+03	4.781011e-04
9.704472e+03	4.767682e-04
9.710641e+03	4.754363e-04
9.716810e+03	4.741054e-04
9.722980e+03	4.727756e-04
9.729149e+03	4.714469e-04
9.735319e+03	4.701192e-04
9.741488e+03	4.687927e-04
9.747657e+03	4.674672e-04
9.753827e+03	4.661429e-04
9.759996e+03	4.648197e-04
9.766166e+03	4.634977e-04
9.772335e+03	4.621767e-04
9.778504e+03	4.608570e-04
9.784674e+03	4.595384e-04
9.790843e+03	4.582211e-04
9.797013e+03	4.569049e-04
9.803182e+03	4.555899e-04
9.809351e+03	4.542762e-04
9.815521e+03	4.529636e-04
9.821690e+03	4.516524e-04
9.827860e+03	4.503424e-04
9.834029e+03	4.490336e-04
9.840198e+03	4.477261e-04
9.846368e+03	4.464200e-04
9.852537e+03	4.451151e-04
9.858707e+03	4.438115e-04
9.864876e+03	4.425092e-04
9.871045e+03	4.412083e-04
9.877215e+03	4.399087e-04
9.883384e+03	4.386105e-04
9.889554e+03	4.373136e-04
9.895723e+03	4.360182e-04
9.901892e+03	4.347241e-04
9.908062e+03	4.334313e-04
9.914231e+03	4.321400e-04
9.920401e+03	4.308502e-04
9.926570e+03	4.295617e-04
9.932739e+03	4.282747e-04
9.938909e+03	4.269891e-04
9.945078e+03	4.257050e-04
9.951248e+03	4.244223e-04
9.957417e+03	4.231412e-04
9.963586e+03	4.218615e-04
9.969756e+03	4.205833e-04
9.975925e+03	4.193066e-04
9.982095e+03	4.180314e-04
9.988264e+03	4.167578e-04
9.994433e+03	4.154857e-04
1.000060e+04	4.142151e-04
1.000677e+04	4.129461e-04
1.001294e+04	4.116787e-04
1.001911e+04	4.104128e-04
1.002528e+04	4.091486e-04
1.003145e+04	4.078859e-04
1.003762e+04	4.066248e-04
1.004379e+04	4.053653e-04
1.004996e+04	4.041075e-04
1.005613e+04	4.028513e-04
1.006230e+04	4.015967e-04
1.006847e+04	4.003437e-04
1.007464e+04	3.990925e-04
1.008081e+04	3.978429e-04
1.008697e+04	3.965949e-04
1.009314e+04	3.953487e-04
1.009931e+04	3.941041e-04
1.010548e+04	3.928613e-04
1.011165e+04	3.916201e-04
1.011782e+04	3.903807e-04
1.012399e+04	3.891430e-04
1.013016e+04	3.879070e-04
1.013633e+04	3.866728e-04
1.014250e+04	3.854403e-04
1.014867e+04	3.842096e-04
1.015484e+04	3.829807e-04
1.016101e+04	3.817535e-04
1.016718e+04	3.805282e-04
1.017335e+04	3.793046e-04
1.017952e+04	3.780828e-04
1.018568e+04	3.768628e-04
1.019185e+04	3.756447e-04
1.019802e+04	3.744283e-04
1.020419e+04	3.732138e-04
1.021036e+04	3.720012e-04
1.021653e+04	3.707904e-04
1.022270e+04	3.695814e-04
1.022887e+04	3.683743e-04
1.023504e+04	3.671691e-04
1.024121e+04	3.659658e-04
1.024738e+04	3.647643e-04
1.025355e+04	3.635647e-04
1.025972e+04	3.623671e-04
1.026589e+04	3.611713e-04
1.027206e+04	3.599775e-04
1.027823e+04	3.587856e-04
1.028440e+04	3.575956e-04
1.029056e+04	3.564075e-04
1.029673e+04	3.552214e-04
1.030290e+04	3.540373e-04
1.030907e+04	3.528550e-04
1.031524e+04	3.516748e-04
1.032141e+04	3.504965e-04
1.032758e+04	3.493202e-04
1.033375e+04	3.481459e-04
1.033992e+04	3.469736e-04
1.034609e+04	3.458033e-04
1.035226e+04	3.446350e-04
1.035843e+04	3.434687e-04
1.036460e+04	3.423044e-04
1.037077e+04	3.411421e-04
1.037694e+04	3.399818e-04
1.038311e+04	3.388236e-04
1.038928e+04	3.376675e-04
1.039544e+04	3.365133e-04
1.040161e+04	3.353613e-04
1.040778e+04	3.342113e-04
1.041395e+04	3.330633e-04
1.042012e+04	3.319174e-04
1.042629e+04	3.307736e-04
1.043246e+04	3.296319e-04
1.043863e+04	3.284923e-04
1.044480e+04	3.273547e-04
1.045097e+04	3.262193e-04
1.045714e+04	3.250860e-04
1.046331e+04	3.239547e-04
1.046948e+04	3.228256e-04
1.047565e+04	3.216986e-04
1.048182e+04	3.205738e-04
1.048799e+04	3.194510e-04
1.049416e+04	3.183304e-04
1.050032e+04	3.172120e-04
1.050649e+04	3.160957e-04
1.051266e+04	3.149815e-04
1.051883e+04	3.138695e-04
1.052500e+04	3.127597e-04
1.053117e+04	3.116520e-04
1.053734e+04	3.105465e-04
1.054351e+04	3.094431e-04
1.054968e+04	3.083420e-04
1.055585e+04	3.072430e-04
1.056202e+04	3.061463e-04
1.056819e+04	3.050517e-04
1.057436e+04	3.039593e-04
1.058053e+04	3.028691e-04
1.058670e+04	3.017811e-04
1.059287e+04	3.006954e-04
1.059904e+04	2.996118e-04
1.060520e+04	2.985305e-04
1.061137e+04	2.974514e-04
1.061754e+04	2.963745e-04
1.062371e+04	2.952999e-04
1.062988e+04	2.942275e-04
1.063605e+04	2.931573e-04
1.064222e+04	2.920894e-04
1.064839e+04	2.910237e-04
1.065456e+04	2.899603e-04
1.066073e+04	2.888992e-04
1.066690e+04	2.878403e-04
1.067307e+04	2.867836e-04
1.067924e+04	2.857292e-04
1.068541e+04	2.846771e-04
1.069158e+04	2.836273e-04
1.069775e+04	2.825798e-04
1.070391e+04	2.815345e-04
1.071008e+04	2.804915e-04
1.071625e+04	2.794508e-04
1.072242e+04	2.784124e-04
1.072859e+04	2.773763e-04
1.073476e+04	2.763425e-04
1.074093e+04	2.753109e-04
1.074710e+04	2.742817e-04
1.075327e+04	2.732548e-04
1.075944e+04	2.722302e-04
1.076561e+04	2.712079e-04
1.077178e+04	2.701880e-04
1.077795e+04	2.691703e-04
1.078412e+04	2.681550e-04
1.079029e+04	2.671419e-04
1.079646e+04	2.661313e-04
1.080263e+04	2.651229e-04
1.080879e+04	2.641169e-04
1.081496e+04	2.631132e-04
1.082113e+04	2.621118e-04
1.082730e+04	2.611128e-04
1.083347e+04	2.601161e-04
1.083964e+04	2.591217e-04
1.084581e+04	2.581297e-04
1.085198e+04	2.571401e-04
1.085815e+04	2.561528e-04
1.086432e+04	2.551678e-04
1.087049e+04	2.541852e-04
1.087666e+04	2.532050e-04
1.088283e+04	2.522271e-04
1.088900e+04	2.512516e-04
1.089517e+04	2.502784e-04
1.090134e+04	2.493076e-04
1.090751e+04	2.483392e-04
1.091367e+04	2.473731e-04
1.091984e+04	2.464094e-04
1.092601e+04	2.454481e-04
1.093218e+04	2.444891e-04
1.093835e+04	2.435325e-04
1.094452e+04	2.425783e-04
1.095069e+04	2.416265e-04
1.095686e+04	2.406770e-04
1.096303e+04	2.397299e-04
1.096920e+04	2.387852e-04
1.097537e+04	2.378429e-04
1.098154e+04	2.369029e-04
1.098771e+04	2.359654e-04
1.099388e+04	2.350302e-04
1.100005e+04	2.340974e-04
1.100622e+04	2.331670e-04
1.101239e+04	2.322390e-04
1.101855e+04	2.313134e-04
1.102472e+04	2.303901e-04
1.103089e+04	2.294693e-04
1.103706e+04	2.285508e-04
1.104323e+04	2.276347e-04
1.104940e+04	2.267211e-04
1.105557e+04	2.258098e-04
1.106174e+04	2.249009e-04
1.106791e+04	2.239944e-04
1.107408e+04	2.230903e-04
1.108025e+04	2.221886e-04
1.108642e+04	2.212893e-04
1.109259e+04	2.203924e-04
1.109876e+04	2.194979e-04
1.110493e+04	2.186058e-04
1.111110e+04	2.177161e-04
1.111726e+04	2.168287e-04
1.112343e+04	2.159438e-04
1.112960e+04	2.150613e-04
1.113577e+04	2.141812e-04
1.114194e+04	2.133035e-04
1.114811e+04	2.124281e-04
1.115428e+04	2.115552e-04
1.116045e+04	2.106847e-04
1.116662e+04	2.098165e-04
1.117279e+04	2.089508e-04
1.117896e+04	2.080875e-04
1.118513e+04	2.072265e-04
1.119130e+04	2.063680e-04
1.119747e+04	2.055118e-04
1.120364e+04	2.046581e-04
1.120981e+04	2.038067e-04
1.121598e+04	2.029578e-04
1.122214e+04	2.021112e-04
1.122831e+04	2.012671e-04
1.123448e+04	2.004253e-04
1.124065e+04	1.995859e-04
1.124682e+04	1.987490e-04
1.125299e+04	1.979144e-04
1.125916e+04	1.970822e-04
1.126533e+04	1.962524e-04
1.127150e+04	1.954250e-04
1.127767e+04	1.945999e-04
1.128384e+04	1.937773e-04
1.129001e+04	1.929571e-04
1.129618e+04	1.921392e-04
1.130235e+04	1.913238e-04
1.130852e+04	1.905107e-04
1.131469e+04	1.897000e-04
1.132086e+04	1.888917e-04
1.132702e+04	1.880857e-04
1.133319e+04	1.872822e-04
1.133936e+04	1.864810e-04
1.134553e+04	1.856823e-04
1.135170e+04	1.848858e-04
1.135787e+04	1.840918e-04
1.136404e+04	1.833002e-04
1.137021e+04	1.825109e-04
1.137638e+04	1.817240e-04
1.138255e+04	1.809394e-04
1.138872e+04	1.801573e-04
1.139489e+04	1.793775e-04
1.140106e+04	1.786001e-04
1.140723e+04	1.778250e-04
1.141340e+04	1.770523e-04
1.141957e+04	1.762820e-04
1.142574e+04	1.755140e-04
1.143190e+04	1.747484e-04
1.143807e+04	1.739851e-04
1.144424e+04	1.732242e-04
1.145041e+04	1.724657e-04
1.145658e+04	1.717095e-04
1.146275e+04	1.709557e-04
1.146892e+04	1.702042e-04
1.147509e+04	1.694550e-04
1.148126e+04	1.687082e-04
1.148743e+04	1.679638e-04
1.149360e+04	1.672217e-04
1.149977e+04	1.664819e-04
1.150594e+04	1.657445e-04
1.151211e+04	1.650094e-04
1.151828e+04	1.642766e-04
1.152445e+04	1.635462e-04
1.153061e+04	1.628181e-04
1.153678e+04	1.620923e-04
1.154295e+04	1.613688e-04
1.154912e+04	1.606477e-04
1.155529e+04	1.599289e-04
1.156146e+04	1.592124e-04
1.156763e+04	1.584982e-04
1.157380e+04	1.577864e-04
1.157997e+04	1.570768e-04
1.158614e+04	1.563696e-04
1.159231e+04	1.556646e-04
1.159848e+04	1.549620e-04
1.160465e+04	1.542617e-04
1.161082e+04	1.535636e-04
1.161699e+04	1.528679e-04
1.162316e+04	1.521744e-04
1.162933e+04	1.514833e-04
1.163549e+04	1.507944e-04
1.164166e+04	1.501078e-04
1.164783e+04	1.494235e-04
1.165400e+04	1.487415e-04
1.166017e+04	1.480618e-04
1.166634e+04	1.473843e-04
1.167251e+04	1.467091e-04
1.167868e+04	1.460362e-04
1.168485e+04	1.453655e-04
1.169102e+04	1.446971e-04
1.169719e+04	1.440310e-04
1.170336e+04	1.433671e-04
1.170953e+04	1.427055e-04
1.171570e+04	1.420462e-04
1.172187e+04	1.413890e-04
1.172804e+04	1.407342e-04
1.173421e+04	1.400815e-04
1.174037e+04	1.394311e-04
1.174654e+04	1.387830e-04
1.175271e+04	1.381371e-04
1.175888e+04	1.374934e-04
1.176505e+04	1.368519e-04
1.177122e+04	1.362127e-04
1.177739e+04	1.355757e-04
1.178356e+04	1.349409e-04
1.178973e+04	1.343083e-04
1.179590e+04	1.336779e-04
1.180207e+04	1.330497e-04
1.180824e+04	1.324238e-04
1.181441e+04	1.318000e-04
1.182058e+04	1.311784e-04
1.182675e+04	1.305591e-04
1.183292e+04	1.299419e-04
1.183909e+04	1.293269e-04
1.184525e+04	1.287141e-04
1.185142e+04	1.281035e-04
1.185759e+04	1.274950e-04
1.186376e+04	1.268888e-04
1.186993e+04	1.262847e-04
1.187610e+04	1.256827e-04
1.188227e+04	1.250830e-04
1.188844e+04	1.244853e-04
1.189461e+04	1.238899e-04
1.190078e+04	1.232966e-04
1.190695e+04	1.227054e-04
1.191312e+04	1.221164e-04
1.191929e+04	1.215296e-04
1.192546e+04	1.209448e-04
1.193163e+04	1.203622e-04
1.193780e+04	1.197818e-04
1.194396e+04	1.192034e-04
1.195013e+04	1.186272e-04
1.195630e+04	1.180531e-04
1.196247e+04	1.174812e-04
1.196864e+04	1.169113e-04
1.197481e+04	1.163435e-04
1.198098e+04	1.157779e-04
1.198715e+04	1.152143e-04
1.199332e+04	1.146529e-04
1.199949e+04	1.140935e-04
1.200566e+04	1.135362e-04
1.201183e+04	1.129810e-04
1.201800e+04	1.124279e-04
1.202417e+04	1.118769e-04
1.203034e+04	1.113279e-04
1.203651e+04	1.107810e-04
1.204268e+04	1.102362e-04
1.204884e+04	1.096934e-04
1.205501e+04	1.091527e-04
1.206118e+04	1.086140e-04
1.206735e+04	1.080774e-04
1.207352e+04	1.075429e-04
1.207969e+04	1.070103e-04
1.208586e+04	1.064798e-04
1.209203e+04	1.059514e-04
1.209820e+04	1.054249e-04
1.210437e+04	1.049005e-04
1.211054e+04	1.043781e-04
1.211671e+04	1.038578e-04
1.212288e+04	1.033394e-04
1.212905e+04	1.028231e-04
1.213522e+04	1.023087e-04
1.214139e+04	1.017964e-04
1.214756e+04	1.012860e-04
1.215372e+04	1.007776e-04
1.215989e+04	1.002712e-04
1.216606e+04	9.976685e-05
1.217223e+04	9.926442e-05
1.217840e+04	9.876397e-05
1.218457e+04	9.826549e-05
1.219074e+04	9.776897e-05
1.219691e+04	9.727441e-05
1.220308e+04	9.678181e-05
1.220925e+04	9.629116e-05
1.221542e+04	9.580245e-05
1.222159e+04	9.531569e-05
1.222776e+04	9.483087e-05
1.223393e+04	9.434798e-05
1.224010e+04	9.386702e-05
1.224627e+04	9.338798e-05
1.225244e+04	9.291087e-05
1.225860e+04	9.243567e-05
1.226477e+04	9.196238e-05
1.227094e+04	9.149100e-05
1.227711e+04	9.102152e-05
1.228328e+04	9.055394e-05
1.228945e+04	9.008826e-05
1.229562e+04	8.962446e-05
1.230179e+04	8.916255e-05
1.230796e+04	8.870252e-05
1.231413e+04	8.824436e-05
1.232030e+04	8.778808e-05
1.232647e+04	8.733366e-05
1.233264e+04	8.688110e-05
1.233881e+04	8.643040e-05
1.234498e+04	8.598156e-05
1.235115e+04	8.553456e-05
1.235731e+04	8.508941e-05
1.236348e+04	8.464609e-05
1.236965e+04	8.420461e-05
1.237582e+04	8.376496e-05
1.238199e+04	8.332713e-05
1.238816e+04	8.289113e-05
1.239433e+04	8.245694e-05
1.240050e+04	8.202457e-05
1.240667e+04	8.159400e-05
1.241284e+04	8.116523e-05
1.241901e+04	8.073826e-05
1.242518e+04	8.031308e-05
1.243135e+04	7.988969e-05
1.243752e+04	7.946809e-05
1.244369e+04	7.904826e-05
1.244986e+04	7.863021e-05
1.245603e+04	7.821393e-05
1.246219e+04	7.779941e-05
1.246836e+04	7.738665e-05
1.247453e+04	7.697565e-05
1.248070e+04	7.656640e-05
1.248687e+04	7.615890e-05
1.249304e+04	7.575313e-05
1.249921e+04	7.534911e-05
1.250538e+04	7.494681e-05
1.251155e+04	7.454625e-05
1.251772e+04	7.414740e-05
1.252389e+04	7.375028e-05
1.253006e+04	7.335486e-05
1.253623e+04	7.296116e-05
1.254240e+04	7.256916e-05
1.254857e+04	7.217885e-05
1.255474e+04	7.179024e-05
1.256091e+04	7.140332e-05
1.256707e+04	7.101809e-05
1.257324e+04	7.063454e-05
1.257941e+04	7.025266e-05
1.258558e+04	6.987245e-05
1.259175e+04	6.949390e-05
1.259792e+04	6.911702e-05
1.260409e+04	6.874179e-05
1.261026e+04	6.836822e-05
1.261643e+04	6.799629e-05
1.262260e+04	6.762600e-05
1.262877e+04	6.725735e-05
1.263494e+04	6.689034e-05
1.264111e+04	6.652494e-05
1.264728e+04	6.616118e-05
1.265345e+04	6.579903e-05
1.265962e+04	6.543849e-05
1.266579e+04	6.507956e-05
1.267195e+04	6.472224e-05
1.267812e+04	6.436651e-05
1.268429e+04	6.401238e-05
1.269046e+04	6.365984e-05
1.269663e+04	6.330888e-05
1.270280e+04	6.295950e-05
1.270897e+04	6.261170e-05
1.271514e+04	6.226546e-05
1.272131e+04	6.192079e-05
1.272748e+04	6.157768e-05
1.273365e+04	6.123613e-05
1.273982e+04	6.089613e-05
1.274599e+04	6.055767e-05
1.275216e+04	6.022076e-05
1.275833e+04	5.988538e-05
1.276450e+04	5.955154e-05
1.277066e+04	5.921922e-05
1.277683e+04	5.888842e-05
1.278300e+04	5.855914e-05
1.278917e+04	5.823138e-05
1.279534e+04	5.790512e-05
1.280151e+04	5.758036e-05
1.280768e+04	5.725710e-05
1.281385e+04	5.693534e-05
1.282002e+04	5.661506e-05
1.282619e+04	5.629627e-05
1.283236e+04	5.597896e-05
1.283853e+04	5.566312e-05
1.284470e+04	5.534876e-05
1.285087e+04	5.503585e-05
1.285704e+04	5.472441e-05
1.286321e+04	5.441442e-05
1.286938e+04	5.410589e-05
1.287554e+04	5.379880e-05
1.288171e+04	5.349315e-05
1.288788e+04	5.318893e-05
1.289405e+04	5.288615e-05
1.290022e+04	5.258480e-05
1.290639e+04	5.228487e-05
1.291256e+04	5.198635e-05
1.291873e+04	5.168925e-05
1.292490e+04	5.139356e-05
1.293107e+04	5.109926e-05
1.293724e+04	5.080637e-05
1.294341e+04	5.051487e-05
1.294958e+04	5.022476e-05
1.295575e+04	4.993604e-05
1.296192e+04	4.964869e-05
1.296809e+04	4.936272e-05
1.297426e+04	4.907812e-05
1.298042e+04	4.879489e-05
1.298659e+04	4.851301e-05
1.299276e+04	4.823250e-05
1.299893e+04	4.795333e-05
1.300510e+04	4.767551e-05
1.301127e+04	4.739903e-05
1.301744e+04	4.712389e-05
1.302361e+04	4.685009e-05
1.302978e+04	4.657761e-05
1.303595e+04	4.630645e-05
1.304212e+04	4.603662e-05
1.304829e+04	4.576809e-05
1.305446e+04	4.550088e-05
1.306063e+04	4.523497e-05
1.306680e+04	4.497036e-05
1.307297e+04	4.470705e-05
1.307914e+04	4.444503e-05
1.308530e+04	4.418430e-05
1.309147e+04	4.392484e-05
1.309764e+04	4.366667e-05
1.310381e+04	4.340976e-05
1.310998e+04	4.315413e-05
1.311615e+04	4.289976e-05
1.312232e+04	4.264664e-05
1.312849e+04	4.239478e-05
1.313466e+04	4.214417e-05
1.314083e+04	4.189481e-05
1.314700e+04	4.164669e-05
1.315317e+04	4.139980e-05
1.315934e+04	4.115414e-05
1.316551e+04	4.090971e-05
1.317168e+04	4.066650e-05
1.317785e+04	4.042451e-05
1.318402e+04	4.018374e-05
1.319018e+04	3.994417e-05
1.319635e+04	3.970581e-05
1.320252e+04	3.946864e-05
1.320869e+04	3.923267e-05
1.321486e+04	3.899790e-05
1.322103e+04	3.876431e-05
1.322720e+04	3.853190e-05
1.323337e+04	3.830066e-05
1.323954e+04	3.807060e-05
1.324571e+04	3.784171e-05
1.325188e+04	3.761399e-05
1.325805e+04	3.738742e-05
1.326422e+04	3.716201e-05
1.327039e+04	3.693774e-05
1.327656e+04	3.671463e-05
1.328273e+04	3.649265e-05
1.328889e+04	3.627182e-05
1.329506e+04	3.605211e-05
1.330123e+04	3.583354e-05
1.330740e+04	3.561609e-05
1.331357e+04	3.539976e-05
1.331974e+04	3.518454e-05
1.332591e+04	3.497044e-05
1.333208e+04	3.475744e-05
1.333825e+04	3.454554e-05
1.334442e+04	3.433475e-05
1.335059e+04	3.412504e-05
1.335676e+04	3.391643e-05
1.336293e+04	3.370890e-05
1.336910e+04	3.350245e-05
1.337527e+04	3.329708e-05
1.338144e+04	3.309278e-05
1.338761e+04	3.288955e-05
1.339377e+04	3.268738e-05
1.339994e+04	3.248627e-05
1.340611e+04	3.228622e-05
1.341228e+04	3.208722e-05
1.341845e+04	3.188926e-05
1.342462e+04	3.169235e-05
1.343079e+04	3.149648e-05
1.343696e+04	3.130163e-05
1.344313e+04	3.110782e-05
1.344930e+04	3.091504e-05
1.345547e+04	3.072327e-05
1.346164e+04	3.053253e-05
1.346781e+04	3.034279e-05
1.347398e+04	3.015407e-05
1.348015e+04	2.996635e-05
1.348632e+04	2.977963e-05
1.349249e+04	2.959391e-05
1.349865e+04	2.940917e-05
1.350482e+04	2.922543e-05
1.351099e+04	2.904267e-05
1.351716e+04	2.886090e-05
1.352333e+04	2.868009e-05
1.352950e+04	2.850026e-05
1.353567e+04	2.832140e-05
1.354184e+04	2.814350e-05
1.354801e+04	2.796656e-05
1.355418e+04	2.779058e-05
1.356035e+04	2.761555e-05
1.356652e+04	2.744146e-05
1.357269e+04	2.726832e-05
1.357886e+04	2.709612e-05
1.358503e+04	2.692485e-05
1.359120e+04	2.675452e-05
1.359737e+04	2.658511e-05
1.360353e+04	2.641663e-05
1.360970e+04	2.624906e-05
1.361587e+04	2.608242e-05
1.362204e+04	2.591668e-05
1.362821e+04	2.575185e-05
1.363438e+04	2.558793e-05
1.364055e+04	2.542490e-05
1.364672e+04	2.526278e-05
1.365289e+04	2.510154e-05
1.365906e+04	2.494119e-05
1.366523e+04	2.478173e-05
1.367140e+04	2.462315e-05
1.367757e+04	2.446544e-05
1.368374e+04	2.430861e-05
1.368991e+04	2.415264e-05
1.369608e+04	2.399755e-05
1.370224e+04	2.384331e-05
1.370841e+04	2.368993e-05
1.371458e+04	2.353740e-05
1.372075e+04	2.338573e-05
1.372692e+04	2.323490e-05
1.373309e+04	2.308491e-05
1.373926e+04	2.293577e-05
1.374543e+04	2.278745e-05
1.375160e+04	2.263997e-05
1.375777e+04	2.249332e-05
1.376394e+04	2.234749e-05
1.377011e+04	2.220248e-05
1.377628e+04	2.205829e-05
1.378245e+04	2.191490e-05
1.378862e+04	2.177233e-05
1.379479e+04	2.163057e-05
1.380096e+04	2.148960e-05
1.380712e+04	2.134944e-05
1.381329e+04	2.121007e-05
1.381946e+04	2.107149e-05
1.382563e+04	2.093369e-05
1.383180e+04	2.079668e-05
1.383797e+04	2.066046e-05
1.384414e+04	2.052500e-05
1.385031e+04	2.039032e-05
1.385648e+04	2.025641e-05
1.386265e+04	2.012327e-05
1.386882e+04	1.999089e-05
1.387499e+04	1.985926e-05
1.388116e+04	1.972840e-05
1.388733e+04	1.959828e-05
1.389350e+04	1.946891e-05
1.389967e+04	1.934029e-05
1.390584e+04	1.921241e-05
1.391200e+04	1.908527e-05
1.391817e+04	1.895886e-05
1.392434e+04	1.883318e-05
1.393051e+04	1.870823e-05
1.393668e+04	1.858400e-05
1.394285e+04	1.846050e-05
1.394902e+04	1.833771e-05
1.395519e+04	1.821563e-05
1.396136e+04	1.809427e-05
1.396753e+04	1.797361e-05
1.397370e+04	1.785366e-05
1.397987e+04	1.773441e-05
1.398604e+04	1.761585e-05
1.399221e+04	1.749799e-05
1.399838e+04	1.738082e-05
1.400455e+04	1.726434e-05
1.401072e+04	1.714854e-05
1.401688e+04	1.703342e-05
1.402305e+04	1.691898e-05
1.402922e+04	1.680521e-05
1.403539e+04	1.669211e-05
1.404156e+04	1.657968e-05
1.404773e+04	1.646792e-05
1.405390e+04	1.635682e-05
1.406007e+04	1.624637e-05
1.406624e+04	1.613658e-05
1.407241e+04	1.602744e-05
1.407858e+04	1.591895e-05
1.408475e+04	1.581110e-05
1.409092e+04	1.570390e-05
1.409709e+04	1.559733e-05
1.410326e+04	1.549140e-05
1.410943e+04	1.538611e-05
1.411559e+04	1.528144e-05
1.412176e+04	1.517740e-05
1.412793e+04	1.507398e-05
1.413410e+04	1.497118e-05
1.414027e+04	1.486900e-05
1.414644e+04	1.476744e-05
1.415261e+04	1.466648e-05
1.415878e+04	1.456613e-05
1.416495e+04	1.446639e-05
1.417112e+04	1.436725e-05
1.417729e+04	1.426871e-05
1.418346e+04	1.417076e-05
1.418963e+04	1.407341e-05
1.419580e+04	1.397665e-05
1.420197e+04	1.388047e-05
1.420814e+04	1.378488e-05
1.421431e+04	1.368987e-05
1.422047e+04	1.359544e-05
1.422664e+04	1.350158e-05
1.423281e+04	1.340830e-05
1.423898e+04	1.331558e-05
1.424515e+04	1.322343e-05
1.425132e+04	1.313185e-05
1.425749e+04	1.304082e-05
1.426366e+04	1.295036e-05
1.426983e+04	1.286044e-05
1.427600e+04	1.277108e-05
1.428217e+04	1.268227e-05
1.428834e+04	1.259401e-05
1.429451e+04	1.250629e-05
1.430068e+04	1.241911e-05
1.430685e+04	1.233247e-05
1.431302e+04	1.224637e-05
1.431919e+04	1.216079e-05
1.432535e+04	1.207575e-05
1.433152e+04	1.199123e-05
1.433769e+04	1.190724e-05
1.434386e+04	1.182377e-05
1.435003e+04	1.174082e-05
1.435620e+04	1.165838e-05
1.436237e+04	1.157646e-05
1.436854e+04	1.149505e-05
1.437471e+04	1.141415e-05
1.438088e+04	1.133375e-05
1.438705e+04	1.125386e-05
1.439322e+04	1.117446e-05
1.439939e+04	1.109557e-05
1.440556e+04	1.101717e-05
1.441173e+04	1.093926e-05
1.441790e+04	1.086184e-05
1.442407e+04	1.078490e-05
1.443023e+04	1.070845e-05
1.443640e+04	1.063249e-05
1.444257e+04	1.055700e-05
1.444874e+04	1.048199e-05
1.445491e+04	1.040745e-05
1.446108e+04	1.033339e-05
1.446725e+04	1.025979e-05
1.447342e+04	1.018667e-05
1.447959e+04	1.011400e-05
1.448576e+04	1.004180e-05
1.449193e+04	9.970056e-06
1.449810e+04	9.898769e-06
1.450427e+04	9.827936e-06
1.451044e+04	9.757556e-06
1.451661e+04	9.687624e-06
1.452278e+04	9.618140e-06
1.452894e+04	9.549100e-06
1.453511e+04	9.480502e-06
1.454128e+04	9.412344e-06
1.454745e+04	9.344623e-06
1.455362e+04	9.277337e-06
1.455979e+04	9.210484e-06
1.456596e+04	9.144061e-06
1.457213e+04	9.078065e-06
1.457830e+04	9.012495e-06
1.458447e+04	8.947348e-06
1.459064e+04	8.882622e-06
1.459681e+04	8.818315e-06
1.460298e+04	8.754423e-06
1.460915e+04	8.690946e-06
1.461532e+04	8.627880e-06
1.462149e+04	8.565223e-06
1.462766e+04	8.502973e-06
1.463382e+04	8.441129e-06
1.463999e+04	8.379686e-06
1.464616e+04	8.318644e-06
1.465233e+04	8.258000e-06
1.465850e+04	8.197752e-06
1.466467e+04	8.137898e-06
1.467084e+04	8.078435e-06
1.467701e+04	8.019361e-06
1.468318e+04	7.960675e-06
1.468935e+04	7.902373e-06
1.469552e+04	7.844454e-06
1.470169e+04	7.786915e-06
1.470786e+04	7.729755e-06
1.471403e+04	7.672971e-06
1.472020e+04	7.616562e-06
1.472637e+04	7.560524e-06
1.473254e+04	7.504857e-06
1.473870e+04	7.449557e-06
1.474487e+04	7.394623e-06
1.475104e+04	7.340053e-06
1.475721e+04	7.285844e-06
1.476338e+04	7.231995e-06
1.476955e+04	7.178503e-06
1.477572e+04	7.125367e-06
1.478189e+04	7.072584e-06
1.478806e+04	7.020153e-06
1.479423e+04	6.968070e-06
1.480040e+04	6.916336e-06
1.480657e+04	6.864947e-06
1.481274e+04	6.813901e-06
1.481891e+04	6.763196e-06
1.482508e+04	6.712831e-06
1.483125e+04	6.662803e-06
1.483742e+04	6.613111e-06
1.484358e+04	6.563753e-06
1.484975e+04	6.514726e-06
1.485592e+04	6.466029e-06
1.486209e+04	6.417659e-06
1.486826e+04	6.369616e-06
1.487443e+04	6.321897e-06
1.488060e+04	6.274499e-06
1.488677e+04	6.227422e-06
1.489294e+04	6.180663e-06
1.489911e+04	6.134221e-06
1.490528e+04	6.088093e-06
1.491145e+04	6.042278e-06
1.491762e+04	5.996774e-06
1.492379e+04	5.951579e-06
1.492996e+04	5.906692e-06
1.493613e+04	5.862110e-06
1.494229e+04	5.817831e-06
1.494846e+04	5.773855e-06
1.495463e+04	5.730178e-06
1.496080e+04	5.686800e-06
1.496697e+04	5.643718e-06
1.497314e+04	5.600932e-06
1.497931e+04	5.558438e-06
1.498548e+04	5.516235e-06
1.499165e+04	5.474322e-06
1.499782e+04	5.432697e-06
1.500399e+04	5.391358e-06
1.501016e+04	5.350303e-06
1.501633e+04	5.309531e-06
1.502250e+04	5.269040e-06
1.502867e+04	5.228828e-06
1.503484e+04	5.188894e-06
1.504101e+04	5.149235e-06
1.504717e+04	5.109851e-06
1.505334e+04	5.070740e-06
1.505951e+04	5.031900e-06
1.506568e+04	4.993329e-06
1.507185e+04	4.955025e-06
1.507802e+04	4.916988e-06
1.508419e+04	4.879215e-06
1.509036e+04	4.841705e-06
1.509653e+04	4.804456e-06
1.510270e+04	4.767467e-06
1.510887e+04	4.730736e-06
1.511504e+04	4.694262e-06
1.512121e+04	4.658042e-06
1.512738e+04	4.622076e-06
1.513355e+04	4.586362e-06
1.513972e+04	4.550898e-06
1.514589e+04	4.515683e-06
1.515205e+04	4.480715e-06
1.515822e+04	4.445992e-06
1.516439e+04	4.411514e-06
1.517056e+04	4.377278e-06
1.517673e+04	4.343284e-06
1.518290e+04	4.309530e-06
1.518907e+04	4.276013e-06
1.519524e+04	4.242733e-06
1.520141e+04	4.209689e-06
1.520758e+04	4.176878e-06
1.521375e+04	4.144300e-06
1.521992e+04	4.111953e-06
1.522609e+04	4.079835e-06
1.523226e+04	4.047945e-06
1.523843e+04	4.016282e-06
1.524460e+04	3.984843e-06
1.525077e+04	3.953629e-06
1.525693e+04	3.922637e-06
1.526310e+04	3.891866e-06
1.526927e+04	3.861315e-06
1.527544e+04	3.830982e-06
1.528161e+04	3.800865e-06
1.528778e+04	3.770964e-06
1.529395e+04	3.741278e-06
1.530012e+04	3.711804e-06
1.530629e+04	3.682541e-06
1.531246e+04	3.653489e-06
1.531863e+04	3.624645e-06
1.532480e+04	3.596009e-06
1.533097e+04	3.567579e-06
1.533714e+04	3.539353e-06
1.534331e+04	3.511331e-06
1.534948e+04	3.483512e-06
1.535565e+04	3.455893e-06
1.536181e+04	3.428474e-06
1.536798e+04	3.401253e-06
1.537415e+04	3.374229e-06
1.538032e+04	3.347402e-06
1.538649e+04	3.320768e-06
1.539266e+04	3.294328e-06
1.539883e+04	3.268080e-06
1.540500e+04	3.242023e-06
1.541117e+04	3.216156e-06
1.541734e+04	3.190477e-06
1.542351e+04	3.164985e-06
1.542968e+04	3.139679e-06
1.543585e+04	3.114558e-06
1.544202e+04	3.089620e-06
1.544819e+04	3.064865e-06
1.545436e+04	3.040291e-06
1.546052e+04	3.015897e-06
1.546669e+04	2.991682e-06
1.547286e+04	2.967644e-06
1.547903e+04	2.943784e-06
1.548520e+04	2.920098e-06
1.549137e+04	2.896587e-06
1.549754e+04	2.873248e-06
1.550371e+04	2.850082e-06
1.550988e+04	2.827087e-06
1.551605e+04	2.804261e-06
1.552222e+04	2.781604e-06
1.552839e+04	2.759114e-06
1.553456e+04	2.736791e-06
1.554073e+04	2.714633e-06
1.554690e+04	2.692639e-06
1.555307e+04	2.670809e-06
1.555924e+04	2.649140e-06
1.556540e+04	2.627632e-06
1.557157e+04	2.606285e-06
1.557774e+04	2.585096e-06
1.558391e+04	2.564065e-06
1.559008e+04	2.543190e-06
1.559625e+04	2.522472e-06
1.560242e+04	2.501908e-06
1.560859e+04	2.481498e-06
1.561476e+04	2.461240e-06
1.562093e+04	2.441134e-06
1.562710e+04	2.421178e-06
1.563327e+04	2.401373e-06
1.563944e+04	2.381715e-06
1.564561e+04	2.362205e-06
1.565178e+04	2.342842e-06
1.565795e+04	2.323625e-06
1.566412e+04	2.304552e-06
1.567028e+04	2.285623e-06
1.567645e+04	2.266836e-06
1.568262e+04	2.248191e-06
1.568879e+04	2.229687e-06
1.569496e+04	2.211323e-06
1.570113e+04	2.193098e-06
1.570730e+04	2.175010e-06
1.571347e+04	2.157060e-06
1.571964e+04	2.139246e-06
1.572581e+04	2.121566e-06
1.573198e+04	2.104022e-06
1.573815e+04	2.086610e-06
1.574432e+04	2.069331e-06
1.575049e+04	2.052183e-06
1.575666e+04	2.035166e-06
1.576283e+04	2.018279e-06
1.576900e+04	2.001520e-06
1.577516e+04	1.984889e-06
1.578133e+04	1.968386e-06
1.578750e+04	1.952009e-06
1.579367e+04	1.935757e-06
1.579984e+04	1.919629e-06
1.580601e+04	1.903625e-06
1.581218e+04	1.887744e-06
1.581835e+04	1.871985e-06
1.582452e+04	1.856347e-06
1.583069e+04	1.840829e-06
1.583686e+04	1.825431e-06
1.584303e+04	1.810151e-06
1.584920e+04	1.794989e-06
1.585537e+04	1.779944e-06
1.586154e+04	1.765015e-06
1.586771e+04	1.750202e-06
1.587387e+04	1.735503e-06
1.588004e+04	1.720917e-06
1.588621e+04	1.706445e-06
1.589238e+04	1.692085e-06
1.589855e+04	1.677836e-06
1.590472e+04	1.663698e-06
1.591089e+04	1.649669e-06
1.591706e+04	1.635750e-06
1.592323e+04	1.621939e-06
1.592940e+04	1.608235e-06
1.593557e+04	1.594639e-06
1.594174e+04	1.581148e-06
1.594791e+04	1.567763e-06
1.595408e+04	1.554482e-06
1.596025e+04	1.541305e-06
1.596642e+04	1.528231e-06
1.597259e+04	1.515259e-06
1.597875e+04	1.502389e-06
1.598492e+04	1.489620e-06
1.599109e+04	1.476951e-06
1.599726e+04	1.464382e-06
1.600343e+04	1.451911e-06
1.600960e+04	1.439538e-06
1.601577e+04	1.427263e-06
1.602194e+04	1.415085e-06
1.602811e+04	1.403002e-06
1.603428e+04	1.391015e-06
1.604045e+04	1.379123e-06
1.604662e+04	1.367324e-06
1.605279e+04	1.355619e-06
1.605896e+04	1.344006e-06
1.606513e+04	1.332485e-06
1.607130e+04	1.321056e-06
1.607747e+04	1.309717e-06
1.608363e+04	1.298469e-06
1.608980e+04	1.287309e-06
1.609597e+04	1.276238e-06
1.610214e+04	1.265256e-06
1.610831e+04	1.254361e-06
1.611448e+04	1.243552e-06
1.612065e+04	1.232830e-06
1.612682e+04	1.222193e-06
1.613299e+04	1.211642e-06
1.613916e+04	1.201174e-06
1.614533e+04	1.190790e-06
1.615150e+04	1.180490e-06
1.615767e+04	1.170272e-06
1.616384e+04	1.160136e-06
1.617001e+04	1.150081e-06
1.617618e+04	1.140106e-06
1.618235e+04	1.130212e-06
1.618851e+04	1.120398e-06
1.619468e+04	1.110662e-06
1.620085e+04	1.101005e-06
1.620702e+04	1.091426e-06
1.621319e+04	1.081924e-06
1.621936e+04	1.072498e-06
1.622553e+04	1.063149e-06
1.623170e+04	1.053875e-06
1.623787e+04	1.044676e-06
1.624404e+04	1.035552e-06
1.625021e+04	1.026502e-06
1.625638e+04	1.017525e-06
1.626255e+04	1.008620e-06
1.626872e+04	9.997884e-07
1.627489e+04	9.910282e-07
1.628106e+04	9.823391e-07
1.628722e+04	9.737208e-07
1.629339e+04	9.651727e-07
1.629956e+04	9.566942e-07
1.630573e+04	9.482848e-07
1.631190e+04	9.399440e-07
1.631807e+04	9.316714e-07
1.632424e+04	9.234663e-07
1.633041e+04	9.153283e-07
1.633658e+04	9.072570e-07
1.634275e+04	8.992517e-07
1.634892e+04	8.913120e-07
1.635509e+04	8.834375e-07
1.636126e+04	8.756276e-07
1.636743e+04	8.678818e-07
1.637360e+04	8.601997e-07
1.637977e+04	8.525808e-07
1.638594e+04	8.450246e-07
1.639210e+04	8.375306e-07
1.639827e+04	8.300984e-07
1.640444e+04	8.227276e-07
1.641061e+04	8.154175e-07
1.641678e+04	8.081679e-07
1.642295e+04	8.009782e-07
1.642912e+04	7.938480e-07
1.643529e+04	7.867768e-07
1.644146e+04	7.797642e-07
1.644763e+04	7.728098e-07
1.645380e+04	7.659130e-07
1.645997e+04	7.590735e-07
1.646614e+04	7.522909e-07
1.647231e+04	7.455646e-07
1.647848e+04	7.388944e-07
1.648465e+04	7.322796e-07
1.649082e+04	7.257200e-07
1.649698e+04	7.192151e-07
1.650315e+04	7.127645e-07
1.650932e+04	7.063677e-07
1.651549e+04	7.000244e-07
1.652166e+04	6.937341e-07
1.652783e+04	6.874965e-07
1.653400e+04	6.813112e-07
1.654017e+04	6.751777e-07
1.654634e+04	6.690956e-07
1.655251e+04	6.630645e-07
1.655868e+04	6.570841e-07
1.656485e+04	6.511540e-07
1.657102e+04	6.452738e-07
1.657719e+04	6.394430e-07
1.658336e+04	6.336614e-07
1.658953e+04	6.279285e-07
1.659570e+04	6.222440e-07
1.660186e+04	6.166074e-07
1.660803e+04	6.110185e-07
1.661420e+04	6.054767e-07
1.662037e+04	5.999819e-07
1.662654e+04	5.945336e-07
1.663271e+04	5.891314e-07
1.663888e+04	5.837750e-07
1.664505e+04	5.784641e-07
1.665122e+04	5.731983e-07
1.665739e+04	5.679771e-07
1.666356e+04	5.628004e-07
1.666973e+04	5.576677e-07
1.667590e+04	5.525787e-07
1.668207e+04	5.475330e-07
1.668824e+04	5.425303e-07
1.669441e+04	5.375704e-07
1.670057e+04	5.326527e-07
1.670674e+04	5.277771e-07
1.671291e+04	5.229431e-07
1.671908e+04	5.181505e-07
1.672525e+04	5.133990e-07
1.673142e+04	5.086881e-07
1.673759e+04	5.040176e-07
1.674376e+04	4.993872e-07
1.674993e+04	4.947965e-07
1.675610e+04	4.902453e-07
1.676227e+04	4.857332e-07
1.676844e+04	4.812599e-07
1.677461e+04	4.768251e-07
1.678078e+04	4.724285e-07
1.678695e+04	4.680698e-07
1.679312e+04	4.637487e-07
1.679929e+04	4.594648e-07
1.680545e+04	4.552180e-07
1.681162e+04	4.510080e-07
1.681779e+04	4.468343e-07
1.682396e+04	4.426967e-07
1.683013e+04	4.385950e-07
1.683630e+04	4.345289e-07
1.684247e+04	4.304980e-07
1.684864e+04	4.265021e-07
1.685481e+04	4.225409e-07
1.686098e+04	4.186141e-07
1.686715e+04	4.147215e-07
1.687332e+04	4.108627e-07
1.687949e+04	4.070376e-07
1.688566e+04	4.032458e-07
1.689183e+04	3.994871e-07
1.689800e+04	3.957611e-07
1.690417e+04	3.920677e-07
1.691033e+04	3.884066e-07
1.691650e+04	3.847775e-07
1.692267e+04	3.811802e-07
1.692884e+04	3.776144e-07
1.693501e+04	3.740798e-07
1.694118e+04	3.705762e-07
1.694735e+04	3.671033e-07
1.695352e+04	3.636610e-07
1.695969e+04	3.602489e-07
1.696586e+04	3.568668e-07
1.697203e+04	3.535144e-07
1.697820e+04	3.501916e-07
1.698437e+04	3.468980e-07
1.699054e+04	3.436335e-07
1.699671e+04	3.403978e-07
1.700288e+04	3.371906e-07
1.700905e+04	3.340118e-07
1.701521e+04	3.308611e-07
1.702138e+04	3.277382e-07
1.702755e+04	3.246430e-07
1.703372e+04	3.215752e-07
1.703989e+04	3.185346e-07
1.704606e+04	3.155210e-07
1.705223e+04	3.125341e-07
1.705840e+04	3.095738e-07
1.706457e+04	3.066397e-07
1.707074e+04	3.037318e-07
1.707691e+04	3.008497e-07
1.708308e+04	2.979933e-07
1.708925e+04	2.951624e-07
1.709542e+04	2.923567e-07
1.710159e+04	2.895760e-07
1.710776e+04	2.868202e-07
1.711392e+04	2.840889e-07
1.712009e+04	2.813822e-07
1.712626e+04	2.786996e-07
1.713243e+04	2.760410e-07
1.713860e+04	2.734063e-07
1.714477e+04	2.707952e-07
1.715094e+04	2.682075e-07
1.715711e+04	2.656430e-07
1.716328e+04	2.631016e-07
1.716945e+04	2.605830e-07
1.717562e+04	2.580870e-07
1.718179e+04	2.556136e-07
1.718796e+04	2.531624e-07
1.719413e+04	2.507333e-07
1.720030e+04	2.483261e-07
1.720647e+04	2.459406e-07
1.721264e+04	2.435767e-07
1.721880e+04	2.412341e-07
1.722497e+04	2.389127e-07
1.723114e+04	2.366123e-07
1.723731e+04	2.343328e-07
1.724348e+04	2.320739e-07
1.724965e+04	2.298355e-07
1.725582e+04	2.276173e-07
1.726199e+04	2.254193e-07
1.726816e+04	2.232413e-07
1.727433e+04	2.210831e-07
1.728050e+04	2.189445e-07
1.728667e+04	2.168254e-07
1.729284e+04	2.147255e-07
1.729901e+04	2.126448e-07
1.730518e+04	2.105831e-07
1.731135e+04	2.085402e-07
1.731752e+04	2.065160e-07
1.732368e+04	2.045102e-07
1.732985e+04	2.025228e-07
1.733602e+04	2.005535e-07
1.734219e+04	1.986023e-07
1.734836e+04	1.966690e-07
1.735453e+04	1.947534e-07
1.736070e+04	1.928553e-07
1.736687e+04	1.909747e-07
1.737304e+04	1.891113e-07
1.737921e+04	1.872651e-07
1.738538e+04	1.854359e-07
1.739155e+04	1.836235e-07
1.739772e+04	1.818277e-07
1.740389e+04	1.800485e-07
1.741006e+04	1.782858e-07
1.741623e+04	1.765392e-07
1.742240e+04	1.748088e-07
1.742856e+04	1.730944e-07
1.743473e+04	1.713959e-07
1.744090e+04	1.697130e-07
1.744707e+04	1.680457e-07
1.745324e+04	1.663939e-07
1.745941e+04	1.647574e-07
1.746558e+04	1.631360e-07
1.747175e+04	1.615297e-07
1.747792e+04	1.599383e-07
1.748409e+04	1.583617e-07
1.749026e+04	1.567997e-07
1.749643e+04	1.552523e-07
1.750260e+04	1.537193e-07
1.750877e+04	1.522005e-07
1.751494e+04	1.506959e-07
1.752111e+04	1.492054e-07
1.752728e+04	1.477287e-07
1.753344e+04	1.462659e-07
1.753961e+04	1.448167e-07
1.754578e+04	1.433811e-07
1.755195e+04	1.419588e-07
1.755812e+04	1.405500e-07
1.756429e+04	1.391543e-07
1.757046e+04	1.377716e-07
1.757663e+04	1.364020e-07
1.758280e+04	1.350452e-07
1.758897e+04	1.337012e-07
1.759514e+04	1.323697e-07
1.760131e+04	1.310508e-07
1.760748e+04	1.297443e-07
1.761365e+04	1.284501e-07
1.761982e+04	1.271681e-07
1.762599e+04	1.258982e-07
1.763215e+04	1.246403e-07
1.763832e+04	1.233942e-07
1.764449e+04	1.221599e-07
1.765066e+04	1.209373e-07
1.765683e+04	1.197262e-07
1.766300e+04	1.185266e-07
1.766917e+04	1.173384e-07
1.767534e+04	1.161614e-07
1.768151e+04	1.149955e-07
1.768768e+04	1.138407e-07
1.769385e+04	1.126969e-07
1.770002e+04	1.115640e-07
1.770619e+04	1.104418e-07
1.771236e+04	1.093303e-07
1.771853e+04	1.082293e-07
1.772470e+04	1.071389e-07
1.773087e+04	1.060588e-07
1.773703e+04	1.049890e-07
1.774320e+04	1.039294e-07
1.774937e+04	1.028800e-07
1.775554e+04	1.018405e-07
1.776171e+04	1.008110e-07
1.776788e+04	9.979136e-08
1.777405e+04	9.878146e-08
1.778022e+04	9.778122e-08
1.778639e+04	9.679057e-08
1.779256e+04	9.580941e-08
1.779873e+04	9.483766e-08
1.780490e+04	9.387524e-08
1.781107e+04	9.292207e-08
1.781724e+04	9.197805e-08
1.782341e+04	9.104310e-08
1.782958e+04	9.011716e-08
1.783575e+04	8.920012e-08
1.784191e+04	8.829193e-08
1.784808e+04	8.739248e-08
1.785425e+04	8.650171e-08
1.786042e+04	8.561953e-08
1.786659e+04	8.474588e-08
1.787276e+04	8.388066e-08
1.787893e+04	8.302381e-08
1.788510e+04	8.217525e-08
1.789127e+04	8.133491e-08
1.789744e+04	8.050270e-08
1.790361e+04	7.967856e-08
1.790978e+04	7.886241e-08
1.791595e+04	7.805418e-08
1.792212e+04	7.725380e-08
1.792829e+04	7.646119e-08
1.793446e+04	7.567629e-08
1.794063e+04	7.489902e-08
1.794679e+04	7.412932e-08
1.795296e+04	7.336712e-08
1.795913e+04	7.261234e-08
1.796530e+04	7.186492e-08
1.797147e+04	7.112479e-08
1.797764e+04	7.039189e-08
1.798381e+04	6.966615e-08
1.798998e+04	6.894750e-08
1.799615e+04	6.823588e-08
1.800232e+04	6.753122e-08
1.800849e+04	6.683346e-08
1.801466e+04	6.614254e-08
1.802083e+04	6.545839e-08
1.802700e+04	6.478096e-08
1.803317e+04	6.411017e-08
1.803934e+04	6.344597e-08
1.804550e+04	6.278830e-08
1.805167e+04	6.213709e-08
1.805784e+04	6.149229e-08
1.806401e+04	6.085384e-08
1.807018e+04	6.022168e-08
1.807635e+04	5.959575e-08
1.808252e+04	5.897599e-08
1.808869e+04	5.836235e-08
1.809486e+04	5.775476e-08
1.810103e+04	5.715318e-08
1.810720e+04	5.655755e-08
1.811337e+04	5.596781e-08
1.811954e+04	5.538390e-08
1.812571e+04	5.480578e-08
1.813188e+04	5.423339e-08
1.813805e+04	5.366667e-08
1.814422e+04	5.310557e-08
1.815038e+04	5.255005e-08
1.815655e+04	5.200004e-08
1.816272e+04	5.145550e-08
1.816889e+04	5.091637e-08
1.817506e+04	5.038261e-08
1.818123e+04	4.985416e-08
1.818740e+04	4.933098e-08
1.819357e+04	4.881301e-08
1.819974e+04	4.830021e-08
1.820591e+04	4.779252e-08
1.821208e+04	4.728990e-08
1.821825e+04	4.679231e-08
1.822442e+04	4.629969e-08
1.823059e+04	4.581200e-08
1.823676e+04	4.532919e-08
1.824293e+04	4.485122e-08
1.824910e+04	4.437803e-08
1.825526e+04	4.390959e-08
1.826143e+04	4.344585e-08
1.826760e+04	4.298676e-08
1.827377e+04	4.253229e-08
1.827994e+04	4.208238e-08
1.828611e+04	4.163700e-08
1.829228e+04	4.119609e-08
1.829845e+04	4.075963e-08
1.830462e+04	4.032756e-08
1.831079e+04	3.989985e-08
1.831696e+04	3.947645e-08
1.832313e+04	3.905733e-08
1.832930e+04	3.864244e-08
1.833547e+04	3.823173e-08
1.834164e+04	3.782518e-08
1.834781e+04	3.742275e-08
1.835398e+04	3.702438e-08
1.836014e+04	3.663005e-08
1.836631e+04	3.623971e-08
1.837248e+04	3.585333e-08
1.837865e+04	3.547087e-08
1.838482e+04	3.509230e-08
1.839099e+04	3.471756e-08
1.839716e+04	3.434664e-08
1.840333e+04	3.397948e-08
1.840950e+04	3.361606e-08
1.841567e+04	3.325634e-08
1.842184e+04	3.290029e-08
1.842801e+04	3.254786e-08
1.843418e+04	3.219903e-08
1.844035e+04	3.185375e-08
1.844652e+04	3.151200e-08
1.845269e+04	3.117374e-08
1.845885e+04	3.083894e-08
1.846502e+04	3.050756e-08
1.847119e+04	3.017957e-08
1.847736e+04	2.985494e-08
1.848353e+04	2.953363e-08
1.848970e+04	2.921562e-08
1.849587e+04	2.890087e-08
1.850204e+04	2.858935e-08
1.850821e+04	2.828103e-08
1.851438e+04	2.797587e-08
1.852055e+04	2.767385e-08
1.852672e+04	2.737494e-08
1.853289e+04	2.707910e-08
1.853906e+04	2.678631e-08
1.854523e+04	2.649653e-08
1.855140e+04	2.620974e-08
1.855757e+04	2.592591e-08
1.856373e+04	2.564501e-08
1.856990e+04	2.536701e-08
1.857607e+04	2.509188e-08
1.858224e+04	2.481960e-08
1.858841e+04	2.455013e-08
1.859458e+04	2.428345e-08
1.860075e+04	2.401953e-08
1.860692e+04	2.375834e-08
1.861309e+04	2.349987e-08
1.861926e+04	2.324407e-08
1.862543e+04	2.299093e-08
1.863160e+04	2.274042e-08
1.863777e+04	2.249251e-08
1.864394e+04	2.224717e-08
1.865011e+04	2.200439e-08
1.865628e+04	2.176414e-08
1.866245e+04	2.152638e-08
1.866861e+04	2.129111e-08
1.867478e+04	2.105828e-08
1.868095e+04	2.082789e-08
1.868712e+04	2.059990e-08
1.869329e+04	2.037429e-08
1.869946e+04	2.015104e-08
1.870563e+04	1.993012e-08
1.871180e+04	1.971151e-08
1.871797e+04	1.949519e-08
1.872414e+04	1.928114e-08
1.873031e+04	1.906932e-08
1.873648e+04	1.885973e-08
1.874265e+04	1.865234e-08
1.874882e+04	1.844712e-08
1.875499e+04	1.824406e-08
1.876116e+04	1.804313e-08
1.876733e+04	1.784432e-08
1.877349e+04	1.764759e-08
1.877966e+04	1.745294e-08
1.878583e+04	1.726033e-08
1.879200e+04	1.706976e-08
1.879817e+04	1.688119e-08
1.880434e+04	1.669461e-08
1.881051e+04	1.651000e-08
1.881668e+04	1.632734e-08
1.882285e+04	1.614661e-08
1.882902e+04	1.596779e-08
1.883519e+04	1.579087e-08
1.884136e+04	1.561581e-08
1.884753e+04	1.544261e-08
1.885370e+04	1.527124e-08
1.885987e+04	1.510169e-08
1.886604e+04	1.493394e-08
1.887220e+04	1.476796e-08
1.887837e+04	1.460375e-08
1.888454e+04	1.444129e-08
1.889071e+04	1.428055e-08
1.889688e+04	1.412152e-08
1.890305e+04	1.396418e-08
1.890922e+04	1.380852e-08
1.891539e+04	1.365451e-08
1.892156e+04	1.350215e-08
1.892773e+04	1.335141e-08
1.893390e+04	1.320228e-08
1.894007e+04	1.305475e-08
1.894624e+04	1.290878e-08
1.895241e+04	1.276438e-08
1.895858e+04	1.262153e-08
1.896475e+04	1.248020e-08
1.897092e+04	1.234038e-08
1.897708e+04	1.220206e-08
1.898325e+04	1.206522e-08
1.898942e+04	1.192985e-08
1.899559e+04	1.179594e-08
1.900176e+04	1.166346e-08
1.900793e+04	1.153240e-08
1.901410e+04	1.140275e-08
1.902027e+04	1.127450e-08
1.902644e+04	1.114762e-08
1.903261e+04	1.102211e-08
1.903878e+04	1.089796e-08
1.904495e+04	1.077514e-08
1.905112e+04	1.065364e-08
1.905729e+04	1.053346e-08
1.906346e+04	1.041457e-08
1.906963e+04	1.029696e-08
1.907580e+04	1.018063e-08
1.908196e+04	1.006555e-08
1.908813e+04	9.951720e-09
1.909430e+04	9.839120e-09
1.910047e+04	9.727739e-09
1.910664e+04	9.617565e-09
1.911281e+04	9.508585e-09
1.911898e+04	9.400787e-09
1.912515e+04	9.294158e-09
1.913132e+04	9.188687e-09
1.913749e+04	9.084362e-09
1.914366e+04	8.981170e-09
1.914983e+04	8.879101e-09
1.915600e+04	8.778142e-09
1.916217e+04	8.678282e-09
1.916834e+04	8.579509e-09
1.917451e+04	8.481813e-09
1.918068e+04	8.385182e-09
1.918684e+04	8.289606e-09
1.919301e+04	8.195072e-09
1.919918e+04	8.101571e-09
1.920535e+04	8.009091e-09
1.921152e+04	7.917622e-09
1.921769e+04	7.827154e-09
1.922386e+04	7.737676e-09
1.923003e+04	7.649178e-09
1.923620e+04	7.561649e-09
1.924237e+04	7.475079e-09
1.924854e+04	7.389459e-09
1.925471e+04	7.304779e-09
1.926088e+04	7.221028e-09
1.926705e+04	7.138197e-09
