# # p(y | x = 5.100000e-01)
# # y_val	p(y|x)
0.000000e+00	7.139285e-05
6.169403e+00	7.180317e-05
1.233881e+01	7.221539e-05
1.850821e+01	7.262953e-05
2.467761e+01	7.304559e-05
3.084702e+01	7.346358e-05
3.701642e+01	7.388350e-05
4.318582e+01	7.430535e-05
4.935523e+01	7.472916e-05
5.552463e+01	7.515491e-05
6.169403e+01	7.558262e-05
6.786344e+01	7.601229e-05
7.403284e+01	7.644392e-05
8.020224e+01	7.687753e-05
8.637165e+01	7.731312e-05
9.254105e+01	7.775070e-05
9.871045e+01	7.819026e-05
1.048799e+02	7.863182e-05
1.110493e+02	7.907539e-05
1.172187e+02	7.952096e-05
1.233881e+02	7.996854e-05
1.295575e+02	8.041815e-05
1.357269e+02	8.086978e-05
1.418963e+02	8.132344e-05
1.480657e+02	8.177913e-05
1.542351e+02	8.223687e-05
1.604045e+02	8.269666e-05
1.665739e+02	8.315850e-05
1.727433e+02	8.362240e-05
1.789127e+02	8.408837e-05
1.850821e+02	8.455641e-05
1.912515e+02	8.502652e-05
1.974209e+02	8.549872e-05
2.035903e+02	8.597300e-05
2.097597e+02	8.644938e-05
2.159291e+02	8.692785e-05
2.220985e+02	8.740844e-05
2.282679e+02	8.789113e-05
2.344373e+02	8.837594e-05
2.406067e+02	8.886287e-05
2.467761e+02	8.935193e-05
2.529455e+02	8.984312e-05
2.591149e+02	9.033645e-05
2.652843e+02	9.083192e-05
2.714537e+02	9.132955e-05
2.776232e+02	9.182932e-05
2.837926e+02	9.233127e-05
2.899620e+02	9.283537e-05
2.961314e+02	9.334165e-05
3.023008e+02	9.385011e-05
3.084702e+02	9.436075e-05
3.146396e+02	9.487358e-05
3.208090e+02	9.538860e-05
3.269784e+02	9.590583e-05
3.331478e+02	9.642525e-05
3.393172e+02	9.694689e-05
3.454866e+02	9.747075e-05
3.516560e+02	9.799682e-05
3.578254e+02	9.852513e-05
3.639948e+02	9.905566e-05
3.701642e+02	9.958844e-05
3.763336e+02	1.001235e-04
3.825030e+02	1.006607e-04
3.886724e+02	1.012002e-04
3.948418e+02	1.017420e-04
4.010112e+02	1.022861e-04
4.071806e+02	1.028324e-04
4.133500e+02	1.033810e-04
4.195194e+02	1.039318e-04
4.256888e+02	1.044850e-04
4.318582e+02	1.050404e-04
4.380276e+02	1.055982e-04
4.441970e+02	1.061582e-04
4.503664e+02	1.067206e-04
4.565359e+02	1.072852e-04
4.627053e+02	1.078522e-04
4.688747e+02	1.084215e-04
4.750441e+02	1.089932e-04
4.812135e+02	1.095671e-04
4.873829e+02	1.101434e-04
4.935523e+02	1.107221e-04
4.997217e+02	1.113031e-04
5.058911e+02	1.118864e-04
5.120605e+02	1.124721e-04
5.182299e+02	1.130602e-04
5.243993e+02	1.136506e-04
5.305687e+02	1.142434e-04
5.367381e+02	1.148386e-04
5.429075e+02	1.154362e-04
5.490769e+02	1.160362e-04
5.552463e+02	1.166385e-04
5.614157e+02	1.172433e-04
5.675851e+02	1.178504e-04
5.737545e+02	1.184600e-04
5.799239e+02	1.190719e-04
5.860933e+02	1.196863e-04
5.922627e+02	1.203032e-04
5.984321e+02	1.209224e-04
6.046015e+02	1.215441e-04
6.107709e+02	1.221682e-04
6.169403e+02	1.227947e-04
6.231097e+02	1.234237e-04
6.292791e+02	1.240552e-04
6.354485e+02	1.246891e-04
6.416180e+02	1.253255e-04
6.477874e+02	1.259643e-04
6.539568e+02	1.266056e-04
6.601262e+02	1.272494e-04
6.662956e+02	1.278956e-04
6.724650e+02	1.285443e-04
6.786344e+02	1.291956e-04
6.848038e+02	1.298493e-04
6.909732e+02	1.305055e-04
6.971426e+02	1.311642e-04
7.033120e+02	1.318254e-04
7.094814e+02	1.324892e-04
7.156508e+02	1.331554e-04
7.218202e+02	1.338242e-04
7.279896e+02	1.344954e-04
7.341590e+02	1.351693e-04
7.403284e+02	1.358456e-04
7.464978e+02	1.365245e-04
7.526672e+02	1.372059e-04
7.588366e+02	1.378899e-04
7.650060e+02	1.385764e-04
7.711754e+02	1.392654e-04
7.773448e+02	1.399571e-04
7.835142e+02	1.406512e-04
7.896836e+02	1.413480e-04
7.958530e+02	1.420473e-04
8.020224e+02	1.427492e-04
8.081918e+02	1.434536e-04
8.143612e+02	1.441607e-04
8.205306e+02	1.448703e-04
8.267001e+02	1.455825e-04
8.328695e+02	1.462973e-04
8.390389e+02	1.470147e-04
8.452083e+02	1.477347e-04
8.513777e+02	1.484573e-04
8.575471e+02	1.491825e-04
8.637165e+02	1.499104e-04
8.698859e+02	1.506408e-04
8.760553e+02	1.513739e-04
8.822247e+02	1.521095e-04
8.883941e+02	1.528479e-04
8.945635e+02	1.535888e-04
9.007329e+02	1.543323e-04
9.069023e+02	1.550786e-04
9.130717e+02	1.558274e-04
9.192411e+02	1.565789e-04
9.254105e+02	1.573330e-04
9.315799e+02	1.580898e-04
9.377493e+02	1.588492e-04
9.439187e+02	1.596113e-04
9.500881e+02	1.603761e-04
9.562575e+02	1.611435e-04
9.624269e+02	1.619135e-04
9.685963e+02	1.626863e-04
9.747657e+02	1.634617e-04
9.809351e+02	1.642398e-04
9.871045e+02	1.650206e-04
9.932739e+02	1.658040e-04
9.994433e+02	1.665901e-04
1.005613e+03	1.673790e-04
1.011782e+03	1.681705e-04
1.017952e+03	1.689647e-04
1.024121e+03	1.697616e-04
1.030290e+03	1.705612e-04
1.036460e+03	1.713635e-04
1.042629e+03	1.721685e-04
1.048799e+03	1.729762e-04
1.054968e+03	1.737866e-04
1.061137e+03	1.745998e-04
1.067307e+03	1.754156e-04
1.073476e+03	1.762342e-04
1.079646e+03	1.770554e-04
1.085815e+03	1.778794e-04
1.091984e+03	1.787062e-04
1.098154e+03	1.795356e-04
1.104323e+03	1.803678e-04
1.110493e+03	1.812027e-04
1.116662e+03	1.820404e-04
1.122831e+03	1.828807e-04
1.129001e+03	1.837239e-04
1.135170e+03	1.845697e-04
1.141340e+03	1.854183e-04
1.147509e+03	1.862697e-04
1.153678e+03	1.871238e-04
1.159848e+03	1.879806e-04
1.166017e+03	1.888402e-04
1.172187e+03	1.897025e-04
1.178356e+03	1.905676e-04
1.184525e+03	1.914355e-04
1.190695e+03	1.923061e-04
1.196864e+03	1.931795e-04
1.203034e+03	1.940556e-04
1.209203e+03	1.949345e-04
1.215372e+03	1.958161e-04
1.221542e+03	1.967005e-04
1.227711e+03	1.975877e-04
1.233881e+03	1.984777e-04
1.240050e+03	1.993704e-04
1.246219e+03	2.002659e-04
1.252389e+03	2.011641e-04
1.258558e+03	2.020652e-04
1.264728e+03	2.029690e-04
1.270897e+03	2.038756e-04
1.277066e+03	2.047849e-04
1.283236e+03	2.056971e-04
1.289405e+03	2.066120e-04
1.295575e+03	2.075297e-04
1.301744e+03	2.084502e-04
1.307914e+03	2.093734e-04
1.314083e+03	2.102994e-04
1.320252e+03	2.112283e-04
1.326422e+03	2.121599e-04
1.332591e+03	2.130943e-04
1.338761e+03	2.140314e-04
1.344930e+03	2.149714e-04
1.351099e+03	2.159142e-04
1.357269e+03	2.168597e-04
1.363438e+03	2.178080e-04
1.369608e+03	2.187591e-04
1.375777e+03	2.197130e-04
1.381946e+03	2.206697e-04
1.388116e+03	2.216292e-04
1.394285e+03	2.225914e-04
1.400455e+03	2.235565e-04
1.406624e+03	2.245243e-04
1.412793e+03	2.254949e-04
1.418963e+03	2.264684e-04
1.425132e+03	2.274446e-04
1.431302e+03	2.284236e-04
1.437471e+03	2.294053e-04
1.443640e+03	2.303899e-04
1.449810e+03	2.313773e-04
1.455979e+03	2.323674e-04
1.462149e+03	2.333603e-04
1.468318e+03	2.343560e-04
1.474487e+03	2.353545e-04
1.480657e+03	2.363558e-04
1.486826e+03	2.373599e-04
1.492996e+03	2.383667e-04
1.499165e+03	2.393764e-04
1.505334e+03	2.403888e-04
1.511504e+03	2.414040e-04
1.517673e+03	2.424220e-04
1.523843e+03	2.434427e-04
1.530012e+03	2.444663e-04
1.536181e+03	2.454926e-04
1.542351e+03	2.465217e-04
1.548520e+03	2.475536e-04
1.554690e+03	2.485882e-04
1.560859e+03	2.496256e-04
1.567028e+03	2.506658e-04
1.573198e+03	2.517088e-04
1.579367e+03	2.527545e-04
1.585537e+03	2.538030e-04
1.591706e+03	2.548542e-04
1.597875e+03	2.559083e-04
1.604045e+03	2.569651e-04
1.610214e+03	2.580246e-04
1.616384e+03	2.590869e-04
1.622553e+03	2.601520e-04
1.628722e+03	2.612198e-04
1.634892e+03	2.622903e-04
1.641061e+03	2.633637e-04
1.647231e+03	2.644397e-04
1.653400e+03	2.655185e-04
1.659570e+03	2.666001e-04
1.665739e+03	2.676844e-04
1.671908e+03	2.687714e-04
1.678078e+03	2.698612e-04
1.684247e+03	2.709537e-04
1.690417e+03	2.720489e-04
1.696586e+03	2.731469e-04
1.702755e+03	2.742476e-04
1.708925e+03	2.753510e-04
1.715094e+03	2.764572e-04
1.721264e+03	2.775660e-04
1.727433e+03	2.786776e-04
1.733602e+03	2.797919e-04
1.739772e+03	2.809089e-04
1.745941e+03	2.820286e-04
1.752111e+03	2.831510e-04
1.758280e+03	2.842761e-04
1.764449e+03	2.854039e-04
1.770619e+03	2.865344e-04
1.776788e+03	2.876676e-04
1.782958e+03	2.888035e-04
1.789127e+03	2.899420e-04
1.795296e+03	2.910833e-04
1.801466e+03	2.922272e-04
1.807635e+03	2.933738e-04
1.813805e+03	2.945230e-04
1.819974e+03	2.956749e-04
1.826143e+03	2.968295e-04
1.832313e+03	2.979868e-04
1.838482e+03	2.991466e-04
1.844652e+03	3.003092e-04
1.850821e+03	3.014744e-04
1.856990e+03	3.026422e-04
1.863160e+03	3.038126e-04
1.869329e+03	3.049857e-04
1.875499e+03	3.061614e-04
1.881668e+03	3.073398e-04
1.887837e+03	3.085207e-04
1.894007e+03	3.097043e-04
1.900176e+03	3.108904e-04
1.906346e+03	3.120792e-04
1.912515e+03	3.132706e-04
1.918684e+03	3.144646e-04
1.924854e+03	3.156611e-04
1.931023e+03	3.168603e-04
1.937193e+03	3.180620e-04
1.943362e+03	3.192663e-04
1.949531e+03	3.204731e-04
1.955701e+03	3.216825e-04
1.961870e+03	3.228945e-04
1.968040e+03	3.241091e-04
1.974209e+03	3.253261e-04
1.980378e+03	3.265458e-04
1.986548e+03	3.277679e-04
1.992717e+03	3.289926e-04
1.998887e+03	3.302198e-04
2.005056e+03	3.314495e-04
2.011226e+03	3.326817e-04
2.017395e+03	3.339165e-04
2.023564e+03	3.351537e-04
2.029734e+03	3.363935e-04
2.035903e+03	3.376357e-04
2.042073e+03	3.388804e-04
2.048242e+03	3.401276e-04
2.054411e+03	3.413772e-04
2.060581e+03	3.426293e-04
2.066750e+03	3.438839e-04
2.072920e+03	3.451409e-04
2.079089e+03	3.464003e-04
2.085258e+03	3.476622e-04
2.091428e+03	3.489265e-04
2.097597e+03	3.501933e-04
2.103767e+03	3.514624e-04
2.109936e+03	3.527340e-04
2.116105e+03	3.540079e-04
2.122275e+03	3.552843e-04
2.128444e+03	3.565630e-04
2.134614e+03	3.578441e-04
2.140783e+03	3.591276e-04
2.146952e+03	3.604135e-04
2.153122e+03	3.617017e-04
2.159291e+03	3.629922e-04
2.165461e+03	3.642851e-04
2.171630e+03	3.655803e-04
2.177799e+03	3.668779e-04
2.183969e+03	3.681778e-04
2.190138e+03	3.694799e-04
2.196308e+03	3.707844e-04
2.202477e+03	3.720912e-04
2.208646e+03	3.734002e-04
2.214816e+03	3.747116e-04
2.220985e+03	3.760252e-04
2.227155e+03	3.773410e-04
2.233324e+03	3.786591e-04
2.239493e+03	3.799795e-04
2.245663e+03	3.813021e-04
2.251832e+03	3.826269e-04
2.258002e+03	3.839539e-04
2.264171e+03	3.852832e-04
2.270340e+03	3.866146e-04
2.276510e+03	3.879482e-04
2.282679e+03	3.892840e-04
2.288849e+03	3.906220e-04
2.295018e+03	3.919621e-04
2.301187e+03	3.933044e-04
2.307357e+03	3.946489e-04
2.313526e+03	3.959954e-04
2.319696e+03	3.973441e-04
2.325865e+03	3.986950e-04
2.332034e+03	4.000479e-04
2.338204e+03	4.014029e-04
2.344373e+03	4.027600e-04
2.350543e+03	4.041192e-04
2.356712e+03	4.054804e-04
2.362881e+03	4.068437e-04
2.369051e+03	4.082090e-04
2.375220e+03	4.095764e-04
2.381390e+03	4.109458e-04
2.387559e+03	4.123173e-04
2.393729e+03	4.136907e-04
2.399898e+03	4.150661e-04
2.406067e+03	4.164435e-04
2.412237e+03	4.178229e-04
2.418406e+03	4.192043e-04
2.424576e+03	4.205876e-04
2.430745e+03	4.219728e-04
2.436914e+03	4.233600e-04
2.443084e+03	4.247491e-04
2.449253e+03	4.261401e-04
2.455423e+03	4.275330e-04
2.461592e+03	4.289277e-04
2.467761e+03	4.303244e-04
2.473931e+03	4.317229e-04
2.480100e+03	4.331233e-04
2.486270e+03	4.345255e-04
2.492439e+03	4.359296e-04
2.498608e+03	4.373355e-04
2.504778e+03	4.387431e-04
2.510947e+03	4.401526e-04
2.517117e+03	4.415639e-04
2.523286e+03	4.429769e-04
2.529455e+03	4.443917e-04
2.535625e+03	4.458082e-04
2.541794e+03	4.472265e-04
2.547964e+03	4.486465e-04
2.554133e+03	4.500682e-04
2.560302e+03	4.514916e-04
2.566472e+03	4.529167e-04
2.572641e+03	4.543434e-04
2.578811e+03	4.557719e-04
2.584980e+03	4.572019e-04
2.591149e+03	4.586337e-04
2.597319e+03	4.600670e-04
2.603488e+03	4.615019e-04
2.609658e+03	4.629385e-04
2.615827e+03	4.643766e-04
2.621996e+03	4.658163e-04
2.628166e+03	4.672576e-04
2.634335e+03	4.687004e-04
2.640505e+03	4.701447e-04
2.646674e+03	4.715906e-04
2.652843e+03	4.730380e-04
2.659013e+03	4.744868e-04
2.665182e+03	4.759372e-04
2.671352e+03	4.773890e-04
2.677521e+03	4.788422e-04
2.683690e+03	4.802969e-04
2.689860e+03	4.817531e-04
2.696029e+03	4.832106e-04
2.702199e+03	4.846695e-04
2.708368e+03	4.861298e-04
2.714537e+03	4.875915e-04
2.720707e+03	4.890546e-04
2.726876e+03	4.905189e-04
2.733046e+03	4.919846e-04
2.739215e+03	4.934517e-04
2.745385e+03	4.949200e-04
2.751554e+03	4.963896e-04
2.757723e+03	4.978605e-04
2.763893e+03	4.993326e-04
2.770062e+03	5.008059e-04
2.776232e+03	5.022805e-04
2.782401e+03	5.037563e-04
2.788570e+03	5.052333e-04
2.794740e+03	5.067115e-04
2.800909e+03	5.081909e-04
2.807079e+03	5.096714e-04
2.813248e+03	5.111530e-04
2.819417e+03	5.126358e-04
2.825587e+03	5.141196e-04
2.831756e+03	5.156046e-04
2.837926e+03	5.170906e-04
2.844095e+03	5.185777e-04
2.850264e+03	5.200658e-04
2.856434e+03	5.215550e-04
2.862603e+03	5.230451e-04
2.868773e+03	5.245363e-04
2.874942e+03	5.260285e-04
2.881111e+03	5.275216e-04
2.887281e+03	5.290156e-04
2.893450e+03	5.305106e-04
2.899620e+03	5.320066e-04
2.905789e+03	5.335034e-04
2.911958e+03	5.350011e-04
2.918128e+03	5.364997e-04
2.924297e+03	5.379991e-04
2.930467e+03	5.394994e-04
2.936636e+03	5.410004e-04
2.942805e+03	5.425023e-04
2.948975e+03	5.440050e-04
2.955144e+03	5.455085e-04
2.961314e+03	5.470127e-04
2.967483e+03	5.485176e-04
2.973652e+03	5.500233e-04
2.979822e+03	5.515297e-04
2.985991e+03	5.530367e-04
2.992161e+03	5.545445e-04
2.998330e+03	5.560529e-04
3.004499e+03	5.575619e-04
3.010669e+03	5.590715e-04
3.016838e+03	5.605818e-04
3.023008e+03	5.620926e-04
3.029177e+03	5.636040e-04
3.035346e+03	5.651160e-04
3.041516e+03	5.666285e-04
3.047685e+03	5.681415e-04
3.053855e+03	5.696550e-04
3.060024e+03	5.711690e-04
3.066193e+03	5.726834e-04
3.072363e+03	5.741983e-04
3.078532e+03	5.757137e-04
3.084702e+03	5.772294e-04
3.090871e+03	5.787455e-04
3.097040e+03	5.802620e-04
3.103210e+03	5.817789e-04
3.109379e+03	5.832961e-04
3.115549e+03	5.848136e-04
3.121718e+03	5.863315e-04
3.127888e+03	5.878496e-04
3.134057e+03	5.893680e-04
3.140226e+03	5.908866e-04
3.146396e+03	5.924055e-04
3.152565e+03	5.939246e-04
3.158735e+03	5.954438e-04
3.164904e+03	5.969633e-04
3.171073e+03	5.984829e-04
3.177243e+03	6.000026e-04
3.183412e+03	6.015225e-04
3.189582e+03	6.030425e-04
3.195751e+03	6.045625e-04
3.201920e+03	6.060826e-04
3.208090e+03	6.076028e-04
3.214259e+03	6.091230e-04
3.220429e+03	6.106432e-04
3.226598e+03	6.121634e-04
3.232767e+03	6.136835e-04
3.238937e+03	6.152036e-04
3.245106e+03	6.167237e-04
3.251276e+03	6.182436e-04
3.257445e+03	6.197634e-04
3.263614e+03	6.212832e-04
3.269784e+03	6.228027e-04
3.275953e+03	6.243222e-04
3.282123e+03	6.258414e-04
3.288292e+03	6.273604e-04
3.294461e+03	6.288792e-04
3.300631e+03	6.303978e-04
3.306800e+03	6.319161e-04
3.312970e+03	6.334341e-04
3.319139e+03	6.349518e-04
3.325308e+03	6.364692e-04
3.331478e+03	6.379863e-04
3.337647e+03	6.395030e-04
3.343817e+03	6.410193e-04
3.349986e+03	6.425352e-04
3.356155e+03	6.440508e-04
3.362325e+03	6.455658e-04
3.368494e+03	6.470804e-04
3.374664e+03	6.485946e-04
3.380833e+03	6.501082e-04
3.387002e+03	6.516213e-04
3.393172e+03	6.531339e-04
3.399341e+03	6.546460e-04
3.405511e+03	6.561574e-04
3.411680e+03	6.576683e-04
3.417849e+03	6.591785e-04
3.424019e+03	6.606881e-04
3.430188e+03	6.621970e-04
3.436358e+03	6.637053e-04
3.442527e+03	6.652128e-04
3.448696e+03	6.667197e-04
3.454866e+03	6.682258e-04
3.461035e+03	6.697311e-04
3.467205e+03	6.712356e-04
3.473374e+03	6.727394e-04
3.479544e+03	6.742423e-04
3.485713e+03	6.757444e-04
3.491882e+03	6.772456e-04
3.498052e+03	6.787460e-04
3.504221e+03	6.802454e-04
3.510391e+03	6.817439e-04
3.516560e+03	6.832415e-04
3.522729e+03	6.847381e-04
3.528899e+03	6.862337e-04
3.535068e+03	6.877283e-04
3.541238e+03	6.892219e-04
3.547407e+03	6.907144e-04
3.553576e+03	6.922059e-04
3.559746e+03	6.936963e-04
3.565915e+03	6.951855e-04
3.572085e+03	6.966737e-04
3.578254e+03	6.981606e-04
3.584423e+03	6.996464e-04
3.590593e+03	7.011310e-04
3.596762e+03	7.026144e-04
3.602932e+03	7.040965e-04
3.609101e+03	7.055774e-04
3.615270e+03	7.070570e-04
3.621440e+03	7.085353e-04
3.627609e+03	7.100123e-04
3.633779e+03	7.114880e-04
3.639948e+03	7.129622e-04
3.646117e+03	7.144351e-04
3.652287e+03	7.159066e-04
3.658456e+03	7.173766e-04
3.664626e+03	7.188453e-04
3.670795e+03	7.203124e-04
3.676964e+03	7.217780e-04
3.683134e+03	7.232422e-04
3.689303e+03	7.247047e-04
3.695473e+03	7.261658e-04
3.701642e+03	7.276252e-04
3.707811e+03	7.290831e-04
3.713981e+03	7.305394e-04
3.720150e+03	7.319940e-04
3.726320e+03	7.334469e-04
3.732489e+03	7.348982e-04
3.738658e+03	7.363477e-04
3.744828e+03	7.377955e-04
3.750997e+03	7.392416e-04
3.757167e+03	7.406859e-04
3.763336e+03	7.421284e-04
3.769505e+03	7.435691e-04
3.775675e+03	7.450080e-04
3.781844e+03	7.464450e-04
3.788014e+03	7.478802e-04
3.794183e+03	7.493134e-04
3.800352e+03	7.507447e-04
3.806522e+03	7.521741e-04
3.812691e+03	7.536015e-04
3.818861e+03	7.550270e-04
3.825030e+03	7.564504e-04
3.831199e+03	7.578718e-04
3.837369e+03	7.592911e-04
3.843538e+03	7.607084e-04
3.849708e+03	7.621236e-04
3.855877e+03	7.635367e-04
3.862047e+03	7.649476e-04
3.868216e+03	7.663564e-04
3.874385e+03	7.677630e-04
3.880555e+03	7.691674e-04
3.886724e+03	7.705696e-04
3.892894e+03	7.719696e-04
3.899063e+03	7.733673e-04
3.905232e+03	7.747627e-04
3.911402e+03	7.761558e-04
3.917571e+03	7.775465e-04
3.923741e+03	7.789350e-04
3.929910e+03	7.803210e-04
3.936079e+03	7.817047e-04
3.942249e+03	7.830859e-04
3.948418e+03	7.844647e-04
3.954588e+03	7.858411e-04
3.960757e+03	7.872149e-04
3.966926e+03	7.885863e-04
3.973096e+03	7.899551e-04
3.979265e+03	7.913215e-04
3.985435e+03	7.926852e-04
3.991604e+03	7.940464e-04
3.997773e+03	7.954049e-04
4.003943e+03	7.967608e-04
4.010112e+03	7.981141e-04
4.016282e+03	7.994647e-04
4.022451e+03	8.008126e-04
4.028620e+03	8.021578e-04
4.034790e+03	8.035003e-04
4.040959e+03	8.048400e-04
4.047129e+03	8.061769e-04
4.053298e+03	8.075111e-04
4.059467e+03	8.088424e-04
4.065637e+03	8.101709e-04
4.071806e+03	8.114965e-04
4.077976e+03	8.128192e-04
4.084145e+03	8.141390e-04
4.090314e+03	8.154559e-04
4.096484e+03	8.167699e-04
4.102653e+03	8.180809e-04
4.108823e+03	8.193889e-04
4.114992e+03	8.206939e-04
4.121161e+03	8.219958e-04
4.127331e+03	8.232947e-04
4.133500e+03	8.245906e-04
4.139670e+03	8.258833e-04
4.145839e+03	8.271729e-04
4.152008e+03	8.284594e-04
4.158178e+03	8.297428e-04
4.164347e+03	8.310229e-04
4.170517e+03	8.322999e-04
4.176686e+03	8.335736e-04
4.182855e+03	8.348441e-04
4.189025e+03	8.361114e-04
4.195194e+03	8.373753e-04
4.201364e+03	8.386360e-04
4.207533e+03	8.398933e-04
4.213703e+03	8.411473e-04
4.219872e+03	8.423979e-04
4.226041e+03	8.436452e-04
4.232211e+03	8.448890e-04
4.238380e+03	8.461294e-04
4.244550e+03	8.473664e-04
4.250719e+03	8.485999e-04
4.256888e+03	8.498299e-04
4.263058e+03	8.510564e-04
4.269227e+03	8.522794e-04
4.275397e+03	8.534988e-04
4.281566e+03	8.547147e-04
4.287735e+03	8.559270e-04
4.293905e+03	8.571357e-04
4.300074e+03	8.583407e-04
4.306244e+03	8.595421e-04
4.312413e+03	8.607398e-04
4.318582e+03	8.619339e-04
4.324752e+03	8.631242e-04
4.330921e+03	8.643108e-04
4.337091e+03	8.654936e-04
4.343260e+03	8.666727e-04
4.349429e+03	8.678480e-04
4.355599e+03	8.690195e-04
4.361768e+03	8.701872e-04
4.367938e+03	8.713510e-04
4.374107e+03	8.725109e-04
4.380276e+03	8.736670e-04
4.386446e+03	8.748192e-04
4.392615e+03	8.759674e-04
4.398785e+03	8.771117e-04
4.404954e+03	8.782520e-04
4.411123e+03	8.793883e-04
4.417293e+03	8.805207e-04
4.423462e+03	8.816490e-04
4.429632e+03	8.827733e-04
4.435801e+03	8.838935e-04
4.441970e+03	8.850096e-04
4.448140e+03	8.861217e-04
4.454309e+03	8.872296e-04
4.460479e+03	8.883334e-04
4.466648e+03	8.894330e-04
4.472817e+03	8.905285e-04
4.478987e+03	8.916197e-04
4.485156e+03	8.927068e-04
4.491326e+03	8.937896e-04
4.497495e+03	8.948682e-04
4.503664e+03	8.959425e-04
4.509834e+03	8.970125e-04
4.516003e+03	8.980782e-04
4.522173e+03	8.991396e-04
4.528342e+03	9.001967e-04
4.534511e+03	9.012494e-04
4.540681e+03	9.022977e-04
4.546850e+03	9.033416e-04
4.553020e+03	9.043811e-04
4.559189e+03	9.054162e-04
4.565359e+03	9.064468e-04
4.571528e+03	9.074730e-04
4.577697e+03	9.084947e-04
4.583867e+03	9.095118e-04
4.590036e+03	9.105245e-04
4.596206e+03	9.115326e-04
4.602375e+03	9.125362e-04
4.608544e+03	9.135351e-04
4.614714e+03	9.145295e-04
4.620883e+03	9.155193e-04
4.627053e+03	9.165045e-04
4.633222e+03	9.174850e-04
4.639391e+03	9.184609e-04
4.645561e+03	9.194321e-04
4.651730e+03	9.203986e-04
4.657900e+03	9.213603e-04
4.664069e+03	9.223174e-04
4.670238e+03	9.232697e-04
4.676408e+03	9.242172e-04
4.682577e+03	9.251600e-04
4.688747e+03	9.260980e-04
4.694916e+03	9.270311e-04
4.701085e+03	9.279595e-04
4.707255e+03	9.288830e-04
4.713424e+03	9.298016e-04
4.719594e+03	9.307154e-04
4.725763e+03	9.316242e-04
4.731932e+03	9.325282e-04
4.738102e+03	9.334272e-04
4.744271e+03	9.343213e-04
4.750441e+03	9.352104e-04
4.756610e+03	9.360946e-04
4.762779e+03	9.369738e-04
4.768949e+03	9.378479e-04
4.775118e+03	9.387171e-04
4.781288e+03	9.395812e-04
4.787457e+03	9.404403e-04
4.793626e+03	9.412943e-04
4.799796e+03	9.421432e-04
4.805965e+03	9.429870e-04
4.812135e+03	9.438257e-04
4.818304e+03	9.446593e-04
4.824473e+03	9.454878e-04
4.830643e+03	9.463111e-04
4.836812e+03	9.471292e-04
4.842982e+03	9.479421e-04
4.849151e+03	9.487499e-04
4.855320e+03	9.495524e-04
4.861490e+03	9.503497e-04
4.867659e+03	9.511418e-04
4.873829e+03	9.519286e-04
4.879998e+03	9.527101e-04
4.886167e+03	9.534864e-04
4.892337e+03	9.542573e-04
4.898506e+03	9.550229e-04
4.904676e+03	9.557832e-04
4.910845e+03	9.565382e-04
4.917014e+03	9.572878e-04
4.923184e+03	9.580321e-04
4.929353e+03	9.587709e-04
4.935523e+03	9.595044e-04
4.941692e+03	9.602325e-04
4.947862e+03	9.609551e-04
4.954031e+03	9.616723e-04
4.960200e+03	9.623841e-04
4.966370e+03	9.630904e-04
4.972539e+03	9.637912e-04
4.978709e+03	9.644866e-04
4.984878e+03	9.651764e-04
4.991047e+03	9.658608e-04
4.997217e+03	9.665396e-04
5.003386e+03	9.672129e-04
5.009556e+03	9.678806e-04
5.015725e+03	9.685428e-04
5.021894e+03	9.691994e-04
5.028064e+03	9.698505e-04
5.034233e+03	9.704959e-04
5.040403e+03	9.711357e-04
5.046572e+03	9.717699e-04
5.052741e+03	9.723985e-04
5.058911e+03	9.730214e-04
5.065080e+03	9.736387e-04
5.071250e+03	9.742503e-04
5.077419e+03	9.748563e-04
5.083588e+03	9.754565e-04
5.089758e+03	9.760511e-04
5.095927e+03	9.766400e-04
5.102097e+03	9.772231e-04
5.108266e+03	9.778005e-04
5.114435e+03	9.783722e-04
5.120605e+03	9.789381e-04
5.126774e+03	9.794982e-04
5.132944e+03	9.800526e-04
5.139113e+03	9.806012e-04
5.145282e+03	9.811440e-04
5.151452e+03	9.816811e-04
5.157621e+03	9.822123e-04
5.163791e+03	9.827376e-04
5.169960e+03	9.832572e-04
5.176129e+03	9.837709e-04
5.182299e+03	9.842788e-04
5.188468e+03	9.847808e-04
5.194638e+03	9.852769e-04
5.200807e+03	9.857671e-04
5.206976e+03	9.862515e-04
5.213146e+03	9.867300e-04
5.219315e+03	9.872026e-04
5.225485e+03	9.876692e-04
5.231654e+03	9.881300e-04
5.237823e+03	9.885848e-04
5.243993e+03	9.890336e-04
5.250162e+03	9.894766e-04
5.256332e+03	9.899135e-04
5.262501e+03	9.903446e-04
5.268670e+03	9.907696e-04
5.274840e+03	9.911886e-04
5.281009e+03	9.916017e-04
5.287179e+03	9.920088e-04
5.293348e+03	9.924099e-04
5.299518e+03	9.928050e-04
5.305687e+03	9.931940e-04
5.311856e+03	9.935770e-04
5.318026e+03	9.939540e-04
5.324195e+03	9.943250e-04
5.330365e+03	9.946899e-04
5.336534e+03	9.950488e-04
5.342703e+03	9.954016e-04
5.348873e+03	9.957484e-04
5.355042e+03	9.960890e-04
5.361212e+03	9.964236e-04
5.367381e+03	9.967522e-04
5.373550e+03	9.970746e-04
5.379720e+03	9.973909e-04
5.385889e+03	9.977012e-04
5.392059e+03	9.980053e-04
5.398228e+03	9.983033e-04
5.404397e+03	9.985952e-04
5.410567e+03	9.988810e-04
5.416736e+03	9.991606e-04
5.422906e+03	9.994341e-04
5.429075e+03	9.997015e-04
5.435244e+03	9.999627e-04
5.441414e+03	1.000218e-03
5.447583e+03	1.000467e-03
5.453753e+03	1.000710e-03
5.459922e+03	1.000946e-03
5.466091e+03	1.001177e-03
5.472261e+03	1.001401e-03
5.478430e+03	1.001619e-03
5.484600e+03	1.001831e-03
5.490769e+03	1.002037e-03
5.496938e+03	1.002236e-03
5.503108e+03	1.002429e-03
5.509277e+03	1.002617e-03
5.515447e+03	1.002798e-03
5.521616e+03	1.002972e-03
5.527785e+03	1.003141e-03
5.533955e+03	1.003303e-03
5.540124e+03	1.003459e-03
5.546294e+03	1.003609e-03
5.552463e+03	1.003753e-03
5.558632e+03	1.003891e-03
5.564802e+03	1.004022e-03
5.570971e+03	1.004147e-03
5.577141e+03	1.004266e-03
5.583310e+03	1.004378e-03
5.589479e+03	1.004485e-03
5.595649e+03	1.004585e-03
5.601818e+03	1.004679e-03
5.607988e+03	1.004766e-03
5.614157e+03	1.004848e-03
5.620326e+03	1.004923e-03
5.626496e+03	1.004992e-03
5.632665e+03	1.005054e-03
5.638835e+03	1.005111e-03
5.645004e+03	1.005161e-03
5.651173e+03	1.005205e-03
5.657343e+03	1.005243e-03
5.663512e+03	1.005274e-03
5.669682e+03	1.005300e-03
5.675851e+03	1.005318e-03
5.682021e+03	1.005331e-03
5.688190e+03	1.005338e-03
5.694359e+03	1.005338e-03
5.700529e+03	1.005332e-03
5.706698e+03	1.005320e-03
5.712868e+03	1.005301e-03
5.719037e+03	1.005276e-03
5.725206e+03	1.005245e-03
5.731376e+03	1.005208e-03
5.737545e+03	1.005165e-03
5.743715e+03	1.005115e-03
5.749884e+03	1.005059e-03
5.756053e+03	1.004997e-03
5.762223e+03	1.004928e-03
5.768392e+03	1.004853e-03
5.774562e+03	1.004772e-03
5.780731e+03	1.004685e-03
5.786900e+03	1.004592e-03
5.793070e+03	1.004492e-03
5.799239e+03	1.004386e-03
5.805409e+03	1.004274e-03
5.811578e+03	1.004156e-03
5.817747e+03	1.004031e-03
5.823917e+03	1.003900e-03
5.830086e+03	1.003763e-03
5.836256e+03	1.003620e-03
5.842425e+03	1.003471e-03
5.848594e+03	1.003315e-03
5.854764e+03	1.003153e-03
5.860933e+03	1.002985e-03
5.867103e+03	1.002811e-03
5.873272e+03	1.002630e-03
5.879441e+03	1.002443e-03
5.885611e+03	1.002250e-03
5.891780e+03	1.002051e-03
5.897950e+03	1.001846e-03
5.904119e+03	1.001635e-03
5.910288e+03	1.001417e-03
5.916458e+03	1.001193e-03
5.922627e+03	1.000963e-03
5.928797e+03	1.000727e-03
5.934966e+03	1.000485e-03
5.941135e+03	1.000236e-03
5.947305e+03	9.999816e-04
5.953474e+03	9.997208e-04
5.959644e+03	9.994539e-04
5.965813e+03	9.991808e-04
5.971982e+03	9.989016e-04
5.978152e+03	9.986163e-04
5.984321e+03	9.983248e-04
5.990491e+03	9.980273e-04
5.996660e+03	9.977236e-04
6.002829e+03	9.974138e-04
6.008999e+03	9.970979e-04
6.015168e+03	9.967759e-04
6.021338e+03	9.964479e-04
6.027507e+03	9.961137e-04
6.033677e+03	9.957735e-04
6.039846e+03	9.954272e-04
6.046015e+03	9.950748e-04
6.052185e+03	9.947164e-04
6.058354e+03	9.943519e-04
6.064524e+03	9.939814e-04
6.070693e+03	9.936048e-04
6.076862e+03	9.932222e-04
6.083032e+03	9.928336e-04
6.089201e+03	9.924390e-04
6.095371e+03	9.920383e-04
6.101540e+03	9.916317e-04
6.107709e+03	9.912191e-04
6.113879e+03	9.908004e-04
6.120048e+03	9.903758e-04
6.126218e+03	9.899453e-04
6.132387e+03	9.895087e-04
6.138556e+03	9.890662e-04
6.144726e+03	9.886178e-04
6.150895e+03	9.881634e-04
6.157065e+03	9.877031e-04
6.163234e+03	9.872369e-04
6.169403e+03	9.867647e-04
6.175573e+03	9.862867e-04
6.181742e+03	9.858028e-04
6.187912e+03	9.853129e-04
6.194081e+03	9.848172e-04
6.200250e+03	9.843157e-04
6.206420e+03	9.838082e-04
6.212589e+03	9.832949e-04
6.218759e+03	9.827758e-04
6.224928e+03	9.822509e-04
6.231097e+03	9.817201e-04
6.237267e+03	9.811835e-04
6.243436e+03	9.806411e-04
6.249606e+03	9.800929e-04
6.255775e+03	9.795390e-04
6.261944e+03	9.789792e-04
6.268114e+03	9.784137e-04
6.274283e+03	9.778425e-04
6.280453e+03	9.772655e-04
6.286622e+03	9.766828e-04
6.292791e+03	9.760944e-04
6.298961e+03	9.755002e-04
6.305130e+03	9.749004e-04
6.311300e+03	9.742948e-04
6.317469e+03	9.736836e-04
6.323638e+03	9.730668e-04
6.329808e+03	9.724442e-04
6.335977e+03	9.718161e-04
6.342147e+03	9.711823e-04
6.348316e+03	9.705429e-04
6.354485e+03	9.698978e-04
6.360655e+03	9.692472e-04
6.366824e+03	9.685910e-04
6.372994e+03	9.679292e-04
6.379163e+03	9.672619e-04
6.385332e+03	9.665890e-04
6.391502e+03	9.659106e-04
6.397671e+03	9.652267e-04
6.403841e+03	9.645372e-04
6.410010e+03	9.638423e-04
6.416180e+03	9.631418e-04
6.422349e+03	9.624359e-04
6.428518e+03	9.617246e-04
6.434688e+03	9.610077e-04
6.440857e+03	9.602855e-04
6.447027e+03	9.595578e-04
6.453196e+03	9.588248e-04
6.459365e+03	9.580863e-04
6.465535e+03	9.573424e-04
6.471704e+03	9.565932e-04
6.477874e+03	9.558386e-04
6.484043e+03	9.550787e-04
6.490212e+03	9.543135e-04
6.496382e+03	9.535429e-04
6.502551e+03	9.527670e-04
6.508721e+03	9.519859e-04
6.514890e+03	9.511995e-04
6.521059e+03	9.504078e-04
6.527229e+03	9.496109e-04
6.533398e+03	9.488087e-04
6.539568e+03	9.480014e-04
6.545737e+03	9.471888e-04
6.551906e+03	9.463711e-04
6.558076e+03	9.455482e-04
6.564245e+03	9.447201e-04
6.570415e+03	9.438869e-04
6.576584e+03	9.430485e-04
6.582753e+03	9.422051e-04
6.588923e+03	9.413565e-04
6.595092e+03	9.405029e-04
6.601262e+03	9.396442e-04
6.607431e+03	9.387804e-04
6.613600e+03	9.379117e-04
6.619770e+03	9.370379e-04
6.625939e+03	9.361590e-04
6.632109e+03	9.352753e-04
6.638278e+03	9.343865e-04
6.644447e+03	9.334928e-04
6.650617e+03	9.325941e-04
6.656786e+03	9.316905e-04
6.662956e+03	9.307820e-04
6.669125e+03	9.298686e-04
6.675294e+03	9.289503e-04
6.681464e+03	9.280272e-04
6.687633e+03	9.270992e-04
6.693803e+03	9.261664e-04
6.699972e+03	9.252288e-04
6.706141e+03	9.242863e-04
6.712311e+03	9.233391e-04
6.718480e+03	9.223872e-04
6.724650e+03	9.214305e-04
6.730819e+03	9.204690e-04
6.736988e+03	9.195029e-04
6.743158e+03	9.185320e-04
6.749327e+03	9.175565e-04
6.755497e+03	9.165763e-04
6.761666e+03	9.155915e-04
6.767836e+03	9.146021e-04
6.774005e+03	9.136080e-04
6.780174e+03	9.126094e-04
6.786344e+03	9.116061e-04
6.792513e+03	9.105984e-04
6.798683e+03	9.095860e-04
6.804852e+03	9.085692e-04
6.811021e+03	9.075478e-04
6.817191e+03	9.065220e-04
6.823360e+03	9.054917e-04
6.829530e+03	9.044569e-04
6.835699e+03	9.034178e-04
6.841868e+03	9.023742e-04
6.848038e+03	9.013262e-04
6.854207e+03	9.002738e-04
6.860377e+03	8.992171e-04
6.866546e+03	8.981560e-04
6.872715e+03	8.970906e-04
6.878885e+03	8.960209e-04
6.885054e+03	8.949469e-04
6.891224e+03	8.938686e-04
6.897393e+03	8.927861e-04
6.903562e+03	8.916994e-04
6.909732e+03	8.906084e-04
6.915901e+03	8.895132e-04
6.922071e+03	8.884139e-04
6.928240e+03	8.873104e-04
6.934409e+03	8.862028e-04
6.940579e+03	8.850911e-04
6.946748e+03	8.839752e-04
6.952918e+03	8.828553e-04
6.959087e+03	8.817313e-04
6.965256e+03	8.806033e-04
6.971426e+03	8.794713e-04
6.977595e+03	8.783352e-04
6.983765e+03	8.771952e-04
6.989934e+03	8.760512e-04
6.996103e+03	8.749033e-04
7.002273e+03	8.737514e-04
7.008442e+03	8.725956e-04
7.014612e+03	8.714359e-04
7.020781e+03	8.702724e-04
7.026950e+03	8.691050e-04
7.033120e+03	8.679338e-04
7.039289e+03	8.667588e-04
7.045459e+03	8.655800e-04
7.051628e+03	8.643974e-04
7.057797e+03	8.632111e-04
7.063967e+03	8.620210e-04
7.070136e+03	8.608272e-04
7.076306e+03	8.596298e-04
7.082475e+03	8.584287e-04
7.088644e+03	8.572239e-04
7.094814e+03	8.560155e-04
7.100983e+03	8.548035e-04
7.107153e+03	8.535879e-04
7.113322e+03	8.523687e-04
7.119492e+03	8.511460e-04
7.125661e+03	8.499197e-04
7.131830e+03	8.486899e-04
7.138000e+03	8.474567e-04
7.144169e+03	8.462200e-04
7.150339e+03	8.449798e-04
7.156508e+03	8.437362e-04
7.162677e+03	8.424892e-04
7.168847e+03	8.412389e-04
7.175016e+03	8.399851e-04
7.181186e+03	8.387280e-04
7.187355e+03	8.374676e-04
7.193524e+03	8.362039e-04
7.199694e+03	8.349369e-04
7.205863e+03	8.336666e-04
7.212033e+03	8.323931e-04
7.218202e+03	8.311164e-04
7.224371e+03	8.298365e-04
7.230541e+03	8.285534e-04
7.236710e+03	8.272671e-04
7.242880e+03	8.259777e-04
7.249049e+03	8.246852e-04
7.255218e+03	8.233896e-04
7.261388e+03	8.220909e-04
7.267557e+03	8.207892e-04
7.273727e+03	8.194844e-04
7.279896e+03	8.181766e-04
7.286065e+03	8.168659e-04
7.292235e+03	8.155521e-04
7.298404e+03	8.142354e-04
7.304574e+03	8.129158e-04
7.310743e+03	8.115933e-04
7.316912e+03	8.102679e-04
7.323082e+03	8.089396e-04
7.329251e+03	8.076085e-04
7.335421e+03	8.062746e-04
7.341590e+03	8.049379e-04
7.347759e+03	8.035984e-04
7.353929e+03	8.022561e-04
7.360098e+03	8.009111e-04
7.366268e+03	7.995634e-04
7.372437e+03	7.982130e-04
7.378606e+03	7.968599e-04
7.384776e+03	7.955041e-04
7.390945e+03	7.941458e-04
7.397115e+03	7.927848e-04
7.403284e+03	7.914213e-04
7.409453e+03	7.900551e-04
7.415623e+03	7.886865e-04
7.421792e+03	7.873153e-04
7.427962e+03	7.859416e-04
7.434131e+03	7.845654e-04
7.440300e+03	7.831868e-04
7.446470e+03	7.818057e-04
7.452639e+03	7.804223e-04
7.458809e+03	7.790364e-04
7.464978e+03	7.776481e-04
7.471147e+03	7.762575e-04
7.477317e+03	7.748646e-04
7.483486e+03	7.734694e-04
7.489656e+03	7.720719e-04
7.495825e+03	7.706721e-04
7.501995e+03	7.692700e-04
7.508164e+03	7.678658e-04
7.514333e+03	7.664593e-04
7.520503e+03	7.650507e-04
7.526672e+03	7.636399e-04
7.532842e+03	7.622270e-04
7.539011e+03	7.608120e-04
7.545180e+03	7.593948e-04
7.551350e+03	7.579756e-04
7.557519e+03	7.565544e-04
7.563689e+03	7.551311e-04
7.569858e+03	7.537058e-04
7.576027e+03	7.522785e-04
7.582197e+03	7.508493e-04
7.588366e+03	7.494181e-04
7.594536e+03	7.479850e-04
7.600705e+03	7.465500e-04
7.606874e+03	7.451131e-04
7.613044e+03	7.436744e-04
7.619213e+03	7.422338e-04
7.625383e+03	7.407914e-04
7.631552e+03	7.393473e-04
7.637721e+03	7.379013e-04
7.643891e+03	7.364536e-04
7.650060e+03	7.350042e-04
7.656230e+03	7.335531e-04
7.662399e+03	7.321002e-04
7.668568e+03	7.306458e-04
7.674738e+03	7.291896e-04
7.680907e+03	7.277319e-04
7.687077e+03	7.262726e-04
7.693246e+03	7.248116e-04
7.699415e+03	7.233491e-04
7.705585e+03	7.218851e-04
7.711754e+03	7.204196e-04
7.717924e+03	7.189526e-04
7.724093e+03	7.174841e-04
7.730262e+03	7.160141e-04
7.736432e+03	7.145428e-04
7.742601e+03	7.130700e-04
7.748771e+03	7.115958e-04
7.754940e+03	7.101203e-04
7.761109e+03	7.086434e-04
7.767279e+03	7.071652e-04
7.773448e+03	7.056857e-04
7.779618e+03	7.042049e-04
7.785787e+03	7.027228e-04
7.791956e+03	7.012395e-04
7.798126e+03	6.997550e-04
7.804295e+03	6.982693e-04
7.810465e+03	6.967824e-04
7.816634e+03	6.952944e-04
7.822803e+03	6.938052e-04
7.828973e+03	6.923149e-04
7.835142e+03	6.908235e-04
7.841312e+03	6.893311e-04
7.847481e+03	6.878376e-04
7.853651e+03	6.863430e-04
7.859820e+03	6.848475e-04
7.865989e+03	6.833510e-04
7.872159e+03	6.818535e-04
7.878328e+03	6.803550e-04
7.884498e+03	6.788557e-04
7.890667e+03	6.773554e-04
7.896836e+03	6.758542e-04
7.903006e+03	6.743522e-04
7.909175e+03	6.728493e-04
7.915345e+03	6.713456e-04
7.921514e+03	6.698411e-04
7.927683e+03	6.683358e-04
7.933853e+03	6.668298e-04
7.940022e+03	6.653230e-04
7.946192e+03	6.638155e-04
7.952361e+03	6.623073e-04
7.958530e+03	6.607984e-04
7.964700e+03	6.592889e-04
7.970869e+03	6.577787e-04
7.977039e+03	6.562679e-04
7.983208e+03	6.547565e-04
7.989377e+03	6.532445e-04
7.995547e+03	6.517320e-04
8.001716e+03	6.502189e-04
8.007886e+03	6.487053e-04
8.014055e+03	6.471912e-04
8.020224e+03	6.456766e-04
8.026394e+03	6.441616e-04
8.032563e+03	6.426461e-04
8.038733e+03	6.411302e-04
8.044902e+03	6.396139e-04
8.051071e+03	6.380972e-04
8.057241e+03	6.365802e-04
8.063410e+03	6.350628e-04
8.069580e+03	6.335451e-04
8.075749e+03	6.320271e-04
8.081918e+03	6.305088e-04
8.088088e+03	6.289903e-04
8.094257e+03	6.274715e-04
8.100427e+03	6.259525e-04
8.106596e+03	6.244332e-04
8.112765e+03	6.229138e-04
8.118935e+03	6.213943e-04
8.125104e+03	6.198746e-04
8.131274e+03	6.183547e-04
8.137443e+03	6.168348e-04
8.143612e+03	6.153148e-04
8.149782e+03	6.137947e-04
8.155951e+03	6.122745e-04
8.162121e+03	6.107543e-04
8.168290e+03	6.092341e-04
8.174459e+03	6.077139e-04
8.180629e+03	6.061938e-04
8.186798e+03	6.046737e-04
8.192968e+03	6.031536e-04
8.199137e+03	6.016336e-04
8.205306e+03	6.001138e-04
8.211476e+03	5.985940e-04
8.217645e+03	5.970744e-04
8.223815e+03	5.955549e-04
8.229984e+03	5.940356e-04
8.236154e+03	5.925165e-04
8.242323e+03	5.909977e-04
8.248492e+03	5.894790e-04
8.254662e+03	5.879606e-04
8.260831e+03	5.864425e-04
8.267001e+03	5.849246e-04
8.273170e+03	5.834071e-04
8.279339e+03	5.818898e-04
8.285509e+03	5.803729e-04
8.291678e+03	5.788564e-04
8.297848e+03	5.773402e-04
8.304017e+03	5.758245e-04
8.310186e+03	5.743091e-04
8.316356e+03	5.727942e-04
8.322525e+03	5.712797e-04
8.328695e+03	5.697657e-04
8.334864e+03	5.682521e-04
8.341033e+03	5.667391e-04
8.347203e+03	5.652266e-04
8.353372e+03	5.637146e-04
8.359542e+03	5.622031e-04
8.365711e+03	5.606922e-04
8.371880e+03	5.591819e-04
8.378050e+03	5.576723e-04
8.384219e+03	5.561632e-04
8.390389e+03	5.546547e-04
8.396558e+03	5.531470e-04
8.402727e+03	5.516399e-04
8.408897e+03	5.501334e-04
8.415066e+03	5.486277e-04
8.421236e+03	5.471227e-04
8.427405e+03	5.456184e-04
8.433574e+03	5.441149e-04
8.439744e+03	5.426122e-04
8.445913e+03	5.411102e-04
8.452083e+03	5.396091e-04
8.458252e+03	5.381088e-04
8.464421e+03	5.366093e-04
8.470591e+03	5.351106e-04
8.476760e+03	5.336129e-04
8.482930e+03	5.321160e-04
8.489099e+03	5.306200e-04
8.495268e+03	5.291249e-04
8.501438e+03	5.276308e-04
8.507607e+03	5.261376e-04
8.513777e+03	5.246454e-04
8.519946e+03	5.231541e-04
8.526115e+03	5.216639e-04
8.532285e+03	5.201747e-04
8.538454e+03	5.186864e-04
8.544624e+03	5.171993e-04
8.550793e+03	5.157132e-04
8.556962e+03	5.142282e-04
8.563132e+03	5.127442e-04
8.569301e+03	5.112614e-04
8.575471e+03	5.097797e-04
8.581640e+03	5.082991e-04
8.587810e+03	5.068197e-04
8.593979e+03	5.053414e-04
8.600148e+03	5.038643e-04
8.606318e+03	5.023884e-04
8.612487e+03	5.009137e-04
8.618657e+03	4.994403e-04
8.624826e+03	4.979681e-04
8.630995e+03	4.964971e-04
8.637165e+03	4.950274e-04
8.643334e+03	4.935590e-04
8.649504e+03	4.920919e-04
8.655673e+03	4.906261e-04
8.661842e+03	4.891616e-04
8.668012e+03	4.876984e-04
8.674181e+03	4.862367e-04
8.680351e+03	4.847762e-04
8.686520e+03	4.833172e-04
8.692689e+03	4.818596e-04
8.698859e+03	4.804034e-04
8.705028e+03	4.789485e-04
8.711198e+03	4.774952e-04
8.717367e+03	4.760433e-04
8.723536e+03	4.745928e-04
8.729706e+03	4.731439e-04
8.735875e+03	4.716964e-04
8.742045e+03	4.702504e-04
8.748214e+03	4.688059e-04
8.754383e+03	4.673630e-04
8.760553e+03	4.659217e-04
8.766722e+03	4.644818e-04
8.772892e+03	4.630436e-04
8.779061e+03	4.616069e-04
8.785230e+03	4.601719e-04
8.791400e+03	4.587384e-04
8.797569e+03	4.573066e-04
8.803739e+03	4.558764e-04
8.809908e+03	4.544478e-04
8.816077e+03	4.530209e-04
8.822247e+03	4.515957e-04
8.828416e+03	4.501722e-04
8.834586e+03	4.487504e-04
8.840755e+03	4.473303e-04
8.846924e+03	4.459119e-04
8.853094e+03	4.444952e-04
8.859263e+03	4.430803e-04
8.865433e+03	4.416671e-04
8.871602e+03	4.402557e-04
8.877771e+03	4.388461e-04
8.883941e+03	4.374383e-04
8.890110e+03	4.360323e-04
8.896280e+03	4.346281e-04
8.902449e+03	4.332258e-04
8.908618e+03	4.318253e-04
8.914788e+03	4.304266e-04
8.920957e+03	4.290298e-04
8.927127e+03	4.276349e-04
8.933296e+03	4.262418e-04
8.939465e+03	4.248507e-04
8.945635e+03	4.234615e-04
8.951804e+03	4.220742e-04
8.957974e+03	4.206888e-04
8.964143e+03	4.193053e-04
8.970313e+03	4.179238e-04
8.976482e+03	4.165443e-04
8.982651e+03	4.151668e-04
8.988821e+03	4.137912e-04
8.994990e+03	4.124176e-04
9.001160e+03	4.110460e-04
9.007329e+03	4.096765e-04
9.013498e+03	4.083090e-04
9.019668e+03	4.069435e-04
9.025837e+03	4.055800e-04
9.032007e+03	4.042186e-04
9.038176e+03	4.028593e-04
9.044345e+03	4.015020e-04
9.050515e+03	4.001469e-04
9.056684e+03	3.987938e-04
9.062854e+03	3.974428e-04
9.069023e+03	3.960940e-04
9.075192e+03	3.947473e-04
9.081362e+03	3.934027e-04
9.087531e+03	3.920602e-04
9.093701e+03	3.907199e-04
9.099870e+03	3.893818e-04
9.106039e+03	3.880458e-04
9.112209e+03	3.867120e-04
9.118378e+03	3.853804e-04
9.124548e+03	3.840510e-04
9.130717e+03	3.827238e-04
9.136886e+03	3.813989e-04
9.143056e+03	3.800761e-04
9.149225e+03	3.787556e-04
9.155395e+03	3.774373e-04
9.161564e+03	3.761213e-04
9.167733e+03	3.748075e-04
9.173903e+03	3.734960e-04
9.180072e+03	3.721868e-04
9.186242e+03	3.708799e-04
9.192411e+03	3.695752e-04
9.198580e+03	3.682729e-04
9.204750e+03	3.669729e-04
9.210919e+03	3.656751e-04
9.217089e+03	3.643797e-04
9.223258e+03	3.630867e-04
9.229427e+03	3.617960e-04
9.235597e+03	3.605076e-04
9.241766e+03	3.592216e-04
9.247936e+03	3.579379e-04
9.254105e+03	3.566566e-04
9.260274e+03	3.553777e-04
9.266444e+03	3.541012e-04
9.272613e+03	3.528270e-04
9.278783e+03	3.515553e-04
9.284952e+03	3.502860e-04
9.291121e+03	3.490191e-04
9.297291e+03	3.477546e-04
9.303460e+03	3.464925e-04
9.309630e+03	3.452329e-04
9.315799e+03	3.439757e-04
9.321969e+03	3.427210e-04
9.328138e+03	3.414687e-04
9.334307e+03	3.402188e-04
9.340477e+03	3.389715e-04
9.346646e+03	3.377266e-04
9.352816e+03	3.364842e-04
9.358985e+03	3.352443e-04
9.365154e+03	3.340069e-04
9.371324e+03	3.327719e-04
9.377493e+03	3.315395e-04
9.383663e+03	3.303096e-04
9.389832e+03	3.290822e-04
9.396001e+03	3.278574e-04
9.402171e+03	3.266350e-04
9.408340e+03	3.254152e-04
9.414510e+03	3.241980e-04
9.420679e+03	3.229832e-04
9.426848e+03	3.217711e-04
9.433018e+03	3.205615e-04
9.439187e+03	3.193544e-04
9.445357e+03	3.181499e-04
9.451526e+03	3.169480e-04
9.457695e+03	3.157487e-04
9.463865e+03	3.145520e-04
9.470034e+03	3.133578e-04
9.476204e+03	3.121662e-04
9.482373e+03	3.109773e-04
9.488542e+03	3.097909e-04
9.494712e+03	3.086072e-04
9.500881e+03	3.074260e-04
9.507051e+03	3.062475e-04
9.513220e+03	3.050716e-04
9.519389e+03	3.038983e-04
9.525559e+03	3.027277e-04
9.531728e+03	3.015597e-04
9.537898e+03	3.003943e-04
9.544067e+03	2.992316e-04
9.550236e+03	2.980715e-04
9.556406e+03	2.969140e-04
9.562575e+03	2.957593e-04
9.568745e+03	2.946072e-04
9.574914e+03	2.934577e-04
9.581083e+03	2.923109e-04
9.587253e+03	2.911668e-04
9.593422e+03	2.900254e-04
9.599592e+03	2.888866e-04
9.605761e+03	2.877506e-04
9.611930e+03	2.866172e-04
9.618100e+03	2.854865e-04
9.624269e+03	2.843585e-04
9.630439e+03	2.832332e-04
9.636608e+03	2.821106e-04
9.642777e+03	2.809907e-04
9.648947e+03	2.798735e-04
9.655116e+03	2.787590e-04
9.661286e+03	2.776472e-04
9.667455e+03	2.765382e-04
9.673625e+03	2.754318e-04
9.679794e+03	2.743282e-04
9.685963e+03	2.732273e-04
9.692133e+03	2.721291e-04
9.698302e+03	2.710337e-04
9.704472e+03	2.699410e-04
9.710641e+03	2.688510e-04
9.716810e+03	2.677638e-04
9.722980e+03	2.666793e-04
9.729149e+03	2.655975e-04
9.735319e+03	2.645185e-04
9.741488e+03	2.634422e-04
9.747657e+03	2.623687e-04
9.753827e+03	2.612980e-04
9.759996e+03	2.602299e-04
9.766166e+03	2.591647e-04
9.772335e+03	2.581022e-04
9.778504e+03	2.570424e-04
9.784674e+03	2.559854e-04
9.790843e+03	2.549312e-04
9.797013e+03	2.538798e-04
9.803182e+03	2.528311e-04
9.809351e+03	2.517851e-04
9.815521e+03	2.507420e-04
9.821690e+03	2.497016e-04
9.827860e+03	2.486640e-04
9.834029e+03	2.476291e-04
9.840198e+03	2.465971e-04
9.846368e+03	2.455678e-04
9.852537e+03	2.445412e-04
9.858707e+03	2.435175e-04
9.864876e+03	2.424965e-04
9.871045e+03	2.414783e-04
9.877215e+03	2.404629e-04
9.883384e+03	2.394503e-04
9.889554e+03	2.384405e-04
9.895723e+03	2.374334e-04
9.901892e+03	2.364291e-04
9.908062e+03	2.354277e-04
9.914231e+03	2.344290e-04
9.920401e+03	2.334330e-04
9.926570e+03	2.324399e-04
9.932739e+03	2.314496e-04
9.938909e+03	2.304620e-04
9.945078e+03	2.294772e-04
9.951248e+03	2.284952e-04
9.957417e+03	2.275161e-04
9.963586e+03	2.265396e-04
9.969756e+03	2.255660e-04
9.975925e+03	2.245952e-04
9.982095e+03	2.236272e-04
9.988264e+03	2.226619e-04
9.994433e+03	2.216994e-04
1.000060e+04	2.207398e-04
1.000677e+04	2.197829e-04
1.001294e+04	2.188288e-04
1.001911e+04	2.178775e-04
1.002528e+04	2.169289e-04
1.003145e+04	2.159832e-04
1.003762e+04	2.150402e-04
1.004379e+04	2.141001e-04
1.004996e+04	2.131627e-04
1.005613e+04	2.122281e-04
1.006230e+04	2.112963e-04
1.006847e+04	2.103673e-04
1.007464e+04	2.094410e-04
1.008081e+04	2.085176e-04
1.008697e+04	2.075969e-04
1.009314e+04	2.066790e-04
1.009931e+04	2.057639e-04
1.010548e+04	2.048515e-04
1.011165e+04	2.039420e-04
1.011782e+04	2.030352e-04
1.012399e+04	2.021312e-04
1.013016e+04	2.012299e-04
1.013633e+04	2.003315e-04
1.014250e+04	1.994358e-04
1.014867e+04	1.985428e-04
1.015484e+04	1.976527e-04
1.016101e+04	1.967653e-04
1.016718e+04	1.958807e-04
1.017335e+04	1.949988e-04
1.017952e+04	1.941197e-04
1.018568e+04	1.932434e-04
1.019185e+04	1.923699e-04
1.019802e+04	1.914990e-04
1.020419e+04	1.906310e-04
1.021036e+04	1.897657e-04
1.021653e+04	1.889032e-04
1.022270e+04	1.880434e-04
1.022887e+04	1.871863e-04
1.023504e+04	1.863320e-04
1.024121e+04	1.854805e-04
1.024738e+04	1.846317e-04
1.025355e+04	1.837856e-04
1.025972e+04	1.829423e-04
1.026589e+04	1.821017e-04
1.027206e+04	1.812639e-04
1.027823e+04	1.804288e-04
1.028440e+04	1.795964e-04
1.029056e+04	1.787667e-04
1.029673e+04	1.779398e-04
1.030290e+04	1.771156e-04
1.030907e+04	1.762941e-04
1.031524e+04	1.754754e-04
1.032141e+04	1.746593e-04
1.032758e+04	1.738460e-04
1.033375e+04	1.730354e-04
1.033992e+04	1.722275e-04
1.034609e+04	1.714223e-04
1.035226e+04	1.706198e-04
1.035843e+04	1.698200e-04
1.036460e+04	1.690229e-04
1.037077e+04	1.682285e-04
1.037694e+04	1.674368e-04
1.038311e+04	1.666477e-04
1.038928e+04	1.658614e-04
1.039544e+04	1.650778e-04
1.040161e+04	1.642968e-04
1.040778e+04	1.635185e-04
1.041395e+04	1.627429e-04
1.042012e+04	1.619699e-04
1.042629e+04	1.611997e-04
1.043246e+04	1.604321e-04
1.043863e+04	1.596671e-04
1.044480e+04	1.589048e-04
1.045097e+04	1.581452e-04
1.045714e+04	1.573882e-04
1.046331e+04	1.566339e-04
1.046948e+04	1.558822e-04
1.047565e+04	1.551332e-04
1.048182e+04	1.543868e-04
1.048799e+04	1.536431e-04
1.049416e+04	1.529019e-04
1.050032e+04	1.521634e-04
1.050649e+04	1.514276e-04
1.051266e+04	1.506943e-04
1.051883e+04	1.499637e-04
1.052500e+04	1.492357e-04
1.053117e+04	1.485103e-04
1.053734e+04	1.477875e-04
1.054351e+04	1.470673e-04
1.054968e+04	1.463497e-04
1.055585e+04	1.456347e-04
1.056202e+04	1.449223e-04
1.056819e+04	1.442125e-04
1.057436e+04	1.435052e-04
1.058053e+04	1.428006e-04
1.058670e+04	1.420985e-04
1.059287e+04	1.413990e-04
1.059904e+04	1.407021e-04
1.060520e+04	1.400077e-04
1.061137e+04	1.393159e-04
1.061754e+04	1.386267e-04
1.062371e+04	1.379400e-04
1.062988e+04	1.372558e-04
1.063605e+04	1.365742e-04
1.064222e+04	1.358952e-04
1.064839e+04	1.352186e-04
1.065456e+04	1.345446e-04
1.066073e+04	1.338732e-04
1.066690e+04	1.332042e-04
1.067307e+04	1.325378e-04
1.067924e+04	1.318739e-04
1.068541e+04	1.312125e-04
1.069158e+04	1.305536e-04
1.069775e+04	1.298972e-04
1.070391e+04	1.292433e-04
1.071008e+04	1.285919e-04
1.071625e+04	1.279430e-04
1.072242e+04	1.272965e-04
1.072859e+04	1.266526e-04
1.073476e+04	1.260111e-04
1.074093e+04	1.253721e-04
1.074710e+04	1.247355e-04
1.075327e+04	1.241015e-04
1.075944e+04	1.234698e-04
1.076561e+04	1.228406e-04
1.077178e+04	1.222139e-04
1.077795e+04	1.215896e-04
1.078412e+04	1.209678e-04
1.079029e+04	1.203484e-04
1.079646e+04	1.197314e-04
1.080263e+04	1.191168e-04
1.080879e+04	1.185046e-04
1.081496e+04	1.178949e-04
1.082113e+04	1.172876e-04
1.082730e+04	1.166826e-04
1.083347e+04	1.160801e-04
1.083964e+04	1.154800e-04
1.084581e+04	1.148822e-04
1.085198e+04	1.142869e-04
1.085815e+04	1.136939e-04
1.086432e+04	1.131033e-04
1.087049e+04	1.125150e-04
1.087666e+04	1.119292e-04
1.088283e+04	1.113456e-04
1.088900e+04	1.107645e-04
1.089517e+04	1.101857e-04
1.090134e+04	1.096092e-04
1.090751e+04	1.090350e-04
1.091367e+04	1.084632e-04
1.091984e+04	1.078938e-04
1.092601e+04	1.073266e-04
1.093218e+04	1.067618e-04
1.093835e+04	1.061993e-04
1.094452e+04	1.056391e-04
1.095069e+04	1.050811e-04
1.095686e+04	1.045255e-04
1.096303e+04	1.039722e-04
1.096920e+04	1.034212e-04
1.097537e+04	1.028724e-04
1.098154e+04	1.023259e-04
1.098771e+04	1.017817e-04
1.099388e+04	1.012398e-04
1.100005e+04	1.007001e-04
1.100622e+04	1.001627e-04
1.101239e+04	9.962748e-05
1.101855e+04	9.909454e-05
1.102472e+04	9.856384e-05
1.103089e+04	9.803538e-05
1.103706e+04	9.750914e-05
1.104323e+04	9.698512e-05
1.104940e+04	9.646332e-05
1.105557e+04	9.594373e-05
1.106174e+04	9.542635e-05
1.106791e+04	9.491116e-05
1.107408e+04	9.439817e-05
1.108025e+04	9.388737e-05
1.108642e+04	9.337876e-05
1.109259e+04	9.287232e-05
1.109876e+04	9.236805e-05
1.110493e+04	9.186595e-05
1.111110e+04	9.136601e-05
1.111726e+04	9.086823e-05
1.112343e+04	9.037260e-05
1.112960e+04	8.987912e-05
1.113577e+04	8.938777e-05
1.114194e+04	8.889855e-05
1.114811e+04	8.841147e-05
1.115428e+04	8.792650e-05
1.116045e+04	8.744366e-05
1.116662e+04	8.696292e-05
1.117279e+04	8.648429e-05
1.117896e+04	8.600776e-05
1.118513e+04	8.553332e-05
1.119130e+04	8.506097e-05
1.119747e+04	8.459071e-05
1.120364e+04	8.412252e-05
1.120981e+04	8.365640e-05
1.121598e+04	8.319235e-05
1.122214e+04	8.273036e-05
1.122831e+04	8.227042e-05
1.123448e+04	8.181253e-05
1.124065e+04	8.135669e-05
1.124682e+04	8.090288e-05
1.125299e+04	8.045110e-05
1.125916e+04	8.000135e-05
1.126533e+04	7.955362e-05
1.127150e+04	7.910790e-05
1.127767e+04	7.866419e-05
1.128384e+04	7.822248e-05
1.129001e+04	7.778277e-05
1.129618e+04	7.734505e-05
1.130235e+04	7.690932e-05
1.130852e+04	7.647556e-05
1.131469e+04	7.604378e-05
1.132086e+04	7.561397e-05
1.132702e+04	7.518611e-05
1.133319e+04	7.476022e-05
1.133936e+04	7.433628e-05
1.134553e+04	7.391428e-05
1.135170e+04	7.349421e-05
1.135787e+04	7.307609e-05
1.136404e+04	7.265989e-05
1.137021e+04	7.224561e-05
1.137638e+04	7.183324e-05
1.138255e+04	7.142279e-05
1.138872e+04	7.101424e-05
1.139489e+04	7.060759e-05
1.140106e+04	7.020283e-05
1.140723e+04	6.979995e-05
1.141340e+04	6.939896e-05
1.141957e+04	6.899984e-05
1.142574e+04	6.860259e-05
1.143190e+04	6.820721e-05
1.143807e+04	6.781368e-05
1.144424e+04	6.742200e-05
1.145041e+04	6.703217e-05
1.145658e+04	6.664418e-05
1.146275e+04	6.625802e-05
1.146892e+04	6.587369e-05
1.147509e+04	6.549118e-05
1.148126e+04	6.511049e-05
1.148743e+04	6.473161e-05
1.149360e+04	6.435454e-05
1.149977e+04	6.397926e-05
1.150594e+04	6.360578e-05
1.151211e+04	6.323408e-05
1.151828e+04	6.286417e-05
1.152445e+04	6.249603e-05
1.153061e+04	6.212966e-05
1.153678e+04	6.176505e-05
1.154295e+04	6.140220e-05
1.154912e+04	6.104111e-05
1.155529e+04	6.068176e-05
1.156146e+04	6.032415e-05
1.156763e+04	5.996827e-05
1.157380e+04	5.961413e-05
1.157997e+04	5.926171e-05
1.158614e+04	5.891100e-05
1.159231e+04	5.856201e-05
1.159848e+04	5.821472e-05
1.160465e+04	5.786913e-05
1.161082e+04	5.752524e-05
1.161699e+04	5.718303e-05
1.162316e+04	5.684251e-05
1.162933e+04	5.650366e-05
1.163549e+04	5.616649e-05
1.164166e+04	5.583098e-05
1.164783e+04	5.549712e-05
1.165400e+04	5.516493e-05
1.166017e+04	5.483438e-05
1.166634e+04	5.450547e-05
1.167251e+04	5.417820e-05
1.167868e+04	5.385255e-05
1.168485e+04	5.352854e-05
1.169102e+04	5.320614e-05
1.169719e+04	5.288535e-05
1.170336e+04	5.256617e-05
1.170953e+04	5.224860e-05
1.171570e+04	5.193262e-05
1.172187e+04	5.161822e-05
1.172804e+04	5.130542e-05
1.173421e+04	5.099419e-05
1.174037e+04	5.068454e-05
1.174654e+04	5.037645e-05
1.175271e+04	5.006992e-05
1.175888e+04	4.976495e-05
1.176505e+04	4.946153e-05
1.177122e+04	4.915966e-05
1.177739e+04	4.885932e-05
1.178356e+04	4.856052e-05
1.178973e+04	4.826324e-05
1.179590e+04	4.796748e-05
1.180207e+04	4.767325e-05
1.180824e+04	4.738052e-05
1.181441e+04	4.708929e-05
1.182058e+04	4.679957e-05
1.182675e+04	4.651134e-05
1.183292e+04	4.622460e-05
1.183909e+04	4.593933e-05
1.184525e+04	4.565555e-05
1.185142e+04	4.537324e-05
1.185759e+04	4.509239e-05
1.186376e+04	4.481300e-05
1.186993e+04	4.453507e-05
1.187610e+04	4.425858e-05
1.188227e+04	4.398354e-05
1.188844e+04	4.370994e-05
1.189461e+04	4.343776e-05
1.190078e+04	4.316702e-05
1.190695e+04	4.289769e-05
1.191312e+04	4.262978e-05
1.191929e+04	4.236328e-05
1.192546e+04	4.209819e-05
1.193163e+04	4.183449e-05
1.193780e+04	4.157219e-05
1.194396e+04	4.131127e-05
1.195013e+04	4.105174e-05
1.195630e+04	4.079359e-05
1.196247e+04	4.053680e-05
1.196864e+04	4.028138e-05
1.197481e+04	4.002733e-05
1.198098e+04	3.977462e-05
1.198715e+04	3.952327e-05
1.199332e+04	3.927326e-05
1.199949e+04	3.902459e-05
1.200566e+04	3.877726e-05
1.201183e+04	3.853125e-05
1.201800e+04	3.828656e-05
1.202417e+04	3.804319e-05
1.203034e+04	3.780114e-05
1.203651e+04	3.756039e-05
1.204268e+04	3.732094e-05
1.204884e+04	3.708279e-05
1.205501e+04	3.684593e-05
1.206118e+04	3.661035e-05
1.206735e+04	3.637606e-05
1.207352e+04	3.614304e-05
1.207969e+04	3.591128e-05
1.208586e+04	3.568080e-05
1.209203e+04	3.545157e-05
1.209820e+04	3.522359e-05
1.210437e+04	3.499687e-05
1.211054e+04	3.477138e-05
1.211671e+04	3.454714e-05
1.212288e+04	3.432413e-05
1.212905e+04	3.410234e-05
1.213522e+04	3.388178e-05
1.214139e+04	3.366244e-05
1.214756e+04	3.344430e-05
1.215372e+04	3.322738e-05
1.215989e+04	3.301166e-05
1.216606e+04	3.279713e-05
1.217223e+04	3.258379e-05
1.217840e+04	3.237164e-05
1.218457e+04	3.216068e-05
1.219074e+04	3.195089e-05
1.219691e+04	3.174227e-05
1.220308e+04	3.153481e-05
1.220925e+04	3.132852e-05
1.221542e+04	3.112338e-05
1.222159e+04	3.091940e-05
1.222776e+04	3.071656e-05
1.223393e+04	3.051486e-05
1.224010e+04	3.031430e-05
1.224627e+04	3.011486e-05
1.225244e+04	2.991656e-05
1.225860e+04	2.971938e-05
1.226477e+04	2.952331e-05
1.227094e+04	2.932835e-05
1.227711e+04	2.913450e-05
1.228328e+04	2.894175e-05
1.228945e+04	2.875010e-05
1.229562e+04	2.855954e-05
1.230179e+04	2.837006e-05
1.230796e+04	2.818167e-05
1.231413e+04	2.799435e-05
1.232030e+04	2.780811e-05
1.232647e+04	2.762294e-05
1.233264e+04	2.743882e-05
1.233881e+04	2.725577e-05
1.234498e+04	2.707376e-05
1.235115e+04	2.689281e-05
1.235731e+04	2.671290e-05
1.236348e+04	2.653403e-05
1.236965e+04	2.635619e-05
1.237582e+04	2.617938e-05
1.238199e+04	2.600359e-05
1.238816e+04	2.582883e-05
1.239433e+04	2.565508e-05
1.240050e+04	2.548234e-05
1.240667e+04	2.531061e-05
1.241284e+04	2.513987e-05
1.241901e+04	2.497014e-05
1.242518e+04	2.480139e-05
1.243135e+04	2.463364e-05
1.243752e+04	2.446686e-05
1.244369e+04	2.430107e-05
1.244986e+04	2.413624e-05
1.245603e+04	2.397239e-05
1.246219e+04	2.380950e-05
1.246836e+04	2.364757e-05
1.247453e+04	2.348660e-05
1.248070e+04	2.332657e-05
1.248687e+04	2.316750e-05
1.249304e+04	2.300936e-05
1.249921e+04	2.285216e-05
1.250538e+04	2.269590e-05
1.251155e+04	2.254056e-05
1.251772e+04	2.238615e-05
1.252389e+04	2.223266e-05
1.253006e+04	2.208008e-05
1.253623e+04	2.192841e-05
1.254240e+04	2.177765e-05
1.254857e+04	2.162779e-05
1.255474e+04	2.147883e-05
1.256091e+04	2.133076e-05
1.256707e+04	2.118359e-05
1.257324e+04	2.103729e-05
1.257941e+04	2.089188e-05
1.258558e+04	2.074734e-05
1.259175e+04	2.060368e-05
1.259792e+04	2.046088e-05
1.260409e+04	2.031895e-05
1.261026e+04	2.017787e-05
1.261643e+04	2.003765e-05
1.262260e+04	1.989828e-05
1.262877e+04	1.975976e-05
1.263494e+04	1.962208e-05
1.264111e+04	1.948524e-05
1.264728e+04	1.934923e-05
1.265345e+04	1.921405e-05
1.265962e+04	1.907970e-05
1.266579e+04	1.894617e-05
1.267195e+04	1.881345e-05
1.267812e+04	1.868155e-05
1.268429e+04	1.855046e-05
1.269046e+04	1.842018e-05
1.269663e+04	1.829070e-05
1.270280e+04	1.816201e-05
1.270897e+04	1.803412e-05
1.271514e+04	1.790701e-05
1.272131e+04	1.778070e-05
1.272748e+04	1.765516e-05
1.273365e+04	1.753040e-05
1.273982e+04	1.740641e-05
1.274599e+04	1.728320e-05
1.275216e+04	1.716075e-05
1.275833e+04	1.703906e-05
1.276450e+04	1.691813e-05
1.277066e+04	1.679795e-05
1.277683e+04	1.667852e-05
1.278300e+04	1.655984e-05
1.278917e+04	1.644190e-05
1.279534e+04	1.632470e-05
1.280151e+04	1.620823e-05
1.280768e+04	1.609250e-05
1.281385e+04	1.597749e-05
1.282002e+04	1.586320e-05
1.282619e+04	1.574964e-05
1.283236e+04	1.563679e-05
1.283853e+04	1.552465e-05
1.284470e+04	1.541322e-05
1.285087e+04	1.530250e-05
1.285704e+04	1.519248e-05
1.286321e+04	1.508315e-05
1.286938e+04	1.497452e-05
1.287554e+04	1.486658e-05
1.288171e+04	1.475932e-05
1.288788e+04	1.465275e-05
1.289405e+04	1.454685e-05
1.290022e+04	1.444164e-05
1.290639e+04	1.433709e-05
1.291256e+04	1.423321e-05
1.291873e+04	1.413000e-05
1.292490e+04	1.402745e-05
1.293107e+04	1.392555e-05
1.293724e+04	1.382431e-05
1.294341e+04	1.372372e-05
1.294958e+04	1.362378e-05
1.295575e+04	1.352448e-05
1.296192e+04	1.342582e-05
1.296809e+04	1.332780e-05
1.297426e+04	1.323041e-05
1.298042e+04	1.313366e-05
1.298659e+04	1.303752e-05
1.299276e+04	1.294202e-05
1.299893e+04	1.284713e-05
1.300510e+04	1.275286e-05
1.301127e+04	1.265920e-05
1.301744e+04	1.256615e-05
1.302361e+04	1.247371e-05
1.302978e+04	1.238187e-05
1.303595e+04	1.229063e-05
1.304212e+04	1.219998e-05
1.304829e+04	1.210993e-05
1.305446e+04	1.202047e-05
1.306063e+04	1.193160e-05
1.306680e+04	1.184331e-05
1.307297e+04	1.175560e-05
1.307914e+04	1.166847e-05
1.308530e+04	1.158191e-05
1.309147e+04	1.149592e-05
1.309764e+04	1.141050e-05
1.310381e+04	1.132565e-05
1.310998e+04	1.124135e-05
1.311615e+04	1.115761e-05
1.312232e+04	1.107443e-05
1.312849e+04	1.099180e-05
1.313466e+04	1.090972e-05
1.314083e+04	1.082818e-05
1.314700e+04	1.074719e-05
1.315317e+04	1.066674e-05
1.315934e+04	1.058682e-05
1.316551e+04	1.050744e-05
1.317168e+04	1.042858e-05
1.317785e+04	1.035026e-05
1.318402e+04	1.027245e-05
1.319018e+04	1.019517e-05
1.319635e+04	1.011841e-05
1.320252e+04	1.004217e-05
1.320869e+04	9.966433e-06
1.321486e+04	9.891209e-06
1.322103e+04	9.816492e-06
1.322720e+04	9.742279e-06
1.323337e+04	9.668566e-06
1.323954e+04	9.595352e-06
1.324571e+04	9.522633e-06
1.325188e+04	9.450407e-06
1.325805e+04	9.378670e-06
1.326422e+04	9.307419e-06
1.327039e+04	9.236653e-06
1.327656e+04	9.166367e-06
1.328273e+04	9.096560e-06
1.328889e+04	9.027229e-06
1.329506e+04	8.958370e-06
1.330123e+04	8.889981e-06
1.330740e+04	8.822060e-06
1.331357e+04	8.754602e-06
1.331974e+04	8.687607e-06
1.332591e+04	8.621071e-06
1.333208e+04	8.554991e-06
1.333825e+04	8.489365e-06
1.334442e+04	8.424190e-06
1.335059e+04	8.359464e-06
1.335676e+04	8.295183e-06
1.336293e+04	8.231345e-06
1.336910e+04	8.167948e-06
1.337527e+04	8.104989e-06
1.338144e+04	8.042465e-06
1.338761e+04	7.980374e-06
1.339377e+04	7.918713e-06
1.339994e+04	7.857479e-06
1.340611e+04	7.796671e-06
1.341228e+04	7.736285e-06
1.341845e+04	7.676319e-06
1.342462e+04	7.616770e-06
1.343079e+04	7.557637e-06
1.343696e+04	7.498916e-06
1.344313e+04	7.440605e-06
1.344930e+04	7.382701e-06
1.345547e+04	7.325203e-06
1.346164e+04	7.268107e-06
1.346781e+04	7.211412e-06
1.347398e+04	7.155114e-06
1.348015e+04	7.099212e-06
1.348632e+04	7.043702e-06
1.349249e+04	6.988583e-06
1.349865e+04	6.933853e-06
1.350482e+04	6.879508e-06
1.351099e+04	6.825547e-06
1.351716e+04	6.771967e-06
1.352333e+04	6.718766e-06
1.352950e+04	6.665941e-06
1.353567e+04	6.613490e-06
1.354184e+04	6.561412e-06
1.354801e+04	6.509703e-06
1.355418e+04	6.458361e-06
1.356035e+04	6.407385e-06
1.356652e+04	6.356771e-06
1.357269e+04	6.306518e-06
1.357886e+04	6.256624e-06
1.358503e+04	6.207085e-06
1.359120e+04	6.157901e-06
1.359737e+04	6.109068e-06
1.360353e+04	6.060585e-06
1.360970e+04	6.012449e-06
1.361587e+04	5.964659e-06
1.362204e+04	5.917211e-06
1.362821e+04	5.870105e-06
1.363438e+04	5.823337e-06
1.364055e+04	5.776906e-06
1.364672e+04	5.730810e-06
1.365289e+04	5.685046e-06
1.365906e+04	5.639613e-06
1.366523e+04	5.594508e-06
1.367140e+04	5.549729e-06
1.367757e+04	5.505274e-06
1.368374e+04	5.461141e-06
1.368991e+04	5.417329e-06
1.369608e+04	5.373835e-06
1.370224e+04	5.330656e-06
1.370841e+04	5.287792e-06
1.371458e+04	5.245240e-06
1.372075e+04	5.202998e-06
1.372692e+04	5.161064e-06
1.373309e+04	5.119436e-06
1.373926e+04	5.078113e-06
1.374543e+04	5.037091e-06
1.375160e+04	4.996370e-06
1.375777e+04	4.955948e-06
1.376394e+04	4.915822e-06
1.377011e+04	4.875990e-06
1.377628e+04	4.836451e-06
1.378245e+04	4.797203e-06
1.378862e+04	4.758244e-06
1.379479e+04	4.719572e-06
1.380096e+04	4.681185e-06
1.380712e+04	4.643082e-06
1.381329e+04	4.605260e-06
1.381946e+04	4.567717e-06
1.382563e+04	4.530453e-06
1.383180e+04	4.493465e-06
1.383797e+04	4.456751e-06
1.384414e+04	4.420309e-06
1.385031e+04	4.384138e-06
1.385648e+04	4.348236e-06
1.386265e+04	4.312602e-06
1.386882e+04	4.277232e-06
1.387499e+04	4.242127e-06
1.388116e+04	4.207283e-06
1.388733e+04	4.172700e-06
1.389350e+04	4.138375e-06
1.389967e+04	4.104308e-06
1.390584e+04	4.070495e-06
1.391200e+04	4.036936e-06
1.391817e+04	4.003628e-06
1.392434e+04	3.970571e-06
1.393051e+04	3.937762e-06
1.393668e+04	3.905200e-06
1.394285e+04	3.872883e-06
1.394902e+04	3.840810e-06
1.395519e+04	3.808979e-06
1.396136e+04	3.777388e-06
1.396753e+04	3.746035e-06
1.397370e+04	3.714920e-06
1.397987e+04	3.684041e-06
1.398604e+04	3.653395e-06
1.399221e+04	3.622982e-06
1.399838e+04	3.592799e-06
1.400455e+04	3.562846e-06
1.401072e+04	3.533121e-06
1.401688e+04	3.503622e-06
1.402305e+04	3.474348e-06
1.402922e+04	3.445296e-06
1.403539e+04	3.416467e-06
1.404156e+04	3.387858e-06
1.404773e+04	3.359467e-06
1.405390e+04	3.331294e-06
1.406007e+04	3.303336e-06
1.406624e+04	3.275592e-06
1.407241e+04	3.248062e-06
1.407858e+04	3.220743e-06
1.408475e+04	3.193633e-06
1.409092e+04	3.166733e-06
1.409709e+04	3.140039e-06
1.410326e+04	3.113551e-06
1.410943e+04	3.087267e-06
1.411559e+04	3.061186e-06
1.412176e+04	3.035307e-06
1.412793e+04	3.009627e-06
1.413410e+04	2.984146e-06
1.414027e+04	2.958863e-06
1.414644e+04	2.933776e-06
1.415261e+04	2.908883e-06
1.415878e+04	2.884183e-06
1.416495e+04	2.859676e-06
1.417112e+04	2.835359e-06
1.417729e+04	2.811231e-06
1.418346e+04	2.787292e-06
1.418963e+04	2.763539e-06
1.419580e+04	2.739971e-06
1.420197e+04	2.716588e-06
1.420814e+04	2.693387e-06
1.421431e+04	2.670368e-06
1.422047e+04	2.647530e-06
1.422664e+04	2.624870e-06
1.423281e+04	2.602388e-06
1.423898e+04	2.580082e-06
1.424515e+04	2.557952e-06
1.425132e+04	2.535996e-06
1.425749e+04	2.514213e-06
1.426366e+04	2.492601e-06
1.426983e+04	2.471160e-06
1.427600e+04	2.449888e-06
1.428217e+04	2.428784e-06
1.428834e+04	2.407846e-06
1.429451e+04	2.387075e-06
1.430068e+04	2.366468e-06
1.430685e+04	2.346024e-06
1.431302e+04	2.325742e-06
1.431919e+04	2.305622e-06
1.432535e+04	2.285661e-06
1.433152e+04	2.265859e-06
1.433769e+04	2.246215e-06
1.434386e+04	2.226727e-06
1.435003e+04	2.207394e-06
1.435620e+04	2.188216e-06
1.436237e+04	2.169190e-06
1.436854e+04	2.150317e-06
1.437471e+04	2.131595e-06
1.438088e+04	2.113023e-06
1.438705e+04	2.094599e-06
1.439322e+04	2.076323e-06
1.439939e+04	2.058194e-06
1.440556e+04	2.040211e-06
1.441173e+04	2.022372e-06
1.441790e+04	2.004676e-06
1.442407e+04	1.987123e-06
1.443023e+04	1.969712e-06
1.443640e+04	1.952441e-06
1.444257e+04	1.935309e-06
1.444874e+04	1.918316e-06
1.445491e+04	1.901460e-06
1.446108e+04	1.884741e-06
1.446725e+04	1.868156e-06
1.447342e+04	1.851707e-06
1.447959e+04	1.835391e-06
1.448576e+04	1.819207e-06
1.449193e+04	1.803155e-06
1.449810e+04	1.787233e-06
1.450427e+04	1.771441e-06
1.451044e+04	1.755777e-06
1.451661e+04	1.740241e-06
1.452278e+04	1.724832e-06
1.452894e+04	1.709549e-06
1.453511e+04	1.694390e-06
1.454128e+04	1.679356e-06
1.454745e+04	1.664445e-06
1.455362e+04	1.649655e-06
1.455979e+04	1.634987e-06
1.456596e+04	1.620440e-06
1.457213e+04	1.606012e-06
1.457830e+04	1.591702e-06
1.458447e+04	1.577510e-06
1.459064e+04	1.563435e-06
1.459681e+04	1.549476e-06
1.460298e+04	1.535632e-06
1.460915e+04	1.521902e-06
1.461532e+04	1.508286e-06
1.462149e+04	1.494782e-06
1.462766e+04	1.481390e-06
1.463382e+04	1.468108e-06
1.463999e+04	1.454937e-06
1.464616e+04	1.441875e-06
1.465233e+04	1.428921e-06
1.465850e+04	1.416075e-06
1.466467e+04	1.403336e-06
1.467084e+04	1.390702e-06
1.467701e+04	1.378174e-06
1.468318e+04	1.365750e-06
1.468935e+04	1.353430e-06
1.469552e+04	1.341212e-06
1.470169e+04	1.329097e-06
1.470786e+04	1.317083e-06
1.471403e+04	1.305169e-06
1.472020e+04	1.293355e-06
1.472637e+04	1.281640e-06
1.473254e+04	1.270023e-06
1.473870e+04	1.258504e-06
1.474487e+04	1.247081e-06
1.475104e+04	1.235755e-06
1.475721e+04	1.224523e-06
1.476338e+04	1.213387e-06
1.476955e+04	1.202344e-06
1.477572e+04	1.191394e-06
1.478189e+04	1.180536e-06
1.478806e+04	1.169770e-06
1.479423e+04	1.159096e-06
1.480040e+04	1.148511e-06
1.480657e+04	1.138016e-06
1.481274e+04	1.127610e-06
1.481891e+04	1.117292e-06
1.482508e+04	1.107062e-06
1.483125e+04	1.096918e-06
1.483742e+04	1.086861e-06
1.484358e+04	1.076889e-06
1.484975e+04	1.067002e-06
1.485592e+04	1.057199e-06
1.486209e+04	1.047480e-06
1.486826e+04	1.037844e-06
1.487443e+04	1.028290e-06
1.488060e+04	1.018817e-06
1.488677e+04	1.009426e-06
1.489294e+04	1.000115e-06
1.489911e+04	9.908836e-07
1.490528e+04	9.817313e-07
1.491145e+04	9.726576e-07
1.491762e+04	9.636617e-07
1.492379e+04	9.547431e-07
1.492996e+04	9.459011e-07
1.493613e+04	9.371352e-07
1.494229e+04	9.284448e-07
1.494846e+04	9.198293e-07
1.495463e+04	9.112880e-07
1.496080e+04	9.028204e-07
1.496697e+04	8.944260e-07
1.497314e+04	8.861041e-07
1.497931e+04	8.778542e-07
1.498548e+04	8.696756e-07
1.499165e+04	8.615680e-07
1.499782e+04	8.535306e-07
1.500399e+04	8.455629e-07
1.501016e+04	8.376644e-07
1.501633e+04	8.298345e-07
1.502250e+04	8.220727e-07
1.502867e+04	8.143784e-07
1.503484e+04	8.067511e-07
1.504101e+04	7.991903e-07
1.504717e+04	7.916955e-07
1.505334e+04	7.842660e-07
1.505951e+04	7.769015e-07
1.506568e+04	7.696013e-07
1.507185e+04	7.623649e-07
1.507802e+04	7.551920e-07
1.508419e+04	7.480818e-07
1.509036e+04	7.410340e-07
1.509653e+04	7.340481e-07
1.510270e+04	7.271234e-07
1.510887e+04	7.202596e-07
1.511504e+04	7.134562e-07
1.512121e+04	7.067127e-07
1.512738e+04	7.000285e-07
1.513355e+04	6.934032e-07
1.513972e+04	6.868364e-07
1.514589e+04	6.803276e-07
1.515205e+04	6.738762e-07
1.515822e+04	6.674819e-07
1.516439e+04	6.611441e-07
1.517056e+04	6.548624e-07
1.517673e+04	6.486364e-07
1.518290e+04	6.424656e-07
1.518907e+04	6.363495e-07
1.519524e+04	6.302878e-07
1.520141e+04	6.242799e-07
1.520758e+04	6.183254e-07
1.521375e+04	6.124239e-07
1.521992e+04	6.065750e-07
1.522609e+04	6.007782e-07
1.523226e+04	5.950331e-07
1.523843e+04	5.893393e-07
1.524460e+04	5.836963e-07
1.525077e+04	5.781038e-07
1.525693e+04	5.725613e-07
1.526310e+04	5.670684e-07
1.526927e+04	5.616247e-07
1.527544e+04	5.562298e-07
1.528161e+04	5.508833e-07
1.528778e+04	5.455848e-07
1.529395e+04	5.403340e-07
1.530012e+04	5.351303e-07
1.530629e+04	5.299734e-07
1.531246e+04	5.248630e-07
1.531863e+04	5.197986e-07
1.532480e+04	5.147799e-07
1.533097e+04	5.098065e-07
1.533714e+04	5.048780e-07
1.534331e+04	4.999940e-07
1.534948e+04	4.951542e-07
1.535565e+04	4.903582e-07
1.536181e+04	4.856057e-07
1.536798e+04	4.808962e-07
1.537415e+04	4.762294e-07
1.538032e+04	4.716050e-07
1.538649e+04	4.670225e-07
1.539266e+04	4.624818e-07
1.539883e+04	4.579823e-07
1.540500e+04	4.535238e-07
1.541117e+04	4.491059e-07
1.541734e+04	4.447283e-07
1.542351e+04	4.403906e-07
1.542968e+04	4.360925e-07
1.543585e+04	4.318336e-07
1.544202e+04	4.276137e-07
1.544819e+04	4.234324e-07
1.545436e+04	4.192894e-07
1.546052e+04	4.151844e-07
1.546669e+04	4.111170e-07
1.547286e+04	4.070868e-07
1.547903e+04	4.030937e-07
1.548520e+04	3.991373e-07
1.549137e+04	3.952173e-07
1.549754e+04	3.913333e-07
1.550371e+04	3.874851e-07
1.550988e+04	3.836723e-07
1.551605e+04	3.798947e-07
1.552222e+04	3.761520e-07
1.552839e+04	3.724438e-07
1.553456e+04	3.687699e-07
1.554073e+04	3.651300e-07
1.554690e+04	3.615237e-07
1.555307e+04	3.579508e-07
1.555924e+04	3.544110e-07
1.556540e+04	3.509041e-07
1.557157e+04	3.474297e-07
1.557774e+04	3.439876e-07
1.558391e+04	3.405774e-07
1.559008e+04	3.371990e-07
1.559625e+04	3.338520e-07
1.560242e+04	3.305361e-07
1.560859e+04	3.272512e-07
1.561476e+04	3.239969e-07
1.562093e+04	3.207729e-07
1.562710e+04	3.175791e-07
1.563327e+04	3.144151e-07
1.563944e+04	3.112807e-07
1.564561e+04	3.081757e-07
1.565178e+04	3.050997e-07
1.565795e+04	3.020525e-07
1.566412e+04	2.990339e-07
1.567028e+04	2.960437e-07
1.567645e+04	2.930815e-07
1.568262e+04	2.901471e-07
1.568879e+04	2.872404e-07
1.569496e+04	2.843610e-07
1.570113e+04	2.815087e-07
1.570730e+04	2.786833e-07
1.571347e+04	2.758845e-07
1.571964e+04	2.731122e-07
1.572581e+04	2.703660e-07
1.573198e+04	2.676458e-07
1.573815e+04	2.649513e-07
1.574432e+04	2.622823e-07
1.575049e+04	2.596385e-07
1.575666e+04	2.570198e-07
1.576283e+04	2.544260e-07
1.576900e+04	2.518568e-07
1.577516e+04	2.493119e-07
1.578133e+04	2.467912e-07
1.578750e+04	2.442945e-07
1.579367e+04	2.418216e-07
1.579984e+04	2.393722e-07
1.580601e+04	2.369461e-07
1.581218e+04	2.345432e-07
1.581835e+04	2.321632e-07
1.582452e+04	2.298059e-07
1.583069e+04	2.274711e-07
1.583686e+04	2.251587e-07
1.584303e+04	2.228684e-07
1.584920e+04	2.206000e-07
1.585537e+04	2.183533e-07
1.586154e+04	2.161282e-07
1.586771e+04	2.139244e-07
1.587387e+04	2.117418e-07
1.588004e+04	2.095802e-07
1.588621e+04	2.074393e-07
1.589238e+04	2.053190e-07
1.589855e+04	2.032191e-07
1.590472e+04	2.011395e-07
1.591089e+04	1.990799e-07
1.591706e+04	1.970401e-07
1.592323e+04	1.950201e-07
1.592940e+04	1.930195e-07
1.593557e+04	1.910383e-07
1.594174e+04	1.890763e-07
1.594791e+04	1.871332e-07
1.595408e+04	1.852090e-07
1.596025e+04	1.833034e-07
1.596642e+04	1.814162e-07
1.597259e+04	1.795474e-07
1.597875e+04	1.776968e-07
1.598492e+04	1.758641e-07
1.599109e+04	1.740492e-07
1.599726e+04	1.722520e-07
1.600343e+04	1.704723e-07
1.600960e+04	1.687100e-07
1.601577e+04	1.669648e-07
1.602194e+04	1.652366e-07
1.602811e+04	1.635254e-07
1.603428e+04	1.618308e-07
1.604045e+04	1.601528e-07
1.604662e+04	1.584912e-07
1.605279e+04	1.568459e-07
1.605896e+04	1.552167e-07
1.606513e+04	1.536034e-07
1.607130e+04	1.520060e-07
1.607747e+04	1.504243e-07
1.608363e+04	1.488581e-07
1.608980e+04	1.473072e-07
1.609597e+04	1.457717e-07
1.610214e+04	1.442512e-07
1.610831e+04	1.427457e-07
1.611448e+04	1.412551e-07
1.612065e+04	1.397792e-07
1.612682e+04	1.383178e-07
1.613299e+04	1.368708e-07
1.613916e+04	1.354381e-07
1.614533e+04	1.340196e-07
1.615150e+04	1.326152e-07
1.615767e+04	1.312246e-07
1.616384e+04	1.298478e-07
1.617001e+04	1.284847e-07
1.617618e+04	1.271350e-07
1.618235e+04	1.257988e-07
1.618851e+04	1.244758e-07
1.619468e+04	1.231660e-07
1.620085e+04	1.218692e-07
1.620702e+04	1.205854e-07
1.621319e+04	1.193143e-07
1.621936e+04	1.180558e-07
1.622553e+04	1.168099e-07
1.623170e+04	1.155765e-07
1.623787e+04	1.143553e-07
1.624404e+04	1.131464e-07
1.625021e+04	1.119495e-07
1.625638e+04	1.107646e-07
1.626255e+04	1.095916e-07
1.626872e+04	1.084303e-07
1.627489e+04	1.072807e-07
1.628106e+04	1.061426e-07
1.628722e+04	1.050159e-07
1.629339e+04	1.039005e-07
1.629956e+04	1.027963e-07
1.630573e+04	1.017033e-07
1.631190e+04	1.006212e-07
1.631807e+04	9.955003e-08
1.632424e+04	9.848965e-08
1.633041e+04	9.743995e-08
1.633658e+04	9.640085e-08
1.634275e+04	9.537223e-08
1.634892e+04	9.435400e-08
1.635509e+04	9.334606e-08
1.636126e+04	9.234832e-08
1.636743e+04	9.136067e-08
1.637360e+04	9.038302e-08
1.637977e+04	8.941528e-08
1.638594e+04	8.845735e-08
1.639210e+04	8.750914e-08
1.639827e+04	8.657056e-08
1.640444e+04	8.564151e-08
1.641061e+04	8.472190e-08
1.641678e+04	8.381165e-08
1.642295e+04	8.291066e-08
1.642912e+04	8.201885e-08
1.643529e+04	8.113612e-08
1.644146e+04	8.026240e-08
1.644763e+04	7.939759e-08
1.645380e+04	7.854162e-08
1.645997e+04	7.769439e-08
1.646614e+04	7.685581e-08
1.647231e+04	7.602582e-08
1.647848e+04	7.520433e-08
1.648465e+04	7.439124e-08
1.649082e+04	7.358650e-08
1.649698e+04	7.279000e-08
1.650315e+04	7.200168e-08
1.650932e+04	7.122145e-08
1.651549e+04	7.044924e-08
1.652166e+04	6.968497e-08
1.652783e+04	6.892856e-08
1.653400e+04	6.817994e-08
1.654017e+04	6.743903e-08
1.654634e+04	6.670576e-08
1.655251e+04	6.598005e-08
1.655868e+04	6.526183e-08
1.656485e+04	6.455103e-08
1.657102e+04	6.384757e-08
1.657719e+04	6.315139e-08
1.658336e+04	6.246240e-08
1.658953e+04	6.178055e-08
1.659570e+04	6.110577e-08
1.660186e+04	6.043798e-08
1.660803e+04	5.977711e-08
1.661420e+04	5.912311e-08
1.662037e+04	5.847589e-08
1.662654e+04	5.783540e-08
1.663271e+04	5.720158e-08
1.663888e+04	5.657434e-08
1.664505e+04	5.595364e-08
1.665122e+04	5.533940e-08
1.665739e+04	5.473156e-08
1.666356e+04	5.413007e-08
1.666973e+04	5.353485e-08
1.667590e+04	5.294585e-08
1.668207e+04	5.236300e-08
1.668824e+04	5.178625e-08
1.669441e+04	5.121553e-08
1.670057e+04	5.065079e-08
1.670674e+04	5.009196e-08
1.671291e+04	4.953899e-08
1.671908e+04	4.899182e-08
1.672525e+04	4.845039e-08
1.673142e+04	4.791465e-08
1.673759e+04	4.738454e-08
1.674376e+04	4.686000e-08
1.674993e+04	4.634098e-08
1.675610e+04	4.582742e-08
1.676227e+04	4.531928e-08
1.676844e+04	4.481648e-08
1.677461e+04	4.431900e-08
1.678078e+04	4.382676e-08
1.678695e+04	4.333972e-08
1.679312e+04	4.285782e-08
1.679929e+04	4.238102e-08
1.680545e+04	4.190927e-08
1.681162e+04	4.144251e-08
1.681779e+04	4.098069e-08
1.682396e+04	4.052376e-08
1.683013e+04	4.007169e-08
1.683630e+04	3.962441e-08
1.684247e+04	3.918187e-08
1.684864e+04	3.874404e-08
1.685481e+04	3.831087e-08
1.686098e+04	3.788230e-08
1.686715e+04	3.745829e-08
1.687332e+04	3.703880e-08
1.687949e+04	3.662378e-08
1.688566e+04	3.621318e-08
1.689183e+04	3.580697e-08
1.689800e+04	3.540509e-08
1.690417e+04	3.500750e-08
1.691033e+04	3.461417e-08
1.691650e+04	3.422504e-08
1.692267e+04	3.384007e-08
1.692884e+04	3.345923e-08
1.693501e+04	3.308246e-08
1.694118e+04	3.270974e-08
1.694735e+04	3.234102e-08
1.695352e+04	3.197625e-08
1.695969e+04	3.161540e-08
1.696586e+04	3.125843e-08
1.697203e+04	3.090529e-08
1.697820e+04	3.055596e-08
1.698437e+04	3.021039e-08
1.699054e+04	2.986853e-08
1.699671e+04	2.953037e-08
1.700288e+04	2.919585e-08
1.700905e+04	2.886494e-08
1.701521e+04	2.853761e-08
1.702138e+04	2.821381e-08
1.702755e+04	2.789351e-08
1.703372e+04	2.757668e-08
1.703989e+04	2.726327e-08
1.704606e+04	2.695326e-08
1.705223e+04	2.664661e-08
1.705840e+04	2.634329e-08
1.706457e+04	2.604325e-08
1.707074e+04	2.574648e-08
1.707691e+04	2.545292e-08
1.708308e+04	2.516256e-08
1.708925e+04	2.487535e-08
1.709542e+04	2.459128e-08
1.710159e+04	2.431029e-08
1.710776e+04	2.403236e-08
1.711392e+04	2.375747e-08
1.712009e+04	2.348557e-08
1.712626e+04	2.321664e-08
1.713243e+04	2.295065e-08
1.713860e+04	2.268756e-08
1.714477e+04	2.242735e-08
1.715094e+04	2.216999e-08
1.715711e+04	2.191544e-08
1.716328e+04	2.166368e-08
1.716945e+04	2.141469e-08
1.717562e+04	2.116842e-08
1.718179e+04	2.092485e-08
1.718796e+04	2.068396e-08
1.719413e+04	2.044571e-08
1.720030e+04	2.021008e-08
1.720647e+04	1.997705e-08
1.721264e+04	1.974657e-08
1.721880e+04	1.951864e-08
1.722497e+04	1.929321e-08
1.723114e+04	1.907028e-08
1.723731e+04	1.884980e-08
1.724348e+04	1.863175e-08
1.724965e+04	1.841611e-08
1.725582e+04	1.820286e-08
1.726199e+04	1.799196e-08
1.726816e+04	1.778339e-08
1.727433e+04	1.757713e-08
1.728050e+04	1.737316e-08
1.728667e+04	1.717145e-08
1.729284e+04	1.697197e-08
1.729901e+04	1.677471e-08
1.730518e+04	1.657964e-08
1.731135e+04	1.638673e-08
1.731752e+04	1.619597e-08
1.732368e+04	1.600733e-08
1.732985e+04	1.582078e-08
1.733602e+04	1.563632e-08
1.734219e+04	1.545391e-08
1.734836e+04	1.527353e-08
1.735453e+04	1.509516e-08
1.736070e+04	1.491878e-08
1.736687e+04	1.474438e-08
1.737304e+04	1.457192e-08
1.737921e+04	1.440139e-08
1.738538e+04	1.423276e-08
1.739155e+04	1.406603e-08
1.739772e+04	1.390116e-08
1.740389e+04	1.373813e-08
1.741006e+04	1.357694e-08
1.741623e+04	1.341755e-08
1.742240e+04	1.325995e-08
1.742856e+04	1.310412e-08
1.743473e+04	1.295004e-08
1.744090e+04	1.279770e-08
1.744707e+04	1.264707e-08
1.745324e+04	1.249813e-08
1.745941e+04	1.235087e-08
1.746558e+04	1.220527e-08
1.747175e+04	1.206131e-08
1.747792e+04	1.191897e-08
1.748409e+04	1.177824e-08
1.749026e+04	1.163910e-08
1.749643e+04	1.150154e-08
1.750260e+04	1.136552e-08
1.750877e+04	1.123105e-08
1.751494e+04	1.109810e-08
1.752111e+04	1.096665e-08
1.752728e+04	1.083670e-08
1.753344e+04	1.070821e-08
1.753961e+04	1.058119e-08
1.754578e+04	1.045560e-08
1.755195e+04	1.033145e-08
1.755812e+04	1.020870e-08
1.756429e+04	1.008735e-08
1.757046e+04	9.967380e-09
1.757663e+04	9.848775e-09
1.758280e+04	9.731522e-09
1.758897e+04	9.615604e-09
1.759514e+04	9.501008e-09
1.760131e+04	9.387720e-09
1.760748e+04	9.275724e-09
1.761365e+04	9.165008e-09
1.761982e+04	9.055557e-09
1.762599e+04	8.947358e-09
1.763215e+04	8.840396e-09
1.763832e+04	8.734659e-09
1.764449e+04	8.630133e-09
1.765066e+04	8.526805e-09
1.765683e+04	8.424661e-09
1.766300e+04	8.323690e-09
1.766917e+04	8.223877e-09
1.767534e+04	8.125211e-09
1.768151e+04	8.027678e-09
1.768768e+04	7.931268e-09
1.769385e+04	7.835966e-09
1.770002e+04	7.741761e-09
1.770619e+04	7.648641e-09
1.771236e+04	7.556595e-09
1.771853e+04	7.465609e-09
1.772470e+04	7.375674e-09
1.773087e+04	7.286776e-09
1.773703e+04	7.198906e-09
1.774320e+04	7.112050e-09
1.774937e+04	7.026199e-09
1.775554e+04	6.941341e-09
1.776171e+04	6.857466e-09
1.776788e+04	6.774561e-09
1.777405e+04	6.692618e-09
1.778022e+04	6.611624e-09
1.778639e+04	6.531570e-09
1.779256e+04	6.452446e-09
1.779873e+04	6.374240e-09
1.780490e+04	6.296943e-09
1.781107e+04	6.220544e-09
1.781724e+04	6.145035e-09
1.782341e+04	6.070404e-09
1.782958e+04	5.996642e-09
1.783575e+04	5.923740e-09
1.784191e+04	5.851687e-09
1.784808e+04	5.780476e-09
1.785425e+04	5.710095e-09
1.786042e+04	5.640536e-09
1.786659e+04	5.571790e-09
1.787276e+04	5.503847e-09
1.787893e+04	5.436700e-09
1.788510e+04	5.370338e-09
1.789127e+04	5.304753e-09
1.789744e+04	5.239936e-09
1.790361e+04	5.175879e-09
1.790978e+04	5.112574e-09
1.791595e+04	5.050011e-09
1.792212e+04	4.988184e-09
1.792829e+04	4.927082e-09
1.793446e+04	4.866699e-09
1.794063e+04	4.807025e-09
1.794679e+04	4.748054e-09
1.795296e+04	4.689777e-09
1.795913e+04	4.632187e-09
1.796530e+04	4.575276e-09
1.797147e+04	4.519035e-09
1.797764e+04	4.463458e-09
1.798381e+04	4.408538e-09
1.798998e+04	4.354266e-09
1.799615e+04	4.300635e-09
1.800232e+04	4.247638e-09
1.800849e+04	4.195269e-09
1.801466e+04	4.143519e-09
1.802083e+04	4.092383e-09
1.802700e+04	4.041852e-09
1.803317e+04	3.991921e-09
1.803934e+04	3.942581e-09
1.804550e+04	3.893828e-09
1.805167e+04	3.845653e-09
1.805784e+04	3.798051e-09
1.806401e+04	3.751015e-09
1.807018e+04	3.704538e-09
1.807635e+04	3.658614e-09
1.808252e+04	3.613237e-09
1.808869e+04	3.568401e-09
1.809486e+04	3.524099e-09
1.810103e+04	3.480326e-09
1.810720e+04	3.437075e-09
1.811337e+04	3.394340e-09
1.811954e+04	3.352116e-09
1.812571e+04	3.310397e-09
1.813188e+04	3.269176e-09
1.813805e+04	3.228449e-09
1.814422e+04	3.188209e-09
1.815038e+04	3.148451e-09
1.815655e+04	3.109170e-09
1.816272e+04	3.070359e-09
1.816889e+04	3.032015e-09
1.817506e+04	2.994130e-09
1.818123e+04	2.956701e-09
1.818740e+04	2.919721e-09
1.819357e+04	2.883186e-09
1.819974e+04	2.847090e-09
1.820591e+04	2.811429e-09
1.821208e+04	2.776197e-09
1.821825e+04	2.741390e-09
1.822442e+04	2.707002e-09
1.823059e+04	2.673029e-09
1.823676e+04	2.639466e-09
1.824293e+04	2.606308e-09
1.824910e+04	2.573551e-09
1.825526e+04	2.541190e-09
1.826143e+04	2.509220e-09
1.826760e+04	2.477636e-09
1.827377e+04	2.446435e-09
1.827994e+04	2.415612e-09
1.828611e+04	2.385163e-09
1.829228e+04	2.355083e-09
1.829845e+04	2.325367e-09
1.830462e+04	2.296013e-09
1.831079e+04	2.267014e-09
1.831696e+04	2.238368e-09
1.832313e+04	2.210071e-09
1.832930e+04	2.182117e-09
1.833547e+04	2.154504e-09
1.834164e+04	2.127227e-09
1.834781e+04	2.100282e-09
1.835398e+04	2.073665e-09
1.836014e+04	2.047374e-09
1.836631e+04	2.021403e-09
1.837248e+04	1.995749e-09
1.837865e+04	1.970408e-09
1.838482e+04	1.945377e-09
1.839099e+04	1.920652e-09
1.839716e+04	1.896229e-09
1.840333e+04	1.872106e-09
1.840950e+04	1.848278e-09
1.841567e+04	1.824741e-09
1.842184e+04	1.801494e-09
1.842801e+04	1.778531e-09
1.843418e+04	1.755850e-09
1.844035e+04	1.733448e-09
1.844652e+04	1.711321e-09
1.845269e+04	1.689465e-09
1.845885e+04	1.667879e-09
1.846502e+04	1.646558e-09
1.847119e+04	1.625500e-09
1.847736e+04	1.604700e-09
1.848353e+04	1.584158e-09
1.848970e+04	1.563868e-09
1.849587e+04	1.543829e-09
1.850204e+04	1.524037e-09
1.850821e+04	1.504489e-09
1.851438e+04	1.485183e-09
1.852055e+04	1.466116e-09
1.852672e+04	1.447284e-09
1.853289e+04	1.428685e-09
1.853906e+04	1.410317e-09
1.854523e+04	1.392176e-09
1.855140e+04	1.374260e-09
1.855757e+04	1.356566e-09
1.856373e+04	1.339091e-09
1.856990e+04	1.321834e-09
1.857607e+04	1.304790e-09
1.858224e+04	1.287959e-09
1.858841e+04	1.271337e-09
1.859458e+04	1.254921e-09
1.860075e+04	1.238710e-09
1.860692e+04	1.222700e-09
1.861309e+04	1.206890e-09
1.861926e+04	1.191277e-09
1.862543e+04	1.175858e-09
1.863160e+04	1.160632e-09
1.863777e+04	1.145596e-09
1.864394e+04	1.130748e-09
1.865011e+04	1.116085e-09
1.865628e+04	1.101606e-09
1.866245e+04	1.087307e-09
1.866861e+04	1.073188e-09
1.867478e+04	1.059245e-09
1.868095e+04	1.045477e-09
1.868712e+04	1.031882e-09
1.869329e+04	1.018457e-09
1.869946e+04	1.005200e-09
1.870563e+04	9.921099e-10
1.871180e+04	9.791840e-10
1.871797e+04	9.664206e-10
1.872414e+04	9.538176e-10
1.873031e+04	9.413731e-10
1.873648e+04	9.290851e-10
1.874265e+04	9.169519e-10
1.874882e+04	9.049715e-10
1.875499e+04	8.931421e-10
1.876116e+04	8.814618e-10
1.876733e+04	8.699289e-10
1.877349e+04	8.585416e-10
1.877966e+04	8.472980e-10
1.878583e+04	8.361965e-10
1.879200e+04	8.252353e-10
1.879817e+04	8.144127e-10
1.880434e+04	8.037271e-10
1.881051e+04	7.931767e-10
1.881668e+04	7.827600e-10
1.882285e+04	7.724752e-10
1.882902e+04	7.623209e-10
1.883519e+04	7.522954e-10
1.884136e+04	7.423971e-10
1.884753e+04	7.326244e-10
1.885370e+04	7.229760e-10
1.885987e+04	7.134501e-10
1.886604e+04	7.040454e-10
1.887220e+04	6.947604e-10
1.887837e+04	6.855935e-10
1.888454e+04	6.765434e-10
1.889071e+04	6.676086e-10
1.889688e+04	6.587878e-10
1.890305e+04	6.500794e-10
1.890922e+04	6.414821e-10
1.891539e+04	6.329946e-10
1.892156e+04	6.246156e-10
1.892773e+04	6.163436e-10
1.893390e+04	6.081773e-10
1.894007e+04	6.001156e-10
1.894624e+04	5.921570e-10
1.895241e+04	5.843004e-10
1.895858e+04	5.765444e-10
1.896475e+04	5.688878e-10
1.897092e+04	5.613294e-10
1.897708e+04	5.538680e-10
1.898325e+04	5.465023e-10
1.898942e+04	5.392313e-10
1.899559e+04	5.320537e-10
1.900176e+04	5.249684e-10
1.900793e+04	5.179742e-10
1.901410e+04	5.110700e-10
1.902027e+04	5.042547e-10
1.902644e+04	4.975273e-10
1.903261e+04	4.908865e-10
1.903878e+04	4.843313e-10
1.904495e+04	4.778607e-10
1.905112e+04	4.714736e-10
1.905729e+04	4.651690e-10
1.906346e+04	4.589459e-10
1.906963e+04	4.528032e-10
1.907580e+04	4.467399e-10
1.908196e+04	4.407551e-10
1.908813e+04	4.348477e-10
1.909430e+04	4.290169e-10
1.910047e+04	4.232616e-10
1.910664e+04	4.175810e-10
1.911281e+04	4.119740e-10
1.911898e+04	4.064397e-10
1.912515e+04	4.009774e-10
1.913132e+04	3.955859e-10
1.913749e+04	3.902646e-10
1.914366e+04	3.850124e-10
1.914983e+04	3.798286e-10
1.915600e+04	3.747122e-10
1.916217e+04	3.696624e-10
1.916834e+04	3.646785e-10
1.917451e+04	3.597595e-10
1.918068e+04	3.549046e-10
1.918684e+04	3.501131e-10
1.919301e+04	3.453841e-10
1.919918e+04	3.407169e-10
1.920535e+04	3.361106e-10
1.921152e+04	3.315646e-10
1.921769e+04	3.270780e-10
1.922386e+04	3.226501e-10
1.923003e+04	3.182802e-10
1.923620e+04	3.139675e-10
1.924237e+04	3.097114e-10
1.924854e+04	3.055110e-10
1.925471e+04	3.013657e-10
1.926088e+04	2.972748e-10
1.926705e+04	2.932377e-10
