# # p(y | x = 2.100000e-03)
# # y_val	p(y|x)
0.000000e+00	4.760302e-05
6.169403e+00	4.792122e-05
1.233881e+01	4.824120e-05
1.850821e+01	4.856298e-05
2.467761e+01	4.888655e-05
3.084702e+01	4.921192e-05
3.701642e+01	4.953911e-05
4.318582e+01	4.986812e-05
4.935523e+01	5.019895e-05
5.552463e+01	5.053162e-05
6.169403e+01	5.086613e-05
6.786344e+01	5.120249e-05
7.403284e+01	5.154070e-05
8.020224e+01	5.188078e-05
8.637165e+01	5.222274e-05
9.254105e+01	5.256657e-05
9.871045e+01	5.291228e-05
1.048799e+02	5.325989e-05
1.110493e+02	5.360940e-05
1.172187e+02	5.396082e-05
1.233881e+02	5.431416e-05
1.295575e+02	5.466942e-05
1.357269e+02	5.502661e-05
1.418963e+02	5.538574e-05
1.480657e+02	5.574682e-05
1.542351e+02	5.610985e-05
1.604045e+02	5.647484e-05
1.665739e+02	5.684180e-05
1.727433e+02	5.721074e-05
1.789127e+02	5.758166e-05
1.850821e+02	5.795457e-05
1.912515e+02	5.832948e-05
1.974209e+02	5.870640e-05
2.035903e+02	5.908533e-05
2.097597e+02	5.946628e-05
2.159291e+02	5.984926e-05
2.220985e+02	6.023428e-05
2.282679e+02	6.062135e-05
2.344373e+02	6.101046e-05
2.406067e+02	6.140164e-05
2.467761e+02	6.179488e-05
2.529455e+02	6.219020e-05
2.591149e+02	6.258760e-05
2.652843e+02	6.298709e-05
2.714537e+02	6.338868e-05
2.776232e+02	6.379237e-05
2.837926e+02	6.419818e-05
2.899620e+02	6.460611e-05
2.961314e+02	6.501616e-05
3.023008e+02	6.542835e-05
3.084702e+02	6.584269e-05
3.146396e+02	6.625917e-05
3.208090e+02	6.667782e-05
3.269784e+02	6.709863e-05
3.331478e+02	6.752162e-05
3.393172e+02	6.794678e-05
3.454866e+02	6.837414e-05
3.516560e+02	6.880370e-05
3.578254e+02	6.923545e-05
3.639948e+02	6.966943e-05
3.701642e+02	7.010562e-05
3.763336e+02	7.054404e-05
3.825030e+02	7.098469e-05
3.886724e+02	7.142759e-05
3.948418e+02	7.187274e-05
4.010112e+02	7.232014e-05
4.071806e+02	7.276982e-05
4.133500e+02	7.322176e-05
4.195194e+02	7.367599e-05
4.256888e+02	7.413251e-05
4.318582e+02	7.459132e-05
4.380276e+02	7.505244e-05
4.441970e+02	7.551587e-05
4.503664e+02	7.598162e-05
4.565359e+02	7.644969e-05
4.627053e+02	7.692010e-05
4.688747e+02	7.739286e-05
4.750441e+02	7.786796e-05
4.812135e+02	7.834542e-05
4.873829e+02	7.882525e-05
4.935523e+02	7.930745e-05
4.997217e+02	7.979203e-05
5.058911e+02	8.027900e-05
5.120605e+02	8.076836e-05
5.182299e+02	8.126013e-05
5.243993e+02	8.175431e-05
5.305687e+02	8.225091e-05
5.367381e+02	8.274993e-05
5.429075e+02	8.325139e-05
5.490769e+02	8.375529e-05
5.552463e+02	8.426164e-05
5.614157e+02	8.477044e-05
5.675851e+02	8.528171e-05
5.737545e+02	8.579545e-05
5.799239e+02	8.631167e-05
5.860933e+02	8.683038e-05
5.922627e+02	8.735158e-05
5.984321e+02	8.787528e-05
6.046015e+02	8.840149e-05
6.107709e+02	8.893022e-05
6.169403e+02	8.946147e-05
6.231097e+02	8.999525e-05
6.292791e+02	9.053158e-05
6.354485e+02	9.107045e-05
6.416180e+02	9.161187e-05
6.477874e+02	9.215585e-05
6.539568e+02	9.270241e-05
6.601262e+02	9.325154e-05
6.662956e+02	9.380325e-05
6.724650e+02	9.435756e-05
6.786344e+02	9.491446e-05
6.848038e+02	9.547397e-05
6.909732e+02	9.603609e-05
6.971426e+02	9.660083e-05
7.033120e+02	9.716820e-05
7.094814e+02	9.773821e-05
7.156508e+02	9.831086e-05
7.218202e+02	9.888616e-05
7.279896e+02	9.946411e-05
7.341590e+02	1.000447e-04
7.403284e+02	1.006280e-04
7.464978e+02	1.012140e-04
7.526672e+02	1.018026e-04
7.588366e+02	1.023940e-04
7.650060e+02	1.029880e-04
7.711754e+02	1.035848e-04
7.773448e+02	1.041843e-04
7.835142e+02	1.047865e-04
7.896836e+02	1.053914e-04
7.958530e+02	1.059991e-04
8.020224e+02	1.066095e-04
8.081918e+02	1.072226e-04
8.143612e+02	1.078385e-04
8.205306e+02	1.084572e-04
8.267001e+02	1.090786e-04
8.328695e+02	1.097029e-04
8.390389e+02	1.103299e-04
8.452083e+02	1.109597e-04
8.513777e+02	1.115923e-04
8.575471e+02	1.122277e-04
8.637165e+02	1.128659e-04
8.698859e+02	1.135069e-04
8.760553e+02	1.141508e-04
8.822247e+02	1.147975e-04
8.883941e+02	1.154470e-04
8.945635e+02	1.160994e-04
9.007329e+02	1.167547e-04
9.069023e+02	1.174128e-04
9.130717e+02	1.180737e-04
9.192411e+02	1.187376e-04
9.254105e+02	1.194043e-04
9.315799e+02	1.200739e-04
9.377493e+02	1.207464e-04
9.439187e+02	1.214218e-04
9.500881e+02	1.221001e-04
9.562575e+02	1.227813e-04
9.624269e+02	1.234655e-04
9.685963e+02	1.241526e-04
9.747657e+02	1.248426e-04
9.809351e+02	1.255355e-04
9.871045e+02	1.262314e-04
9.932739e+02	1.269302e-04
9.994433e+02	1.276320e-04
1.005613e+03	1.283368e-04
1.011782e+03	1.290445e-04
1.017952e+03	1.297552e-04
1.024121e+03	1.304689e-04
1.030290e+03	1.311856e-04
1.036460e+03	1.319053e-04
1.042629e+03	1.326280e-04
1.048799e+03	1.333537e-04
1.054968e+03	1.340824e-04
1.061137e+03	1.348141e-04
1.067307e+03	1.355489e-04
1.073476e+03	1.362867e-04
1.079646e+03	1.370275e-04
1.085815e+03	1.377714e-04
1.091984e+03	1.385183e-04
1.098154e+03	1.392682e-04
1.104323e+03	1.400213e-04
1.110493e+03	1.407774e-04
1.116662e+03	1.415366e-04
1.122831e+03	1.422988e-04
1.129001e+03	1.430642e-04
1.135170e+03	1.438326e-04
1.141340e+03	1.446041e-04
1.147509e+03	1.453787e-04
1.153678e+03	1.461565e-04
1.159848e+03	1.469373e-04
1.166017e+03	1.477213e-04
1.172187e+03	1.485084e-04
1.178356e+03	1.492986e-04
1.184525e+03	1.500920e-04
1.190695e+03	1.508884e-04
1.196864e+03	1.516881e-04
1.203034e+03	1.524909e-04
1.209203e+03	1.532968e-04
1.215372e+03	1.541059e-04
1.221542e+03	1.549182e-04
1.227711e+03	1.557336e-04
1.233881e+03	1.565522e-04
1.240050e+03	1.573740e-04
1.246219e+03	1.581990e-04
1.252389e+03	1.590272e-04
1.258558e+03	1.598585e-04
1.264728e+03	1.606931e-04
1.270897e+03	1.615309e-04
1.277066e+03	1.623719e-04
1.283236e+03	1.632161e-04
1.289405e+03	1.640635e-04
1.295575e+03	1.649141e-04
1.301744e+03	1.657680e-04
1.307914e+03	1.666251e-04
1.314083e+03	1.674854e-04
1.320252e+03	1.683490e-04
1.326422e+03	1.692158e-04
1.332591e+03	1.700859e-04
1.338761e+03	1.709592e-04
1.344930e+03	1.718358e-04
1.351099e+03	1.727156e-04
1.357269e+03	1.735987e-04
1.363438e+03	1.744851e-04
1.369608e+03	1.753748e-04
1.375777e+03	1.762677e-04
1.381946e+03	1.771639e-04
1.388116e+03	1.780634e-04
1.394285e+03	1.789662e-04
1.400455e+03	1.798723e-04
1.406624e+03	1.807817e-04
1.412793e+03	1.816944e-04
1.418963e+03	1.826104e-04
1.425132e+03	1.835297e-04
1.431302e+03	1.844523e-04
1.437471e+03	1.853782e-04
1.443640e+03	1.863075e-04
1.449810e+03	1.872401e-04
1.455979e+03	1.881760e-04
1.462149e+03	1.891152e-04
1.468318e+03	1.900578e-04
1.474487e+03	1.910037e-04
1.480657e+03	1.919529e-04
1.486826e+03	1.929055e-04
1.492996e+03	1.938614e-04
1.499165e+03	1.948207e-04
1.505334e+03	1.957833e-04
1.511504e+03	1.967492e-04
1.517673e+03	1.977186e-04
1.523843e+03	1.986913e-04
1.530012e+03	1.996673e-04
1.536181e+03	2.006467e-04
1.542351e+03	2.016295e-04
1.548520e+03	2.026156e-04
1.554690e+03	2.036051e-04
1.560859e+03	2.045980e-04
1.567028e+03	2.055943e-04
1.573198e+03	2.065939e-04
1.579367e+03	2.075970e-04
1.585537e+03	2.086034e-04
1.591706e+03	2.096131e-04
1.597875e+03	2.106263e-04
1.604045e+03	2.116429e-04
1.610214e+03	2.126628e-04
1.616384e+03	2.136862e-04
1.622553e+03	2.147129e-04
1.628722e+03	2.157430e-04
1.634892e+03	2.167765e-04
1.641061e+03	2.178135e-04
1.647231e+03	2.188538e-04
1.653400e+03	2.198975e-04
1.659570e+03	2.209446e-04
1.665739e+03	2.219951e-04
1.671908e+03	2.230491e-04
1.678078e+03	2.241064e-04
1.684247e+03	2.251671e-04
1.690417e+03	2.262313e-04
1.696586e+03	2.272988e-04
1.702755e+03	2.283698e-04
1.708925e+03	2.294442e-04
1.715094e+03	2.305220e-04
1.721264e+03	2.316031e-04
1.727433e+03	2.326877e-04
1.733602e+03	2.337758e-04
1.739772e+03	2.348672e-04
1.745941e+03	2.359620e-04
1.752111e+03	2.370603e-04
1.758280e+03	2.381619e-04
1.764449e+03	2.392670e-04
1.770619e+03	2.403755e-04
1.776788e+03	2.414874e-04
1.782958e+03	2.426027e-04
1.789127e+03	2.437215e-04
1.795296e+03	2.448436e-04
1.801466e+03	2.459692e-04
1.807635e+03	2.470981e-04
1.813805e+03	2.482305e-04
1.819974e+03	2.493663e-04
1.826143e+03	2.505055e-04
1.832313e+03	2.516481e-04
1.838482e+03	2.527941e-04
1.844652e+03	2.539435e-04
1.850821e+03	2.550964e-04
1.856990e+03	2.562526e-04
1.863160e+03	2.574122e-04
1.869329e+03	2.585753e-04
1.875499e+03	2.597417e-04
1.881668e+03	2.609116e-04
1.887837e+03	2.620848e-04
1.894007e+03	2.632614e-04
1.900176e+03	2.644415e-04
1.906346e+03	2.656249e-04
1.912515e+03	2.668117e-04
1.918684e+03	2.680020e-04
1.924854e+03	2.691956e-04
1.931023e+03	2.703926e-04
1.937193e+03	2.715929e-04
1.943362e+03	2.727967e-04
1.949531e+03	2.740039e-04
1.955701e+03	2.752144e-04
1.961870e+03	2.764283e-04
1.968040e+03	2.776455e-04
1.974209e+03	2.788662e-04
1.980378e+03	2.800902e-04
1.986548e+03	2.813176e-04
1.992717e+03	2.825483e-04
1.998887e+03	2.837824e-04
2.005056e+03	2.850199e-04
2.011226e+03	2.862607e-04
2.017395e+03	2.875048e-04
2.023564e+03	2.887524e-04
2.029734e+03	2.900032e-04
2.035903e+03	2.912574e-04
2.042073e+03	2.925149e-04
2.048242e+03	2.937758e-04
2.054411e+03	2.950400e-04
2.060581e+03	2.963075e-04
2.066750e+03	2.975784e-04
2.072920e+03	2.988525e-04
2.079089e+03	3.001300e-04
2.085258e+03	3.014108e-04
2.091428e+03	3.026949e-04
2.097597e+03	3.039823e-04
2.103767e+03	3.052730e-04
2.109936e+03	3.065670e-04
2.116105e+03	3.078643e-04
2.122275e+03	3.091649e-04
2.128444e+03	3.104687e-04
2.134614e+03	3.117758e-04
2.140783e+03	3.130862e-04
2.146952e+03	3.143999e-04
2.153122e+03	3.157168e-04
2.159291e+03	3.170370e-04
2.165461e+03	3.183604e-04
2.171630e+03	3.196870e-04
2.177799e+03	3.210169e-04
2.183969e+03	3.223501e-04
2.190138e+03	3.236864e-04
2.196308e+03	3.250260e-04
2.202477e+03	3.263688e-04
2.208646e+03	3.277148e-04
2.214816e+03	3.290640e-04
2.220985e+03	3.304165e-04
2.227155e+03	3.317721e-04
2.233324e+03	3.331308e-04
2.239493e+03	3.344928e-04
2.245663e+03	3.358580e-04
2.251832e+03	3.372263e-04
2.258002e+03	3.385977e-04
2.264171e+03	3.399723e-04
2.270340e+03	3.413501e-04
2.276510e+03	3.427310e-04
2.282679e+03	3.441150e-04
2.288849e+03	3.455022e-04
2.295018e+03	3.468925e-04
2.301187e+03	3.482859e-04
2.307357e+03	3.496824e-04
2.313526e+03	3.510819e-04
2.319696e+03	3.524846e-04
2.325865e+03	3.538904e-04
2.332034e+03	3.552992e-04
2.338204e+03	3.567111e-04
2.344373e+03	3.581260e-04
2.350543e+03	3.595440e-04
2.356712e+03	3.609650e-04
2.362881e+03	3.623891e-04
2.369051e+03	3.638162e-04
2.375220e+03	3.652463e-04
2.381390e+03	3.666794e-04
2.387559e+03	3.681155e-04
2.393729e+03	3.695546e-04
2.399898e+03	3.709967e-04
2.406067e+03	3.724417e-04
2.412237e+03	3.738897e-04
2.418406e+03	3.753407e-04
2.424576e+03	3.767946e-04
2.430745e+03	3.782514e-04
2.436914e+03	3.797112e-04
2.443084e+03	3.811738e-04
2.449253e+03	3.826394e-04
2.455423e+03	3.841079e-04
2.461592e+03	3.855792e-04
2.467761e+03	3.870535e-04
2.473931e+03	3.885306e-04
2.480100e+03	3.900105e-04
2.486270e+03	3.914933e-04
2.492439e+03	3.929789e-04
2.498608e+03	3.944674e-04
2.504778e+03	3.959587e-04
2.510947e+03	3.974527e-04
2.517117e+03	3.989496e-04
2.523286e+03	4.004492e-04
2.529455e+03	4.019517e-04
2.535625e+03	4.034568e-04
2.541794e+03	4.049648e-04
2.547964e+03	4.064754e-04
2.554133e+03	4.079888e-04
2.560302e+03	4.095049e-04
2.566472e+03	4.110237e-04
2.572641e+03	4.125452e-04
2.578811e+03	4.140693e-04
2.584980e+03	4.155962e-04
2.591149e+03	4.171257e-04
2.597319e+03	4.186578e-04
2.603488e+03	4.201926e-04
2.609658e+03	4.217299e-04
2.615827e+03	4.232699e-04
2.621996e+03	4.248125e-04
2.628166e+03	4.263577e-04
2.634335e+03	4.279054e-04
2.640505e+03	4.294557e-04
2.646674e+03	4.310085e-04
2.652843e+03	4.325638e-04
2.659013e+03	4.341217e-04
2.665182e+03	4.356821e-04
2.671352e+03	4.372449e-04
2.677521e+03	4.388103e-04
2.683690e+03	4.403781e-04
2.689860e+03	4.419483e-04
2.696029e+03	4.435210e-04
2.702199e+03	4.450961e-04
2.708368e+03	4.466736e-04
2.714537e+03	4.482535e-04
2.720707e+03	4.498358e-04
2.726876e+03	4.514205e-04
2.733046e+03	4.530075e-04
2.739215e+03	4.545968e-04
2.745385e+03	4.561885e-04
2.751554e+03	4.577825e-04
2.757723e+03	4.593787e-04
2.763893e+03	4.609773e-04
2.770062e+03	4.625781e-04
2.776232e+03	4.641811e-04
2.782401e+03	4.657864e-04
2.788570e+03	4.673939e-04
2.794740e+03	4.690036e-04
2.800909e+03	4.706155e-04
2.807079e+03	4.722295e-04
2.813248e+03	4.738458e-04
2.819417e+03	4.754641e-04
2.825587e+03	4.770846e-04
2.831756e+03	4.787072e-04
2.837926e+03	4.803319e-04
2.844095e+03	4.819586e-04
2.850264e+03	4.835875e-04
2.856434e+03	4.852183e-04
2.862603e+03	4.868512e-04
2.868773e+03	4.884861e-04
2.874942e+03	4.901230e-04
2.881111e+03	4.917619e-04
2.887281e+03	4.934027e-04
2.893450e+03	4.950455e-04
2.899620e+03	4.966902e-04
2.905789e+03	4.983368e-04
2.911958e+03	4.999853e-04
2.918128e+03	5.016357e-04
2.924297e+03	5.032879e-04
2.930467e+03	5.049420e-04
2.936636e+03	5.065979e-04
2.942805e+03	5.082556e-04
2.948975e+03	5.099151e-04
2.955144e+03	5.115764e-04
2.961314e+03	5.132394e-04
2.967483e+03	5.149041e-04
2.973652e+03	5.165706e-04
2.979822e+03	5.182387e-04
2.985991e+03	5.199086e-04
2.992161e+03	5.215801e-04
2.998330e+03	5.232532e-04
3.004499e+03	5.249280e-04
3.010669e+03	5.266043e-04
3.016838e+03	5.282823e-04
3.023008e+03	5.299618e-04
3.029177e+03	5.316429e-04
3.035346e+03	5.333255e-04
3.041516e+03	5.350096e-04
3.047685e+03	5.366952e-04
3.053855e+03	5.383822e-04
3.060024e+03	5.400707e-04
3.066193e+03	5.417607e-04
3.072363e+03	5.434520e-04
3.078532e+03	5.451448e-04
3.084702e+03	5.468389e-04
3.090871e+03	5.485344e-04
3.097040e+03	5.502312e-04
3.103210e+03	5.519293e-04
3.109379e+03	5.536287e-04
3.115549e+03	5.553294e-04
3.121718e+03	5.570313e-04
3.127888e+03	5.587344e-04
3.134057e+03	5.604388e-04
3.140226e+03	5.621444e-04
3.146396e+03	5.638511e-04
3.152565e+03	5.655590e-04
3.158735e+03	5.672680e-04
3.164904e+03	5.689781e-04
3.171073e+03	5.706893e-04
3.177243e+03	5.724015e-04
3.183412e+03	5.741148e-04
3.189582e+03	5.758291e-04
3.195751e+03	5.775445e-04
3.201920e+03	5.792607e-04
3.208090e+03	5.809780e-04
3.214259e+03	5.826962e-04
3.220429e+03	5.844153e-04
3.226598e+03	5.861353e-04
3.232767e+03	5.878561e-04
3.238937e+03	5.895778e-04
3.245106e+03	5.913004e-04
3.251276e+03	5.930237e-04
3.257445e+03	5.947478e-04
3.263614e+03	5.964727e-04
3.269784e+03	5.981983e-04
3.275953e+03	5.999246e-04
3.282123e+03	6.016516e-04
3.288292e+03	6.033793e-04
3.294461e+03	6.051076e-04
3.300631e+03	6.068365e-04
3.306800e+03	6.085661e-04
3.312970e+03	6.102962e-04
3.319139e+03	6.120269e-04
3.325308e+03	6.137581e-04
3.331478e+03	6.154898e-04
3.337647e+03	6.172220e-04
3.343817e+03	6.189546e-04
3.349986e+03	6.206877e-04
3.356155e+03	6.224212e-04
3.362325e+03	6.241551e-04
3.368494e+03	6.258894e-04
3.374664e+03	6.276240e-04
3.380833e+03	6.293589e-04
3.387002e+03	6.310941e-04
3.393172e+03	6.328296e-04
3.399341e+03	6.345653e-04
3.405511e+03	6.363012e-04
3.411680e+03	6.380374e-04
3.417849e+03	6.397737e-04
3.424019e+03	6.415102e-04
3.430188e+03	6.432468e-04
3.436358e+03	6.449835e-04
3.442527e+03	6.467202e-04
3.448696e+03	6.484570e-04
3.454866e+03	6.501939e-04
3.461035e+03	6.519307e-04
3.467205e+03	6.536676e-04
3.473374e+03	6.554043e-04
3.479544e+03	6.571410e-04
3.485713e+03	6.588777e-04
3.491882e+03	6.606141e-04
3.498052e+03	6.623505e-04
3.504221e+03	6.640866e-04
3.510391e+03	6.658226e-04
3.516560e+03	6.675583e-04
3.522729e+03	6.692938e-04
3.528899e+03	6.710290e-04
3.535068e+03	6.727640e-04
3.541238e+03	6.744986e-04
3.547407e+03	6.762328e-04
3.553576e+03	6.779667e-04
3.559746e+03	6.797001e-04
3.565915e+03	6.814331e-04
3.572085e+03	6.831657e-04
3.578254e+03	6.848978e-04
3.584423e+03	6.866294e-04
3.590593e+03	6.883605e-04
3.596762e+03	6.900910e-04
3.602932e+03	6.918209e-04
3.609101e+03	6.935502e-04
3.615270e+03	6.952789e-04
3.621440e+03	6.970069e-04
3.627609e+03	6.987342e-04
3.633779e+03	7.004608e-04
3.639948e+03	7.021866e-04
3.646117e+03	7.039117e-04
3.652287e+03	7.056360e-04
3.658456e+03	7.073595e-04
3.664626e+03	7.090821e-04
3.670795e+03	7.108039e-04
3.676964e+03	7.125247e-04
3.683134e+03	7.142446e-04
3.689303e+03	7.159636e-04
3.695473e+03	7.176816e-04
3.701642e+03	7.193985e-04
3.707811e+03	7.211145e-04
3.713981e+03	7.228294e-04
3.720150e+03	7.245431e-04
3.726320e+03	7.262558e-04
3.732489e+03	7.279673e-04
3.738658e+03	7.296777e-04
3.744828e+03	7.313868e-04
3.750997e+03	7.330947e-04
3.757167e+03	7.348014e-04
3.763336e+03	7.365068e-04
3.769505e+03	7.382109e-04
3.775675e+03	7.399136e-04
3.781844e+03	7.416150e-04
3.788014e+03	7.433150e-04
3.794183e+03	7.450136e-04
3.800352e+03	7.467107e-04
3.806522e+03	7.484064e-04
3.812691e+03	7.501006e-04
3.818861e+03	7.517932e-04
3.825030e+03	7.534843e-04
3.831199e+03	7.551738e-04
3.837369e+03	7.568617e-04
3.843538e+03	7.585479e-04
3.849708e+03	7.602325e-04
3.855877e+03	7.619154e-04
3.862047e+03	7.635966e-04
3.868216e+03	7.652760e-04
3.874385e+03	7.669536e-04
3.880555e+03	7.686294e-04
3.886724e+03	7.703034e-04
3.892894e+03	7.719756e-04
3.899063e+03	7.736458e-04
3.905232e+03	7.753142e-04
3.911402e+03	7.769806e-04
3.917571e+03	7.786450e-04
3.923741e+03	7.803074e-04
3.929910e+03	7.819678e-04
3.936079e+03	7.836261e-04
3.942249e+03	7.852824e-04
3.948418e+03	7.869365e-04
3.954588e+03	7.885885e-04
3.960757e+03	7.902384e-04
3.966926e+03	7.918860e-04
3.973096e+03	7.935314e-04
3.979265e+03	7.951745e-04
3.985435e+03	7.968154e-04
3.991604e+03	7.984540e-04
3.997773e+03	8.000902e-04
4.003943e+03	8.017241e-04
4.010112e+03	8.033555e-04
4.016282e+03	8.049846e-04
4.022451e+03	8.066112e-04
4.028620e+03	8.082353e-04
4.034790e+03	8.098569e-04
4.040959e+03	8.114760e-04
4.047129e+03	8.130925e-04
4.053298e+03	8.147064e-04
4.059467e+03	8.163177e-04
4.065637e+03	8.179263e-04
4.071806e+03	8.195323e-04
4.077976e+03	8.211356e-04
4.084145e+03	8.227361e-04
4.090314e+03	8.243339e-04
4.096484e+03	8.259289e-04
4.102653e+03	8.275211e-04
4.108823e+03	8.291104e-04
4.114992e+03	8.306969e-04
4.121161e+03	8.322804e-04
4.127331e+03	8.338610e-04
4.133500e+03	8.354387e-04
4.139670e+03	8.370134e-04
4.145839e+03	8.385851e-04
4.152008e+03	8.401537e-04
4.158178e+03	8.417193e-04
4.164347e+03	8.432817e-04
4.170517e+03	8.448411e-04
4.176686e+03	8.463972e-04
4.182855e+03	8.479502e-04
4.189025e+03	8.495000e-04
4.195194e+03	8.510466e-04
4.201364e+03	8.525899e-04
4.207533e+03	8.541299e-04
4.213703e+03	8.556665e-04
4.219872e+03	8.571998e-04
4.226041e+03	8.587298e-04
4.232211e+03	8.602563e-04
4.238380e+03	8.617794e-04
4.244550e+03	8.632991e-04
4.250719e+03	8.648152e-04
4.256888e+03	8.663279e-04
4.263058e+03	8.678370e-04
4.269227e+03	8.693425e-04
4.275397e+03	8.708444e-04
4.281566e+03	8.723427e-04
4.287735e+03	8.738373e-04
4.293905e+03	8.753283e-04
4.300074e+03	8.768155e-04
4.306244e+03	8.782990e-04
4.312413e+03	8.797788e-04
4.318582e+03	8.812547e-04
4.324752e+03	8.827268e-04
4.330921e+03	8.841951e-04
4.337091e+03	8.856595e-04
4.343260e+03	8.871200e-04
4.349429e+03	8.885766e-04
4.355599e+03	8.900292e-04
4.361768e+03	8.914778e-04
4.367938e+03	8.929224e-04
4.374107e+03	8.943630e-04
4.380276e+03	8.957995e-04
4.386446e+03	8.972320e-04
4.392615e+03	8.986603e-04
4.398785e+03	9.000844e-04
4.404954e+03	9.015044e-04
4.411123e+03	9.029202e-04
4.417293e+03	9.043317e-04
4.423462e+03	9.057390e-04
4.429632e+03	9.071420e-04
4.435801e+03	9.085408e-04
4.441970e+03	9.099351e-04
4.448140e+03	9.113252e-04
4.454309e+03	9.127108e-04
4.460479e+03	9.140920e-04
4.466648e+03	9.154688e-04
4.472817e+03	9.168411e-04
4.478987e+03	9.182089e-04
4.485156e+03	9.195722e-04
4.491326e+03	9.209310e-04
4.497495e+03	9.222851e-04
4.503664e+03	9.236347e-04
4.509834e+03	9.249797e-04
4.516003e+03	9.263200e-04
4.522173e+03	9.276556e-04
4.528342e+03	9.289866e-04
4.534511e+03	9.303128e-04
4.540681e+03	9.316343e-04
4.546850e+03	9.329509e-04
4.553020e+03	9.342628e-04
4.559189e+03	9.355699e-04
4.565359e+03	9.368721e-04
4.571528e+03	9.381694e-04
4.577697e+03	9.394618e-04
4.583867e+03	9.407493e-04
4.590036e+03	9.420318e-04
4.596206e+03	9.433093e-04
4.602375e+03	9.445819e-04
4.608544e+03	9.458494e-04
4.614714e+03	9.471119e-04
4.620883e+03	9.483692e-04
4.627053e+03	9.496215e-04
4.633222e+03	9.508687e-04
4.639391e+03	9.521106e-04
4.645561e+03	9.533475e-04
4.651730e+03	9.545791e-04
4.657900e+03	9.558054e-04
4.664069e+03	9.570266e-04
4.670238e+03	9.582424e-04
4.676408e+03	9.594530e-04
4.682577e+03	9.606582e-04
4.688747e+03	9.618581e-04
4.694916e+03	9.630526e-04
4.701085e+03	9.642418e-04
4.707255e+03	9.654255e-04
4.713424e+03	9.666037e-04
4.719594e+03	9.677765e-04
4.725763e+03	9.689438e-04
4.731932e+03	9.701056e-04
4.738102e+03	9.712619e-04
4.744271e+03	9.724126e-04
4.750441e+03	9.735577e-04
4.756610e+03	9.746972e-04
4.762779e+03	9.758311e-04
4.768949e+03	9.769594e-04
4.775118e+03	9.780819e-04
4.781288e+03	9.791988e-04
4.787457e+03	9.803100e-04
4.793626e+03	9.814154e-04
4.799796e+03	9.825150e-04
4.805965e+03	9.836089e-04
4.812135e+03	9.846970e-04
4.818304e+03	9.857792e-04
4.824473e+03	9.868556e-04
4.830643e+03	9.879261e-04
4.836812e+03	9.889908e-04
4.842982e+03	9.900495e-04
4.849151e+03	9.911022e-04
4.855320e+03	9.921490e-04
4.861490e+03	9.931899e-04
4.867659e+03	9.942247e-04
4.873829e+03	9.952535e-04
4.879998e+03	9.962763e-04
4.886167e+03	9.972930e-04
4.892337e+03	9.983036e-04
4.898506e+03	9.993082e-04
4.904676e+03	1.000307e-03
4.910845e+03	1.001299e-03
4.917014e+03	1.002285e-03
4.923184e+03	1.003265e-03
4.929353e+03	1.004239e-03
4.935523e+03	1.005206e-03
4.941692e+03	1.006167e-03
4.947862e+03	1.007122e-03
4.954031e+03	1.008071e-03
4.960200e+03	1.009013e-03
4.966370e+03	1.009949e-03
4.972539e+03	1.010879e-03
4.978709e+03	1.011802e-03
4.984878e+03	1.012719e-03
4.991047e+03	1.013630e-03
4.997217e+03	1.014534e-03
5.003386e+03	1.015432e-03
5.009556e+03	1.016323e-03
5.015725e+03	1.017208e-03
5.021894e+03	1.018086e-03
5.028064e+03	1.018958e-03
5.034233e+03	1.019823e-03
5.040403e+03	1.020682e-03
5.046572e+03	1.021534e-03
5.052741e+03	1.022380e-03
5.058911e+03	1.023219e-03
5.065080e+03	1.024051e-03
5.071250e+03	1.024877e-03
5.077419e+03	1.025696e-03
5.083588e+03	1.026508e-03
5.089758e+03	1.027314e-03
5.095927e+03	1.028113e-03
5.102097e+03	1.028905e-03
5.108266e+03	1.029691e-03
5.114435e+03	1.030469e-03
5.120605e+03	1.031242e-03
5.126774e+03	1.032007e-03
5.132944e+03	1.032765e-03
5.139113e+03	1.033517e-03
5.145282e+03	1.034262e-03
5.151452e+03	1.035000e-03
5.157621e+03	1.035731e-03
5.163791e+03	1.036455e-03
5.169960e+03	1.037172e-03
5.176129e+03	1.037883e-03
5.182299e+03	1.038586e-03
5.188468e+03	1.039283e-03
5.194638e+03	1.039973e-03
5.200807e+03	1.040655e-03
5.206976e+03	1.041331e-03
5.213146e+03	1.042000e-03
5.219315e+03	1.042661e-03
5.225485e+03	1.043316e-03
5.231654e+03	1.043964e-03
5.237823e+03	1.044604e-03
5.243993e+03	1.045238e-03
5.250162e+03	1.045864e-03
5.256332e+03	1.046483e-03
5.262501e+03	1.047096e-03
5.268670e+03	1.047701e-03
5.274840e+03	1.048299e-03
5.281009e+03	1.048890e-03
5.287179e+03	1.049473e-03
5.293348e+03	1.050050e-03
5.299518e+03	1.050619e-03
5.305687e+03	1.051181e-03
5.311856e+03	1.051736e-03
5.318026e+03	1.052284e-03
5.324195e+03	1.052825e-03
5.330365e+03	1.053358e-03
5.336534e+03	1.053884e-03
5.342703e+03	1.054403e-03
5.348873e+03	1.054914e-03
5.355042e+03	1.055419e-03
5.361212e+03	1.055916e-03
5.367381e+03	1.056405e-03
5.373550e+03	1.056888e-03
5.379720e+03	1.057363e-03
5.385889e+03	1.057830e-03
5.392059e+03	1.058291e-03
5.398228e+03	1.058744e-03
5.404397e+03	1.059189e-03
5.410567e+03	1.059627e-03
5.416736e+03	1.060058e-03
5.422906e+03	1.060482e-03
5.429075e+03	1.060898e-03
5.435244e+03	1.061307e-03
5.441414e+03	1.061708e-03
5.447583e+03	1.062102e-03
5.453753e+03	1.062488e-03
5.459922e+03	1.062867e-03
5.466091e+03	1.063239e-03
5.472261e+03	1.063603e-03
5.478430e+03	1.063959e-03
5.484600e+03	1.064308e-03
5.490769e+03	1.064650e-03
5.496938e+03	1.064984e-03
5.503108e+03	1.065311e-03
5.509277e+03	1.065630e-03
5.515447e+03	1.065942e-03
5.521616e+03	1.066246e-03
5.527785e+03	1.066543e-03
5.533955e+03	1.066832e-03
5.540124e+03	1.067113e-03
5.546294e+03	1.067387e-03
5.552463e+03	1.067654e-03
5.558632e+03	1.067913e-03
5.564802e+03	1.068164e-03
5.570971e+03	1.068408e-03
5.577141e+03	1.068644e-03
5.583310e+03	1.068873e-03
5.589479e+03	1.069094e-03
5.595649e+03	1.069307e-03
5.601818e+03	1.069513e-03
5.607988e+03	1.069712e-03
5.614157e+03	1.069902e-03
5.620326e+03	1.070086e-03
5.626496e+03	1.070261e-03
5.632665e+03	1.070429e-03
5.638835e+03	1.070589e-03
5.645004e+03	1.070742e-03
5.651173e+03	1.070887e-03
5.657343e+03	1.071025e-03
5.663512e+03	1.071154e-03
5.669682e+03	1.071277e-03
5.675851e+03	1.071391e-03
5.682021e+03	1.071498e-03
5.688190e+03	1.071598e-03
5.694359e+03	1.071689e-03
5.700529e+03	1.071773e-03
5.706698e+03	1.071850e-03
5.712868e+03	1.071919e-03
5.719037e+03	1.071980e-03
5.725206e+03	1.072033e-03
5.731376e+03	1.072079e-03
5.737545e+03	1.072117e-03
5.743715e+03	1.072148e-03
5.749884e+03	1.072171e-03
5.756053e+03	1.072186e-03
5.762223e+03	1.072194e-03
5.768392e+03	1.072194e-03
5.774562e+03	1.072186e-03
5.780731e+03	1.072171e-03
5.786900e+03	1.072148e-03
5.793070e+03	1.072117e-03
5.799239e+03	1.072079e-03
5.805409e+03	1.072033e-03
5.811578e+03	1.071979e-03
5.817747e+03	1.071918e-03
5.823917e+03	1.071849e-03
5.830086e+03	1.071773e-03
5.836256e+03	1.071689e-03
5.842425e+03	1.071597e-03
5.848594e+03	1.071497e-03
5.854764e+03	1.071390e-03
5.860933e+03	1.071276e-03
5.867103e+03	1.071153e-03
5.873272e+03	1.071023e-03
5.879441e+03	1.070886e-03
5.885611e+03	1.070741e-03
5.891780e+03	1.070588e-03
5.897950e+03	1.070428e-03
5.904119e+03	1.070260e-03
5.910288e+03	1.070084e-03
5.916458e+03	1.069901e-03
5.922627e+03	1.069710e-03
5.928797e+03	1.069512e-03
5.934966e+03	1.069306e-03
5.941135e+03	1.069092e-03
5.947305e+03	1.068871e-03
5.953474e+03	1.068642e-03
5.959644e+03	1.068406e-03
5.965813e+03	1.068162e-03
5.971982e+03	1.067911e-03
5.978152e+03	1.067652e-03
5.984321e+03	1.067385e-03
5.990491e+03	1.067111e-03
5.996660e+03	1.066829e-03
6.002829e+03	1.066540e-03
6.008999e+03	1.066243e-03
6.015168e+03	1.065939e-03
6.021338e+03	1.065627e-03
6.027507e+03	1.065308e-03
6.033677e+03	1.064982e-03
6.039846e+03	1.064647e-03
6.046015e+03	1.064306e-03
6.052185e+03	1.063956e-03
6.058354e+03	1.063600e-03
6.064524e+03	1.063236e-03
6.070693e+03	1.062864e-03
6.076862e+03	1.062485e-03
6.083032e+03	1.062099e-03
6.089201e+03	1.061705e-03
6.095371e+03	1.061303e-03
6.101540e+03	1.060895e-03
6.107709e+03	1.060478e-03
6.113879e+03	1.060055e-03
6.120048e+03	1.059624e-03
6.126218e+03	1.059186e-03
6.132387e+03	1.058740e-03
6.138556e+03	1.058287e-03
6.144726e+03	1.057826e-03
6.150895e+03	1.057359e-03
6.157065e+03	1.056884e-03
6.163234e+03	1.056401e-03
6.169403e+03	1.055911e-03
6.175573e+03	1.055414e-03
6.181742e+03	1.054910e-03
6.187912e+03	1.054399e-03
6.194081e+03	1.053880e-03
6.200250e+03	1.053354e-03
6.206420e+03	1.052820e-03
6.212589e+03	1.052280e-03
6.218759e+03	1.051732e-03
6.224928e+03	1.051177e-03
6.231097e+03	1.050615e-03
6.237267e+03	1.050045e-03
6.243436e+03	1.049469e-03
6.249606e+03	1.048885e-03
6.255775e+03	1.048294e-03
6.261944e+03	1.047696e-03
6.268114e+03	1.047091e-03
6.274283e+03	1.046478e-03
6.280453e+03	1.045859e-03
6.286622e+03	1.045232e-03
6.292791e+03	1.044599e-03
6.298961e+03	1.043958e-03
6.305130e+03	1.043310e-03
6.311300e+03	1.042656e-03
6.317469e+03	1.041994e-03
6.323638e+03	1.041325e-03
6.329808e+03	1.040650e-03
6.335977e+03	1.039967e-03
6.342147e+03	1.039277e-03
6.348316e+03	1.038581e-03
6.354485e+03	1.037877e-03
6.360655e+03	1.037166e-03
6.366824e+03	1.036449e-03
6.372994e+03	1.035725e-03
6.379163e+03	1.034994e-03
6.385332e+03	1.034256e-03
6.391502e+03	1.033511e-03
6.397671e+03	1.032759e-03
6.403841e+03	1.032000e-03
6.410010e+03	1.031235e-03
6.416180e+03	1.030463e-03
6.422349e+03	1.029684e-03
6.428518e+03	1.028899e-03
6.434688e+03	1.028106e-03
6.440857e+03	1.027307e-03
6.447027e+03	1.026501e-03
6.453196e+03	1.025689e-03
6.459365e+03	1.024870e-03
6.465535e+03	1.024044e-03
6.471704e+03	1.023212e-03
6.477874e+03	1.022373e-03
6.484043e+03	1.021527e-03
6.490212e+03	1.020675e-03
6.496382e+03	1.019816e-03
6.502551e+03	1.018951e-03
6.508721e+03	1.018079e-03
6.514890e+03	1.017200e-03
6.521059e+03	1.016316e-03
6.527229e+03	1.015424e-03
6.533398e+03	1.014527e-03
6.539568e+03	1.013622e-03
6.545737e+03	1.012712e-03
6.551906e+03	1.011795e-03
6.558076e+03	1.010871e-03
6.564245e+03	1.009942e-03
6.570415e+03	1.009005e-03
6.576584e+03	1.008063e-03
6.582753e+03	1.007114e-03
6.588923e+03	1.006159e-03
6.595092e+03	1.005198e-03
6.601262e+03	1.004230e-03
6.607431e+03	1.003257e-03
6.613600e+03	1.002277e-03
6.619770e+03	1.001291e-03
6.625939e+03	1.000298e-03
6.632109e+03	9.992998e-04
6.638278e+03	9.982953e-04
6.644447e+03	9.972846e-04
6.650617e+03	9.962678e-04
6.656786e+03	9.952450e-04
6.662956e+03	9.942161e-04
6.669125e+03	9.931812e-04
6.675294e+03	9.921404e-04
6.681464e+03	9.910935e-04
6.687633e+03	9.900407e-04
6.693803e+03	9.889819e-04
6.699972e+03	9.879172e-04
6.706141e+03	9.868467e-04
6.712311e+03	9.857702e-04
6.718480e+03	9.846880e-04
6.724650e+03	9.835998e-04
6.730819e+03	9.825059e-04
6.736988e+03	9.814062e-04
6.743158e+03	9.803007e-04
6.749327e+03	9.791895e-04
6.755497e+03	9.780726e-04
6.761666e+03	9.769500e-04
6.767836e+03	9.758217e-04
6.774005e+03	9.746878e-04
6.780174e+03	9.735482e-04
6.786344e+03	9.724030e-04
6.792513e+03	9.712523e-04
6.798683e+03	9.700960e-04
6.804852e+03	9.689341e-04
6.811021e+03	9.677668e-04
6.817191e+03	9.665939e-04
6.823360e+03	9.654156e-04
6.829530e+03	9.642319e-04
6.835699e+03	9.630427e-04
6.841868e+03	9.618482e-04
6.848038e+03	9.606482e-04
6.854207e+03	9.594429e-04
6.860377e+03	9.582323e-04
6.866546e+03	9.570164e-04
6.872715e+03	9.557953e-04
6.878885e+03	9.545688e-04
6.885054e+03	9.533372e-04
6.891224e+03	9.521003e-04
6.897393e+03	9.508583e-04
6.903562e+03	9.496111e-04
6.909732e+03	9.483588e-04
6.915901e+03	9.471014e-04
6.922071e+03	9.458389e-04
6.928240e+03	9.445713e-04
6.934409e+03	9.432987e-04
6.940579e+03	9.420211e-04
6.946748e+03	9.407386e-04
6.952918e+03	9.394511e-04
6.959087e+03	9.381586e-04
6.965256e+03	9.368612e-04
6.971426e+03	9.355590e-04
6.977595e+03	9.342519e-04
6.983765e+03	9.329400e-04
6.989934e+03	9.316233e-04
6.996103e+03	9.303018e-04
7.002273e+03	9.289755e-04
7.008442e+03	9.276445e-04
7.014612e+03	9.263089e-04
7.020781e+03	9.249685e-04
7.026950e+03	9.236235e-04
7.033120e+03	9.222739e-04
7.039289e+03	9.209197e-04
7.045459e+03	9.195609e-04
7.051628e+03	9.181975e-04
7.057797e+03	9.168297e-04
7.063967e+03	9.154573e-04
7.070136e+03	9.140805e-04
7.076306e+03	9.126993e-04
7.082475e+03	9.113136e-04
7.088644e+03	9.099235e-04
7.094814e+03	9.085291e-04
7.100983e+03	9.071304e-04
7.107153e+03	9.057273e-04
7.113322e+03	9.043200e-04
7.119492e+03	9.029084e-04
7.125661e+03	9.014926e-04
7.131830e+03	9.000726e-04
7.138000e+03	8.986484e-04
7.144169e+03	8.972201e-04
7.150339e+03	8.957876e-04
7.156508e+03	8.943510e-04
7.162677e+03	8.929104e-04
7.168847e+03	8.914658e-04
7.175016e+03	8.900171e-04
7.181186e+03	8.885645e-04
7.187355e+03	8.871079e-04
7.193524e+03	8.856473e-04
7.199694e+03	8.841829e-04
7.205863e+03	8.827146e-04
7.212033e+03	8.812424e-04
7.218202e+03	8.797665e-04
7.224371e+03	8.782867e-04
7.230541e+03	8.768032e-04
7.236710e+03	8.753159e-04
7.242880e+03	8.738249e-04
7.249049e+03	8.723302e-04
7.255218e+03	8.708319e-04
7.261388e+03	8.693300e-04
7.267557e+03	8.678244e-04
7.273727e+03	8.663153e-04
7.279896e+03	8.648026e-04
7.286065e+03	8.632864e-04
7.292235e+03	8.617668e-04
7.298404e+03	8.602436e-04
7.304574e+03	8.587171e-04
7.310743e+03	8.571871e-04
7.316912e+03	8.556538e-04
7.323082e+03	8.541171e-04
7.329251e+03	8.525770e-04
7.335421e+03	8.510337e-04
7.341590e+03	8.494871e-04
7.347759e+03	8.479373e-04
7.353929e+03	8.463843e-04
7.360098e+03	8.448281e-04
7.366268e+03	8.432687e-04
7.372437e+03	8.417062e-04
7.378606e+03	8.401407e-04
7.384776e+03	8.385720e-04
7.390945e+03	8.370003e-04
7.397115e+03	8.354256e-04
7.403284e+03	8.338479e-04
7.409453e+03	8.322673e-04
7.415623e+03	8.306837e-04
7.421792e+03	8.290972e-04
7.427962e+03	8.275078e-04
7.434131e+03	8.259156e-04
7.440300e+03	8.243206e-04
7.446470e+03	8.227228e-04
7.452639e+03	8.211223e-04
7.458809e+03	8.195190e-04
7.464978e+03	8.179130e-04
7.471147e+03	8.163043e-04
7.477317e+03	8.146930e-04
7.483486e+03	8.130790e-04
7.489656e+03	8.114625e-04
7.495825e+03	8.098434e-04
7.501995e+03	8.082218e-04
7.508164e+03	8.065976e-04
7.514333e+03	8.049710e-04
7.520503e+03	8.033420e-04
7.526672e+03	8.017105e-04
7.532842e+03	8.000766e-04
7.539011e+03	7.984404e-04
7.545180e+03	7.968018e-04
7.551350e+03	7.951609e-04
7.557519e+03	7.935177e-04
7.563689e+03	7.918723e-04
7.569858e+03	7.902246e-04
7.576027e+03	7.885748e-04
7.582197e+03	7.869228e-04
7.588366e+03	7.852686e-04
7.594536e+03	7.836123e-04
7.600705e+03	7.819540e-04
7.606874e+03	7.802936e-04
7.613044e+03	7.786312e-04
7.619213e+03	7.769667e-04
7.625383e+03	7.753003e-04
7.631552e+03	7.736320e-04
7.637721e+03	7.719617e-04
7.643891e+03	7.702895e-04
7.650060e+03	7.686155e-04
7.656230e+03	7.669397e-04
7.662399e+03	7.652620e-04
7.668568e+03	7.635826e-04
7.674738e+03	7.619014e-04
7.680907e+03	7.602185e-04
7.687077e+03	7.585339e-04
7.693246e+03	7.568476e-04
7.699415e+03	7.551597e-04
7.705585e+03	7.534702e-04
7.711754e+03	7.517791e-04
7.717924e+03	7.500865e-04
7.724093e+03	7.483923e-04
7.730262e+03	7.466966e-04
7.736432e+03	7.449995e-04
7.742601e+03	7.433009e-04
7.748771e+03	7.416009e-04
7.754940e+03	7.398995e-04
7.761109e+03	7.381967e-04
7.767279e+03	7.364926e-04
7.773448e+03	7.347872e-04
7.779618e+03	7.330805e-04
7.785787e+03	7.313726e-04
7.791956e+03	7.296634e-04
7.798126e+03	7.279531e-04
7.804295e+03	7.262416e-04
7.810465e+03	7.245289e-04
7.816634e+03	7.228151e-04
7.822803e+03	7.211002e-04
7.828973e+03	7.193843e-04
7.835142e+03	7.176673e-04
7.841312e+03	7.159493e-04
7.847481e+03	7.142303e-04
7.853651e+03	7.125104e-04
7.859820e+03	7.107895e-04
7.865989e+03	7.090678e-04
7.872159e+03	7.073452e-04
7.878328e+03	7.056217e-04
7.884498e+03	7.038974e-04
7.890667e+03	7.021723e-04
7.896836e+03	7.004464e-04
7.903006e+03	6.987198e-04
7.909175e+03	6.969925e-04
7.915345e+03	6.952645e-04
7.921514e+03	6.935358e-04
7.927683e+03	6.918065e-04
7.933853e+03	6.900766e-04
7.940022e+03	6.883461e-04
7.946192e+03	6.866150e-04
7.952361e+03	6.848834e-04
7.958530e+03	6.831513e-04
7.964700e+03	6.814187e-04
7.970869e+03	6.796857e-04
7.977039e+03	6.779522e-04
7.983208e+03	6.762184e-04
7.989377e+03	6.744841e-04
7.995547e+03	6.727495e-04
8.001716e+03	6.710146e-04
8.007886e+03	6.692794e-04
8.014055e+03	6.675439e-04
8.020224e+03	6.658082e-04
8.026394e+03	6.640722e-04
8.032563e+03	6.623360e-04
8.038733e+03	6.605997e-04
8.044902e+03	6.588632e-04
8.051071e+03	6.571266e-04
8.057241e+03	6.553899e-04
8.063410e+03	6.536531e-04
8.069580e+03	6.519163e-04
8.075749e+03	6.501794e-04
8.081918e+03	6.484426e-04
8.088088e+03	6.467058e-04
8.094257e+03	6.449690e-04
8.100427e+03	6.432323e-04
8.106596e+03	6.414957e-04
8.112765e+03	6.397592e-04
8.118935e+03	6.380229e-04
8.125104e+03	6.362868e-04
8.131274e+03	6.345508e-04
8.137443e+03	6.328151e-04
8.143612e+03	6.310796e-04
8.149782e+03	6.293444e-04
8.155951e+03	6.276095e-04
8.162121e+03	6.258749e-04
8.168290e+03	6.241407e-04
8.174459e+03	6.224068e-04
8.180629e+03	6.206733e-04
8.186798e+03	6.189402e-04
8.192968e+03	6.172076e-04
8.199137e+03	6.154754e-04
8.205306e+03	6.137437e-04
8.211476e+03	6.120125e-04
8.217645e+03	6.102818e-04
8.223815e+03	6.085517e-04
8.229984e+03	6.068222e-04
8.236154e+03	6.050932e-04
8.242323e+03	6.033649e-04
8.248492e+03	6.016372e-04
8.254662e+03	5.999102e-04
8.260831e+03	5.981839e-04
8.267001e+03	5.964583e-04
8.273170e+03	5.947335e-04
8.279339e+03	5.930093e-04
8.285509e+03	5.912860e-04
8.291678e+03	5.895635e-04
8.297848e+03	5.878418e-04
8.304017e+03	5.861210e-04
8.310186e+03	5.844010e-04
8.316356e+03	5.826819e-04
8.322525e+03	5.809637e-04
8.328695e+03	5.792465e-04
8.334864e+03	5.775302e-04
8.341033e+03	5.758149e-04
8.347203e+03	5.741006e-04
8.353372e+03	5.723873e-04
8.359542e+03	5.706750e-04
8.365711e+03	5.689638e-04
8.371880e+03	5.672537e-04
8.378050e+03	5.655448e-04
8.384219e+03	5.638369e-04
8.390389e+03	5.621302e-04
8.396558e+03	5.604246e-04
8.402727e+03	5.587203e-04
8.408897e+03	5.570171e-04
8.415066e+03	5.553152e-04
8.421236e+03	5.536145e-04
8.427405e+03	5.519151e-04
8.433574e+03	5.502170e-04
8.439744e+03	5.485202e-04
8.445913e+03	5.468248e-04
8.452083e+03	5.451307e-04
8.458252e+03	5.434379e-04
8.464421e+03	5.417466e-04
8.470591e+03	5.400567e-04
8.476760e+03	5.383682e-04
8.482930e+03	5.366811e-04
8.489099e+03	5.349955e-04
8.495268e+03	5.333115e-04
8.501438e+03	5.316289e-04
8.507607e+03	5.299478e-04
8.513777e+03	5.282683e-04
8.519946e+03	5.265904e-04
8.526115e+03	5.249140e-04
8.532285e+03	5.232393e-04
8.538454e+03	5.215662e-04
8.544624e+03	5.198947e-04
8.550793e+03	5.182249e-04
8.556962e+03	5.165567e-04
8.563132e+03	5.148903e-04
8.569301e+03	5.132255e-04
8.575471e+03	5.115625e-04
8.581640e+03	5.099013e-04
8.587810e+03	5.082418e-04
8.593979e+03	5.065841e-04
8.600148e+03	5.049282e-04
8.606318e+03	5.032742e-04
8.612487e+03	5.016219e-04
8.618657e+03	4.999716e-04
8.624826e+03	4.983231e-04
8.630995e+03	4.966765e-04
8.637165e+03	4.950318e-04
8.643334e+03	4.933890e-04
8.649504e+03	4.917482e-04
8.655673e+03	4.901094e-04
8.661842e+03	4.884725e-04
8.668012e+03	4.868376e-04
8.674181e+03	4.852047e-04
8.680351e+03	4.835739e-04
8.686520e+03	4.819451e-04
8.692689e+03	4.803183e-04
8.698859e+03	4.786937e-04
8.705028e+03	4.770711e-04
8.711198e+03	4.754506e-04
8.717367e+03	4.738323e-04
8.723536e+03	4.722161e-04
8.729706e+03	4.706021e-04
8.735875e+03	4.689902e-04
8.742045e+03	4.673805e-04
8.748214e+03	4.657730e-04
8.754383e+03	4.641678e-04
8.760553e+03	4.625647e-04
8.766722e+03	4.609639e-04
8.772892e+03	4.593654e-04
8.779061e+03	4.577692e-04
8.785230e+03	4.561752e-04
8.791400e+03	4.545836e-04
8.797569e+03	4.529943e-04
8.803739e+03	4.514073e-04
8.809908e+03	4.498226e-04
8.816077e+03	4.482404e-04
8.822247e+03	4.466605e-04
8.828416e+03	4.450830e-04
8.834586e+03	4.435079e-04
8.840755e+03	4.419352e-04
8.846924e+03	4.403650e-04
8.853094e+03	4.387972e-04
8.859263e+03	4.372319e-04
8.865433e+03	4.356691e-04
8.871602e+03	4.341087e-04
8.877771e+03	4.325509e-04
8.883941e+03	4.309955e-04
8.890110e+03	4.294427e-04
8.896280e+03	4.278925e-04
8.902449e+03	4.263448e-04
8.908618e+03	4.247996e-04
8.914788e+03	4.232571e-04
8.920957e+03	4.217171e-04
8.927127e+03	4.201798e-04
8.933296e+03	4.186450e-04
8.939465e+03	4.171129e-04
8.945635e+03	4.155835e-04
8.951804e+03	4.140566e-04
8.957974e+03	4.125325e-04
8.964143e+03	4.110110e-04
8.970313e+03	4.094923e-04
8.976482e+03	4.079762e-04
8.982651e+03	4.064628e-04
8.988821e+03	4.049522e-04
8.994990e+03	4.034443e-04
9.001160e+03	4.019391e-04
9.007329e+03	4.004368e-04
9.013498e+03	3.989371e-04
9.019668e+03	3.974403e-04
9.025837e+03	3.959462e-04
9.032007e+03	3.944550e-04
9.038176e+03	3.929666e-04
9.044345e+03	3.914810e-04
9.050515e+03	3.899982e-04
9.056684e+03	3.885183e-04
9.062854e+03	3.870412e-04
9.069023e+03	3.855670e-04
9.075192e+03	3.840956e-04
9.081362e+03	3.826272e-04
9.087531e+03	3.811616e-04
9.093701e+03	3.796990e-04
9.099870e+03	3.782393e-04
9.106039e+03	3.767825e-04
9.112209e+03	3.753286e-04
9.118378e+03	3.738776e-04
9.124548e+03	3.724297e-04
9.130717e+03	3.709847e-04
9.136886e+03	3.695426e-04
9.143056e+03	3.681035e-04
9.149225e+03	3.666675e-04
9.155395e+03	3.652344e-04
9.161564e+03	3.638043e-04
9.167733e+03	3.623772e-04
9.173903e+03	3.609532e-04
9.180072e+03	3.595322e-04
9.186242e+03	3.581142e-04
9.192411e+03	3.566993e-04
9.198580e+03	3.552875e-04
9.204750e+03	3.538787e-04
9.210919e+03	3.524729e-04
9.217089e+03	3.510703e-04
9.223258e+03	3.496707e-04
9.229427e+03	3.482743e-04
9.235597e+03	3.468809e-04
9.241766e+03	3.454906e-04
9.247936e+03	3.441035e-04
9.254105e+03	3.427195e-04
9.260274e+03	3.413386e-04
9.266444e+03	3.399609e-04
9.272613e+03	3.385863e-04
9.278783e+03	3.372149e-04
9.284952e+03	3.358466e-04
9.291121e+03	3.344815e-04
9.297291e+03	3.331195e-04
9.303460e+03	3.317608e-04
9.309630e+03	3.304052e-04
9.315799e+03	3.290528e-04
9.321969e+03	3.277036e-04
9.328138e+03	3.263576e-04
9.334307e+03	3.250149e-04
9.340477e+03	3.236753e-04
9.346646e+03	3.223390e-04
9.352816e+03	3.210059e-04
9.358985e+03	3.196760e-04
9.365154e+03	3.183493e-04
9.371324e+03	3.170260e-04
9.377493e+03	3.157058e-04
9.383663e+03	3.143889e-04
9.389832e+03	3.130753e-04
9.396001e+03	3.117649e-04
9.402171e+03	3.104578e-04
9.408340e+03	3.091540e-04
9.414510e+03	3.078535e-04
9.420679e+03	3.065562e-04
9.426848e+03	3.052623e-04
9.433018e+03	3.039716e-04
9.439187e+03	3.026842e-04
9.445357e+03	3.014001e-04
9.451526e+03	3.001194e-04
9.457695e+03	2.988419e-04
9.463865e+03	2.975678e-04
9.470034e+03	2.962970e-04
9.476204e+03	2.950295e-04
9.482373e+03	2.937653e-04
9.488542e+03	2.925045e-04
9.494712e+03	2.912470e-04
9.500881e+03	2.899928e-04
9.507051e+03	2.887420e-04
9.513220e+03	2.874945e-04
9.519389e+03	2.862503e-04
9.525559e+03	2.850096e-04
9.531728e+03	2.837721e-04
9.537898e+03	2.825381e-04
9.544067e+03	2.813073e-04
9.550236e+03	2.800800e-04
9.556406e+03	2.788560e-04
9.562575e+03	2.776354e-04
9.568745e+03	2.764182e-04
9.574914e+03	2.752043e-04
9.581083e+03	2.739938e-04
9.587253e+03	2.727867e-04
9.593422e+03	2.715829e-04
9.599592e+03	2.703826e-04
9.605761e+03	2.691856e-04
9.611930e+03	2.679920e-04
9.618100e+03	2.668019e-04
9.624269e+03	2.656151e-04
9.630439e+03	2.644317e-04
9.636608e+03	2.632516e-04
9.642777e+03	2.620750e-04
9.648947e+03	2.609018e-04
9.655116e+03	2.597320e-04
9.661286e+03	2.585656e-04
9.667455e+03	2.574026e-04
9.673625e+03	2.562430e-04
9.679794e+03	2.550867e-04
9.685963e+03	2.539339e-04
9.692133e+03	2.527846e-04
9.698302e+03	2.516386e-04
9.704472e+03	2.504960e-04
9.710641e+03	2.493568e-04
9.716810e+03	2.482211e-04
9.722980e+03	2.470887e-04
9.729149e+03	2.459598e-04
9.735319e+03	2.448343e-04
9.741488e+03	2.437121e-04
9.747657e+03	2.425934e-04
9.753827e+03	2.414782e-04
9.759996e+03	2.403663e-04
9.766166e+03	2.392578e-04
9.772335e+03	2.381528e-04
9.778504e+03	2.370511e-04
9.784674e+03	2.359529e-04
9.790843e+03	2.348581e-04
9.797013e+03	2.337667e-04
9.803182e+03	2.326787e-04
9.809351e+03	2.315941e-04
9.815521e+03	2.305130e-04
9.821690e+03	2.294352e-04
9.827860e+03	2.283609e-04
9.834029e+03	2.272899e-04
9.840198e+03	2.262224e-04
9.846368e+03	2.251583e-04
9.852537e+03	2.240976e-04
9.858707e+03	2.230403e-04
9.864876e+03	2.219864e-04
9.871045e+03	2.209359e-04
9.877215e+03	2.198888e-04
9.883384e+03	2.188451e-04
9.889554e+03	2.178048e-04
9.895723e+03	2.167679e-04
9.901892e+03	2.157344e-04
9.908062e+03	2.147043e-04
9.914231e+03	2.136776e-04
9.920401e+03	2.126543e-04
9.926570e+03	2.116344e-04
9.932739e+03	2.106179e-04
9.938909e+03	2.096047e-04
9.945078e+03	2.085950e-04
9.951248e+03	2.075886e-04
9.957417e+03	2.065856e-04
9.963586e+03	2.055860e-04
9.969756e+03	2.045898e-04
9.975925e+03	2.035969e-04
9.982095e+03	2.026074e-04
9.988264e+03	2.016213e-04
9.994433e+03	2.006385e-04
1.000060e+04	1.996592e-04
1.000677e+04	1.986831e-04
1.001294e+04	1.977105e-04
1.001911e+04	1.967412e-04
1.002528e+04	1.957752e-04
1.003145e+04	1.948127e-04
1.003762e+04	1.938534e-04
1.004379e+04	1.928975e-04
1.004996e+04	1.919450e-04
1.005613e+04	1.909958e-04
1.006230e+04	1.900499e-04
1.006847e+04	1.891074e-04
1.007464e+04	1.881682e-04
1.008081e+04	1.872323e-04
1.008697e+04	1.862997e-04
1.009314e+04	1.853705e-04
1.009931e+04	1.844446e-04
1.010548e+04	1.835220e-04
1.011165e+04	1.826028e-04
1.011782e+04	1.816868e-04
1.012399e+04	1.807741e-04
1.013016e+04	1.798648e-04
1.013633e+04	1.789587e-04
1.014250e+04	1.780559e-04
1.014867e+04	1.771565e-04
1.015484e+04	1.762603e-04
1.016101e+04	1.753673e-04
1.016718e+04	1.744777e-04
1.017335e+04	1.735914e-04
1.017952e+04	1.727083e-04
1.018568e+04	1.718285e-04
1.019185e+04	1.709519e-04
1.019802e+04	1.700786e-04
1.020419e+04	1.692086e-04
1.021036e+04	1.683418e-04
1.021653e+04	1.674782e-04
1.022270e+04	1.666179e-04
1.022887e+04	1.657608e-04
1.023504e+04	1.649070e-04
1.024121e+04	1.640564e-04
1.024738e+04	1.632090e-04
1.025355e+04	1.623648e-04
1.025972e+04	1.615239e-04
1.026589e+04	1.606862e-04
1.027206e+04	1.598516e-04
1.027823e+04	1.590203e-04
1.028440e+04	1.581921e-04
1.029056e+04	1.573672e-04
1.029673e+04	1.565454e-04
1.030290e+04	1.557268e-04
1.030907e+04	1.549114e-04
1.031524e+04	1.540992e-04
1.032141e+04	1.532901e-04
1.032758e+04	1.524842e-04
1.033375e+04	1.516814e-04
1.033992e+04	1.508818e-04
1.034609e+04	1.500853e-04
1.035226e+04	1.492920e-04
1.035843e+04	1.485018e-04
1.036460e+04	1.477148e-04
1.037077e+04	1.469308e-04
1.037694e+04	1.461500e-04
1.038311e+04	1.453723e-04
1.038928e+04	1.445977e-04
1.039544e+04	1.438262e-04
1.040161e+04	1.430578e-04
1.040778e+04	1.422925e-04
1.041395e+04	1.415302e-04
1.042012e+04	1.407711e-04
1.042629e+04	1.400150e-04
1.043246e+04	1.392620e-04
1.043863e+04	1.385120e-04
1.044480e+04	1.377651e-04
1.045097e+04	1.370213e-04
1.045714e+04	1.362805e-04
1.046331e+04	1.355427e-04
1.046948e+04	1.348080e-04
1.047565e+04	1.340763e-04
1.048182e+04	1.333476e-04
1.048799e+04	1.326220e-04
1.049416e+04	1.318993e-04
1.050032e+04	1.311796e-04
1.050649e+04	1.304630e-04
1.051266e+04	1.297493e-04
1.051883e+04	1.290386e-04
1.052500e+04	1.283309e-04
1.053117e+04	1.276262e-04
1.053734e+04	1.269244e-04
1.054351e+04	1.262256e-04
1.054968e+04	1.255297e-04
1.055585e+04	1.248368e-04
1.056202e+04	1.241468e-04
1.056819e+04	1.234598e-04
1.057436e+04	1.227757e-04
1.058053e+04	1.220945e-04
1.058670e+04	1.214162e-04
1.059287e+04	1.207408e-04
1.059904e+04	1.200683e-04
1.060520e+04	1.193987e-04
1.061137e+04	1.187320e-04
1.061754e+04	1.180682e-04
1.062371e+04	1.174073e-04
1.062988e+04	1.167492e-04
1.063605e+04	1.160940e-04
1.064222e+04	1.154416e-04
1.064839e+04	1.147921e-04
1.065456e+04	1.141454e-04
1.066073e+04	1.135016e-04
1.066690e+04	1.128606e-04
1.067307e+04	1.122224e-04
1.067924e+04	1.115870e-04
1.068541e+04	1.109544e-04
1.069158e+04	1.103246e-04
1.069775e+04	1.096977e-04
1.070391e+04	1.090735e-04
1.071008e+04	1.084520e-04
1.071625e+04	1.078334e-04
1.072242e+04	1.072175e-04
1.072859e+04	1.066044e-04
1.073476e+04	1.059940e-04
1.074093e+04	1.053863e-04
1.074710e+04	1.047814e-04
1.075327e+04	1.041793e-04
1.075944e+04	1.035798e-04
1.076561e+04	1.029831e-04
1.077178e+04	1.023891e-04
1.077795e+04	1.017977e-04
1.078412e+04	1.012091e-04
1.079029e+04	1.006232e-04
1.079646e+04	1.000399e-04
1.080263e+04	9.945929e-05
1.080879e+04	9.888136e-05
1.081496e+04	9.830608e-05
1.082113e+04	9.773345e-05
1.082730e+04	9.716347e-05
1.083347e+04	9.659612e-05
1.083964e+04	9.603140e-05
1.084581e+04	9.546930e-05
1.085198e+04	9.490981e-05
1.085815e+04	9.435293e-05
1.086432e+04	9.379865e-05
1.087049e+04	9.324696e-05
1.087666e+04	9.269785e-05
1.088283e+04	9.215132e-05
1.088900e+04	9.160735e-05
1.089517e+04	9.106595e-05
1.090134e+04	9.052710e-05
1.090751e+04	8.999080e-05
1.091367e+04	8.945704e-05
1.091984e+04	8.892581e-05
1.092601e+04	8.839710e-05
1.093218e+04	8.787091e-05
1.093835e+04	8.734723e-05
1.094452e+04	8.682605e-05
1.095069e+04	8.630736e-05
1.095686e+04	8.579117e-05
1.096303e+04	8.527745e-05
1.096920e+04	8.476620e-05
1.097537e+04	8.425741e-05
1.098154e+04	8.375109e-05
1.098771e+04	8.324721e-05
1.099388e+04	8.274577e-05
1.100005e+04	8.224677e-05
1.100622e+04	8.175019e-05
1.101239e+04	8.125603e-05
1.101855e+04	8.076428e-05
1.102472e+04	8.027494e-05
1.103089e+04	7.978799e-05
1.103706e+04	7.930343e-05
1.104323e+04	7.882125e-05
1.104940e+04	7.834144e-05
1.105557e+04	7.786400e-05
1.106174e+04	7.738891e-05
1.106791e+04	7.691618e-05
1.107408e+04	7.644579e-05
1.108025e+04	7.597773e-05
1.108642e+04	7.551200e-05
1.109259e+04	7.504859e-05
1.109876e+04	7.458749e-05
1.110493e+04	7.412870e-05
1.111110e+04	7.367220e-05
1.111726e+04	7.321799e-05
1.112343e+04	7.276606e-05
1.112960e+04	7.231641e-05
1.113577e+04	7.186902e-05
1.114194e+04	7.142389e-05
1.114811e+04	7.098101e-05
1.115428e+04	7.054038e-05
1.116045e+04	7.010198e-05
1.116662e+04	6.966580e-05
1.117279e+04	6.923185e-05
1.117896e+04	6.880011e-05
1.118513e+04	6.837058e-05
1.119130e+04	6.794324e-05
1.119747e+04	6.751809e-05
1.120364e+04	6.709512e-05
1.120981e+04	6.667433e-05
1.121598e+04	6.625570e-05
1.122214e+04	6.583923e-05
1.122831e+04	6.542491e-05
1.123448e+04	6.501274e-05
1.124065e+04	6.460270e-05
1.124682e+04	6.419479e-05
1.125299e+04	6.378900e-05
1.125916e+04	6.338533e-05
1.126533e+04	6.298376e-05
1.127150e+04	6.258428e-05
1.127767e+04	6.218690e-05
1.128384e+04	6.179160e-05
1.129001e+04	6.139838e-05
1.129618e+04	6.100722e-05
1.130235e+04	6.061812e-05
1.130852e+04	6.023107e-05
1.131469e+04	5.984607e-05
1.132086e+04	5.946310e-05
1.132702e+04	5.908217e-05
1.133319e+04	5.870325e-05
1.133936e+04	5.832635e-05
1.134553e+04	5.795146e-05
1.135170e+04	5.757856e-05
1.135787e+04	5.720766e-05
1.136404e+04	5.683874e-05
1.137021e+04	5.647179e-05
1.137638e+04	5.610682e-05
1.138255e+04	5.574381e-05
1.138872e+04	5.538275e-05
1.139489e+04	5.502363e-05
1.140106e+04	5.466646e-05
1.140723e+04	5.431121e-05
1.141340e+04	5.395789e-05
1.141957e+04	5.360649e-05
1.142574e+04	5.325699e-05
1.143190e+04	5.290940e-05
1.143807e+04	5.256370e-05
1.144424e+04	5.221988e-05
1.145041e+04	5.187795e-05
1.145658e+04	5.153788e-05
1.146275e+04	5.119968e-05
1.146892e+04	5.086334e-05
1.147509e+04	5.052884e-05
1.148126e+04	5.019619e-05
1.148743e+04	4.986537e-05
1.149360e+04	4.953638e-05
1.149977e+04	4.920921e-05
1.150594e+04	4.888385e-05
1.151211e+04	4.856029e-05
1.151828e+04	4.823853e-05
1.152445e+04	4.791856e-05
1.153061e+04	4.760038e-05
1.153678e+04	4.728397e-05
1.154295e+04	4.696933e-05
1.154912e+04	4.665645e-05
1.155529e+04	4.634532e-05
1.156146e+04	4.603594e-05
1.156763e+04	4.572830e-05
1.157380e+04	4.542239e-05
1.157997e+04	4.511821e-05
1.158614e+04	4.481574e-05
1.159231e+04	4.451498e-05
1.159848e+04	4.421593e-05
1.160465e+04	4.391857e-05
1.161082e+04	4.362290e-05
1.161699e+04	4.332891e-05
1.162316e+04	4.303660e-05
1.162933e+04	4.274595e-05
1.163549e+04	4.245696e-05
1.164166e+04	4.216963e-05
1.164783e+04	4.188394e-05
1.165400e+04	4.159989e-05
1.166017e+04	4.131747e-05
1.166634e+04	4.103668e-05
1.167251e+04	4.075751e-05
1.167868e+04	4.047994e-05
1.168485e+04	4.020398e-05
1.169102e+04	3.992961e-05
1.169719e+04	3.965684e-05
1.170336e+04	3.938565e-05
1.170953e+04	3.911603e-05
1.171570e+04	3.884798e-05
1.172187e+04	3.858149e-05
1.172804e+04	3.831656e-05
1.173421e+04	3.805317e-05
1.174037e+04	3.779133e-05
1.174654e+04	3.753102e-05
1.175271e+04	3.727224e-05
1.175888e+04	3.701497e-05
1.176505e+04	3.675923e-05
1.177122e+04	3.650498e-05
1.177739e+04	3.625224e-05
1.178356e+04	3.600099e-05
1.178973e+04	3.575123e-05
1.179590e+04	3.550295e-05
1.180207e+04	3.525613e-05
1.180824e+04	3.501079e-05
1.181441e+04	3.476690e-05
1.182058e+04	3.452447e-05
1.182675e+04	3.428349e-05
1.183292e+04	3.404394e-05
1.183909e+04	3.380582e-05
1.184525e+04	3.356913e-05
1.185142e+04	3.333387e-05
1.185759e+04	3.310001e-05
1.186376e+04	3.286756e-05
1.186993e+04	3.263651e-05
1.187610e+04	3.240685e-05
1.188227e+04	3.217858e-05
1.188844e+04	3.195169e-05
1.189461e+04	3.172617e-05
1.190078e+04	3.150202e-05
1.190695e+04	3.127923e-05
1.191312e+04	3.105779e-05
1.191929e+04	3.083770e-05
1.192546e+04	3.061896e-05
1.193163e+04	3.040155e-05
1.193780e+04	3.018546e-05
1.194396e+04	2.997070e-05
1.195013e+04	2.975725e-05
1.195630e+04	2.954512e-05
1.196247e+04	2.933428e-05
1.196864e+04	2.912475e-05
1.197481e+04	2.891650e-05
1.198098e+04	2.870954e-05
1.198715e+04	2.850385e-05
1.199332e+04	2.829944e-05
1.199949e+04	2.809629e-05
1.200566e+04	2.789441e-05
1.201183e+04	2.769377e-05
1.201800e+04	2.749438e-05
1.202417e+04	2.729624e-05
1.203034e+04	2.709933e-05
1.203651e+04	2.690364e-05
1.204268e+04	2.670918e-05
1.204884e+04	2.651594e-05
1.205501e+04	2.632390e-05
1.206118e+04	2.613307e-05
1.206735e+04	2.594344e-05
1.207352e+04	2.575500e-05
1.207969e+04	2.556775e-05
1.208586e+04	2.538168e-05
1.209203e+04	2.519678e-05
1.209820e+04	2.501305e-05
1.210437e+04	2.483048e-05
1.211054e+04	2.464907e-05
1.211671e+04	2.446881e-05
1.212288e+04	2.428970e-05
1.212905e+04	2.411172e-05
1.213522e+04	2.393488e-05
1.214139e+04	2.375917e-05
1.214756e+04	2.358457e-05
1.215372e+04	2.341110e-05
1.215989e+04	2.323873e-05
1.216606e+04	2.306747e-05
1.217223e+04	2.289731e-05
1.217840e+04	2.272824e-05
1.218457e+04	2.256025e-05
1.219074e+04	2.239335e-05
1.219691e+04	2.222753e-05
1.220308e+04	2.206278e-05
1.220925e+04	2.189909e-05
1.221542e+04	2.173646e-05
1.222159e+04	2.157488e-05
1.222776e+04	2.141435e-05
1.223393e+04	2.125487e-05
1.224010e+04	2.109642e-05
1.224627e+04	2.093901e-05
1.225244e+04	2.078262e-05
1.225860e+04	2.062725e-05
1.226477e+04	2.047290e-05
1.227094e+04	2.031955e-05
1.227711e+04	2.016722e-05
1.228328e+04	2.001588e-05
1.228945e+04	1.986553e-05
1.229562e+04	1.971618e-05
1.230179e+04	1.956780e-05
1.230796e+04	1.942041e-05
1.231413e+04	1.927399e-05
1.232030e+04	1.912853e-05
1.232647e+04	1.898404e-05
1.233264e+04	1.884051e-05
1.233881e+04	1.869792e-05
1.234498e+04	1.855629e-05
1.235115e+04	1.841559e-05
1.235731e+04	1.827583e-05
1.236348e+04	1.813701e-05
1.236965e+04	1.799911e-05
1.237582e+04	1.786213e-05
1.238199e+04	1.772606e-05
1.238816e+04	1.759091e-05
1.239433e+04	1.745666e-05
1.240050e+04	1.732332e-05
1.240667e+04	1.719087e-05
1.241284e+04	1.705931e-05
1.241901e+04	1.692863e-05
1.242518e+04	1.679884e-05
1.243135e+04	1.666993e-05
1.243752e+04	1.654188e-05
1.244369e+04	1.641470e-05
1.244986e+04	1.628839e-05
1.245603e+04	1.616293e-05
1.246219e+04	1.603832e-05
1.246836e+04	1.591456e-05
1.247453e+04	1.579164e-05
1.248070e+04	1.566956e-05
1.248687e+04	1.554831e-05
1.249304e+04	1.542789e-05
1.249921e+04	1.530830e-05
1.250538e+04	1.518952e-05
1.251155e+04	1.507156e-05
1.251772e+04	1.495440e-05
1.252389e+04	1.483805e-05
1.253006e+04	1.472250e-05
1.253623e+04	1.460775e-05
1.254240e+04	1.449379e-05
1.254857e+04	1.438061e-05
1.255474e+04	1.426822e-05
1.256091e+04	1.415660e-05
1.256707e+04	1.404576e-05
1.257324e+04	1.393569e-05
1.257941e+04	1.382637e-05
1.258558e+04	1.371782e-05
1.259175e+04	1.361003e-05
1.259792e+04	1.350298e-05
1.260409e+04	1.339668e-05
1.261026e+04	1.329113e-05
1.261643e+04	1.318631e-05
1.262260e+04	1.308222e-05
1.262877e+04	1.297886e-05
1.263494e+04	1.287623e-05
1.264111e+04	1.277432e-05
1.264728e+04	1.267312e-05
1.265345e+04	1.257264e-05
1.265962e+04	1.247287e-05
1.266579e+04	1.237379e-05
1.267195e+04	1.227542e-05
1.267812e+04	1.217774e-05
1.268429e+04	1.208076e-05
1.269046e+04	1.198446e-05
1.269663e+04	1.188884e-05
1.270280e+04	1.179390e-05
1.270897e+04	1.169964e-05
1.271514e+04	1.160605e-05
1.272131e+04	1.151312e-05
1.272748e+04	1.142086e-05
1.273365e+04	1.132925e-05
1.273982e+04	1.123830e-05
1.274599e+04	1.114800e-05
1.275216e+04	1.105835e-05
1.275833e+04	1.096934e-05
1.276450e+04	1.088096e-05
1.277066e+04	1.079323e-05
1.277683e+04	1.070612e-05
1.278300e+04	1.061964e-05
1.278917e+04	1.053379e-05
1.279534e+04	1.044855e-05
1.280151e+04	1.036393e-05
1.280768e+04	1.027993e-05
1.281385e+04	1.019653e-05
1.282002e+04	1.011373e-05
1.282619e+04	1.003154e-05
1.283236e+04	9.949941e-06
1.283853e+04	9.868937e-06
1.284470e+04	9.788523e-06
1.285087e+04	9.708695e-06
1.285704e+04	9.629449e-06
1.286321e+04	9.550782e-06
1.286938e+04	9.472690e-06
1.287554e+04	9.395169e-06
1.288171e+04	9.318216e-06
1.288788e+04	9.241828e-06
1.289405e+04	9.166001e-06
1.290022e+04	9.090731e-06
1.290639e+04	9.016014e-06
1.291256e+04	8.941848e-06
1.291873e+04	8.868229e-06
1.292490e+04	8.795153e-06
1.293107e+04	8.722617e-06
1.293724e+04	8.650618e-06
1.294341e+04	8.579152e-06
1.294958e+04	8.508215e-06
1.295575e+04	8.437805e-06
1.296192e+04	8.367918e-06
1.296809e+04	8.298550e-06
1.297426e+04	8.229699e-06
1.298042e+04	8.161361e-06
1.298659e+04	8.093532e-06
1.299276e+04	8.026210e-06
1.299893e+04	7.959391e-06
1.300510e+04	7.893073e-06
1.301127e+04	7.827251e-06
1.301744e+04	7.761922e-06
1.302361e+04	7.697084e-06
1.302978e+04	7.632733e-06
1.303595e+04	7.568866e-06
1.304212e+04	7.505480e-06
1.304829e+04	7.442571e-06
1.305446e+04	7.380138e-06
1.306063e+04	7.318175e-06
1.306680e+04	7.256682e-06
1.307297e+04	7.195653e-06
1.307914e+04	7.135087e-06
1.308530e+04	7.074981e-06
1.309147e+04	7.015330e-06
1.309764e+04	6.956133e-06
1.310381e+04	6.897387e-06
1.310998e+04	6.839087e-06
1.311615e+04	6.781232e-06
1.312232e+04	6.723819e-06
1.312849e+04	6.666844e-06
1.313466e+04	6.610304e-06
1.314083e+04	6.554198e-06
1.314700e+04	6.498521e-06
1.315317e+04	6.443271e-06
1.315934e+04	6.388446e-06
1.316551e+04	6.334041e-06
1.317168e+04	6.280056e-06
1.317785e+04	6.226486e-06
1.318402e+04	6.173328e-06
1.319018e+04	6.120582e-06
1.319635e+04	6.068242e-06
1.320252e+04	6.016307e-06
1.320869e+04	5.964774e-06
1.321486e+04	5.913640e-06
1.322103e+04	5.862903e-06
1.322720e+04	5.812560e-06
1.323337e+04	5.762608e-06
1.323954e+04	5.713044e-06
1.324571e+04	5.663866e-06
1.325188e+04	5.615072e-06
1.325805e+04	5.566658e-06
1.326422e+04	5.518622e-06
1.327039e+04	5.470962e-06
1.327656e+04	5.423675e-06
1.328273e+04	5.376758e-06
1.328889e+04	5.330209e-06
1.329506e+04	5.284025e-06
1.330123e+04	5.238204e-06
1.330740e+04	5.192743e-06
1.331357e+04	5.147640e-06
1.331974e+04	5.102892e-06
1.332591e+04	5.058498e-06
1.333208e+04	5.014454e-06
1.333825e+04	4.970757e-06
1.334442e+04	4.927407e-06
1.335059e+04	4.884399e-06
1.335676e+04	4.841733e-06
1.336293e+04	4.799405e-06
1.336910e+04	4.757413e-06
1.337527e+04	4.715755e-06
1.338144e+04	4.674428e-06
1.338761e+04	4.633431e-06
1.339377e+04	4.592760e-06
1.339994e+04	4.552414e-06
1.340611e+04	4.512390e-06
1.341228e+04	4.472686e-06
1.341845e+04	4.433299e-06
1.342462e+04	4.394229e-06
1.343079e+04	4.355471e-06
1.343696e+04	4.317024e-06
1.344313e+04	4.278887e-06
1.344930e+04	4.241056e-06
1.345547e+04	4.203529e-06
1.346164e+04	4.166305e-06
1.346781e+04	4.129381e-06
1.347398e+04	4.092755e-06
1.348015e+04	4.056425e-06
1.348632e+04	4.020389e-06
1.349249e+04	3.984645e-06
1.349865e+04	3.949190e-06
1.350482e+04	3.914023e-06
1.351099e+04	3.879141e-06
1.351716e+04	3.844542e-06
1.352333e+04	3.810225e-06
1.352950e+04	3.776188e-06
1.353567e+04	3.742428e-06
1.354184e+04	3.708943e-06
1.354801e+04	3.675731e-06
1.355418e+04	3.642791e-06
1.356035e+04	3.610121e-06
1.356652e+04	3.577718e-06
1.357269e+04	3.545580e-06
1.357886e+04	3.513706e-06
1.358503e+04	3.482094e-06
1.359120e+04	3.450741e-06
1.359737e+04	3.419647e-06
1.360353e+04	3.388808e-06
1.360970e+04	3.358224e-06
1.361587e+04	3.327892e-06
1.362204e+04	3.297810e-06
1.362821e+04	3.267977e-06
1.363438e+04	3.238391e-06
1.364055e+04	3.209050e-06
1.364672e+04	3.179952e-06
1.365289e+04	3.151095e-06
1.365906e+04	3.122478e-06
1.366523e+04	3.094098e-06
1.367140e+04	3.065955e-06
1.367757e+04	3.038046e-06
1.368374e+04	3.010370e-06
1.368991e+04	2.982924e-06
1.369608e+04	2.955708e-06
1.370224e+04	2.928719e-06
1.370841e+04	2.901955e-06
1.371458e+04	2.875416e-06
1.372075e+04	2.849099e-06
1.372692e+04	2.823003e-06
1.373309e+04	2.797126e-06
1.373926e+04	2.771467e-06
1.374543e+04	2.746023e-06
1.375160e+04	2.720794e-06
1.375777e+04	2.695776e-06
1.376394e+04	2.670970e-06
1.377011e+04	2.646374e-06
1.377628e+04	2.621985e-06
1.378245e+04	2.597802e-06
1.378862e+04	2.573824e-06
1.379479e+04	2.550050e-06
1.380096e+04	2.526476e-06
1.380712e+04	2.503103e-06
1.381329e+04	2.479929e-06
1.381946e+04	2.456951e-06
1.382563e+04	2.434169e-06
1.383180e+04	2.411581e-06
1.383797e+04	2.389186e-06
1.384414e+04	2.366981e-06
1.385031e+04	2.344967e-06
1.385648e+04	2.323140e-06
1.386265e+04	2.301500e-06
1.386882e+04	2.280046e-06
1.387499e+04	2.258775e-06
1.388116e+04	2.237687e-06
1.388733e+04	2.216780e-06
1.389350e+04	2.196053e-06
1.389967e+04	2.175504e-06
1.390584e+04	2.155131e-06
1.391200e+04	2.134935e-06
1.391817e+04	2.114912e-06
1.392434e+04	2.095063e-06
1.393051e+04	2.075385e-06
1.393668e+04	2.055877e-06
1.394285e+04	2.036538e-06
1.394902e+04	2.017366e-06
1.395519e+04	1.998361e-06
1.396136e+04	1.979520e-06
1.396753e+04	1.960843e-06
1.397370e+04	1.942329e-06
1.397987e+04	1.923976e-06
1.398604e+04	1.905782e-06
1.399221e+04	1.887747e-06
1.399838e+04	1.869870e-06
1.400455e+04	1.852148e-06
1.401072e+04	1.834581e-06
1.401688e+04	1.817168e-06
1.402305e+04	1.799908e-06
1.402922e+04	1.782799e-06
1.403539e+04	1.765839e-06
1.404156e+04	1.749029e-06
1.404773e+04	1.732366e-06
1.405390e+04	1.715850e-06
1.406007e+04	1.699479e-06
1.406624e+04	1.683252e-06
1.407241e+04	1.667169e-06
1.407858e+04	1.651227e-06
1.408475e+04	1.635426e-06
1.409092e+04	1.619764e-06
1.409709e+04	1.604242e-06
1.410326e+04	1.588856e-06
1.410943e+04	1.573607e-06
1.411559e+04	1.558493e-06
1.412176e+04	1.543514e-06
1.412793e+04	1.528667e-06
1.413410e+04	1.513953e-06
1.414027e+04	1.499369e-06
1.414644e+04	1.484915e-06
1.415261e+04	1.470590e-06
1.415878e+04	1.456393e-06
1.416495e+04	1.442323e-06
1.417112e+04	1.428378e-06
1.417729e+04	1.414558e-06
1.418346e+04	1.400862e-06
1.418963e+04	1.387289e-06
1.419580e+04	1.373837e-06
1.420197e+04	1.360506e-06
1.420814e+04	1.347295e-06
1.421431e+04	1.334202e-06
1.422047e+04	1.321228e-06
1.422664e+04	1.308370e-06
1.423281e+04	1.295628e-06
1.423898e+04	1.283001e-06
1.424515e+04	1.270488e-06
1.425132e+04	1.258088e-06
1.425749e+04	1.245800e-06
1.426366e+04	1.233624e-06
1.426983e+04	1.221557e-06
1.427600e+04	1.209600e-06
1.428217e+04	1.197752e-06
1.428834e+04	1.186011e-06
1.429451e+04	1.174377e-06
1.430068e+04	1.162849e-06
1.430685e+04	1.151426e-06
1.431302e+04	1.140106e-06
1.431919e+04	1.128890e-06
1.432535e+04	1.117777e-06
1.433152e+04	1.106765e-06
1.433769e+04	1.095853e-06
1.434386e+04	1.085042e-06
1.435003e+04	1.074329e-06
1.435620e+04	1.063715e-06
1.436237e+04	1.053198e-06
1.436854e+04	1.042777e-06
1.437471e+04	1.032452e-06
1.438088e+04	1.022222e-06
1.438705e+04	1.012087e-06
1.439322e+04	1.002044e-06
1.439939e+04	9.920945e-07
1.440556e+04	9.822365e-07
1.441173e+04	9.724695e-07
1.441790e+04	9.627928e-07
1.442407e+04	9.532056e-07
1.443023e+04	9.437071e-07
1.443640e+04	9.342966e-07
1.444257e+04	9.249733e-07
1.444874e+04	9.157365e-07
1.445491e+04	9.065855e-07
1.446108e+04	8.975196e-07
1.446725e+04	8.885380e-07
1.447342e+04	8.796399e-07
1.447959e+04	8.708248e-07
1.448576e+04	8.620919e-07
1.449193e+04	8.534404e-07
1.449810e+04	8.448698e-07
1.450427e+04	8.363792e-07
1.451044e+04	8.279681e-07
1.451661e+04	8.196357e-07
1.452278e+04	8.113814e-07
1.452894e+04	8.032045e-07
1.453511e+04	7.951043e-07
1.454128e+04	7.870802e-07
1.454745e+04	7.791315e-07
1.455362e+04	7.712576e-07
1.455979e+04	7.634578e-07
1.456596e+04	7.557315e-07
1.457213e+04	7.480780e-07
1.457830e+04	7.404968e-07
1.458447e+04	7.329872e-07
1.459064e+04	7.255485e-07
1.459681e+04	7.181803e-07
1.460298e+04	7.108817e-07
1.460915e+04	7.036524e-07
1.461532e+04	6.964916e-07
1.462149e+04	6.893987e-07
1.462766e+04	6.823732e-07
1.463382e+04	6.754145e-07
1.463999e+04	6.685220e-07
1.464616e+04	6.616951e-07
1.465233e+04	6.549332e-07
1.465850e+04	6.482359e-07
1.466467e+04	6.416024e-07
1.467084e+04	6.350323e-07
1.467701e+04	6.285249e-07
1.468318e+04	6.220799e-07
1.468935e+04	6.156965e-07
1.469552e+04	6.093743e-07
1.470169e+04	6.031126e-07
1.470786e+04	5.969111e-07
1.471403e+04	5.907691e-07
1.472020e+04	5.846862e-07
1.472637e+04	5.786618e-07
1.473254e+04	5.726953e-07
1.473870e+04	5.667863e-07
1.474487e+04	5.609343e-07
1.475104e+04	5.551388e-07
1.475721e+04	5.493992e-07
1.476338e+04	5.437151e-07
1.476955e+04	5.380859e-07
1.477572e+04	5.325113e-07
1.478189e+04	5.269906e-07
1.478806e+04	5.215234e-07
1.479423e+04	5.161093e-07
1.480040e+04	5.107478e-07
1.480657e+04	5.054383e-07
1.481274e+04	5.001804e-07
1.481891e+04	4.949738e-07
1.482508e+04	4.898178e-07
1.483125e+04	4.847121e-07
1.483742e+04	4.796562e-07
1.484358e+04	4.746496e-07
1.484975e+04	4.696919e-07
1.485592e+04	4.647827e-07
1.486209e+04	4.599216e-07
1.486826e+04	4.551080e-07
1.487443e+04	4.503416e-07
1.488060e+04	4.456219e-07
1.488677e+04	4.409486e-07
1.489294e+04	4.363211e-07
1.489911e+04	4.317392e-07
1.490528e+04	4.272023e-07
1.491145e+04	4.227100e-07
1.491762e+04	4.182621e-07
1.492379e+04	4.138579e-07
1.492996e+04	4.094973e-07
1.493613e+04	4.051796e-07
1.494229e+04	4.009047e-07
1.494846e+04	3.966720e-07
1.495463e+04	3.924812e-07
1.496080e+04	3.883319e-07
1.496697e+04	3.842238e-07
1.497314e+04	3.801564e-07
1.497931e+04	3.761293e-07
1.498548e+04	3.721423e-07
1.499165e+04	3.681949e-07
1.499782e+04	3.642868e-07
1.500399e+04	3.604176e-07
1.501016e+04	3.565869e-07
1.501633e+04	3.527944e-07
1.502250e+04	3.490398e-07
1.502867e+04	3.453227e-07
1.503484e+04	3.416427e-07
1.504101e+04	3.379995e-07
1.504717e+04	3.343928e-07
1.505334e+04	3.308223e-07
1.505951e+04	3.272875e-07
1.506568e+04	3.237882e-07
1.507185e+04	3.203240e-07
1.507802e+04	3.168946e-07
1.508419e+04	3.134996e-07
1.509036e+04	3.101389e-07
1.509653e+04	3.068120e-07
1.510270e+04	3.035186e-07
1.510887e+04	3.002584e-07
1.511504e+04	2.970311e-07
1.512121e+04	2.938364e-07
1.512738e+04	2.906740e-07
1.513355e+04	2.875436e-07
1.513972e+04	2.844448e-07
1.514589e+04	2.813775e-07
1.515205e+04	2.783412e-07
1.515822e+04	2.753358e-07
1.516439e+04	2.723608e-07
1.517056e+04	2.694161e-07
1.517673e+04	2.665013e-07
1.518290e+04	2.636162e-07
1.518907e+04	2.607604e-07
1.519524e+04	2.579337e-07
1.520141e+04	2.551359e-07
1.520758e+04	2.523666e-07
1.521375e+04	2.496256e-07
1.521992e+04	2.469126e-07
1.522609e+04	2.442273e-07
1.523226e+04	2.415695e-07
1.523843e+04	2.389390e-07
1.524460e+04	2.363354e-07
1.525077e+04	2.337584e-07
1.525693e+04	2.312080e-07
1.526310e+04	2.286837e-07
1.526927e+04	2.261854e-07
1.527544e+04	2.237128e-07
1.528161e+04	2.212656e-07
1.528778e+04	2.188437e-07
1.529395e+04	2.164467e-07
1.530012e+04	2.140744e-07
1.530629e+04	2.117267e-07
1.531246e+04	2.094031e-07
1.531863e+04	2.071036e-07
1.532480e+04	2.048279e-07
1.533097e+04	2.025758e-07
1.533714e+04	2.003470e-07
1.534331e+04	1.981413e-07
1.534948e+04	1.959585e-07
1.535565e+04	1.937983e-07
1.536181e+04	1.916606e-07
1.536798e+04	1.895451e-07
1.537415e+04	1.874517e-07
1.538032e+04	1.853800e-07
1.538649e+04	1.833299e-07
1.539266e+04	1.813012e-07
1.539883e+04	1.792937e-07
1.540500e+04	1.773071e-07
1.541117e+04	1.753413e-07
1.541734e+04	1.733961e-07
1.542351e+04	1.714712e-07
1.542968e+04	1.695665e-07
1.543585e+04	1.676817e-07
1.544202e+04	1.658167e-07
1.544819e+04	1.639713e-07
1.545436e+04	1.621452e-07
1.546052e+04	1.603384e-07
1.546669e+04	1.585505e-07
1.547286e+04	1.567815e-07
1.547903e+04	1.550311e-07
1.548520e+04	1.532991e-07
1.549137e+04	1.515854e-07
1.549754e+04	1.498898e-07
1.550371e+04	1.482121e-07
1.550988e+04	1.465522e-07
1.551605e+04	1.449098e-07
1.552222e+04	1.432848e-07
1.552839e+04	1.416770e-07
1.553456e+04	1.400862e-07
1.554073e+04	1.385123e-07
1.554690e+04	1.369551e-07
1.555307e+04	1.354145e-07
1.555924e+04	1.338902e-07
1.556540e+04	1.323822e-07
1.557157e+04	1.308902e-07
1.557774e+04	1.294141e-07
1.558391e+04	1.279537e-07
1.559008e+04	1.265089e-07
1.559625e+04	1.250795e-07
1.560242e+04	1.236654e-07
1.560859e+04	1.222664e-07
1.561476e+04	1.208824e-07
1.562093e+04	1.195132e-07
1.562710e+04	1.181587e-07
1.563327e+04	1.168186e-07
1.563944e+04	1.154930e-07
1.564561e+04	1.141816e-07
1.565178e+04	1.128842e-07
1.565795e+04	1.116008e-07
1.566412e+04	1.103312e-07
1.567028e+04	1.090753e-07
1.567645e+04	1.078329e-07
1.568262e+04	1.066039e-07
1.568879e+04	1.053881e-07
1.569496e+04	1.041855e-07
1.570113e+04	1.029959e-07
1.570730e+04	1.018191e-07
1.571347e+04	1.006550e-07
1.571964e+04	9.950358e-08
1.572581e+04	9.836459e-08
1.573198e+04	9.723795e-08
1.573815e+04	9.612353e-08
1.574432e+04	9.502120e-08
1.575049e+04	9.393084e-08
1.575666e+04	9.285233e-08
1.576283e+04	9.178555e-08
1.576900e+04	9.073038e-08
1.577516e+04	8.968670e-08
1.578133e+04	8.865439e-08
1.578750e+04	8.763334e-08
1.579367e+04	8.662343e-08
1.579984e+04	8.562455e-08
1.580601e+04	8.463658e-08
1.581218e+04	8.365942e-08
1.581835e+04	8.269295e-08
1.582452e+04	8.173706e-08
1.583069e+04	8.079164e-08
1.583686e+04	7.985659e-08
1.584303e+04	7.893180e-08
1.584920e+04	7.801716e-08
1.585537e+04	7.711257e-08
1.586154e+04	7.621793e-08
1.586771e+04	7.533312e-08
1.587387e+04	7.445806e-08
1.588004e+04	7.359264e-08
1.588621e+04	7.273675e-08
1.589238e+04	7.189031e-08
1.589855e+04	7.105321e-08
1.590472e+04	7.022536e-08
1.591089e+04	6.940666e-08
1.591706e+04	6.859701e-08
1.592323e+04	6.779633e-08
1.592940e+04	6.700451e-08
1.593557e+04	6.622147e-08
1.594174e+04	6.544711e-08
1.594791e+04	6.468135e-08
1.595408e+04	6.392408e-08
1.596025e+04	6.317524e-08
1.596642e+04	6.243472e-08
1.597259e+04	6.170244e-08
1.597875e+04	6.097832e-08
1.598492e+04	6.026226e-08
1.599109e+04	5.955419e-08
1.599726e+04	5.885402e-08
1.600343e+04	5.816166e-08
1.600960e+04	5.747704e-08
1.601577e+04	5.680007e-08
1.602194e+04	5.613068e-08
1.602811e+04	5.546878e-08
1.603428e+04	5.481429e-08
1.604045e+04	5.416714e-08
1.604662e+04	5.352725e-08
1.605279e+04	5.289454e-08
1.605896e+04	5.226893e-08
1.606513e+04	5.165036e-08
1.607130e+04	5.103874e-08
1.607747e+04	5.043401e-08
1.608363e+04	4.983608e-08
1.608980e+04	4.924489e-08
1.609597e+04	4.866037e-08
1.610214e+04	4.808245e-08
1.610831e+04	4.751105e-08
1.611448e+04	4.694610e-08
1.612065e+04	4.638754e-08
1.612682e+04	4.583530e-08
1.613299e+04	4.528931e-08
1.613916e+04	4.474951e-08
1.614533e+04	4.421582e-08
1.615150e+04	4.368819e-08
1.615767e+04	4.316655e-08
1.616384e+04	4.265083e-08
1.617001e+04	4.214097e-08
1.617618e+04	4.163691e-08
1.618235e+04	4.113858e-08
1.618851e+04	4.064593e-08
1.619468e+04	4.015889e-08
1.620085e+04	3.967741e-08
1.620702e+04	3.920142e-08
1.621319e+04	3.873086e-08
1.621936e+04	3.826567e-08
1.622553e+04	3.780581e-08
1.623170e+04	3.735121e-08
1.623787e+04	3.690180e-08
1.624404e+04	3.645755e-08
1.625021e+04	3.601839e-08
1.625638e+04	3.558426e-08
1.626255e+04	3.515511e-08
1.626872e+04	3.473090e-08
1.627489e+04	3.431155e-08
1.628106e+04	3.389703e-08
1.628722e+04	3.348728e-08
1.629339e+04	3.308224e-08
1.629956e+04	3.268187e-08
1.630573e+04	3.228612e-08
1.631190e+04	3.189493e-08
1.631807e+04	3.150826e-08
1.632424e+04	3.112605e-08
1.633041e+04	3.074825e-08
1.633658e+04	3.037483e-08
1.634275e+04	3.000573e-08
1.634892e+04	2.964090e-08
1.635509e+04	2.928030e-08
1.636126e+04	2.892388e-08
1.636743e+04	2.857159e-08
1.637360e+04	2.822340e-08
1.637977e+04	2.787924e-08
1.638594e+04	2.753909e-08
1.639210e+04	2.720290e-08
1.639827e+04	2.687061e-08
1.640444e+04	2.654220e-08
1.641061e+04	2.621761e-08
1.641678e+04	2.589681e-08
1.642295e+04	2.557975e-08
1.642912e+04	2.526640e-08
1.643529e+04	2.495670e-08
1.644146e+04	2.465062e-08
1.644763e+04	2.434812e-08
1.645380e+04	2.404917e-08
1.645997e+04	2.375371e-08
1.646614e+04	2.346172e-08
1.647231e+04	2.317315e-08
1.647848e+04	2.288797e-08
1.648465e+04	2.260614e-08
1.649082e+04	2.232761e-08
1.649698e+04	2.205237e-08
1.650315e+04	2.178035e-08
1.650932e+04	2.151155e-08
1.651549e+04	2.124590e-08
1.652166e+04	2.098339e-08
1.652783e+04	2.072397e-08
1.653400e+04	2.046762e-08
1.654017e+04	2.021429e-08
1.654634e+04	1.996396e-08
1.655251e+04	1.971658e-08
1.655868e+04	1.947213e-08
1.656485e+04	1.923057e-08
1.657102e+04	1.899188e-08
1.657719e+04	1.875601e-08
1.658336e+04	1.852294e-08
1.658953e+04	1.829264e-08
1.659570e+04	1.806507e-08
1.660186e+04	1.784021e-08
1.660803e+04	1.761802e-08
1.661420e+04	1.739847e-08
1.662037e+04	1.718153e-08
1.662654e+04	1.696718e-08
1.663271e+04	1.675539e-08
1.663888e+04	1.654612e-08
1.664505e+04	1.633934e-08
1.665122e+04	1.613504e-08
1.665739e+04	1.593318e-08
1.666356e+04	1.573373e-08
1.666973e+04	1.553666e-08
1.667590e+04	1.534196e-08
1.668207e+04	1.514958e-08
1.668824e+04	1.495951e-08
1.669441e+04	1.477173e-08
1.670057e+04	1.458619e-08
1.670674e+04	1.440288e-08
1.671291e+04	1.422178e-08
1.671908e+04	1.404285e-08
1.672525e+04	1.386607e-08
1.673142e+04	1.369142e-08
1.673759e+04	1.351888e-08
1.674376e+04	1.334841e-08
1.674993e+04	1.318000e-08
1.675610e+04	1.301362e-08
1.676227e+04	1.284925e-08
1.676844e+04	1.268687e-08
1.677461e+04	1.252645e-08
1.678078e+04	1.236797e-08
1.678695e+04	1.221140e-08
1.679312e+04	1.205673e-08
1.679929e+04	1.190394e-08
1.680545e+04	1.175300e-08
1.681162e+04	1.160389e-08
1.681779e+04	1.145659e-08
1.682396e+04	1.131108e-08
1.683013e+04	1.116734e-08
1.683630e+04	1.102534e-08
1.684247e+04	1.088508e-08
1.684864e+04	1.074652e-08
1.685481e+04	1.060965e-08
1.686098e+04	1.047445e-08
1.686715e+04	1.034089e-08
1.687332e+04	1.020897e-08
1.687949e+04	1.007866e-08
1.688566e+04	9.949941e-09
1.689183e+04	9.822796e-09
1.689800e+04	9.697206e-09
1.690417e+04	9.573154e-09
1.691033e+04	9.450621e-09
1.691650e+04	9.329590e-09
1.692267e+04	9.210043e-09
1.692884e+04	9.091964e-09
1.693501e+04	8.975334e-09
1.694118e+04	8.860137e-09
1.694735e+04	8.746356e-09
1.695352e+04	8.633975e-09
1.695969e+04	8.522977e-09
1.696586e+04	8.413346e-09
1.697203e+04	8.305066e-09
1.697820e+04	8.198121e-09
1.698437e+04	8.092495e-09
1.699054e+04	7.988173e-09
1.699671e+04	7.885140e-09
1.700288e+04	7.783381e-09
1.700905e+04	7.682879e-09
1.701521e+04	7.583622e-09
1.702138e+04	7.485593e-09
1.702755e+04	7.388779e-09
1.703372e+04	7.293165e-09
1.703989e+04	7.198737e-09
1.704606e+04	7.105480e-09
1.705223e+04	7.013382e-09
1.705840e+04	6.922428e-09
1.706457e+04	6.832605e-09
1.707074e+04	6.743900e-09
1.707691e+04	6.656298e-09
1.708308e+04	6.569788e-09
1.708925e+04	6.484355e-09
1.709542e+04	6.399988e-09
1.710159e+04	6.316674e-09
1.710776e+04	6.234400e-09
1.711392e+04	6.153153e-09
1.712009e+04	6.072922e-09
1.712626e+04	5.993695e-09
1.713243e+04	5.915458e-09
1.713860e+04	5.838202e-09
1.714477e+04	5.761913e-09
1.715094e+04	5.686580e-09
1.715711e+04	5.612193e-09
1.716328e+04	5.538739e-09
1.716945e+04	5.466207e-09
1.717562e+04	5.394587e-09
1.718179e+04	5.323867e-09
1.718796e+04	5.254037e-09
1.719413e+04	5.185085e-09
1.720030e+04	5.117002e-09
1.720647e+04	5.049777e-09
1.721264e+04	4.983400e-09
1.721880e+04	4.917860e-09
1.722497e+04	4.853148e-09
1.723114e+04	4.789252e-09
1.723731e+04	4.726165e-09
1.724348e+04	4.663875e-09
1.724965e+04	4.602373e-09
1.725582e+04	4.541650e-09
1.726199e+04	4.481696e-09
1.726816e+04	4.422502e-09
1.727433e+04	4.364058e-09
1.728050e+04	4.306357e-09
1.728667e+04	4.249388e-09
1.729284e+04	4.193142e-09
1.729901e+04	4.137612e-09
1.730518e+04	4.082788e-09
1.731135e+04	4.028661e-09
1.731752e+04	3.975224e-09
1.732368e+04	3.922467e-09
1.732985e+04	3.870384e-09
1.733602e+04	3.818964e-09
1.734219e+04	3.768201e-09
1.734836e+04	3.718086e-09
1.735453e+04	3.668611e-09
1.736070e+04	3.619769e-09
1.736687e+04	3.571551e-09
1.737304e+04	3.523951e-09
1.737921e+04	3.476961e-09
1.738538e+04	3.430572e-09
1.739155e+04	3.384778e-09
1.739772e+04	3.339572e-09
1.740389e+04	3.294946e-09
1.741006e+04	3.250893e-09
1.741623e+04	3.207406e-09
1.742240e+04	3.164479e-09
1.742856e+04	3.122103e-09
1.743473e+04	3.080273e-09
1.744090e+04	3.038982e-09
1.744707e+04	2.998223e-09
1.745324e+04	2.957990e-09
1.745941e+04	2.918275e-09
1.746558e+04	2.879074e-09
1.747175e+04	2.840378e-09
1.747792e+04	2.802183e-09
1.748409e+04	2.764482e-09
1.749026e+04	2.727268e-09
1.749643e+04	2.690536e-09
1.750260e+04	2.654280e-09
1.750877e+04	2.618494e-09
1.751494e+04	2.583172e-09
1.752111e+04	2.548308e-09
1.752728e+04	2.513897e-09
1.753344e+04	2.479933e-09
1.753961e+04	2.446410e-09
1.754578e+04	2.413323e-09
1.755195e+04	2.380667e-09
1.755812e+04	2.348435e-09
1.756429e+04	2.316624e-09
1.757046e+04	2.285227e-09
1.757663e+04	2.254240e-09
1.758280e+04	2.223657e-09
1.758897e+04	2.193473e-09
1.759514e+04	2.163684e-09
1.760131e+04	2.134284e-09
1.760748e+04	2.105268e-09
1.761365e+04	2.076632e-09
1.761982e+04	2.048371e-09
1.762599e+04	2.020480e-09
1.763215e+04	1.992955e-09
1.763832e+04	1.965791e-09
1.764449e+04	1.938983e-09
1.765066e+04	1.912527e-09
1.765683e+04	1.886418e-09
1.766300e+04	1.860653e-09
1.766917e+04	1.835226e-09
1.767534e+04	1.810134e-09
1.768151e+04	1.785373e-09
1.768768e+04	1.760937e-09
1.769385e+04	1.736824e-09
1.770002e+04	1.713028e-09
1.770619e+04	1.689547e-09
1.771236e+04	1.666375e-09
1.771853e+04	1.643510e-09
1.772470e+04	1.620947e-09
1.773087e+04	1.598682e-09
1.773703e+04	1.576711e-09
1.774320e+04	1.555032e-09
1.774937e+04	1.533640e-09
1.775554e+04	1.512531e-09
1.776171e+04	1.491702e-09
1.776788e+04	1.471149e-09
1.777405e+04	1.450870e-09
1.778022e+04	1.430859e-09
1.778639e+04	1.411115e-09
1.779256e+04	1.391633e-09
1.779873e+04	1.372410e-09
1.780490e+04	1.353443e-09
1.781107e+04	1.334729e-09
1.781724e+04	1.316264e-09
1.782341e+04	1.298045e-09
1.782958e+04	1.280069e-09
1.783575e+04	1.262334e-09
1.784191e+04	1.244835e-09
1.784808e+04	1.227570e-09
1.785425e+04	1.210535e-09
1.786042e+04	1.193729e-09
1.786659e+04	1.177147e-09
1.787276e+04	1.160788e-09
1.787893e+04	1.144648e-09
1.788510e+04	1.128724e-09
1.789127e+04	1.113014e-09
1.789744e+04	1.097514e-09
1.790361e+04	1.082223e-09
1.790978e+04	1.067137e-09
1.791595e+04	1.052254e-09
1.792212e+04	1.037571e-09
1.792829e+04	1.023086e-09
1.793446e+04	1.008795e-09
1.794063e+04	9.946975e-10
1.794679e+04	9.807897e-10
1.795296e+04	9.670695e-10
1.795913e+04	9.535344e-10
1.796530e+04	9.401820e-10
1.797147e+04	9.270100e-10
1.797764e+04	9.140160e-10
1.798381e+04	9.011977e-10
1.798998e+04	8.885529e-10
1.799615e+04	8.760792e-10
1.800232e+04	8.637745e-10
1.800849e+04	8.516365e-10
1.801466e+04	8.396631e-10
1.802083e+04	8.278521e-10
1.802700e+04	8.162015e-10
1.803317e+04	8.047091e-10
1.803934e+04	7.933728e-10
1.804550e+04	7.821906e-10
1.805167e+04	7.711606e-10
1.805784e+04	7.602807e-10
1.806401e+04	7.495489e-10
1.807018e+04	7.389633e-10
1.807635e+04	7.285220e-10
1.808252e+04	7.182232e-10
1.808869e+04	7.080649e-10
1.809486e+04	6.980453e-10
1.810103e+04	6.881625e-10
1.810720e+04	6.784148e-10
1.811337e+04	6.688005e-10
1.811954e+04	6.593177e-10
1.812571e+04	6.499647e-10
1.813188e+04	6.407398e-10
1.813805e+04	6.316413e-10
1.814422e+04	6.226676e-10
1.815038e+04	6.138170e-10
1.815655e+04	6.050879e-10
1.816272e+04	5.964787e-10
1.816889e+04	5.879878e-10
1.817506e+04	5.796136e-10
1.818123e+04	5.713546e-10
1.818740e+04	5.632092e-10
1.819357e+04	5.551761e-10
1.819974e+04	5.472536e-10
1.820591e+04	5.394403e-10
1.821208e+04	5.317347e-10
1.821825e+04	5.241355e-10
1.822442e+04	5.166413e-10
1.823059e+04	5.092505e-10
1.823676e+04	5.019619e-10
1.824293e+04	4.947741e-10
1.824910e+04	4.876857e-10
1.825526e+04	4.806954e-10
1.826143e+04	4.738020e-10
1.826760e+04	4.670041e-10
1.827377e+04	4.603004e-10
1.827994e+04	4.536897e-10
1.828611e+04	4.471708e-10
1.829228e+04	4.407424e-10
1.829845e+04	4.344033e-10
1.830462e+04	4.281524e-10
1.831079e+04	4.219883e-10
1.831696e+04	4.159101e-10
1.832313e+04	4.099165e-10
1.832930e+04	4.040063e-10
1.833547e+04	3.981786e-10
1.834164e+04	3.924321e-10
1.834781e+04	3.867658e-10
1.835398e+04	3.811785e-10
1.836014e+04	3.756693e-10
1.836631e+04	3.702371e-10
1.837248e+04	3.648809e-10
1.837865e+04	3.595996e-10
1.838482e+04	3.543921e-10
1.839099e+04	3.492576e-10
1.839716e+04	3.441951e-10
1.840333e+04	3.392035e-10
1.840950e+04	3.342819e-10
1.841567e+04	3.294293e-10
1.842184e+04	3.246449e-10
1.842801e+04	3.199277e-10
1.843418e+04	3.152768e-10
1.844035e+04	3.106913e-10
1.844652e+04	3.061703e-10
1.845269e+04	3.017129e-10
1.845885e+04	2.973183e-10
1.846502e+04	2.929856e-10
1.847119e+04	2.887140e-10
1.847736e+04	2.845026e-10
1.848353e+04	2.803507e-10
1.848970e+04	2.762574e-10
1.849587e+04	2.722219e-10
1.850204e+04	2.682435e-10
1.850821e+04	2.643213e-10
1.851438e+04	2.604546e-10
1.852055e+04	2.566426e-10
1.852672e+04	2.528847e-10
1.853289e+04	2.491799e-10
1.853906e+04	2.455277e-10
1.854523e+04	2.419273e-10
1.855140e+04	2.383780e-10
1.855757e+04	2.348791e-10
1.856373e+04	2.314299e-10
1.856990e+04	2.280297e-10
1.857607e+04	2.246779e-10
1.858224e+04	2.213738e-10
1.858841e+04	2.181167e-10
1.859458e+04	2.149060e-10
1.860075e+04	2.117410e-10
1.860692e+04	2.086212e-10
1.861309e+04	2.055459e-10
1.861926e+04	2.025144e-10
1.862543e+04	1.995263e-10
1.863160e+04	1.965808e-10
1.863777e+04	1.936774e-10
1.864394e+04	1.908156e-10
1.865011e+04	1.879947e-10
1.865628e+04	1.852142e-10
1.866245e+04	1.824735e-10
1.866861e+04	1.797720e-10
1.867478e+04	1.771093e-10
1.868095e+04	1.744848e-10
1.868712e+04	1.718980e-10
1.869329e+04	1.693483e-10
1.869946e+04	1.668353e-10
1.870563e+04	1.643583e-10
1.871180e+04	1.619170e-10
1.871797e+04	1.595108e-10
1.872414e+04	1.571392e-10
1.873031e+04	1.548018e-10
1.873648e+04	1.524981e-10
1.874265e+04	1.502276e-10
1.874882e+04	1.479898e-10
1.875499e+04	1.457843e-10
1.876116e+04	1.436107e-10
1.876733e+04	1.414685e-10
1.877349e+04	1.393572e-10
1.877966e+04	1.372765e-10
1.878583e+04	1.352259e-10
1.879200e+04	1.332049e-10
1.879817e+04	1.312132e-10
1.880434e+04	1.292504e-10
1.881051e+04	1.273160e-10
1.881668e+04	1.254097e-10
1.882285e+04	1.235310e-10
1.882902e+04	1.216797e-10
1.883519e+04	1.198552e-10
1.884136e+04	1.180572e-10
1.884753e+04	1.162854e-10
1.885370e+04	1.145393e-10
1.885987e+04	1.128187e-10
1.886604e+04	1.111231e-10
1.887220e+04	1.094522e-10
1.887837e+04	1.078057e-10
1.888454e+04	1.061831e-10
1.889071e+04	1.045843e-10
1.889688e+04	1.030088e-10
1.890305e+04	1.014563e-10
1.890922e+04	9.992649e-11
1.891539e+04	9.841904e-11
1.892156e+04	9.693365e-11
1.892773e+04	9.546999e-11
1.893390e+04	9.402776e-11
1.894007e+04	9.260666e-11
1.894624e+04	9.120639e-11
1.895241e+04	8.982665e-11
1.895858e+04	8.846715e-11
1.896475e+04	8.712760e-11
1.897092e+04	8.580773e-11
1.897708e+04	8.450724e-11
1.898325e+04	8.322588e-11
1.898942e+04	8.196335e-11
1.899559e+04	8.071941e-11
1.900176e+04	7.949377e-11
1.900793e+04	7.828619e-11
1.901410e+04	7.709640e-11
1.902027e+04	7.592416e-11
1.902644e+04	7.476920e-11
1.903261e+04	7.363129e-11
1.903878e+04	7.251017e-11
1.904495e+04	7.140562e-11
1.905112e+04	7.031740e-11
1.905729e+04	6.924526e-11
1.906346e+04	6.818898e-11
1.906963e+04	6.714834e-11
1.907580e+04	6.612311e-11
1.908196e+04	6.511306e-11
1.908813e+04	6.411799e-11
1.909430e+04	6.313768e-11
1.910047e+04	6.217190e-11
1.910664e+04	6.122047e-11
1.911281e+04	6.028317e-11
1.911898e+04	5.935979e-11
1.912515e+04	5.845014e-11
1.913132e+04	5.755401e-11
1.913749e+04	5.667123e-11
1.914366e+04	5.580158e-11
1.914983e+04	5.494489e-11
1.915600e+04	5.410097e-11
1.916217e+04	5.326962e-11
1.916834e+04	5.245068e-11
1.917451e+04	5.164396e-11
1.918068e+04	5.084928e-11
1.918684e+04	5.006648e-11
1.919301e+04	4.929538e-11
1.919918e+04	4.853580e-11
1.920535e+04	4.778759e-11
1.921152e+04	4.705057e-11
1.921769e+04	4.632460e-11
1.922386e+04	4.560950e-11
1.923003e+04	4.490512e-11
1.923620e+04	4.421130e-11
1.924237e+04	4.352789e-11
1.924854e+04	4.285473e-11
1.925471e+04	4.219169e-11
1.926088e+04	4.153861e-11
1.926705e+04	4.089535e-11
