# # p(y | x = 2.000000e-01)
# # y_val	p(y|x)
0.000000e+00	4.102476e-05
6.169403e+00	4.126624e-05
1.233881e+01	4.150890e-05
1.850821e+01	4.175277e-05
2.467761e+01	4.199783e-05
3.084702e+01	4.224410e-05
3.701642e+01	4.249158e-05
4.318582e+01	4.274028e-05
4.935523e+01	4.299019e-05
5.552463e+01	4.324133e-05
6.169403e+01	4.349370e-05
6.786344e+01	4.374730e-05
7.403284e+01	4.400213e-05
8.020224e+01	4.425821e-05
8.637165e+01	4.451553e-05
9.254105e+01	4.477410e-05
9.871045e+01	4.503393e-05
1.048799e+02	4.529501e-05
1.110493e+02	4.555736e-05
1.172187e+02	4.582097e-05
1.233881e+02	4.608586e-05
1.295575e+02	4.635202e-05
1.357269e+02	4.661946e-05
1.418963e+02	4.688819e-05
1.480657e+02	4.715821e-05
1.542351e+02	4.742952e-05
1.604045e+02	4.770213e-05
1.665739e+02	4.797605e-05
1.727433e+02	4.825127e-05
1.789127e+02	4.852780e-05
1.850821e+02	4.880565e-05
1.912515e+02	4.908482e-05
1.974209e+02	4.936531e-05
2.035903e+02	4.964714e-05
2.097597e+02	4.993030e-05
2.159291e+02	5.021479e-05
2.220985e+02	5.050064e-05
2.282679e+02	5.078782e-05
2.344373e+02	5.107637e-05
2.406067e+02	5.136626e-05
2.467761e+02	5.165752e-05
2.529455e+02	5.195015e-05
2.591149e+02	5.224414e-05
2.652843e+02	5.253951e-05
2.714537e+02	5.283626e-05
2.776232e+02	5.313439e-05
2.837926e+02	5.343391e-05
2.899620e+02	5.373483e-05
2.961314e+02	5.403714e-05
3.023008e+02	5.434085e-05
3.084702e+02	5.464597e-05
3.146396e+02	5.495250e-05
3.208090e+02	5.526044e-05
3.269784e+02	5.556981e-05
3.331478e+02	5.588060e-05
3.393172e+02	5.619282e-05
3.454866e+02	5.650647e-05
3.516560e+02	5.682156e-05
3.578254e+02	5.713809e-05
3.639948e+02	5.745608e-05
3.701642e+02	5.777551e-05
3.763336e+02	5.809640e-05
3.825030e+02	5.841875e-05
3.886724e+02	5.874256e-05
3.948418e+02	5.906785e-05
4.010112e+02	5.939460e-05
4.071806e+02	5.972284e-05
4.133500e+02	6.005256e-05
4.195194e+02	6.038377e-05
4.256888e+02	6.071648e-05
4.318582e+02	6.105068e-05
4.380276e+02	6.138638e-05
4.441970e+02	6.172359e-05
4.503664e+02	6.206231e-05
4.565359e+02	6.240254e-05
4.627053e+02	6.274430e-05
4.688747e+02	6.308758e-05
4.750441e+02	6.343238e-05
4.812135e+02	6.377873e-05
4.873829e+02	6.412661e-05
4.935523e+02	6.447603e-05
4.997217e+02	6.482700e-05
5.058911e+02	6.517952e-05
5.120605e+02	6.553360e-05
5.182299e+02	6.588924e-05
5.243993e+02	6.624645e-05
5.305687e+02	6.660522e-05
5.367381e+02	6.696557e-05
5.429075e+02	6.732750e-05
5.490769e+02	6.769102e-05
5.552463e+02	6.805612e-05
5.614157e+02	6.842281e-05
5.675851e+02	6.879110e-05
5.737545e+02	6.916100e-05
5.799239e+02	6.953250e-05
5.860933e+02	6.990561e-05
5.922627e+02	7.028033e-05
5.984321e+02	7.065668e-05
6.046015e+02	7.103465e-05
6.107709e+02	7.141425e-05
6.169403e+02	7.179548e-05
6.231097e+02	7.217835e-05
6.292791e+02	7.256287e-05
6.354485e+02	7.294903e-05
6.416180e+02	7.333684e-05
6.477874e+02	7.372631e-05
6.539568e+02	7.411744e-05
6.601262e+02	7.451023e-05
6.662956e+02	7.490470e-05
6.724650e+02	7.530084e-05
6.786344e+02	7.569865e-05
6.848038e+02	7.609815e-05
6.909732e+02	7.649934e-05
6.971426e+02	7.690222e-05
7.033120e+02	7.730679e-05
7.094814e+02	7.771307e-05
7.156508e+02	7.812105e-05
7.218202e+02	7.853075e-05
7.279896e+02	7.894215e-05
7.341590e+02	7.935528e-05
7.403284e+02	7.977012e-05
7.464978e+02	8.018670e-05
7.526672e+02	8.060501e-05
7.588366e+02	8.102505e-05
7.650060e+02	8.144683e-05
7.711754e+02	8.187036e-05
7.773448e+02	8.229564e-05
7.835142e+02	8.272268e-05
7.896836e+02	8.315147e-05
7.958530e+02	8.358202e-05
8.020224e+02	8.401435e-05
8.081918e+02	8.444844e-05
8.143612e+02	8.488431e-05
8.205306e+02	8.532196e-05
8.267001e+02	8.576139e-05
8.328695e+02	8.620262e-05
8.390389e+02	8.664563e-05
8.452083e+02	8.709045e-05
8.513777e+02	8.753707e-05
8.575471e+02	8.798549e-05
8.637165e+02	8.843572e-05
8.698859e+02	8.888777e-05
8.760553e+02	8.934164e-05
8.822247e+02	8.979733e-05
8.883941e+02	9.025485e-05
8.945635e+02	9.071420e-05
9.007329e+02	9.117538e-05
9.069023e+02	9.163841e-05
9.130717e+02	9.210328e-05
9.192411e+02	9.257000e-05
9.254105e+02	9.303858e-05
9.315799e+02	9.350901e-05
9.377493e+02	9.398130e-05
9.439187e+02	9.445546e-05
9.500881e+02	9.493149e-05
9.562575e+02	9.540940e-05
9.624269e+02	9.588918e-05
9.685963e+02	9.637084e-05
9.747657e+02	9.685439e-05
9.809351e+02	9.733983e-05
9.871045e+02	9.782717e-05
9.932739e+02	9.831641e-05
9.994433e+02	9.880754e-05
1.005613e+03	9.930059e-05
1.011782e+03	9.979555e-05
1.017952e+03	1.002924e-04
1.024121e+03	1.007912e-04
1.030290e+03	1.012919e-04
1.036460e+03	1.017946e-04
1.042629e+03	1.022991e-04
1.048799e+03	1.028057e-04
1.054968e+03	1.033141e-04
1.061137e+03	1.038245e-04
1.067307e+03	1.043368e-04
1.073476e+03	1.048511e-04
1.079646e+03	1.053674e-04
1.085815e+03	1.058856e-04
1.091984e+03	1.064057e-04
1.098154e+03	1.069279e-04
1.104323e+03	1.074520e-04
1.110493e+03	1.079781e-04
1.116662e+03	1.085061e-04
1.122831e+03	1.090362e-04
1.129001e+03	1.095682e-04
1.135170e+03	1.101022e-04
1.141340e+03	1.106382e-04
1.147509e+03	1.111763e-04
1.153678e+03	1.117163e-04
1.159848e+03	1.122583e-04
1.166017e+03	1.128023e-04
1.172187e+03	1.133484e-04
1.178356e+03	1.138964e-04
1.184525e+03	1.144465e-04
1.190695e+03	1.149986e-04
1.196864e+03	1.155527e-04
1.203034e+03	1.161089e-04
1.209203e+03	1.166671e-04
1.215372e+03	1.172273e-04
1.221542e+03	1.177896e-04
1.227711e+03	1.183539e-04
1.233881e+03	1.189203e-04
1.240050e+03	1.194887e-04
1.246219e+03	1.200592e-04
1.252389e+03	1.206317e-04
1.258558e+03	1.212064e-04
1.264728e+03	1.217830e-04
1.270897e+03	1.223618e-04
1.277066e+03	1.229426e-04
1.283236e+03	1.235255e-04
1.289405e+03	1.241105e-04
1.295575e+03	1.246975e-04
1.301744e+03	1.252867e-04
1.307914e+03	1.258779e-04
1.314083e+03	1.264712e-04
1.320252e+03	1.270667e-04
1.326422e+03	1.276642e-04
1.332591e+03	1.282638e-04
1.338761e+03	1.288656e-04
1.344930e+03	1.294694e-04
1.351099e+03	1.300754e-04
1.357269e+03	1.306835e-04
1.363438e+03	1.312937e-04
1.369608e+03	1.319060e-04
1.375777e+03	1.325205e-04
1.381946e+03	1.331371e-04
1.388116e+03	1.337558e-04
1.394285e+03	1.343766e-04
1.400455e+03	1.349996e-04
1.406624e+03	1.356248e-04
1.412793e+03	1.362520e-04
1.418963e+03	1.368815e-04
1.425132e+03	1.375131e-04
1.431302e+03	1.381468e-04
1.437471e+03	1.387827e-04
1.443640e+03	1.394207e-04
1.449810e+03	1.400609e-04
1.455979e+03	1.407033e-04
1.462149e+03	1.413479e-04
1.468318e+03	1.419946e-04
1.474487e+03	1.426435e-04
1.480657e+03	1.432946e-04
1.486826e+03	1.439478e-04
1.492996e+03	1.446033e-04
1.499165e+03	1.452609e-04
1.505334e+03	1.459207e-04
1.511504e+03	1.465827e-04
1.517673e+03	1.472469e-04
1.523843e+03	1.479133e-04
1.530012e+03	1.485818e-04
1.536181e+03	1.492526e-04
1.542351e+03	1.499256e-04
1.548520e+03	1.506008e-04
1.554690e+03	1.512782e-04
1.560859e+03	1.519578e-04
1.567028e+03	1.526397e-04
1.573198e+03	1.533237e-04
1.579367e+03	1.540100e-04
1.585537e+03	1.546985e-04
1.591706e+03	1.553892e-04
1.597875e+03	1.560821e-04
1.604045e+03	1.567773e-04
1.610214e+03	1.574746e-04
1.616384e+03	1.581743e-04
1.622553e+03	1.588761e-04
1.628722e+03	1.595802e-04
1.634892e+03	1.602865e-04
1.641061e+03	1.609951e-04
1.647231e+03	1.617059e-04
1.653400e+03	1.624190e-04
1.659570e+03	1.631343e-04
1.665739e+03	1.638518e-04
1.671908e+03	1.645717e-04
1.678078e+03	1.652937e-04
1.684247e+03	1.660180e-04
1.690417e+03	1.667446e-04
1.696586e+03	1.674734e-04
1.702755e+03	1.682045e-04
1.708925e+03	1.689379e-04
1.715094e+03	1.696735e-04
1.721264e+03	1.704114e-04
1.727433e+03	1.711515e-04
1.733602e+03	1.718939e-04
1.739772e+03	1.726386e-04
1.745941e+03	1.733856e-04
1.752111e+03	1.741348e-04
1.758280e+03	1.748863e-04
1.764449e+03	1.756401e-04
1.770619e+03	1.763962e-04
1.776788e+03	1.771545e-04
1.782958e+03	1.779151e-04
1.789127e+03	1.786780e-04
1.795296e+03	1.794432e-04
1.801466e+03	1.802107e-04
1.807635e+03	1.809805e-04
1.813805e+03	1.817525e-04
1.819974e+03	1.825269e-04
1.826143e+03	1.833035e-04
1.832313e+03	1.840824e-04
1.838482e+03	1.848636e-04
1.844652e+03	1.856471e-04
1.850821e+03	1.864330e-04
1.856990e+03	1.872211e-04
1.863160e+03	1.880115e-04
1.869329e+03	1.888042e-04
1.875499e+03	1.895991e-04
1.881668e+03	1.903964e-04
1.887837e+03	1.911960e-04
1.894007e+03	1.919979e-04
1.900176e+03	1.928021e-04
1.906346e+03	1.936087e-04
1.912515e+03	1.944175e-04
1.918684e+03	1.952286e-04
1.924854e+03	1.960420e-04
1.931023e+03	1.968577e-04
1.937193e+03	1.976758e-04
1.943362e+03	1.984961e-04
1.949531e+03	1.993187e-04
1.955701e+03	2.001437e-04
1.961870e+03	2.009710e-04
1.968040e+03	2.018005e-04
1.974209e+03	2.026324e-04
1.980378e+03	2.034666e-04
1.986548e+03	2.043031e-04
1.992717e+03	2.051419e-04
1.998887e+03	2.059831e-04
2.005056e+03	2.068265e-04
2.011226e+03	2.076723e-04
2.017395e+03	2.085203e-04
2.023564e+03	2.093707e-04
2.029734e+03	2.102234e-04
2.035903e+03	2.110784e-04
2.042073e+03	2.119357e-04
2.048242e+03	2.127953e-04
2.054411e+03	2.136572e-04
2.060581e+03	2.145214e-04
2.066750e+03	2.153880e-04
2.072920e+03	2.162569e-04
2.079089e+03	2.171280e-04
2.085258e+03	2.180015e-04
2.091428e+03	2.188773e-04
2.097597e+03	2.197554e-04
2.103767e+03	2.206358e-04
2.109936e+03	2.215185e-04
2.116105e+03	2.224035e-04
2.122275e+03	2.232909e-04
2.128444e+03	2.241805e-04
2.134614e+03	2.250725e-04
2.140783e+03	2.259667e-04
2.146952e+03	2.268633e-04
2.153122e+03	2.277621e-04
2.159291e+03	2.286633e-04
2.165461e+03	2.295668e-04
2.171630e+03	2.304725e-04
2.177799e+03	2.313806e-04
2.183969e+03	2.322910e-04
2.190138e+03	2.332036e-04
2.196308e+03	2.341186e-04
2.202477e+03	2.350359e-04
2.208646e+03	2.359554e-04
2.214816e+03	2.368773e-04
2.220985e+03	2.378014e-04
2.227155e+03	2.387279e-04
2.233324e+03	2.396566e-04
2.239493e+03	2.405876e-04
2.245663e+03	2.415209e-04
2.251832e+03	2.424565e-04
2.258002e+03	2.433944e-04
2.264171e+03	2.443346e-04
2.270340e+03	2.452770e-04
2.276510e+03	2.462217e-04
2.282679e+03	2.471687e-04
2.288849e+03	2.481180e-04
2.295018e+03	2.490696e-04
2.301187e+03	2.500234e-04
2.307357e+03	2.509795e-04
2.313526e+03	2.519379e-04
2.319696e+03	2.528985e-04
2.325865e+03	2.538614e-04
2.332034e+03	2.548266e-04
2.338204e+03	2.557940e-04
2.344373e+03	2.567637e-04
2.350543e+03	2.577357e-04
2.356712e+03	2.587099e-04
2.362881e+03	2.596864e-04
2.369051e+03	2.606651e-04
2.375220e+03	2.616460e-04
2.381390e+03	2.626292e-04
2.387559e+03	2.636147e-04
2.393729e+03	2.646024e-04
2.399898e+03	2.655923e-04
2.406067e+03	2.665845e-04
2.412237e+03	2.675789e-04
2.418406e+03	2.685755e-04
2.424576e+03	2.695744e-04
2.430745e+03	2.705755e-04
2.436914e+03	2.715788e-04
2.443084e+03	2.725844e-04
2.449253e+03	2.735921e-04
2.455423e+03	2.746021e-04
2.461592e+03	2.756143e-04
2.467761e+03	2.766287e-04
2.473931e+03	2.776453e-04
2.480100e+03	2.786641e-04
2.486270e+03	2.796851e-04
2.492439e+03	2.807083e-04
2.498608e+03	2.817337e-04
2.504778e+03	2.827613e-04
2.510947e+03	2.837910e-04
2.517117e+03	2.848230e-04
2.523286e+03	2.858571e-04
2.529455e+03	2.868934e-04
2.535625e+03	2.879319e-04
2.541794e+03	2.889726e-04
2.547964e+03	2.900154e-04
2.554133e+03	2.910603e-04
2.560302e+03	2.921075e-04
2.566472e+03	2.931568e-04
2.572641e+03	2.942082e-04
2.578811e+03	2.952618e-04
2.584980e+03	2.963175e-04
2.591149e+03	2.973754e-04
2.597319e+03	2.984354e-04
2.603488e+03	2.994975e-04
2.609658e+03	3.005618e-04
2.615827e+03	3.016282e-04
2.621996e+03	3.026967e-04
2.628166e+03	3.037673e-04
2.634335e+03	3.048400e-04
2.640505e+03	3.059149e-04
2.646674e+03	3.069918e-04
2.652843e+03	3.080708e-04
2.659013e+03	3.091520e-04
2.665182e+03	3.102352e-04
2.671352e+03	3.113205e-04
2.677521e+03	3.124078e-04
2.683690e+03	3.134973e-04
2.689860e+03	3.145888e-04
2.696029e+03	3.156824e-04
2.702199e+03	3.167780e-04
2.708368e+03	3.178757e-04
2.714537e+03	3.189754e-04
2.720707e+03	3.200772e-04
2.726876e+03	3.211810e-04
2.733046e+03	3.222869e-04
2.739215e+03	3.233947e-04
2.745385e+03	3.245046e-04
2.751554e+03	3.256166e-04
2.757723e+03	3.267305e-04
2.763893e+03	3.278464e-04
2.770062e+03	3.289644e-04
2.776232e+03	3.300843e-04
2.782401e+03	3.312063e-04
2.788570e+03	3.323302e-04
2.794740e+03	3.334561e-04
2.800909e+03	3.345839e-04
2.807079e+03	3.357138e-04
2.813248e+03	3.368456e-04
2.819417e+03	3.379793e-04
2.825587e+03	3.391150e-04
2.831756e+03	3.402527e-04
2.837926e+03	3.413923e-04
2.844095e+03	3.425338e-04
2.850264e+03	3.436772e-04
2.856434e+03	3.448226e-04
2.862603e+03	3.459699e-04
2.868773e+03	3.471191e-04
2.874942e+03	3.482702e-04
2.881111e+03	3.494231e-04
2.887281e+03	3.505780e-04
2.893450e+03	3.517348e-04
2.899620e+03	3.528934e-04
2.905789e+03	3.540539e-04
2.911958e+03	3.552163e-04
2.918128e+03	3.563805e-04
2.924297e+03	3.575465e-04
2.930467e+03	3.587144e-04
2.936636e+03	3.598842e-04
2.942805e+03	3.610558e-04
2.948975e+03	3.622292e-04
2.955144e+03	3.634044e-04
2.961314e+03	3.645814e-04
2.967483e+03	3.657602e-04
2.973652e+03	3.669408e-04
2.979822e+03	3.681232e-04
2.985991e+03	3.693073e-04
2.992161e+03	3.704933e-04
2.998330e+03	3.716810e-04
3.004499e+03	3.728704e-04
3.010669e+03	3.740617e-04
3.016838e+03	3.752546e-04
3.023008e+03	3.764493e-04
3.029177e+03	3.776457e-04
3.035346e+03	3.788438e-04
3.041516e+03	3.800437e-04
3.047685e+03	3.812452e-04
3.053855e+03	3.824484e-04
3.060024e+03	3.836534e-04
3.066193e+03	3.848600e-04
3.072363e+03	3.860682e-04
3.078532e+03	3.872782e-04
3.084702e+03	3.884898e-04
3.090871e+03	3.897030e-04
3.097040e+03	3.909179e-04
3.103210e+03	3.921344e-04
3.109379e+03	3.933525e-04
3.115549e+03	3.945722e-04
3.121718e+03	3.957936e-04
3.127888e+03	3.970165e-04
3.134057e+03	3.982410e-04
3.140226e+03	3.994672e-04
3.146396e+03	4.006948e-04
3.152565e+03	4.019241e-04
3.158735e+03	4.031549e-04
3.164904e+03	4.043872e-04
3.171073e+03	4.056211e-04
3.177243e+03	4.068565e-04
3.183412e+03	4.080934e-04
3.189582e+03	4.093318e-04
3.195751e+03	4.105717e-04
3.201920e+03	4.118132e-04
3.208090e+03	4.130560e-04
3.214259e+03	4.143004e-04
3.220429e+03	4.155462e-04
3.226598e+03	4.167935e-04
3.232767e+03	4.180423e-04
3.238937e+03	4.192924e-04
3.245106e+03	4.205440e-04
3.251276e+03	4.217970e-04
3.257445e+03	4.230514e-04
3.263614e+03	4.243072e-04
3.269784e+03	4.255644e-04
3.275953e+03	4.268230e-04
3.282123e+03	4.280829e-04
3.288292e+03	4.293442e-04
3.294461e+03	4.306069e-04
3.300631e+03	4.318708e-04
3.306800e+03	4.331361e-04
3.312970e+03	4.344028e-04
3.319139e+03	4.356707e-04
3.325308e+03	4.369399e-04
3.331478e+03	4.382104e-04
3.337647e+03	4.394822e-04
3.343817e+03	4.407553e-04
3.349986e+03	4.420296e-04
3.356155e+03	4.433051e-04
3.362325e+03	4.445819e-04
3.368494e+03	4.458600e-04
3.374664e+03	4.471392e-04
3.380833e+03	4.484196e-04
3.387002e+03	4.497013e-04
3.393172e+03	4.509841e-04
3.399341e+03	4.522680e-04
3.405511e+03	4.535532e-04
3.411680e+03	4.548395e-04
3.417849e+03	4.561269e-04
3.424019e+03	4.574155e-04
3.430188e+03	4.587051e-04
3.436358e+03	4.599959e-04
3.442527e+03	4.612878e-04
3.448696e+03	4.625807e-04
3.454866e+03	4.638748e-04
3.461035e+03	4.651699e-04
3.467205e+03	4.664660e-04
3.473374e+03	4.677632e-04
3.479544e+03	4.690614e-04
3.485713e+03	4.703606e-04
3.491882e+03	4.716608e-04
3.498052e+03	4.729620e-04
3.504221e+03	4.742642e-04
3.510391e+03	4.755674e-04
3.516560e+03	4.768715e-04
3.522729e+03	4.781766e-04
3.528899e+03	4.794826e-04
3.535068e+03	4.807895e-04
3.541238e+03	4.820974e-04
3.547407e+03	4.834061e-04
3.553576e+03	4.847157e-04
3.559746e+03	4.860262e-04
3.565915e+03	4.873376e-04
3.572085e+03	4.886498e-04
3.578254e+03	4.899628e-04
3.584423e+03	4.912767e-04
3.590593e+03	4.925913e-04
3.596762e+03	4.939068e-04
3.602932e+03	4.952231e-04
3.609101e+03	4.965401e-04
3.615270e+03	4.978580e-04
3.621440e+03	4.991765e-04
3.627609e+03	5.004958e-04
3.633779e+03	5.018158e-04
3.639948e+03	5.031366e-04
3.646117e+03	5.044580e-04
3.652287e+03	5.057802e-04
3.658456e+03	5.071030e-04
3.664626e+03	5.084264e-04
3.670795e+03	5.097505e-04
3.676964e+03	5.110753e-04
3.683134e+03	5.124007e-04
3.689303e+03	5.137267e-04
3.695473e+03	5.150533e-04
3.701642e+03	5.163804e-04
3.707811e+03	5.177082e-04
3.713981e+03	5.190365e-04
3.720150e+03	5.203653e-04
3.726320e+03	5.216947e-04
3.732489e+03	5.230246e-04
3.738658e+03	5.243550e-04
3.744828e+03	5.256859e-04
3.750997e+03	5.270173e-04
3.757167e+03	5.283491e-04
3.763336e+03	5.296814e-04
3.769505e+03	5.310141e-04
3.775675e+03	5.323473e-04
3.781844e+03	5.336809e-04
3.788014e+03	5.350148e-04
3.794183e+03	5.363492e-04
3.800352e+03	5.376839e-04
3.806522e+03	5.390189e-04
3.812691e+03	5.403544e-04
3.818861e+03	5.416901e-04
3.825030e+03	5.430262e-04
3.831199e+03	5.443625e-04
3.837369e+03	5.456992e-04
3.843538e+03	5.470361e-04
3.849708e+03	5.483733e-04
3.855877e+03	5.497107e-04
3.862047e+03	5.510483e-04
3.868216e+03	5.523862e-04
3.874385e+03	5.537243e-04
3.880555e+03	5.550625e-04
3.886724e+03	5.564009e-04
3.892894e+03	5.577395e-04
3.899063e+03	5.590783e-04
3.905232e+03	5.604171e-04
3.911402e+03	5.617561e-04
3.917571e+03	5.630952e-04
3.923741e+03	5.644344e-04
3.929910e+03	5.657736e-04
3.936079e+03	5.671129e-04
3.942249e+03	5.684522e-04
3.948418e+03	5.697916e-04
3.954588e+03	5.711310e-04
3.960757e+03	5.724704e-04
3.966926e+03	5.738097e-04
3.973096e+03	5.751491e-04
3.979265e+03	5.764884e-04
3.985435e+03	5.778276e-04
3.991604e+03	5.791668e-04
3.997773e+03	5.805058e-04
4.003943e+03	5.818448e-04
4.010112e+03	5.831836e-04
4.016282e+03	5.845223e-04
4.022451e+03	5.858609e-04
4.028620e+03	5.871993e-04
4.034790e+03	5.885375e-04
4.040959e+03	5.898755e-04
4.047129e+03	5.912133e-04
4.053298e+03	5.925509e-04
4.059467e+03	5.938882e-04
4.065637e+03	5.952253e-04
4.071806e+03	5.965621e-04
4.077976e+03	5.978986e-04
4.084145e+03	5.992348e-04
4.090314e+03	6.005707e-04
4.096484e+03	6.019063e-04
4.102653e+03	6.032415e-04
4.108823e+03	6.045764e-04
4.114992e+03	6.059109e-04
4.121161e+03	6.072449e-04
4.127331e+03	6.085786e-04
4.133500e+03	6.099119e-04
4.139670e+03	6.112447e-04
4.145839e+03	6.125770e-04
4.152008e+03	6.139089e-04
4.158178e+03	6.152403e-04
4.164347e+03	6.165711e-04
4.170517e+03	6.179015e-04
4.176686e+03	6.192313e-04
4.182855e+03	6.205606e-04
4.189025e+03	6.218893e-04
4.195194e+03	6.232174e-04
4.201364e+03	6.245449e-04
4.207533e+03	6.258718e-04
4.213703e+03	6.271981e-04
4.219872e+03	6.285237e-04
4.226041e+03	6.298487e-04
4.232211e+03	6.311730e-04
4.238380e+03	6.324966e-04
4.244550e+03	6.338194e-04
4.250719e+03	6.351416e-04
4.256888e+03	6.364630e-04
4.263058e+03	6.377836e-04
4.269227e+03	6.391035e-04
4.275397e+03	6.404226e-04
4.281566e+03	6.417409e-04
4.287735e+03	6.430583e-04
4.293905e+03	6.443749e-04
4.300074e+03	6.456907e-04
4.306244e+03	6.470055e-04
4.312413e+03	6.483195e-04
4.318582e+03	6.496326e-04
4.324752e+03	6.509448e-04
4.330921e+03	6.522560e-04
4.337091e+03	6.535663e-04
4.343260e+03	6.548756e-04
4.349429e+03	6.561839e-04
4.355599e+03	6.574912e-04
4.361768e+03	6.587975e-04
4.367938e+03	6.601027e-04
4.374107e+03	6.614069e-04
4.380276e+03	6.627100e-04
4.386446e+03	6.640121e-04
4.392615e+03	6.653130e-04
4.398785e+03	6.666128e-04
4.404954e+03	6.679115e-04
4.411123e+03	6.692091e-04
4.417293e+03	6.705054e-04
4.423462e+03	6.718006e-04
4.429632e+03	6.730946e-04
4.435801e+03	6.743874e-04
4.441970e+03	6.756789e-04
4.448140e+03	6.769692e-04
4.454309e+03	6.782582e-04
4.460479e+03	6.795459e-04
4.466648e+03	6.808324e-04
4.472817e+03	6.821175e-04
4.478987e+03	6.834012e-04
4.485156e+03	6.846837e-04
4.491326e+03	6.859647e-04
4.497495e+03	6.872444e-04
4.503664e+03	6.885227e-04
4.509834e+03	6.897995e-04
4.516003e+03	6.910750e-04
4.522173e+03	6.923489e-04
4.528342e+03	6.936214e-04
4.534511e+03	6.948925e-04
4.540681e+03	6.961620e-04
4.546850e+03	6.974300e-04
4.553020e+03	6.986965e-04
4.559189e+03	6.999614e-04
4.565359e+03	7.012247e-04
4.571528e+03	7.024865e-04
4.577697e+03	7.037467e-04
4.583867e+03	7.050052e-04
4.590036e+03	7.062621e-04
4.596206e+03	7.075174e-04
4.602375e+03	7.087710e-04
4.608544e+03	7.100229e-04
4.614714e+03	7.112731e-04
4.620883e+03	7.125216e-04
4.627053e+03	7.137683e-04
4.633222e+03	7.150133e-04
4.639391e+03	7.162566e-04
4.645561e+03	7.174980e-04
4.651730e+03	7.187376e-04
4.657900e+03	7.199755e-04
4.664069e+03	7.212115e-04
4.670238e+03	7.224456e-04
4.676408e+03	7.236779e-04
4.682577e+03	7.249082e-04
4.688747e+03	7.261367e-04
4.694916e+03	7.273633e-04
4.701085e+03	7.285879e-04
4.707255e+03	7.298106e-04
4.713424e+03	7.310313e-04
4.719594e+03	7.322500e-04
4.725763e+03	7.334667e-04
4.731932e+03	7.346814e-04
4.738102e+03	7.358940e-04
4.744271e+03	7.371046e-04
4.750441e+03	7.383131e-04
4.756610e+03	7.395196e-04
4.762779e+03	7.407239e-04
4.768949e+03	7.419261e-04
4.775118e+03	7.431262e-04
4.781288e+03	7.443242e-04
4.787457e+03	7.455199e-04
4.793626e+03	7.467135e-04
4.799796e+03	7.479048e-04
4.805965e+03	7.490940e-04
4.812135e+03	7.502809e-04
4.818304e+03	7.514655e-04
4.824473e+03	7.526479e-04
4.830643e+03	7.538280e-04
4.836812e+03	7.550058e-04
4.842982e+03	7.561813e-04
4.849151e+03	7.573544e-04
4.855320e+03	7.585252e-04
4.861490e+03	7.596936e-04
4.867659e+03	7.608597e-04
4.873829e+03	7.620233e-04
4.879998e+03	7.631845e-04
4.886167e+03	7.643433e-04
4.892337e+03	7.654996e-04
4.898506e+03	7.666535e-04
4.904676e+03	7.678048e-04
4.910845e+03	7.689537e-04
4.917014e+03	7.701000e-04
4.923184e+03	7.712439e-04
4.929353e+03	7.723851e-04
4.935523e+03	7.735238e-04
4.941692e+03	7.746599e-04
4.947862e+03	7.757934e-04
4.954031e+03	7.769243e-04
4.960200e+03	7.780526e-04
4.966370e+03	7.791782e-04
4.972539e+03	7.803012e-04
4.978709e+03	7.814215e-04
4.984878e+03	7.825390e-04
4.991047e+03	7.836539e-04
4.997217e+03	7.847661e-04
5.003386e+03	7.858754e-04
5.009556e+03	7.869821e-04
5.015725e+03	7.880859e-04
5.021894e+03	7.891870e-04
5.028064e+03	7.902852e-04
5.034233e+03	7.913807e-04
5.040403e+03	7.924733e-04
5.046572e+03	7.935630e-04
5.052741e+03	7.946498e-04
5.058911e+03	7.957338e-04
5.065080e+03	7.968149e-04
5.071250e+03	7.978930e-04
5.077419e+03	7.989682e-04
5.083588e+03	8.000404e-04
5.089758e+03	8.011097e-04
5.095927e+03	8.021760e-04
5.102097e+03	8.032393e-04
5.108266e+03	8.042996e-04
5.114435e+03	8.053569e-04
5.120605e+03	8.064111e-04
5.126774e+03	8.074622e-04
5.132944e+03	8.085103e-04
5.139113e+03	8.095552e-04
5.145282e+03	8.105971e-04
5.151452e+03	8.116359e-04
5.157621e+03	8.126714e-04
5.163791e+03	8.137039e-04
5.169960e+03	8.147332e-04
5.176129e+03	8.157593e-04
5.182299e+03	8.167821e-04
5.188468e+03	8.178018e-04
5.194638e+03	8.188182e-04
5.200807e+03	8.198314e-04
5.206976e+03	8.208414e-04
5.213146e+03	8.218480e-04
5.219315e+03	8.228514e-04
5.225485e+03	8.238514e-04
5.231654e+03	8.248482e-04
5.237823e+03	8.258416e-04
5.243993e+03	8.268316e-04
5.250162e+03	8.278183e-04
5.256332e+03	8.288016e-04
5.262501e+03	8.297815e-04
5.268670e+03	8.307579e-04
5.274840e+03	8.317310e-04
5.281009e+03	8.327006e-04
5.287179e+03	8.336668e-04
5.293348e+03	8.346295e-04
5.299518e+03	8.355887e-04
5.305687e+03	8.365444e-04
5.311856e+03	8.374965e-04
5.318026e+03	8.384452e-04
5.324195e+03	8.393903e-04
5.330365e+03	8.403319e-04
5.336534e+03	8.412699e-04
5.342703e+03	8.422043e-04
5.348873e+03	8.431351e-04
5.355042e+03	8.440623e-04
5.361212e+03	8.449858e-04
5.367381e+03	8.459057e-04
5.373550e+03	8.468220e-04
5.379720e+03	8.477346e-04
5.385889e+03	8.486435e-04
5.392059e+03	8.495487e-04
5.398228e+03	8.504502e-04
5.404397e+03	8.513479e-04
5.410567e+03	8.522419e-04
5.416736e+03	8.531322e-04
5.422906e+03	8.540187e-04
5.429075e+03	8.549014e-04
5.435244e+03	8.557803e-04
5.441414e+03	8.566554e-04
5.447583e+03	8.575267e-04
5.453753e+03	8.583942e-04
5.459922e+03	8.592578e-04
5.466091e+03	8.601175e-04
5.472261e+03	8.609734e-04
5.478430e+03	8.618253e-04
5.484600e+03	8.626734e-04
5.490769e+03	8.635176e-04
5.496938e+03	8.643578e-04
5.503108e+03	8.651941e-04
5.509277e+03	8.660264e-04
5.515447e+03	8.668548e-04
5.521616e+03	8.676791e-04
5.527785e+03	8.684995e-04
5.533955e+03	8.693159e-04
5.540124e+03	8.701283e-04
5.546294e+03	8.709366e-04
5.552463e+03	8.717409e-04
5.558632e+03	8.725411e-04
5.564802e+03	8.733372e-04
5.570971e+03	8.741293e-04
5.577141e+03	8.749173e-04
5.583310e+03	8.757011e-04
5.589479e+03	8.764809e-04
5.595649e+03	8.772565e-04
5.601818e+03	8.780280e-04
5.607988e+03	8.787953e-04
5.614157e+03	8.795584e-04
5.620326e+03	8.803174e-04
5.626496e+03	8.810722e-04
5.632665e+03	8.818228e-04
5.638835e+03	8.825691e-04
5.645004e+03	8.833112e-04
5.651173e+03	8.840491e-04
5.657343e+03	8.847828e-04
5.663512e+03	8.855121e-04
5.669682e+03	8.862372e-04
5.675851e+03	8.869581e-04
5.682021e+03	8.876746e-04
5.688190e+03	8.883868e-04
5.694359e+03	8.890947e-04
5.700529e+03	8.897982e-04
5.706698e+03	8.904974e-04
5.712868e+03	8.911923e-04
5.719037e+03	8.918828e-04
5.725206e+03	8.925689e-04
5.731376e+03	8.932507e-04
5.737545e+03	8.939280e-04
5.743715e+03	8.946009e-04
5.749884e+03	8.952694e-04
5.756053e+03	8.959335e-04
5.762223e+03	8.965932e-04
5.768392e+03	8.972484e-04
5.774562e+03	8.978991e-04
5.780731e+03	8.985454e-04
5.786900e+03	8.991871e-04
5.793070e+03	8.998244e-04
5.799239e+03	9.004572e-04
5.805409e+03	9.010855e-04
5.811578e+03	9.017092e-04
5.817747e+03	9.023285e-04
5.823917e+03	9.029431e-04
5.830086e+03	9.035533e-04
5.836256e+03	9.041588e-04
5.842425e+03	9.047598e-04
5.848594e+03	9.053562e-04
5.854764e+03	9.059480e-04
5.860933e+03	9.065352e-04
5.867103e+03	9.071179e-04
5.873272e+03	9.076958e-04
5.879441e+03	9.082692e-04
5.885611e+03	9.088379e-04
5.891780e+03	9.094020e-04
5.897950e+03	9.099614e-04
5.904119e+03	9.105162e-04
5.910288e+03	9.110663e-04
5.916458e+03	9.116117e-04
5.922627e+03	9.121524e-04
5.928797e+03	9.126884e-04
5.934966e+03	9.132197e-04
5.941135e+03	9.137463e-04
5.947305e+03	9.142681e-04
5.953474e+03	9.147852e-04
5.959644e+03	9.152976e-04
5.965813e+03	9.158052e-04
5.971982e+03	9.163081e-04
5.978152e+03	9.168062e-04
5.984321e+03	9.172995e-04
5.990491e+03	9.177880e-04
5.996660e+03	9.182718e-04
6.002829e+03	9.187507e-04
6.008999e+03	9.192249e-04
6.015168e+03	9.196942e-04
6.021338e+03	9.201587e-04
6.027507e+03	9.206184e-04
6.033677e+03	9.210732e-04
6.039846e+03	9.215232e-04
6.046015e+03	9.219684e-04
6.052185e+03	9.224086e-04
6.058354e+03	9.228440e-04
6.064524e+03	9.232746e-04
6.070693e+03	9.237002e-04
6.076862e+03	9.241210e-04
6.083032e+03	9.245369e-04
6.089201e+03	9.249479e-04
6.095371e+03	9.253539e-04
6.101540e+03	9.257551e-04
6.107709e+03	9.261513e-04
6.113879e+03	9.265426e-04
6.120048e+03	9.269290e-04
6.126218e+03	9.273104e-04
6.132387e+03	9.276869e-04
6.138556e+03	9.280584e-04
6.144726e+03	9.284250e-04
6.150895e+03	9.287866e-04
6.157065e+03	9.291432e-04
6.163234e+03	9.294949e-04
6.169403e+03	9.298416e-04
6.175573e+03	9.301832e-04
6.181742e+03	9.305199e-04
6.187912e+03	9.308516e-04
6.194081e+03	9.311783e-04
6.200250e+03	9.315000e-04
6.206420e+03	9.318167e-04
6.212589e+03	9.321283e-04
6.218759e+03	9.324349e-04
6.224928e+03	9.327365e-04
6.231097e+03	9.330331e-04
6.237267e+03	9.333246e-04
6.243436e+03	9.336110e-04
6.249606e+03	9.338925e-04
6.255775e+03	9.341688e-04
6.261944e+03	9.344401e-04
6.268114e+03	9.347064e-04
6.274283e+03	9.349675e-04
6.280453e+03	9.352236e-04
6.286622e+03	9.354747e-04
6.292791e+03	9.357206e-04
6.298961e+03	9.359615e-04
6.305130e+03	9.361973e-04
6.311300e+03	9.364279e-04
6.317469e+03	9.366535e-04
6.323638e+03	9.368740e-04
6.329808e+03	9.370894e-04
6.335977e+03	9.372997e-04
6.342147e+03	9.375048e-04
6.348316e+03	9.377049e-04
6.354485e+03	9.378998e-04
6.360655e+03	9.380896e-04
6.366824e+03	9.382743e-04
6.372994e+03	9.384539e-04
6.379163e+03	9.386283e-04
6.385332e+03	9.387976e-04
6.391502e+03	9.389618e-04
6.397671e+03	9.391208e-04
6.403841e+03	9.392747e-04
6.410010e+03	9.394234e-04
6.416180e+03	9.395670e-04
6.422349e+03	9.397055e-04
6.428518e+03	9.398388e-04
6.434688e+03	9.399669e-04
6.440857e+03	9.400899e-04
6.447027e+03	9.402078e-04
6.453196e+03	9.403204e-04
6.459365e+03	9.404280e-04
6.465535e+03	9.405303e-04
6.471704e+03	9.406275e-04
6.477874e+03	9.407195e-04
6.484043e+03	9.408064e-04
6.490212e+03	9.408881e-04
6.496382e+03	9.409646e-04
6.502551e+03	9.410360e-04
6.508721e+03	9.411022e-04
6.514890e+03	9.411632e-04
6.521059e+03	9.412190e-04
6.527229e+03	9.412697e-04
6.533398e+03	9.413151e-04
6.539568e+03	9.413554e-04
6.545737e+03	9.413906e-04
6.551906e+03	9.414205e-04
6.558076e+03	9.414453e-04
6.564245e+03	9.414649e-04
6.570415e+03	9.414793e-04
6.576584e+03	9.414886e-04
6.582753e+03	9.414926e-04
6.588923e+03	9.414915e-04
6.595092e+03	9.414852e-04
6.601262e+03	9.414737e-04
6.607431e+03	9.414570e-04
6.613600e+03	9.414352e-04
6.619770e+03	9.414082e-04
6.625939e+03	9.413760e-04
6.632109e+03	9.413386e-04
6.638278e+03	9.412961e-04
6.644447e+03	9.412483e-04
6.650617e+03	9.411954e-04
6.656786e+03	9.411374e-04
6.662956e+03	9.410741e-04
6.669125e+03	9.410057e-04
6.675294e+03	9.409321e-04
6.681464e+03	9.408533e-04
6.687633e+03	9.407694e-04
6.693803e+03	9.406803e-04
6.699972e+03	9.405860e-04
6.706141e+03	9.404866e-04
6.712311e+03	9.403820e-04
6.718480e+03	9.402723e-04
6.724650e+03	9.401573e-04
6.730819e+03	9.400373e-04
6.736988e+03	9.399120e-04
6.743158e+03	9.397817e-04
6.749327e+03	9.396461e-04
6.755497e+03	9.395054e-04
6.761666e+03	9.393596e-04
6.767836e+03	9.392086e-04
6.774005e+03	9.390525e-04
6.780174e+03	9.388913e-04
6.786344e+03	9.387249e-04
6.792513e+03	9.385534e-04
6.798683e+03	9.383767e-04
6.804852e+03	9.381949e-04
6.811021e+03	9.380080e-04
6.817191e+03	9.378160e-04
6.823360e+03	9.376188e-04
6.829530e+03	9.374166e-04
6.835699e+03	9.372092e-04
6.841868e+03	9.369967e-04
6.848038e+03	9.367791e-04
6.854207e+03	9.365564e-04
6.860377e+03	9.363286e-04
6.866546e+03	9.360958e-04
6.872715e+03	9.358578e-04
6.878885e+03	9.356147e-04
6.885054e+03	9.353666e-04
6.891224e+03	9.351133e-04
6.897393e+03	9.348550e-04
6.903562e+03	9.345917e-04
6.909732e+03	9.343232e-04
6.915901e+03	9.340497e-04
6.922071e+03	9.337712e-04
6.928240e+03	9.334876e-04
6.934409e+03	9.331989e-04
6.940579e+03	9.329052e-04
6.946748e+03	9.326065e-04
6.952918e+03	9.323027e-04
6.959087e+03	9.319939e-04
6.965256e+03	9.316801e-04
6.971426e+03	9.313613e-04
6.977595e+03	9.310374e-04
6.983765e+03	9.307086e-04
6.989934e+03	9.303747e-04
6.996103e+03	9.300359e-04
7.002273e+03	9.296920e-04
7.008442e+03	9.293432e-04
7.014612e+03	9.289894e-04
7.020781e+03	9.286306e-04
7.026950e+03	9.282668e-04
7.033120e+03	9.278981e-04
7.039289e+03	9.275244e-04
7.045459e+03	9.271458e-04
7.051628e+03	9.267622e-04
7.057797e+03	9.263737e-04
7.063967e+03	9.259803e-04
7.070136e+03	9.255819e-04
7.076306e+03	9.251786e-04
7.082475e+03	9.247704e-04
7.088644e+03	9.243573e-04
7.094814e+03	9.239394e-04
7.100983e+03	9.235165e-04
7.107153e+03	9.230887e-04
7.113322e+03	9.226560e-04
7.119492e+03	9.222185e-04
7.125661e+03	9.217761e-04
7.131830e+03	9.213289e-04
7.138000e+03	9.208768e-04
7.144169e+03	9.204199e-04
7.150339e+03	9.199581e-04
7.156508e+03	9.194915e-04
7.162677e+03	9.190201e-04
7.168847e+03	9.185439e-04
7.175016e+03	9.180629e-04
7.181186e+03	9.175770e-04
7.187355e+03	9.170864e-04
7.193524e+03	9.165910e-04
7.199694e+03	9.160909e-04
7.205863e+03	9.155859e-04
7.212033e+03	9.150762e-04
7.218202e+03	9.145618e-04
7.224371e+03	9.140426e-04
7.230541e+03	9.135187e-04
7.236710e+03	9.129901e-04
7.242880e+03	9.124568e-04
7.249049e+03	9.119187e-04
7.255218e+03	9.113760e-04
7.261388e+03	9.108286e-04
7.267557e+03	9.102765e-04
7.273727e+03	9.097197e-04
7.279896e+03	9.091582e-04
7.286065e+03	9.085922e-04
7.292235e+03	9.080214e-04
7.298404e+03	9.074461e-04
7.304574e+03	9.068661e-04
7.310743e+03	9.062815e-04
7.316912e+03	9.056923e-04
7.323082e+03	9.050984e-04
7.329251e+03	9.045000e-04
7.335421e+03	9.038971e-04
7.341590e+03	9.032895e-04
7.347759e+03	9.026774e-04
7.353929e+03	9.020608e-04
7.360098e+03	9.014396e-04
7.366268e+03	9.008139e-04
7.372437e+03	9.001837e-04
7.378606e+03	8.995489e-04
7.384776e+03	8.989097e-04
7.390945e+03	8.982660e-04
7.397115e+03	8.976178e-04
7.403284e+03	8.969651e-04
7.409453e+03	8.963080e-04
7.415623e+03	8.956464e-04
7.421792e+03	8.949804e-04
7.427962e+03	8.943100e-04
7.434131e+03	8.936352e-04
7.440300e+03	8.929559e-04
7.446470e+03	8.922723e-04
7.452639e+03	8.915843e-04
7.458809e+03	8.908919e-04
7.464978e+03	8.901951e-04
7.471147e+03	8.894940e-04
7.477317e+03	8.887886e-04
7.483486e+03	8.880788e-04
7.489656e+03	8.873647e-04
7.495825e+03	8.866464e-04
7.501995e+03	8.859237e-04
7.508164e+03	8.851967e-04
7.514333e+03	8.844655e-04
7.520503e+03	8.837300e-04
7.526672e+03	8.829903e-04
7.532842e+03	8.822464e-04
7.539011e+03	8.814982e-04
7.545180e+03	8.807458e-04
7.551350e+03	8.799892e-04
7.557519e+03	8.792284e-04
7.563689e+03	8.784634e-04
7.569858e+03	8.776943e-04
7.576027e+03	8.769211e-04
7.582197e+03	8.761437e-04
7.588366e+03	8.753621e-04
7.594536e+03	8.745765e-04
7.600705e+03	8.737867e-04
7.606874e+03	8.729929e-04
7.613044e+03	8.721950e-04
7.619213e+03	8.713930e-04
7.625383e+03	8.705869e-04
7.631552e+03	8.697769e-04
7.637721e+03	8.689628e-04
7.643891e+03	8.681447e-04
7.650060e+03	8.673225e-04
7.656230e+03	8.664964e-04
7.662399e+03	8.656664e-04
7.668568e+03	8.648323e-04
7.674738e+03	8.639943e-04
7.680907e+03	8.631524e-04
7.687077e+03	8.623066e-04
7.693246e+03	8.614568e-04
7.699415e+03	8.606031e-04
7.705585e+03	8.597456e-04
7.711754e+03	8.588842e-04
7.717924e+03	8.580189e-04
7.724093e+03	8.571498e-04
7.730262e+03	8.562769e-04
7.736432e+03	8.554001e-04
7.742601e+03	8.545195e-04
7.748771e+03	8.536352e-04
7.754940e+03	8.527470e-04
7.761109e+03	8.518551e-04
7.767279e+03	8.509595e-04
7.773448e+03	8.500601e-04
7.779618e+03	8.491570e-04
7.785787e+03	8.482502e-04
7.791956e+03	8.473397e-04
7.798126e+03	8.464256e-04
7.804295e+03	8.455077e-04
7.810465e+03	8.445862e-04
7.816634e+03	8.436611e-04
7.822803e+03	8.427323e-04
7.828973e+03	8.418000e-04
7.835142e+03	8.408640e-04
7.841312e+03	8.399245e-04
7.847481e+03	8.389814e-04
7.853651e+03	8.380347e-04
7.859820e+03	8.370845e-04
7.865989e+03	8.361308e-04
7.872159e+03	8.351736e-04
7.878328e+03	8.342129e-04
7.884498e+03	8.332487e-04
7.890667e+03	8.322810e-04
7.896836e+03	8.313099e-04
7.903006e+03	8.303354e-04
7.909175e+03	8.293574e-04
7.915345e+03	8.283761e-04
7.921514e+03	8.273913e-04
7.927683e+03	8.264032e-04
7.933853e+03	8.254117e-04
7.940022e+03	8.244168e-04
7.946192e+03	8.234187e-04
7.952361e+03	8.224172e-04
7.958530e+03	8.214124e-04
7.964700e+03	8.204043e-04
7.970869e+03	8.193930e-04
7.977039e+03	8.183784e-04
7.983208e+03	8.173605e-04
7.989377e+03	8.163395e-04
7.995547e+03	8.153152e-04
8.001716e+03	8.142877e-04
8.007886e+03	8.132571e-04
8.014055e+03	8.122233e-04
8.020224e+03	8.111863e-04
8.026394e+03	8.101462e-04
8.032563e+03	8.091030e-04
8.038733e+03	8.080567e-04
8.044902e+03	8.070073e-04
8.051071e+03	8.059548e-04
8.057241e+03	8.048993e-04
8.063410e+03	8.038407e-04
8.069580e+03	8.027791e-04
8.075749e+03	8.017145e-04
8.081918e+03	8.006469e-04
8.088088e+03	7.995764e-04
8.094257e+03	7.985028e-04
8.100427e+03	7.974264e-04
8.106596e+03	7.963470e-04
8.112765e+03	7.952646e-04
8.118935e+03	7.941794e-04
8.125104e+03	7.930913e-04
8.131274e+03	7.920004e-04
8.137443e+03	7.909065e-04
8.143612e+03	7.898099e-04
8.149782e+03	7.887104e-04
8.155951e+03	7.876081e-04
8.162121e+03	7.865031e-04
8.168290e+03	7.853953e-04
8.174459e+03	7.842847e-04
8.180629e+03	7.831713e-04
8.186798e+03	7.820553e-04
8.192968e+03	7.809366e-04
8.199137e+03	7.798151e-04
8.205306e+03	7.786910e-04
8.211476e+03	7.775642e-04
8.217645e+03	7.764348e-04
8.223815e+03	7.753028e-04
8.229984e+03	7.741681e-04
8.236154e+03	7.730309e-04
8.242323e+03	7.718911e-04
8.248492e+03	7.707487e-04
8.254662e+03	7.696038e-04
8.260831e+03	7.684564e-04
8.267001e+03	7.673064e-04
8.273170e+03	7.661540e-04
8.279339e+03	7.649990e-04
8.285509e+03	7.638417e-04
8.291678e+03	7.626818e-04
8.297848e+03	7.615196e-04
8.304017e+03	7.603549e-04
8.310186e+03	7.591878e-04
8.316356e+03	7.580184e-04
8.322525e+03	7.568466e-04
8.328695e+03	7.556724e-04
8.334864e+03	7.544960e-04
8.341033e+03	7.533172e-04
8.347203e+03	7.521361e-04
8.353372e+03	7.509527e-04
8.359542e+03	7.497671e-04
8.365711e+03	7.485792e-04
8.371880e+03	7.473891e-04
8.378050e+03	7.461968e-04
8.384219e+03	7.450022e-04
8.390389e+03	7.438055e-04
8.396558e+03	7.426067e-04
8.402727e+03	7.414057e-04
8.408897e+03	7.402025e-04
8.415066e+03	7.389973e-04
8.421236e+03	7.377899e-04
8.427405e+03	7.365805e-04
8.433574e+03	7.353690e-04
8.439744e+03	7.341555e-04
8.445913e+03	7.329399e-04
8.452083e+03	7.317223e-04
8.458252e+03	7.305028e-04
8.464421e+03	7.292812e-04
8.470591e+03	7.280577e-04
8.476760e+03	7.268322e-04
8.482930e+03	7.256048e-04
8.489099e+03	7.243755e-04
8.495268e+03	7.231443e-04
8.501438e+03	7.219113e-04
8.507607e+03	7.206763e-04
8.513777e+03	7.194395e-04
8.519946e+03	7.182009e-04
8.526115e+03	7.169605e-04
8.532285e+03	7.157183e-04
8.538454e+03	7.144743e-04
8.544624e+03	7.132285e-04
8.550793e+03	7.119810e-04
8.556962e+03	7.107318e-04
8.563132e+03	7.094808e-04
8.569301e+03	7.082282e-04
8.575471e+03	7.069739e-04
8.581640e+03	7.057179e-04
8.587810e+03	7.044603e-04
8.593979e+03	7.032010e-04
8.600148e+03	7.019402e-04
8.606318e+03	7.006777e-04
8.612487e+03	6.994137e-04
8.618657e+03	6.981481e-04
8.624826e+03	6.968809e-04
8.630995e+03	6.956123e-04
8.637165e+03	6.943421e-04
8.643334e+03	6.930704e-04
8.649504e+03	6.917973e-04
8.655673e+03	6.905227e-04
8.661842e+03	6.892466e-04
8.668012e+03	6.879692e-04
8.674181e+03	6.866903e-04
8.680351e+03	6.854100e-04
8.686520e+03	6.841284e-04
8.692689e+03	6.828453e-04
8.698859e+03	6.815610e-04
8.705028e+03	6.802753e-04
8.711198e+03	6.789883e-04
8.717367e+03	6.777000e-04
8.723536e+03	6.764105e-04
8.729706e+03	6.751196e-04
8.735875e+03	6.738276e-04
8.742045e+03	6.725343e-04
8.748214e+03	6.712398e-04
8.754383e+03	6.699441e-04
8.760553e+03	6.686472e-04
8.766722e+03	6.673492e-04
8.772892e+03	6.660500e-04
8.779061e+03	6.647497e-04
8.785230e+03	6.634482e-04
8.791400e+03	6.621457e-04
8.797569e+03	6.608421e-04
8.803739e+03	6.595375e-04
8.809908e+03	6.582318e-04
8.816077e+03	6.569250e-04
8.822247e+03	6.556173e-04
8.828416e+03	6.543086e-04
8.834586e+03	6.529988e-04
8.840755e+03	6.516882e-04
8.846924e+03	6.503765e-04
8.853094e+03	6.490640e-04
8.859263e+03	6.477505e-04
8.865433e+03	6.464361e-04
8.871602e+03	6.451209e-04
8.877771e+03	6.438047e-04
8.883941e+03	6.424878e-04
8.890110e+03	6.411700e-04
8.896280e+03	6.398513e-04
8.902449e+03	6.385319e-04
8.908618e+03	6.372117e-04
8.914788e+03	6.358907e-04
8.920957e+03	6.345690e-04
8.927127e+03	6.332465e-04
8.933296e+03	6.319233e-04
8.939465e+03	6.305995e-04
8.945635e+03	6.292749e-04
8.951804e+03	6.279496e-04
8.957974e+03	6.266237e-04
8.964143e+03	6.252972e-04
8.970313e+03	6.239700e-04
8.976482e+03	6.226422e-04
8.982651e+03	6.213138e-04
8.988821e+03	6.199849e-04
8.994990e+03	6.186554e-04
9.001160e+03	6.173253e-04
9.007329e+03	6.159947e-04
9.013498e+03	6.146636e-04
9.019668e+03	6.133320e-04
9.025837e+03	6.120000e-04
9.032007e+03	6.106674e-04
9.038176e+03	6.093344e-04
9.044345e+03	6.080010e-04
9.050515e+03	6.066671e-04
9.056684e+03	6.053329e-04
9.062854e+03	6.039982e-04
9.069023e+03	6.026632e-04
9.075192e+03	6.013279e-04
9.081362e+03	5.999921e-04
9.087531e+03	5.986561e-04
9.093701e+03	5.973197e-04
9.099870e+03	5.959831e-04
9.106039e+03	5.946462e-04
9.112209e+03	5.933090e-04
9.118378e+03	5.919715e-04
9.124548e+03	5.906339e-04
9.130717e+03	5.892960e-04
9.136886e+03	5.879579e-04
9.143056e+03	5.866196e-04
9.149225e+03	5.852811e-04
9.155395e+03	5.839425e-04
9.161564e+03	5.826037e-04
9.167733e+03	5.812648e-04
9.173903e+03	5.799258e-04
9.180072e+03	5.785867e-04
9.186242e+03	5.772475e-04
9.192411e+03	5.759083e-04
9.198580e+03	5.745690e-04
9.204750e+03	5.732296e-04
9.210919e+03	5.718902e-04
9.217089e+03	5.705508e-04
9.223258e+03	5.692115e-04
9.229427e+03	5.678721e-04
9.235597e+03	5.665328e-04
9.241766e+03	5.651935e-04
9.247936e+03	5.638543e-04
9.254105e+03	5.625152e-04
9.260274e+03	5.611761e-04
9.266444e+03	5.598372e-04
9.272613e+03	5.584984e-04
9.278783e+03	5.571597e-04
9.284952e+03	5.558212e-04
9.291121e+03	5.544828e-04
9.297291e+03	5.531447e-04
9.303460e+03	5.518067e-04
9.309630e+03	5.504689e-04
9.315799e+03	5.491314e-04
9.321969e+03	5.477940e-04
9.328138e+03	5.464570e-04
9.334307e+03	5.451202e-04
9.340477e+03	5.437836e-04
9.346646e+03	5.424474e-04
9.352816e+03	5.411115e-04
9.358985e+03	5.397759e-04
9.365154e+03	5.384406e-04
9.371324e+03	5.371057e-04
9.377493e+03	5.357711e-04
9.383663e+03	5.344370e-04
9.389832e+03	5.331032e-04
9.396001e+03	5.317698e-04
9.402171e+03	5.304368e-04
9.408340e+03	5.291043e-04
9.414510e+03	5.277722e-04
9.420679e+03	5.264405e-04
9.426848e+03	5.251094e-04
9.433018e+03	5.237787e-04
9.439187e+03	5.224485e-04
9.445357e+03	5.211188e-04
9.451526e+03	5.197897e-04
9.457695e+03	5.184611e-04
9.463865e+03	5.171330e-04
9.470034e+03	5.158055e-04
9.476204e+03	5.144786e-04
9.482373e+03	5.131522e-04
9.488542e+03	5.118265e-04
9.494712e+03	5.105014e-04
9.500881e+03	5.091769e-04
9.507051e+03	5.078531e-04
9.513220e+03	5.065299e-04
9.519389e+03	5.052074e-04
9.525559e+03	5.038856e-04
9.531728e+03	5.025644e-04
9.537898e+03	5.012440e-04
9.544067e+03	4.999243e-04
9.550236e+03	4.986053e-04
9.556406e+03	4.972871e-04
9.562575e+03	4.959696e-04
9.568745e+03	4.946529e-04
9.574914e+03	4.933369e-04
9.581083e+03	4.920218e-04
9.587253e+03	4.907075e-04
9.593422e+03	4.893940e-04
9.599592e+03	4.880813e-04
9.605761e+03	4.867694e-04
9.611930e+03	4.854585e-04
9.618100e+03	4.841483e-04
9.624269e+03	4.828391e-04
9.630439e+03	4.815308e-04
9.636608e+03	4.802233e-04
9.642777e+03	4.789168e-04
9.648947e+03	4.776112e-04
9.655116e+03	4.763065e-04
9.661286e+03	4.750028e-04
9.667455e+03	4.737001e-04
9.673625e+03	4.723983e-04
9.679794e+03	4.710975e-04
9.685963e+03	4.697977e-04
9.692133e+03	4.684989e-04
9.698302e+03	4.672012e-04
9.704472e+03	4.659045e-04
9.710641e+03	4.646088e-04
9.716810e+03	4.633141e-04
9.722980e+03	4.620206e-04
9.729149e+03	4.607281e-04
9.735319e+03	4.594367e-04
9.741488e+03	4.581464e-04
9.747657e+03	4.568572e-04
9.753827e+03	4.555691e-04
9.759996e+03	4.542822e-04
9.766166e+03	4.529964e-04
9.772335e+03	4.517117e-04
9.778504e+03	4.504283e-04
9.784674e+03	4.491460e-04
9.790843e+03	4.478649e-04
9.797013e+03	4.465849e-04
9.803182e+03	4.453062e-04
9.809351e+03	4.440288e-04
9.815521e+03	4.427525e-04
9.821690e+03	4.414775e-04
9.827860e+03	4.402037e-04
9.834029e+03	4.389312e-04
9.840198e+03	4.376600e-04
9.846368e+03	4.363900e-04
9.852537e+03	4.351213e-04
9.858707e+03	4.338540e-04
9.864876e+03	4.325879e-04
9.871045e+03	4.313232e-04
9.877215e+03	4.300598e-04
9.883384e+03	4.287977e-04
9.889554e+03	4.275370e-04
9.895723e+03	4.262777e-04
9.901892e+03	4.250197e-04
9.908062e+03	4.237631e-04
9.914231e+03	4.225079e-04
9.920401e+03	4.212541e-04
9.926570e+03	4.200017e-04
9.932739e+03	4.187507e-04
9.938909e+03	4.175012e-04
9.945078e+03	4.162531e-04
9.951248e+03	4.150064e-04
9.957417e+03	4.137612e-04
9.963586e+03	4.125175e-04
9.969756e+03	4.112753e-04
9.975925e+03	4.100345e-04
9.982095e+03	4.087952e-04
9.988264e+03	4.075574e-04
9.994433e+03	4.063212e-04
1.000060e+04	4.050864e-04
1.000677e+04	4.038532e-04
1.001294e+04	4.026216e-04
1.001911e+04	4.013914e-04
1.002528e+04	4.001629e-04
1.003145e+04	3.989359e-04
1.003762e+04	3.977104e-04
1.004379e+04	3.964866e-04
1.004996e+04	3.952644e-04
1.005613e+04	3.940437e-04
1.006230e+04	3.928247e-04
1.006847e+04	3.916072e-04
1.007464e+04	3.903914e-04
1.008081e+04	3.891773e-04
1.008697e+04	3.879648e-04
1.009314e+04	3.867539e-04
1.009931e+04	3.855447e-04
1.010548e+04	3.843371e-04
1.011165e+04	3.831312e-04
1.011782e+04	3.819271e-04
1.012399e+04	3.807246e-04
1.013016e+04	3.795237e-04
1.013633e+04	3.783246e-04
1.014250e+04	3.771273e-04
1.014867e+04	3.759316e-04
1.015484e+04	3.747377e-04
1.016101e+04	3.735455e-04
1.016718e+04	3.723550e-04
1.017335e+04	3.711663e-04
1.017952e+04	3.699794e-04
1.018568e+04	3.687942e-04
1.019185e+04	3.676108e-04
1.019802e+04	3.664292e-04
1.020419e+04	3.652494e-04
1.021036e+04	3.640713e-04
1.021653e+04	3.628951e-04
1.022270e+04	3.617207e-04
1.022887e+04	3.605481e-04
1.023504e+04	3.593773e-04
1.024121e+04	3.582083e-04
1.024738e+04	3.570412e-04
1.025355e+04	3.558760e-04
1.025972e+04	3.547126e-04
1.026589e+04	3.535510e-04
1.027206e+04	3.523913e-04
1.027823e+04	3.512335e-04
1.028440e+04	3.500776e-04
1.029056e+04	3.489235e-04
1.029673e+04	3.477713e-04
1.030290e+04	3.466211e-04
1.030907e+04	3.454727e-04
1.031524e+04	3.443263e-04
1.032141e+04	3.431817e-04
1.032758e+04	3.420391e-04
1.033375e+04	3.408984e-04
1.033992e+04	3.397597e-04
1.034609e+04	3.386229e-04
1.035226e+04	3.374880e-04
1.035843e+04	3.363551e-04
1.036460e+04	3.352241e-04
1.037077e+04	3.340952e-04
1.037694e+04	3.329681e-04
1.038311e+04	3.318431e-04
1.038928e+04	3.307201e-04
1.039544e+04	3.295990e-04
1.040161e+04	3.284799e-04
1.040778e+04	3.273628e-04
1.041395e+04	3.262478e-04
1.042012e+04	3.251347e-04
1.042629e+04	3.240236e-04
1.043246e+04	3.229146e-04
1.043863e+04	3.218076e-04
1.044480e+04	3.207026e-04
1.045097e+04	3.195997e-04
1.045714e+04	3.184988e-04
1.046331e+04	3.174000e-04
1.046948e+04	3.163032e-04
1.047565e+04	3.152084e-04
1.048182e+04	3.141157e-04
1.048799e+04	3.130251e-04
1.049416e+04	3.119366e-04
1.050032e+04	3.108501e-04
1.050649e+04	3.097657e-04
1.051266e+04	3.086834e-04
1.051883e+04	3.076032e-04
1.052500e+04	3.065251e-04
1.053117e+04	3.054491e-04
1.053734e+04	3.043751e-04
1.054351e+04	3.033033e-04
1.054968e+04	3.022336e-04
1.055585e+04	3.011660e-04
1.056202e+04	3.001006e-04
1.056819e+04	2.990372e-04
1.057436e+04	2.979760e-04
1.058053e+04	2.969169e-04
1.058670e+04	2.958600e-04
1.059287e+04	2.948052e-04
1.059904e+04	2.937525e-04
1.060520e+04	2.927020e-04
1.061137e+04	2.916537e-04
1.061754e+04	2.906075e-04
1.062371e+04	2.895634e-04
1.062988e+04	2.885215e-04
1.063605e+04	2.874818e-04
1.064222e+04	2.864443e-04
1.064839e+04	2.854089e-04
1.065456e+04	2.843757e-04
1.066073e+04	2.833447e-04
1.066690e+04	2.823159e-04
1.067307e+04	2.812893e-04
1.067924e+04	2.802648e-04
1.068541e+04	2.792426e-04
1.069158e+04	2.782225e-04
1.069775e+04	2.772047e-04
1.070391e+04	2.761890e-04
1.071008e+04	2.751756e-04
1.071625e+04	2.741644e-04
1.072242e+04	2.731553e-04
1.072859e+04	2.721486e-04
1.073476e+04	2.711440e-04
1.074093e+04	2.701416e-04
1.074710e+04	2.691415e-04
1.075327e+04	2.681436e-04
1.075944e+04	2.671479e-04
1.076561e+04	2.661545e-04
1.077178e+04	2.651633e-04
1.077795e+04	2.641743e-04
1.078412e+04	2.631876e-04
1.079029e+04	2.622031e-04
1.079646e+04	2.612209e-04
1.080263e+04	2.602409e-04
1.080879e+04	2.592631e-04
1.081496e+04	2.582876e-04
1.082113e+04	2.573144e-04
1.082730e+04	2.563434e-04
1.083347e+04	2.553747e-04
1.083964e+04	2.544083e-04
1.084581e+04	2.534441e-04
1.085198e+04	2.524821e-04
1.085815e+04	2.515225e-04
1.086432e+04	2.505651e-04
1.087049e+04	2.496100e-04
1.087666e+04	2.486571e-04
1.088283e+04	2.477066e-04
1.088900e+04	2.467583e-04
1.089517e+04	2.458122e-04
1.090134e+04	2.448685e-04
1.090751e+04	2.439270e-04
1.091367e+04	2.429879e-04
1.091984e+04	2.420510e-04
1.092601e+04	2.411164e-04
1.093218e+04	2.401841e-04
1.093835e+04	2.392540e-04
1.094452e+04	2.383263e-04
1.095069e+04	2.374009e-04
1.095686e+04	2.364777e-04
1.096303e+04	2.355568e-04
1.096920e+04	2.346383e-04
1.097537e+04	2.337220e-04
1.098154e+04	2.328080e-04
1.098771e+04	2.318964e-04
1.099388e+04	2.309870e-04
1.100005e+04	2.300799e-04
1.100622e+04	2.291751e-04
1.101239e+04	2.282727e-04
1.101855e+04	2.273725e-04
1.102472e+04	2.264746e-04
1.103089e+04	2.255791e-04
1.103706e+04	2.246858e-04
1.104323e+04	2.237949e-04
1.104940e+04	2.229062e-04
1.105557e+04	2.220199e-04
1.106174e+04	2.211359e-04
1.106791e+04	2.202542e-04
1.107408e+04	2.193748e-04
1.108025e+04	2.184977e-04
1.108642e+04	2.176229e-04
1.109259e+04	2.167504e-04
1.109876e+04	2.158802e-04
1.110493e+04	2.150124e-04
1.111110e+04	2.141468e-04
1.111726e+04	2.132836e-04
1.112343e+04	2.124227e-04
1.112960e+04	2.115640e-04
1.113577e+04	2.107077e-04
1.114194e+04	2.098537e-04
1.114811e+04	2.090021e-04
1.115428e+04	2.081527e-04
1.116045e+04	2.073056e-04
1.116662e+04	2.064609e-04
1.117279e+04	2.056185e-04
1.117896e+04	2.047783e-04
1.118513e+04	2.039405e-04
1.119130e+04	2.031050e-04
1.119747e+04	2.022718e-04
1.120364e+04	2.014409e-04
1.120981e+04	2.006124e-04
1.121598e+04	1.997861e-04
1.122214e+04	1.989621e-04
1.122831e+04	1.981405e-04
1.123448e+04	1.973211e-04
1.124065e+04	1.965041e-04
1.124682e+04	1.956894e-04
1.125299e+04	1.948770e-04
1.125916e+04	1.940668e-04
1.126533e+04	1.932590e-04
1.127150e+04	1.924535e-04
1.127767e+04	1.916503e-04
1.128384e+04	1.908494e-04
1.129001e+04	1.900508e-04
1.129618e+04	1.892545e-04
1.130235e+04	1.884605e-04
1.130852e+04	1.876688e-04
1.131469e+04	1.868794e-04
1.132086e+04	1.860923e-04
1.132702e+04	1.853075e-04
1.133319e+04	1.845250e-04
1.133936e+04	1.837447e-04
1.134553e+04	1.829668e-04
1.135170e+04	1.821912e-04
1.135787e+04	1.814178e-04
1.136404e+04	1.806468e-04
1.137021e+04	1.798780e-04
1.137638e+04	1.791115e-04
1.138255e+04	1.783473e-04
1.138872e+04	1.775854e-04
1.139489e+04	1.768257e-04
1.140106e+04	1.760684e-04
1.140723e+04	1.753133e-04
1.141340e+04	1.745605e-04
1.141957e+04	1.738100e-04
1.142574e+04	1.730617e-04
1.143190e+04	1.723158e-04
1.143807e+04	1.715721e-04
1.144424e+04	1.708306e-04
1.145041e+04	1.700915e-04
1.145658e+04	1.693546e-04
1.146275e+04	1.686199e-04
1.146892e+04	1.678876e-04
1.147509e+04	1.671575e-04
1.148126e+04	1.664296e-04
1.148743e+04	1.657040e-04
1.149360e+04	1.649807e-04
1.149977e+04	1.642596e-04
1.150594e+04	1.635408e-04
1.151211e+04	1.628242e-04
1.151828e+04	1.621099e-04
1.152445e+04	1.613978e-04
1.153061e+04	1.606879e-04
1.153678e+04	1.599803e-04
1.154295e+04	1.592750e-04
1.154912e+04	1.585718e-04
1.155529e+04	1.578710e-04
1.156146e+04	1.571723e-04
1.156763e+04	1.564759e-04
1.157380e+04	1.557817e-04
1.157997e+04	1.550897e-04
1.158614e+04	1.544000e-04
1.159231e+04	1.537124e-04
1.159848e+04	1.530271e-04
1.160465e+04	1.523441e-04
1.161082e+04	1.516632e-04
1.161699e+04	1.509845e-04
1.162316e+04	1.503081e-04
1.162933e+04	1.496338e-04
1.163549e+04	1.489618e-04
1.164166e+04	1.482920e-04
1.164783e+04	1.476243e-04
1.165400e+04	1.469589e-04
1.166017e+04	1.462957e-04
1.166634e+04	1.456346e-04
1.167251e+04	1.449758e-04
1.167868e+04	1.443191e-04
1.168485e+04	1.436646e-04
1.169102e+04	1.430123e-04
1.169719e+04	1.423622e-04
1.170336e+04	1.417142e-04
1.170953e+04	1.410684e-04
1.171570e+04	1.404248e-04
1.172187e+04	1.397834e-04
1.172804e+04	1.391441e-04
1.173421e+04	1.385070e-04
1.174037e+04	1.378720e-04
1.174654e+04	1.372392e-04
1.175271e+04	1.366086e-04
1.175888e+04	1.359801e-04
1.176505e+04	1.353537e-04
1.177122e+04	1.347295e-04
1.177739e+04	1.341074e-04
1.178356e+04	1.334875e-04
1.178973e+04	1.328697e-04
1.179590e+04	1.322541e-04
1.180207e+04	1.316405e-04
1.180824e+04	1.310291e-04
1.181441e+04	1.304198e-04
1.182058e+04	1.298127e-04
1.182675e+04	1.292076e-04
1.183292e+04	1.286047e-04
1.183909e+04	1.280038e-04
1.184525e+04	1.274051e-04
1.185142e+04	1.268085e-04
1.185759e+04	1.262140e-04
1.186376e+04	1.256215e-04
1.186993e+04	1.250312e-04
1.187610e+04	1.244430e-04
1.188227e+04	1.238568e-04
1.188844e+04	1.232727e-04
1.189461e+04	1.226907e-04
1.190078e+04	1.221108e-04
1.190695e+04	1.215330e-04
1.191312e+04	1.209572e-04
1.191929e+04	1.203835e-04
1.192546e+04	1.198118e-04
1.193163e+04	1.192423e-04
1.193780e+04	1.186747e-04
1.194396e+04	1.181092e-04
1.195013e+04	1.175458e-04
1.195630e+04	1.169844e-04
1.196247e+04	1.164251e-04
1.196864e+04	1.158677e-04
1.197481e+04	1.153125e-04
1.198098e+04	1.147592e-04
1.198715e+04	1.142080e-04
1.199332e+04	1.136588e-04
1.199949e+04	1.131116e-04
1.200566e+04	1.125664e-04
1.201183e+04	1.120233e-04
1.201800e+04	1.114821e-04
1.202417e+04	1.109430e-04
1.203034e+04	1.104058e-04
1.203651e+04	1.098707e-04
1.204268e+04	1.093375e-04
1.204884e+04	1.088063e-04
1.205501e+04	1.082772e-04
1.206118e+04	1.077500e-04
1.206735e+04	1.072247e-04
1.207352e+04	1.067015e-04
1.207969e+04	1.061802e-04
1.208586e+04	1.056609e-04
1.209203e+04	1.051435e-04
1.209820e+04	1.046281e-04
1.210437e+04	1.041147e-04
1.211054e+04	1.036032e-04
1.211671e+04	1.030936e-04
1.212288e+04	1.025860e-04
1.212905e+04	1.020804e-04
1.213522e+04	1.015766e-04
1.214139e+04	1.010748e-04
1.214756e+04	1.005749e-04
1.215372e+04	1.000770e-04
1.215989e+04	9.958092e-05
1.216606e+04	9.908679e-05
1.217223e+04	9.859458e-05
1.217840e+04	9.810426e-05
1.218457e+04	9.761585e-05
1.219074e+04	9.712933e-05
1.219691e+04	9.664471e-05
1.220308e+04	9.616198e-05
1.220925e+04	9.568113e-05
1.221542e+04	9.520216e-05
1.222159e+04	9.472507e-05
1.222776e+04	9.424985e-05
1.223393e+04	9.377650e-05
1.224010e+04	9.330502e-05
1.224627e+04	9.283539e-05
1.225244e+04	9.236762e-05
1.225860e+04	9.190170e-05
1.226477e+04	9.143763e-05
1.227094e+04	9.097540e-05
1.227711e+04	9.051501e-05
1.228328e+04	9.005645e-05
1.228945e+04	8.959972e-05
1.229562e+04	8.914482e-05
1.230179e+04	8.869174e-05
1.230796e+04	8.824048e-05
1.231413e+04	8.779103e-05
1.232030e+04	8.734339e-05
1.232647e+04	8.689756e-05
1.233264e+04	8.645352e-05
1.233881e+04	8.601128e-05
1.234498e+04	8.557083e-05
1.235115e+04	8.513217e-05
1.235731e+04	8.469530e-05
1.236348e+04	8.426020e-05
1.236965e+04	8.382687e-05
1.237582e+04	8.339531e-05
1.238199e+04	8.296552e-05
1.238816e+04	8.253749e-05
1.239433e+04	8.211122e-05
1.240050e+04	8.168670e-05
1.240667e+04	8.126393e-05
1.241284e+04	8.084290e-05
1.241901e+04	8.042360e-05
1.242518e+04	8.000605e-05
1.243135e+04	7.959022e-05
1.243752e+04	7.917612e-05
1.244369e+04	7.876374e-05
1.244986e+04	7.835308e-05
1.245603e+04	7.794413e-05
1.246219e+04	7.753688e-05
1.246836e+04	7.713135e-05
1.247453e+04	7.672751e-05
1.248070e+04	7.632536e-05
1.248687e+04	7.592490e-05
1.249304e+04	7.552613e-05
1.249921e+04	7.512904e-05
1.250538e+04	7.473363e-05
1.251155e+04	7.433989e-05
1.251772e+04	7.394782e-05
1.252389e+04	7.355741e-05
1.253006e+04	7.316866e-05
1.253623e+04	7.278156e-05
1.254240e+04	7.239612e-05
1.254857e+04	7.201231e-05
1.255474e+04	7.163015e-05
1.256091e+04	7.124963e-05
1.256707e+04	7.087073e-05
1.257324e+04	7.049347e-05
1.257941e+04	7.011782e-05
1.258558e+04	6.974380e-05
1.259175e+04	6.937138e-05
1.259792e+04	6.900058e-05
1.260409e+04	6.863138e-05
1.261026e+04	6.826378e-05
1.261643e+04	6.789778e-05
1.262260e+04	6.753337e-05
1.262877e+04	6.717054e-05
1.263494e+04	6.680929e-05
1.264111e+04	6.644963e-05
1.264728e+04	6.609153e-05
1.265345e+04	6.573501e-05
1.265962e+04	6.538004e-05
1.266579e+04	6.502664e-05
1.267195e+04	6.467479e-05
1.267812e+04	6.432449e-05
1.268429e+04	6.397573e-05
1.269046e+04	6.362852e-05
1.269663e+04	6.328284e-05
1.270280e+04	6.293870e-05
1.270897e+04	6.259608e-05
1.271514e+04	6.225498e-05
1.272131e+04	6.191541e-05
1.272748e+04	6.157734e-05
1.273365e+04	6.124079e-05
1.273982e+04	6.090574e-05
1.274599e+04	6.057218e-05
1.275216e+04	6.024013e-05
1.275833e+04	5.990956e-05
1.276450e+04	5.958049e-05
1.277066e+04	5.925289e-05
1.277683e+04	5.892677e-05
1.278300e+04	5.860212e-05
1.278917e+04	5.827894e-05
1.279534e+04	5.795723e-05
1.280151e+04	5.763697e-05
1.280768e+04	5.731817e-05
1.281385e+04	5.700081e-05
1.282002e+04	5.668490e-05
1.282619e+04	5.637044e-05
1.283236e+04	5.605741e-05
1.283853e+04	5.574581e-05
1.284470e+04	5.543563e-05
1.285087e+04	5.512688e-05
1.285704e+04	5.481955e-05
1.286321e+04	5.451363e-05
1.286938e+04	5.420912e-05
1.287554e+04	5.390602e-05
1.288171e+04	5.360431e-05
1.288788e+04	5.330401e-05
1.289405e+04	5.300509e-05
1.290022e+04	5.270755e-05
1.290639e+04	5.241140e-05
1.291256e+04	5.211663e-05
1.291873e+04	5.182323e-05
1.292490e+04	5.153120e-05
1.293107e+04	5.124053e-05
1.293724e+04	5.095122e-05
1.294341e+04	5.066326e-05
1.294958e+04	5.037666e-05
1.295575e+04	5.009140e-05
1.296192e+04	4.980748e-05
1.296809e+04	4.952490e-05
1.297426e+04	4.924365e-05
1.298042e+04	4.896373e-05
1.298659e+04	4.868514e-05
1.299276e+04	4.840786e-05
1.299893e+04	4.813189e-05
1.300510e+04	4.785724e-05
1.301127e+04	4.758389e-05
1.301744e+04	4.731184e-05
1.302361e+04	4.704109e-05
1.302978e+04	4.677163e-05
1.303595e+04	4.650346e-05
1.304212e+04	4.623658e-05
1.304829e+04	4.597097e-05
1.305446e+04	4.570663e-05
1.306063e+04	4.544357e-05
1.306680e+04	4.518177e-05
1.307297e+04	4.492123e-05
1.307914e+04	4.466195e-05
1.308530e+04	4.440392e-05
1.309147e+04	4.414714e-05
1.309764e+04	4.389160e-05
1.310381e+04	4.363730e-05
1.310998e+04	4.338424e-05
1.311615e+04	4.313240e-05
1.312232e+04	4.288179e-05
1.312849e+04	4.263241e-05
1.313466e+04	4.238424e-05
1.314083e+04	4.213728e-05
1.314700e+04	4.189153e-05
1.315317e+04	4.164699e-05
1.315934e+04	4.140365e-05
1.316551e+04	4.116150e-05
1.317168e+04	4.092054e-05
1.317785e+04	4.068077e-05
1.318402e+04	4.044218e-05
1.319018e+04	4.020477e-05
1.319635e+04	3.996853e-05
1.320252e+04	3.973347e-05
1.320869e+04	3.949957e-05
1.321486e+04	3.926682e-05
1.322103e+04	3.903524e-05
1.322720e+04	3.880481e-05
1.323337e+04	3.857552e-05
1.323954e+04	3.834738e-05
1.324571e+04	3.812038e-05
1.325188e+04	3.789452e-05
1.325805e+04	3.766978e-05
1.326422e+04	3.744618e-05
1.327039e+04	3.722369e-05
1.327656e+04	3.700233e-05
1.328273e+04	3.678207e-05
1.328889e+04	3.656293e-05
1.329506e+04	3.634489e-05
1.330123e+04	3.612796e-05
1.330740e+04	3.591212e-05
1.331357e+04	3.569737e-05
1.331974e+04	3.548372e-05
1.332591e+04	3.527115e-05
1.333208e+04	3.505966e-05
1.333825e+04	3.484924e-05
1.334442e+04	3.463990e-05
1.335059e+04	3.443163e-05
1.335676e+04	3.422442e-05
1.336293e+04	3.401826e-05
1.336910e+04	3.381317e-05
1.337527e+04	3.360913e-05
1.338144e+04	3.340613e-05
1.338761e+04	3.320418e-05
1.339377e+04	3.300327e-05
1.339994e+04	3.280339e-05
1.340611e+04	3.260454e-05
1.341228e+04	3.240672e-05
1.341845e+04	3.220993e-05
1.342462e+04	3.201415e-05
1.343079e+04	3.181939e-05
1.343696e+04	3.162564e-05
1.344313e+04	3.143289e-05
1.344930e+04	3.124115e-05
1.345547e+04	3.105041e-05
1.346164e+04	3.086066e-05
1.346781e+04	3.067190e-05
1.347398e+04	3.048413e-05
1.348015e+04	3.029734e-05
1.348632e+04	3.011153e-05
1.349249e+04	2.992670e-05
1.349865e+04	2.974284e-05
1.350482e+04	2.955994e-05
1.351099e+04	2.937801e-05
1.351716e+04	2.919703e-05
1.352333e+04	2.901702e-05
1.352950e+04	2.883795e-05
1.353567e+04	2.865983e-05
1.354184e+04	2.848265e-05
1.354801e+04	2.830641e-05
1.355418e+04	2.813111e-05
1.356035e+04	2.795674e-05
1.356652e+04	2.778330e-05
1.357269e+04	2.761079e-05
1.357886e+04	2.743919e-05
1.358503e+04	2.726851e-05
1.359120e+04	2.709874e-05
1.359737e+04	2.692988e-05
1.360353e+04	2.676193e-05
1.360970e+04	2.659487e-05
1.361587e+04	2.642872e-05
1.362204e+04	2.626346e-05
1.362821e+04	2.609908e-05
1.363438e+04	2.593560e-05
1.364055e+04	2.577299e-05
1.364672e+04	2.561127e-05
1.365289e+04	2.545042e-05
1.365906e+04	2.529044e-05
1.366523e+04	2.513133e-05
1.367140e+04	2.497308e-05
1.367757e+04	2.481569e-05
1.368374e+04	2.465916e-05
1.368991e+04	2.450348e-05
1.369608e+04	2.434865e-05
1.370224e+04	2.419466e-05
1.370841e+04	2.404152e-05
1.371458e+04	2.388921e-05
1.372075e+04	2.373774e-05
1.372692e+04	2.358710e-05
1.373309e+04	2.343728e-05
1.373926e+04	2.328829e-05
1.374543e+04	2.314012e-05
1.375160e+04	2.299277e-05
1.375777e+04	2.284623e-05
1.376394e+04	2.270049e-05
1.377011e+04	2.255557e-05
1.377628e+04	2.241144e-05
1.378245e+04	2.226811e-05
1.378862e+04	2.212558e-05
1.379479e+04	2.198384e-05
1.380096e+04	2.184289e-05
1.380712e+04	2.170272e-05
1.381329e+04	2.156333e-05
1.381946e+04	2.142472e-05
1.382563e+04	2.128689e-05
1.383180e+04	2.114982e-05
1.383797e+04	2.101352e-05
1.384414e+04	2.087798e-05
1.385031e+04	2.074321e-05
1.385648e+04	2.060919e-05
1.386265e+04	2.047593e-05
1.386882e+04	2.034341e-05
1.387499e+04	2.021164e-05
1.388116e+04	2.008061e-05
1.388733e+04	1.995033e-05
1.389350e+04	1.982078e-05
1.389967e+04	1.969196e-05
1.390584e+04	1.956387e-05
1.391200e+04	1.943651e-05
1.391817e+04	1.930987e-05
1.392434e+04	1.918395e-05
1.393051e+04	1.905875e-05
1.393668e+04	1.893426e-05
1.394285e+04	1.881048e-05
1.394902e+04	1.868741e-05
1.395519e+04	1.856504e-05
1.396136e+04	1.844336e-05
1.396753e+04	1.832239e-05
1.397370e+04	1.820211e-05
1.397987e+04	1.808252e-05
1.398604e+04	1.796361e-05
1.399221e+04	1.784539e-05
1.399838e+04	1.772785e-05
1.400455e+04	1.761099e-05
1.401072e+04	1.749480e-05
1.401688e+04	1.737929e-05
1.402305e+04	1.726444e-05
1.402922e+04	1.715025e-05
1.403539e+04	1.703673e-05
1.404156e+04	1.692386e-05
1.404773e+04	1.681165e-05
1.405390e+04	1.670010e-05
1.406007e+04	1.658919e-05
1.406624e+04	1.647892e-05
1.407241e+04	1.636930e-05
1.407858e+04	1.626032e-05
1.408475e+04	1.615198e-05
1.409092e+04	1.604427e-05
1.409709e+04	1.593719e-05
1.410326e+04	1.583074e-05
1.410943e+04	1.572491e-05
1.411559e+04	1.561971e-05
1.412176e+04	1.551512e-05
1.412793e+04	1.541115e-05
1.413410e+04	1.530779e-05
1.414027e+04	1.520504e-05
1.414644e+04	1.510290e-05
1.415261e+04	1.500136e-05
1.415878e+04	1.490042e-05
1.416495e+04	1.480008e-05
1.417112e+04	1.470033e-05
1.417729e+04	1.460118e-05
1.418346e+04	1.450261e-05
1.418963e+04	1.440463e-05
1.419580e+04	1.430724e-05
1.420197e+04	1.421042e-05
1.420814e+04	1.411418e-05
1.421431e+04	1.401852e-05
1.422047e+04	1.392343e-05
1.422664e+04	1.382891e-05
1.423281e+04	1.373495e-05
1.423898e+04	1.364156e-05
1.424515e+04	1.354872e-05
1.425132e+04	1.345645e-05
1.425749e+04	1.336473e-05
1.426366e+04	1.327356e-05
1.426983e+04	1.318294e-05
1.427600e+04	1.309287e-05
1.428217e+04	1.300334e-05
1.428834e+04	1.291436e-05
1.429451e+04	1.282591e-05
1.430068e+04	1.273799e-05
1.430685e+04	1.265061e-05
1.431302e+04	1.256376e-05
1.431919e+04	1.247744e-05
1.432535e+04	1.239165e-05
1.433152e+04	1.230637e-05
1.433769e+04	1.222162e-05
1.434386e+04	1.213738e-05
1.435003e+04	1.205365e-05
1.435620e+04	1.197044e-05
1.436237e+04	1.188774e-05
1.436854e+04	1.180554e-05
1.437471e+04	1.172385e-05
1.438088e+04	1.164266e-05
1.438705e+04	1.156196e-05
1.439322e+04	1.148177e-05
1.439939e+04	1.140206e-05
1.440556e+04	1.132285e-05
1.441173e+04	1.124413e-05
1.441790e+04	1.116589e-05
1.442407e+04	1.108814e-05
1.443023e+04	1.101086e-05
1.443640e+04	1.093407e-05
1.444257e+04	1.085775e-05
1.444874e+04	1.078190e-05
1.445491e+04	1.070653e-05
1.446108e+04	1.063162e-05
1.446725e+04	1.055718e-05
1.447342e+04	1.048320e-05
1.447959e+04	1.040969e-05
1.448576e+04	1.033663e-05
1.449193e+04	1.026403e-05
1.449810e+04	1.019188e-05
1.450427e+04	1.012018e-05
1.451044e+04	1.004894e-05
1.451661e+04	9.978138e-06
1.452278e+04	9.907782e-06
1.452894e+04	9.837869e-06
1.453511e+04	9.768395e-06
1.454128e+04	9.699358e-06
1.454745e+04	9.630756e-06
1.455362e+04	9.562586e-06
1.455979e+04	9.494847e-06
1.456596e+04	9.427536e-06
1.457213e+04	9.360651e-06
1.457830e+04	9.294189e-06
1.458447e+04	9.228148e-06
1.459064e+04	9.162526e-06
1.459681e+04	9.097321e-06
1.460298e+04	9.032530e-06
1.460915e+04	8.968151e-06
1.461532e+04	8.904182e-06
1.462149e+04	8.840620e-06
1.462766e+04	8.777464e-06
1.463382e+04	8.714711e-06
1.463999e+04	8.652360e-06
1.464616e+04	8.590407e-06
1.465233e+04	8.528851e-06
1.465850e+04	8.467689e-06
1.466467e+04	8.406920e-06
1.467084e+04	8.346540e-06
1.467701e+04	8.286549e-06
1.468318e+04	8.226944e-06
1.468935e+04	8.167723e-06
1.469552e+04	8.108883e-06
1.470169e+04	8.050423e-06
1.470786e+04	7.992341e-06
1.471403e+04	7.934633e-06
1.472020e+04	7.877300e-06
1.472637e+04	7.820337e-06
1.473254e+04	7.763744e-06
1.473870e+04	7.707517e-06
1.474487e+04	7.651656e-06
1.475104e+04	7.596158e-06
1.475721e+04	7.541021e-06
1.476338e+04	7.486243e-06
1.476955e+04	7.431822e-06
1.477572e+04	7.377756e-06
1.478189e+04	7.324043e-06
1.478806e+04	7.270682e-06
1.479423e+04	7.217669e-06
1.480040e+04	7.165003e-06
1.480657e+04	7.112683e-06
1.481274e+04	7.060705e-06
1.481891e+04	7.009069e-06
1.482508e+04	6.957773e-06
1.483125e+04	6.906813e-06
1.483742e+04	6.856190e-06
1.484358e+04	6.805900e-06
1.484975e+04	6.755941e-06
1.485592e+04	6.706313e-06
1.486209e+04	6.657012e-06
1.486826e+04	6.608037e-06
1.487443e+04	6.559387e-06
1.488060e+04	6.511059e-06
1.488677e+04	6.463051e-06
1.489294e+04	6.415363e-06
1.489911e+04	6.367991e-06
1.490528e+04	6.320934e-06
1.491145e+04	6.274190e-06
1.491762e+04	6.227758e-06
1.492379e+04	6.181635e-06
1.492996e+04	6.135820e-06
1.493613e+04	6.090311e-06
1.494229e+04	6.045107e-06
1.494846e+04	6.000205e-06
1.495463e+04	5.955604e-06
1.496080e+04	5.911301e-06
1.496697e+04	5.867296e-06
1.497314e+04	5.823587e-06
1.497931e+04	5.780171e-06
1.498548e+04	5.737048e-06
1.499165e+04	5.694215e-06
1.499782e+04	5.651670e-06
1.500399e+04	5.609413e-06
1.501016e+04	5.567441e-06
1.501633e+04	5.525752e-06
1.502250e+04	5.484346e-06
1.502867e+04	5.443220e-06
1.503484e+04	5.402373e-06
1.504101e+04	5.361802e-06
1.504717e+04	5.321507e-06
1.505334e+04	5.281486e-06
1.505951e+04	5.241737e-06
1.506568e+04	5.202258e-06
1.507185e+04	5.163049e-06
1.507802e+04	5.124106e-06
1.508419e+04	5.085430e-06
1.509036e+04	5.047018e-06
1.509653e+04	5.008868e-06
1.510270e+04	4.970979e-06
1.510887e+04	4.933350e-06
1.511504e+04	4.895978e-06
1.512121e+04	4.858863e-06
1.512738e+04	4.822003e-06
1.513355e+04	4.785396e-06
1.513972e+04	4.749041e-06
1.514589e+04	4.712936e-06
1.515205e+04	4.677080e-06
1.515822e+04	4.641472e-06
1.516439e+04	4.606109e-06
1.517056e+04	4.570990e-06
1.517673e+04	4.536114e-06
1.518290e+04	4.501479e-06
1.518907e+04	4.467084e-06
1.519524e+04	4.432928e-06
1.520141e+04	4.399009e-06
1.520758e+04	4.365325e-06
1.521375e+04	4.331875e-06
1.521992e+04	4.298658e-06
1.522609e+04	4.265672e-06
1.523226e+04	4.232916e-06
1.523843e+04	4.200389e-06
1.524460e+04	4.168088e-06
1.525077e+04	4.136013e-06
1.525693e+04	4.104162e-06
1.526310e+04	4.072535e-06
1.526927e+04	4.041128e-06
1.527544e+04	4.009942e-06
1.528161e+04	3.978975e-06
1.528778e+04	3.948225e-06
1.529395e+04	3.917691e-06
1.530012e+04	3.887372e-06
1.530629e+04	3.857266e-06
1.531246e+04	3.827372e-06
1.531863e+04	3.797690e-06
1.532480e+04	3.768216e-06
1.533097e+04	3.738951e-06
1.533714e+04	3.709893e-06
1.534331e+04	3.681040e-06
1.534948e+04	3.652392e-06
1.535565e+04	3.623946e-06
1.536181e+04	3.595703e-06
1.536798e+04	3.567659e-06
1.537415e+04	3.539816e-06
1.538032e+04	3.512170e-06
1.538649e+04	3.484720e-06
1.539266e+04	3.457467e-06
1.539883e+04	3.430407e-06
1.540500e+04	3.403541e-06
1.541117e+04	3.376866e-06
1.541734e+04	3.350383e-06
1.542351e+04	3.324088e-06
1.542968e+04	3.297982e-06
1.543585e+04	3.272063e-06
1.544202e+04	3.246329e-06
1.544819e+04	3.220781e-06
1.545436e+04	3.195415e-06
1.546052e+04	3.170232e-06
1.546669e+04	3.145231e-06
1.547286e+04	3.120409e-06
1.547903e+04	3.095766e-06
1.548520e+04	3.071301e-06
1.549137e+04	3.047012e-06
1.549754e+04	3.022899e-06
1.550371e+04	2.998960e-06
1.550988e+04	2.975195e-06
1.551605e+04	2.951601e-06
1.552222e+04	2.928179e-06
1.552839e+04	2.904926e-06
1.553456e+04	2.881842e-06
1.554073e+04	2.858926e-06
1.554690e+04	2.836177e-06
1.555307e+04	2.813593e-06
1.555924e+04	2.791173e-06
1.556540e+04	2.768917e-06
1.557157e+04	2.746823e-06
1.557774e+04	2.724891e-06
1.558391e+04	2.703119e-06
1.559008e+04	2.681506e-06
1.559625e+04	2.660051e-06
1.560242e+04	2.638754e-06
1.560859e+04	2.617612e-06
1.561476e+04	2.596626e-06
1.562093e+04	2.575793e-06
1.562710e+04	2.555114e-06
1.563327e+04	2.534587e-06
1.563944e+04	2.514211e-06
1.564561e+04	2.493985e-06
1.565178e+04	2.473908e-06
1.565795e+04	2.453979e-06
1.566412e+04	2.434197e-06
1.567028e+04	2.414562e-06
1.567645e+04	2.395072e-06
1.568262e+04	2.375726e-06
1.568879e+04	2.356523e-06
1.569496e+04	2.337463e-06
1.570113e+04	2.318544e-06
1.570730e+04	2.299765e-06
1.571347e+04	2.281126e-06
1.571964e+04	2.262626e-06
1.572581e+04	2.244263e-06
1.573198e+04	2.226038e-06
1.573815e+04	2.207948e-06
1.574432e+04	2.189993e-06
1.575049e+04	2.172172e-06
1.575666e+04	2.154484e-06
1.576283e+04	2.136928e-06
1.576900e+04	2.119504e-06
1.577516e+04	2.102211e-06
1.578133e+04	2.085047e-06
1.578750e+04	2.068012e-06
1.579367e+04	2.051104e-06
1.579984e+04	2.034324e-06
1.580601e+04	2.017670e-06
1.581218e+04	2.001141e-06
1.581835e+04	1.984737e-06
1.582452e+04	1.968456e-06
1.583069e+04	1.952298e-06
1.583686e+04	1.936263e-06
1.584303e+04	1.920348e-06
1.584920e+04	1.904553e-06
1.585537e+04	1.888879e-06
1.586154e+04	1.873322e-06
1.586771e+04	1.857884e-06
1.587387e+04	1.842563e-06
1.588004e+04	1.827358e-06
1.588621e+04	1.812269e-06
1.589238e+04	1.797294e-06
1.589855e+04	1.782433e-06
1.590472e+04	1.767686e-06
1.591089e+04	1.753051e-06
1.591706e+04	1.738527e-06
1.592323e+04	1.724114e-06
1.592940e+04	1.709812e-06
1.593557e+04	1.695618e-06
1.594174e+04	1.681533e-06
1.594791e+04	1.667556e-06
1.595408e+04	1.653687e-06
1.596025e+04	1.639923e-06
1.596642e+04	1.626265e-06
1.597259e+04	1.612712e-06
1.597875e+04	1.599263e-06
1.598492e+04	1.585918e-06
1.599109e+04	1.572675e-06
1.599726e+04	1.559534e-06
1.600343e+04	1.546495e-06
1.600960e+04	1.533556e-06
1.601577e+04	1.520717e-06
1.602194e+04	1.507977e-06
1.602811e+04	1.495336e-06
1.603428e+04	1.482792e-06
1.604045e+04	1.470346e-06
1.604662e+04	1.457996e-06
1.605279e+04	1.445742e-06
1.605896e+04	1.433583e-06
1.606513e+04	1.421518e-06
1.607130e+04	1.409547e-06
1.607747e+04	1.397670e-06
1.608363e+04	1.385884e-06
1.608980e+04	1.374191e-06
1.609597e+04	1.362589e-06
1.610214e+04	1.351077e-06
1.610831e+04	1.339655e-06
1.611448e+04	1.328323e-06
1.612065e+04	1.317079e-06
1.612682e+04	1.305923e-06
1.613299e+04	1.294854e-06
1.613916e+04	1.283872e-06
1.614533e+04	1.272976e-06
1.615150e+04	1.262166e-06
1.615767e+04	1.251441e-06
1.616384e+04	1.240800e-06
1.617001e+04	1.230243e-06
1.617618e+04	1.219769e-06
1.618235e+04	1.209377e-06
1.618851e+04	1.199067e-06
1.619468e+04	1.188839e-06
1.620085e+04	1.178691e-06
1.620702e+04	1.168624e-06
1.621319e+04	1.158636e-06
1.621936e+04	1.148728e-06
1.622553e+04	1.138897e-06
1.623170e+04	1.129145e-06
1.623787e+04	1.119470e-06
1.624404e+04	1.109872e-06
1.625021e+04	1.100350e-06
1.625638e+04	1.090904e-06
1.626255e+04	1.081532e-06
1.626872e+04	1.072236e-06
1.627489e+04	1.063013e-06
1.628106e+04	1.053865e-06
1.628722e+04	1.044789e-06
1.629339e+04	1.035785e-06
1.629956e+04	1.026854e-06
1.630573e+04	1.017993e-06
1.631190e+04	1.009204e-06
1.631807e+04	1.000485e-06
1.632424e+04	9.918364e-07
1.633041e+04	9.832568e-07
1.633658e+04	9.747460e-07
1.634275e+04	9.663036e-07
1.634892e+04	9.579291e-07
1.635509e+04	9.496219e-07
1.636126e+04	9.413815e-07
1.636743e+04	9.332076e-07
1.637360e+04	9.250995e-07
1.637977e+04	9.170568e-07
1.638594e+04	9.090790e-07
1.639210e+04	9.011657e-07
1.639827e+04	8.933163e-07
1.640444e+04	8.855305e-07
1.641061e+04	8.778077e-07
1.641678e+04	8.701474e-07
1.642295e+04	8.625493e-07
1.642912e+04	8.550127e-07
1.643529e+04	8.475374e-07
1.644146e+04	8.401228e-07
1.644763e+04	8.327685e-07
1.645380e+04	8.254740e-07
1.645997e+04	8.182390e-07
1.646614e+04	8.110628e-07
1.647231e+04	8.039452e-07
1.647848e+04	7.968857e-07
1.648465e+04	7.898838e-07
1.649082e+04	7.829391e-07
1.649698e+04	7.760513e-07
1.650315e+04	7.692197e-07
1.650932e+04	7.624442e-07
1.651549e+04	7.557241e-07
1.652166e+04	7.490592e-07
1.652783e+04	7.424489e-07
1.653400e+04	7.358929e-07
1.654017e+04	7.293909e-07
1.654634e+04	7.229422e-07
1.655251e+04	7.165467e-07
1.655868e+04	7.102038e-07
1.656485e+04	7.039132e-07
1.657102e+04	6.976745e-07
1.657719e+04	6.914873e-07
1.658336e+04	6.853512e-07
1.658953e+04	6.792657e-07
1.659570e+04	6.732307e-07
1.660186e+04	6.672455e-07
1.660803e+04	6.613100e-07
1.661420e+04	6.554236e-07
1.662037e+04	6.495860e-07
1.662654e+04	6.437970e-07
1.663271e+04	6.380559e-07
1.663888e+04	6.323626e-07
1.664505e+04	6.267167e-07
1.665122e+04	6.211177e-07
1.665739e+04	6.155654e-07
1.666356e+04	6.100594e-07
1.666973e+04	6.045993e-07
1.667590e+04	5.991847e-07
1.668207e+04	5.938154e-07
1.668824e+04	5.884909e-07
1.669441e+04	5.832110e-07
1.670057e+04	5.779753e-07
1.670674e+04	5.727834e-07
1.671291e+04	5.676351e-07
1.671908e+04	5.625299e-07
1.672525e+04	5.574676e-07
1.673142e+04	5.524478e-07
1.673759e+04	5.474702e-07
1.674376e+04	5.425344e-07
1.674993e+04	5.376402e-07
1.675610e+04	5.327872e-07
1.676227e+04	5.279751e-07
1.676844e+04	5.232036e-07
1.677461e+04	5.184724e-07
1.678078e+04	5.137811e-07
1.678695e+04	5.091294e-07
1.679312e+04	5.045172e-07
1.679929e+04	4.999439e-07
1.680545e+04	4.954094e-07
1.681162e+04	4.909133e-07
1.681779e+04	4.864553e-07
1.682396e+04	4.820351e-07
1.683013e+04	4.776525e-07
1.683630e+04	4.733072e-07
1.684247e+04	4.689987e-07
1.684864e+04	4.647270e-07
1.685481e+04	4.604916e-07
1.686098e+04	4.562923e-07
1.686715e+04	4.521288e-07
1.687332e+04	4.480009e-07
1.687949e+04	4.439082e-07
1.688566e+04	4.398504e-07
1.689183e+04	4.358274e-07
1.689800e+04	4.318387e-07
1.690417e+04	4.278843e-07
1.691033e+04	4.239637e-07
1.691650e+04	4.200767e-07
1.692267e+04	4.162230e-07
1.692884e+04	4.124025e-07
1.693501e+04	4.086148e-07
1.694118e+04	4.048596e-07
1.694735e+04	4.011367e-07
1.695352e+04	3.974459e-07
1.695969e+04	3.937869e-07
1.696586e+04	3.901594e-07
1.697203e+04	3.865632e-07
1.697820e+04	3.829980e-07
1.698437e+04	3.794636e-07
1.699054e+04	3.759598e-07
1.699671e+04	3.724863e-07
1.700288e+04	3.690428e-07
1.700905e+04	3.656292e-07
1.701521e+04	3.622452e-07
1.702138e+04	3.588905e-07
1.702755e+04	3.555649e-07
1.703372e+04	3.522681e-07
1.703989e+04	3.490001e-07
1.704606e+04	3.457604e-07
1.705223e+04	3.425490e-07
1.705840e+04	3.393655e-07
1.706457e+04	3.362097e-07
1.707074e+04	3.330814e-07
1.707691e+04	3.299805e-07
1.708308e+04	3.269066e-07
1.708925e+04	3.238596e-07
1.709542e+04	3.208392e-07
1.710159e+04	3.178452e-07
1.710776e+04	3.148774e-07
1.711392e+04	3.119356e-07
1.712009e+04	3.090196e-07
1.712626e+04	3.061292e-07
1.713243e+04	3.032641e-07
1.713860e+04	3.004243e-07
1.714477e+04	2.976093e-07
1.715094e+04	2.948191e-07
1.715711e+04	2.920535e-07
1.716328e+04	2.893122e-07
1.716945e+04	2.865951e-07
1.717562e+04	2.839019e-07
1.718179e+04	2.812325e-07
1.718796e+04	2.785867e-07
1.719413e+04	2.759642e-07
1.720030e+04	2.733649e-07
1.720647e+04	2.707886e-07
1.721264e+04	2.682352e-07
1.721880e+04	2.657043e-07
1.722497e+04	2.631959e-07
1.723114e+04	2.607097e-07
1.723731e+04	2.582455e-07
1.724348e+04	2.558033e-07
1.724965e+04	2.533827e-07
1.725582e+04	2.509837e-07
1.726199e+04	2.486061e-07
1.726816e+04	2.462496e-07
1.727433e+04	2.439141e-07
1.728050e+04	2.415994e-07
1.728667e+04	2.393053e-07
1.729284e+04	2.370318e-07
1.729901e+04	2.347785e-07
1.730518e+04	2.325454e-07
1.731135e+04	2.303323e-07
1.731752e+04	2.281389e-07
1.732368e+04	2.259653e-07
1.732985e+04	2.238111e-07
1.733602e+04	2.216762e-07
1.734219e+04	2.195604e-07
1.734836e+04	2.174637e-07
1.735453e+04	2.153858e-07
1.736070e+04	2.133266e-07
1.736687e+04	2.112859e-07
1.737304e+04	2.092636e-07
1.737921e+04	2.072595e-07
1.738538e+04	2.052734e-07
1.739155e+04	2.033053e-07
1.739772e+04	2.013549e-07
1.740389e+04	1.994222e-07
1.741006e+04	1.975069e-07
1.741623e+04	1.956089e-07
1.742240e+04	1.937281e-07
1.742856e+04	1.918644e-07
1.743473e+04	1.900175e-07
1.744090e+04	1.881873e-07
1.744707e+04	1.863738e-07
1.745324e+04	1.845767e-07
1.745941e+04	1.827960e-07
1.746558e+04	1.810314e-07
1.747175e+04	1.792829e-07
1.747792e+04	1.775503e-07
1.748409e+04	1.758334e-07
1.749026e+04	1.741322e-07
1.749643e+04	1.724466e-07
1.750260e+04	1.707763e-07
1.750877e+04	1.691212e-07
1.751494e+04	1.674813e-07
1.752111e+04	1.658563e-07
1.752728e+04	1.642462e-07
1.753344e+04	1.626509e-07
1.753961e+04	1.610702e-07
1.754578e+04	1.595039e-07
1.755195e+04	1.579520e-07
1.755812e+04	1.564144e-07
1.756429e+04	1.548908e-07
1.757046e+04	1.533813e-07
1.757663e+04	1.518856e-07
1.758280e+04	1.504037e-07
1.758897e+04	1.489354e-07
1.759514e+04	1.474807e-07
1.760131e+04	1.460394e-07
1.760748e+04	1.446113e-07
1.761365e+04	1.431964e-07
1.761982e+04	1.417946e-07
1.762599e+04	1.404058e-07
1.763215e+04	1.390297e-07
1.763832e+04	1.376665e-07
1.764449e+04	1.363158e-07
1.765066e+04	1.349776e-07
1.765683e+04	1.336519e-07
1.766300e+04	1.323384e-07
1.766917e+04	1.310371e-07
1.767534e+04	1.297479e-07
1.768151e+04	1.284707e-07
1.768768e+04	1.272053e-07
1.769385e+04	1.259517e-07
1.770002e+04	1.247098e-07
1.770619e+04	1.234795e-07
1.771236e+04	1.222606e-07
1.771853e+04	1.210531e-07
1.772470e+04	1.198568e-07
1.773087e+04	1.186718e-07
1.773703e+04	1.174977e-07
1.774320e+04	1.163347e-07
1.774937e+04	1.151826e-07
1.775554e+04	1.140412e-07
1.776171e+04	1.129105e-07
1.776788e+04	1.117904e-07
1.777405e+04	1.106808e-07
1.778022e+04	1.095816e-07
1.778639e+04	1.084928e-07
1.779256e+04	1.074142e-07
1.779873e+04	1.063457e-07
1.780490e+04	1.052872e-07
1.781107e+04	1.042388e-07
1.781724e+04	1.032001e-07
1.782341e+04	1.021713e-07
1.782958e+04	1.011522e-07
1.783575e+04	1.001427e-07
1.784191e+04	9.914272e-08
1.784808e+04	9.815219e-08
1.785425e+04	9.717103e-08
1.786042e+04	9.619914e-08
1.786659e+04	9.523644e-08
1.787276e+04	9.428287e-08
1.787893e+04	9.333832e-08
1.788510e+04	9.240273e-08
1.789127e+04	9.147602e-08
1.789744e+04	9.055810e-08
1.790361e+04	8.964890e-08
1.790978e+04	8.874834e-08
1.791595e+04	8.785634e-08
1.792212e+04	8.697283e-08
1.792829e+04	8.609773e-08
1.793446e+04	8.523097e-08
1.794063e+04	8.437247e-08
1.794679e+04	8.352215e-08
1.795296e+04	8.267995e-08
1.795913e+04	8.184580e-08
1.796530e+04	8.101961e-08
1.797147e+04	8.020132e-08
1.797764e+04	7.939086e-08
1.798381e+04	7.858816e-08
1.798998e+04	7.779315e-08
1.799615e+04	7.700575e-08
1.800232e+04	7.622590e-08
1.800849e+04	7.545354e-08
1.801466e+04	7.468859e-08
1.802083e+04	7.393099e-08
1.802700e+04	7.318068e-08
1.803317e+04	7.243758e-08
1.803934e+04	7.170163e-08
1.804550e+04	7.097276e-08
1.805167e+04	7.025092e-08
1.805784e+04	6.953604e-08
1.806401e+04	6.882806e-08
1.807018e+04	6.812690e-08
1.807635e+04	6.743252e-08
1.808252e+04	6.674485e-08
1.808869e+04	6.606383e-08
1.809486e+04	6.538940e-08
1.810103e+04	6.472150e-08
1.810720e+04	6.406007e-08
1.811337e+04	6.340504e-08
1.811954e+04	6.275637e-08
1.812571e+04	6.211400e-08
1.813188e+04	6.147786e-08
1.813805e+04	6.084790e-08
1.814422e+04	6.022407e-08
1.815038e+04	5.960630e-08
1.815655e+04	5.899455e-08
1.816272e+04	5.838875e-08
1.816889e+04	5.778886e-08
1.817506e+04	5.719482e-08
1.818123e+04	5.660657e-08
1.818740e+04	5.602406e-08
1.819357e+04	5.544724e-08
1.819974e+04	5.487606e-08
1.820591e+04	5.431046e-08
1.821208e+04	5.375040e-08
1.821825e+04	5.319582e-08
1.822442e+04	5.264667e-08
1.823059e+04	5.210291e-08
1.823676e+04	5.156448e-08
1.824293e+04	5.103133e-08
1.824910e+04	5.050341e-08
1.825526e+04	4.998068e-08
1.826143e+04	4.946309e-08
1.826760e+04	4.895059e-08
1.827377e+04	4.844314e-08
1.827994e+04	4.794068e-08
1.828611e+04	4.744317e-08
1.829228e+04	4.695057e-08
1.829845e+04	4.646283e-08
1.830462e+04	4.597990e-08
1.831079e+04	4.550173e-08
1.831696e+04	4.502830e-08
1.832313e+04	4.455954e-08
1.832930e+04	4.409542e-08
1.833547e+04	4.363590e-08
1.834164e+04	4.318093e-08
1.834781e+04	4.273046e-08
1.835398e+04	4.228447e-08
1.836014e+04	4.184289e-08
1.836631e+04	4.140570e-08
1.837248e+04	4.097286e-08
1.837865e+04	4.054431e-08
1.838482e+04	4.012003e-08
1.839099e+04	3.969997e-08
1.839716e+04	3.928409e-08
1.840333e+04	3.887235e-08
1.840950e+04	3.846472e-08
1.841567e+04	3.806115e-08
1.842184e+04	3.766161e-08
1.842801e+04	3.726606e-08
1.843418e+04	3.687446e-08
1.844035e+04	3.648677e-08
1.844652e+04	3.610296e-08
1.845269e+04	3.572300e-08
1.845885e+04	3.534683e-08
1.846502e+04	3.497444e-08
1.847119e+04	3.460578e-08
1.847736e+04	3.424081e-08
1.848353e+04	3.387951e-08
1.848970e+04	3.352184e-08
1.849587e+04	3.316776e-08
1.850204e+04	3.281724e-08
1.850821e+04	3.247024e-08
1.851438e+04	3.212674e-08
1.852055e+04	3.178670e-08
1.852672e+04	3.145008e-08
1.853289e+04	3.111686e-08
1.853906e+04	3.078699e-08
1.854523e+04	3.046046e-08
1.855140e+04	3.013722e-08
1.855757e+04	2.981725e-08
1.856373e+04	2.950052e-08
1.856990e+04	2.918699e-08
1.857607e+04	2.887663e-08
1.858224e+04	2.856942e-08
1.858841e+04	2.826531e-08
1.859458e+04	2.796430e-08
1.860075e+04	2.766633e-08
1.860692e+04	2.737139e-08
1.861309e+04	2.707944e-08
1.861926e+04	2.679047e-08
1.862543e+04	2.650443e-08
1.863160e+04	2.622129e-08
1.863777e+04	2.594104e-08
1.864394e+04	2.566365e-08
1.865011e+04	2.538908e-08
1.865628e+04	2.511731e-08
1.866245e+04	2.484832e-08
1.866861e+04	2.458206e-08
1.867478e+04	2.431853e-08
1.868095e+04	2.405769e-08
1.868712e+04	2.379952e-08
1.869329e+04	2.354399e-08
1.869946e+04	2.329107e-08
1.870563e+04	2.304075e-08
1.871180e+04	2.279299e-08
1.871797e+04	2.254777e-08
1.872414e+04	2.230506e-08
1.873031e+04	2.206485e-08
1.873648e+04	2.182710e-08
1.874265e+04	2.159179e-08
1.874882e+04	2.135891e-08
1.875499e+04	2.112842e-08
1.876116e+04	2.090030e-08
1.876733e+04	2.067454e-08
1.877349e+04	2.045109e-08
1.877966e+04	2.022996e-08
1.878583e+04	2.001110e-08
1.879200e+04	1.979450e-08
1.879817e+04	1.958014e-08
1.880434e+04	1.936799e-08
1.881051e+04	1.915804e-08
1.881668e+04	1.895026e-08
1.882285e+04	1.874463e-08
1.882902e+04	1.854112e-08
1.883519e+04	1.833973e-08
1.884136e+04	1.814042e-08
1.884753e+04	1.794319e-08
1.885370e+04	1.774799e-08
1.885987e+04	1.755483e-08
1.886604e+04	1.736367e-08
1.887220e+04	1.717450e-08
1.887837e+04	1.698730e-08
1.888454e+04	1.680204e-08
1.889071e+04	1.661871e-08
1.889688e+04	1.643730e-08
1.890305e+04	1.625777e-08
1.890922e+04	1.608012e-08
1.891539e+04	1.590432e-08
1.892156e+04	1.573035e-08
1.892773e+04	1.555821e-08
1.893390e+04	1.538786e-08
1.894007e+04	1.521929e-08
1.894624e+04	1.505249e-08
1.895241e+04	1.488743e-08
1.895858e+04	1.472411e-08
1.896475e+04	1.456249e-08
1.897092e+04	1.440257e-08
1.897708e+04	1.424433e-08
1.898325e+04	1.408775e-08
1.898942e+04	1.393281e-08
1.899559e+04	1.377950e-08
1.900176e+04	1.362780e-08
1.900793e+04	1.347770e-08
1.901410e+04	1.332918e-08
1.902027e+04	1.318222e-08
1.902644e+04	1.303681e-08
1.903261e+04	1.289294e-08
1.903878e+04	1.275058e-08
1.904495e+04	1.260972e-08
1.905112e+04	1.247035e-08
1.905729e+04	1.233246e-08
1.906346e+04	1.219602e-08
1.906963e+04	1.206103e-08
1.907580e+04	1.192746e-08
1.908196e+04	1.179531e-08
1.908813e+04	1.166456e-08
1.909430e+04	1.153519e-08
1.910047e+04	1.140720e-08
1.910664e+04	1.128056e-08
1.911281e+04	1.115527e-08
1.911898e+04	1.103131e-08
1.912515e+04	1.090867e-08
1.913132e+04	1.078733e-08
1.913749e+04	1.066728e-08
1.914366e+04	1.054851e-08
1.914983e+04	1.043100e-08
1.915600e+04	1.031475e-08
1.916217e+04	1.019974e-08
1.916834e+04	1.008595e-08
1.917451e+04	9.973380e-09
1.918068e+04	9.862011e-09
1.918684e+04	9.751831e-09
1.919301e+04	9.642830e-09
1.919918e+04	9.534994e-09
1.920535e+04	9.428312e-09
1.921152e+04	9.322773e-09
1.921769e+04	9.218364e-09
1.922386e+04	9.115074e-09
1.923003e+04	9.012893e-09
1.923620e+04	8.911807e-09
1.924237e+04	8.811807e-09
1.924854e+04	8.712881e-09
1.925471e+04	8.615019e-09
1.926088e+04	8.518208e-09
1.926705e+04	8.422439e-09
