# # p(y | x = 5.200000e-03)
# # y_val	p(y|x)
0.000000e+00	7.719754e-05
6.169403e+00	7.757787e-05
1.233881e+01	7.795968e-05
1.850821e+01	7.834298e-05
2.467761e+01	7.872778e-05
3.084702e+01	7.911408e-05
3.701642e+01	7.950189e-05
4.318582e+01	7.989120e-05
4.935523e+01	8.028203e-05
5.552463e+01	8.067436e-05
6.169403e+01	8.106822e-05
6.786344e+01	8.146360e-05
7.403284e+01	8.186050e-05
8.020224e+01	8.225893e-05
8.637165e+01	8.265889e-05
9.254105e+01	8.306039e-05
9.871045e+01	8.346343e-05
1.048799e+02	8.386800e-05
1.110493e+02	8.427413e-05
1.172187e+02	8.468180e-05
1.233881e+02	8.509103e-05
1.295575e+02	8.550182e-05
1.357269e+02	8.591416e-05
1.418963e+02	8.632806e-05
1.480657e+02	8.674354e-05
1.542351e+02	8.716058e-05
1.604045e+02	8.757920e-05
1.665739e+02	8.799939e-05
1.727433e+02	8.842117e-05
1.789127e+02	8.884452e-05
1.850821e+02	8.926947e-05
1.912515e+02	8.969600e-05
1.974209e+02	9.012413e-05
2.035903e+02	9.055386e-05
2.097597e+02	9.098519e-05
2.159291e+02	9.141812e-05
2.220985e+02	9.185266e-05
2.282679e+02	9.228881e-05
2.344373e+02	9.272657e-05
2.406067e+02	9.316595e-05
2.467761e+02	9.360695e-05
2.529455e+02	9.404958e-05
2.591149e+02	9.449383e-05
2.652843e+02	9.493972e-05
2.714537e+02	9.538724e-05
2.776232e+02	9.583639e-05
2.837926e+02	9.628719e-05
2.899620e+02	9.673963e-05
2.961314e+02	9.719371e-05
3.023008e+02	9.764945e-05
3.084702e+02	9.810684e-05
3.146396e+02	9.856589e-05
3.208090e+02	9.902659e-05
3.269784e+02	9.948897e-05
3.331478e+02	9.995300e-05
3.393172e+02	1.004187e-04
3.454866e+02	1.008861e-04
3.516560e+02	1.013551e-04
3.578254e+02	1.018259e-04
3.639948e+02	1.022983e-04
3.701642e+02	1.027724e-04
3.763336e+02	1.032482e-04
3.825030e+02	1.037257e-04
3.886724e+02	1.042048e-04
3.948418e+02	1.046857e-04
4.010112e+02	1.051683e-04
4.071806e+02	1.056526e-04
4.133500e+02	1.061386e-04
4.195194e+02	1.066263e-04
4.256888e+02	1.071157e-04
4.318582e+02	1.076068e-04
4.380276e+02	1.080996e-04
4.441970e+02	1.085942e-04
4.503664e+02	1.090905e-04
4.565359e+02	1.095885e-04
4.627053e+02	1.100883e-04
4.688747e+02	1.105897e-04
4.750441e+02	1.110930e-04
4.812135e+02	1.115979e-04
4.873829e+02	1.121046e-04
4.935523e+02	1.126131e-04
4.997217e+02	1.131233e-04
5.058911e+02	1.136352e-04
5.120605e+02	1.141489e-04
5.182299e+02	1.146644e-04
5.243993e+02	1.151816e-04
5.305687e+02	1.157006e-04
5.367381e+02	1.162214e-04
5.429075e+02	1.167439e-04
5.490769e+02	1.172682e-04
5.552463e+02	1.177942e-04
5.614157e+02	1.183221e-04
5.675851e+02	1.188517e-04
5.737545e+02	1.193831e-04
5.799239e+02	1.199163e-04
5.860933e+02	1.204513e-04
5.922627e+02	1.209880e-04
5.984321e+02	1.215266e-04
6.046015e+02	1.220670e-04
6.107709e+02	1.226091e-04
6.169403e+02	1.231531e-04
6.231097e+02	1.236988e-04
6.292791e+02	1.242464e-04
6.354485e+02	1.247958e-04
6.416180e+02	1.253470e-04
6.477874e+02	1.259000e-04
6.539568e+02	1.264548e-04
6.601262e+02	1.270114e-04
6.662956e+02	1.275699e-04
6.724650e+02	1.281302e-04
6.786344e+02	1.286923e-04
6.848038e+02	1.292562e-04
6.909732e+02	1.298220e-04
6.971426e+02	1.303896e-04
7.033120e+02	1.309590e-04
7.094814e+02	1.315303e-04
7.156508e+02	1.321034e-04
7.218202e+02	1.326784e-04
7.279896e+02	1.332552e-04
7.341590e+02	1.338338e-04
7.403284e+02	1.344144e-04
7.464978e+02	1.349967e-04
7.526672e+02	1.355809e-04
7.588366e+02	1.361670e-04
7.650060e+02	1.367549e-04
7.711754e+02	1.373447e-04
7.773448e+02	1.379364e-04
7.835142e+02	1.385299e-04
7.896836e+02	1.391253e-04
7.958530e+02	1.397226e-04
8.020224e+02	1.403217e-04
8.081918e+02	1.409227e-04
8.143612e+02	1.415256e-04
8.205306e+02	1.421304e-04
8.267001e+02	1.427370e-04
8.328695e+02	1.433456e-04
8.390389e+02	1.439560e-04
8.452083e+02	1.445683e-04
8.513777e+02	1.451825e-04
8.575471e+02	1.457986e-04
8.637165e+02	1.464165e-04
8.698859e+02	1.470364e-04
8.760553e+02	1.476582e-04
8.822247e+02	1.482818e-04
8.883941e+02	1.489074e-04
8.945635e+02	1.495349e-04
9.007329e+02	1.501642e-04
9.069023e+02	1.507955e-04
9.130717e+02	1.514287e-04
9.192411e+02	1.520638e-04
9.254105e+02	1.527008e-04
9.315799e+02	1.533397e-04
9.377493e+02	1.539806e-04
9.439187e+02	1.546233e-04
9.500881e+02	1.552680e-04
9.562575e+02	1.559146e-04
9.624269e+02	1.565631e-04
9.685963e+02	1.572135e-04
9.747657e+02	1.578659e-04
9.809351e+02	1.585202e-04
9.871045e+02	1.591764e-04
9.932739e+02	1.598345e-04
9.994433e+02	1.604946e-04
1.005613e+03	1.611566e-04
1.011782e+03	1.618205e-04
1.017952e+03	1.624864e-04
1.024121e+03	1.631542e-04
1.030290e+03	1.638239e-04
1.036460e+03	1.644956e-04
1.042629e+03	1.651692e-04
1.048799e+03	1.658448e-04
1.054968e+03	1.665223e-04
1.061137e+03	1.672017e-04
1.067307e+03	1.678831e-04
1.073476e+03	1.685665e-04
1.079646e+03	1.692518e-04
1.085815e+03	1.699390e-04
1.091984e+03	1.706282e-04
1.098154e+03	1.713193e-04
1.104323e+03	1.720124e-04
1.110493e+03	1.727074e-04
1.116662e+03	1.734044e-04
1.122831e+03	1.741034e-04
1.129001e+03	1.748043e-04
1.135170e+03	1.755072e-04
1.141340e+03	1.762120e-04
1.147509e+03	1.769188e-04
1.153678e+03	1.776275e-04
1.159848e+03	1.783382e-04
1.166017e+03	1.790509e-04
1.172187e+03	1.797655e-04
1.178356e+03	1.804821e-04
1.184525e+03	1.812006e-04
1.190695e+03	1.819211e-04
1.196864e+03	1.826436e-04
1.203034e+03	1.833681e-04
1.209203e+03	1.840945e-04
1.215372e+03	1.848229e-04
1.221542e+03	1.855532e-04
1.227711e+03	1.862855e-04
1.233881e+03	1.870198e-04
1.240050e+03	1.877560e-04
1.246219e+03	1.884943e-04
1.252389e+03	1.892345e-04
1.258558e+03	1.899766e-04
1.264728e+03	1.907208e-04
1.270897e+03	1.914669e-04
1.277066e+03	1.922149e-04
1.283236e+03	1.929650e-04
1.289405e+03	1.937170e-04
1.295575e+03	1.944710e-04
1.301744e+03	1.952270e-04
1.307914e+03	1.959849e-04
1.314083e+03	1.967448e-04
1.320252e+03	1.975067e-04
1.326422e+03	1.982706e-04
1.332591e+03	1.990364e-04
1.338761e+03	1.998042e-04
1.344930e+03	2.005740e-04
1.351099e+03	2.013457e-04
1.357269e+03	2.021195e-04
1.363438e+03	2.028952e-04
1.369608e+03	2.036728e-04
1.375777e+03	2.044525e-04
1.381946e+03	2.052341e-04
1.388116e+03	2.060177e-04
1.394285e+03	2.068032e-04
1.400455e+03	2.075908e-04
1.406624e+03	2.083803e-04
1.412793e+03	2.091718e-04
1.418963e+03	2.099652e-04
1.425132e+03	2.107607e-04
1.431302e+03	2.115581e-04
1.437471e+03	2.123574e-04
1.443640e+03	2.131588e-04
1.449810e+03	2.139621e-04
1.455979e+03	2.147673e-04
1.462149e+03	2.155746e-04
1.468318e+03	2.163838e-04
1.474487e+03	2.171950e-04
1.480657e+03	2.180081e-04
1.486826e+03	2.188232e-04
1.492996e+03	2.196403e-04
1.499165e+03	2.204594e-04
1.505334e+03	2.212804e-04
1.511504e+03	2.221033e-04
1.517673e+03	2.229283e-04
1.523843e+03	2.237551e-04
1.530012e+03	2.245840e-04
1.536181e+03	2.254148e-04
1.542351e+03	2.262476e-04
1.548520e+03	2.270823e-04
1.554690e+03	2.279190e-04
1.560859e+03	2.287576e-04
1.567028e+03	2.295982e-04
1.573198e+03	2.304408e-04
1.579367e+03	2.312853e-04
1.585537e+03	2.321317e-04
1.591706e+03	2.329801e-04
1.597875e+03	2.338305e-04
1.604045e+03	2.346828e-04
1.610214e+03	2.355370e-04
1.616384e+03	2.363932e-04
1.622553e+03	2.372514e-04
1.628722e+03	2.381114e-04
1.634892e+03	2.389734e-04
1.641061e+03	2.398374e-04
1.647231e+03	2.407033e-04
1.653400e+03	2.415711e-04
1.659570e+03	2.424409e-04
1.665739e+03	2.433126e-04
1.671908e+03	2.441862e-04
1.678078e+03	2.450617e-04
1.684247e+03	2.459392e-04
1.690417e+03	2.468186e-04
1.696586e+03	2.477000e-04
1.702755e+03	2.485832e-04
1.708925e+03	2.494684e-04
1.715094e+03	2.503555e-04
1.721264e+03	2.512445e-04
1.727433e+03	2.521354e-04
1.733602e+03	2.530283e-04
1.739772e+03	2.539230e-04
1.745941e+03	2.548197e-04
1.752111e+03	2.557182e-04
1.758280e+03	2.566187e-04
1.764449e+03	2.575210e-04
1.770619e+03	2.584253e-04
1.776788e+03	2.593315e-04
1.782958e+03	2.602395e-04
1.789127e+03	2.611495e-04
1.795296e+03	2.620613e-04
1.801466e+03	2.629751e-04
1.807635e+03	2.638907e-04
1.813805e+03	2.648082e-04
1.819974e+03	2.657275e-04
1.826143e+03	2.666488e-04
1.832313e+03	2.675719e-04
1.838482e+03	2.684969e-04
1.844652e+03	2.694238e-04
1.850821e+03	2.703526e-04
1.856990e+03	2.712832e-04
1.863160e+03	2.722156e-04
1.869329e+03	2.731500e-04
1.875499e+03	2.740861e-04
1.881668e+03	2.750242e-04
1.887837e+03	2.759641e-04
1.894007e+03	2.769058e-04
1.900176e+03	2.778494e-04
1.906346e+03	2.787948e-04
1.912515e+03	2.797421e-04
1.918684e+03	2.806912e-04
1.924854e+03	2.816421e-04
1.931023e+03	2.825949e-04
1.937193e+03	2.835495e-04
1.943362e+03	2.845059e-04
1.949531e+03	2.854641e-04
1.955701e+03	2.864241e-04
1.961870e+03	2.873860e-04
1.968040e+03	2.883496e-04
1.974209e+03	2.893151e-04
1.980378e+03	2.902824e-04
1.986548e+03	2.912515e-04
1.992717e+03	2.922223e-04
1.998887e+03	2.931950e-04
2.005056e+03	2.941694e-04
2.011226e+03	2.951457e-04
2.017395e+03	2.961237e-04
2.023564e+03	2.971035e-04
2.029734e+03	2.980850e-04
2.035903e+03	2.990684e-04
2.042073e+03	3.000535e-04
2.048242e+03	3.010403e-04
2.054411e+03	3.020289e-04
2.060581e+03	3.030193e-04
2.066750e+03	3.040114e-04
2.072920e+03	3.050053e-04
2.079089e+03	3.060009e-04
2.085258e+03	3.069982e-04
2.091428e+03	3.079973e-04
2.097597e+03	3.089981e-04
2.103767e+03	3.100006e-04
2.109936e+03	3.110049e-04
2.116105e+03	3.120108e-04
2.122275e+03	3.130185e-04
2.128444e+03	3.140279e-04
2.134614e+03	3.150390e-04
2.140783e+03	3.160518e-04
2.146952e+03	3.170662e-04
2.153122e+03	3.180824e-04
2.159291e+03	3.191003e-04
2.165461e+03	3.201198e-04
2.171630e+03	3.211410e-04
2.177799e+03	3.221639e-04
2.183969e+03	3.231884e-04
2.190138e+03	3.242146e-04
2.196308e+03	3.252425e-04
2.202477e+03	3.262720e-04
2.208646e+03	3.273031e-04
2.214816e+03	3.283359e-04
2.220985e+03	3.293703e-04
2.227155e+03	3.304064e-04
2.233324e+03	3.314441e-04
2.239493e+03	3.324834e-04
2.245663e+03	3.335243e-04
2.251832e+03	3.345669e-04
2.258002e+03	3.356110e-04
2.264171e+03	3.366567e-04
2.270340e+03	3.377041e-04
2.276510e+03	3.387530e-04
2.282679e+03	3.398035e-04
2.288849e+03	3.408556e-04
2.295018e+03	3.419092e-04
2.301187e+03	3.429645e-04
2.307357e+03	3.440213e-04
2.313526e+03	3.450796e-04
2.319696e+03	3.461395e-04
2.325865e+03	3.472009e-04
2.332034e+03	3.482639e-04
2.338204e+03	3.493284e-04
2.344373e+03	3.503944e-04
2.350543e+03	3.514620e-04
2.356712e+03	3.525311e-04
2.362881e+03	3.536017e-04
2.369051e+03	3.546737e-04
2.375220e+03	3.557473e-04
2.381390e+03	3.568224e-04
2.387559e+03	3.578990e-04
2.393729e+03	3.589770e-04
2.399898e+03	3.600565e-04
2.406067e+03	3.611375e-04
2.412237e+03	3.622199e-04
2.418406e+03	3.633038e-04
2.424576e+03	3.643892e-04
2.430745e+03	3.654760e-04
2.436914e+03	3.665642e-04
2.443084e+03	3.676538e-04
2.449253e+03	3.687449e-04
2.455423e+03	3.698374e-04
2.461592e+03	3.709313e-04
2.467761e+03	3.720266e-04
2.473931e+03	3.731233e-04
2.480100e+03	3.742213e-04
2.486270e+03	3.753208e-04
2.492439e+03	3.764216e-04
2.498608e+03	3.775239e-04
2.504778e+03	3.786274e-04
2.510947e+03	3.797323e-04
2.517117e+03	3.808386e-04
2.523286e+03	3.819462e-04
2.529455e+03	3.830552e-04
2.535625e+03	3.841655e-04
2.541794e+03	3.852770e-04
2.547964e+03	3.863900e-04
2.554133e+03	3.875042e-04
2.560302e+03	3.886197e-04
2.566472e+03	3.897365e-04
2.572641e+03	3.908546e-04
2.578811e+03	3.919739e-04
2.584980e+03	3.930945e-04
2.591149e+03	3.942164e-04
2.597319e+03	3.953396e-04
2.603488e+03	3.964640e-04
2.609658e+03	3.975896e-04
2.615827e+03	3.987165e-04
2.621996e+03	3.998445e-04
2.628166e+03	4.009738e-04
2.634335e+03	4.021043e-04
2.640505e+03	4.032361e-04
2.646674e+03	4.043690e-04
2.652843e+03	4.055030e-04
2.659013e+03	4.066383e-04
2.665182e+03	4.077747e-04
2.671352e+03	4.089123e-04
2.677521e+03	4.100511e-04
2.683690e+03	4.111910e-04
2.689860e+03	4.123320e-04
2.696029e+03	4.134741e-04
2.702199e+03	4.146174e-04
2.708368e+03	4.157618e-04
2.714537e+03	4.169073e-04
2.720707e+03	4.180539e-04
2.726876e+03	4.192016e-04
2.733046e+03	4.203503e-04
2.739215e+03	4.215002e-04
2.745385e+03	4.226511e-04
2.751554e+03	4.238030e-04
2.757723e+03	4.249560e-04
2.763893e+03	4.261100e-04
2.770062e+03	4.272651e-04
2.776232e+03	4.284212e-04
2.782401e+03	4.295783e-04
2.788570e+03	4.307363e-04
2.794740e+03	4.318954e-04
2.800909e+03	4.330555e-04
2.807079e+03	4.342165e-04
2.813248e+03	4.353786e-04
2.819417e+03	4.365415e-04
2.825587e+03	4.377055e-04
2.831756e+03	4.388703e-04
2.837926e+03	4.400361e-04
2.844095e+03	4.412028e-04
2.850264e+03	4.423705e-04
2.856434e+03	4.435390e-04
2.862603e+03	4.447084e-04
2.868773e+03	4.458788e-04
2.874942e+03	4.470499e-04
2.881111e+03	4.482220e-04
2.887281e+03	4.493949e-04
2.893450e+03	4.505687e-04
2.899620e+03	4.517433e-04
2.905789e+03	4.529188e-04
2.911958e+03	4.540950e-04
2.918128e+03	4.552721e-04
2.924297e+03	4.564500e-04
2.930467e+03	4.576286e-04
2.936636e+03	4.588081e-04
2.942805e+03	4.599883e-04
2.948975e+03	4.611693e-04
2.955144e+03	4.623510e-04
2.961314e+03	4.635335e-04
2.967483e+03	4.647168e-04
2.973652e+03	4.659007e-04
2.979822e+03	4.670854e-04
2.985991e+03	4.682707e-04
2.992161e+03	4.694568e-04
2.998330e+03	4.706435e-04
3.004499e+03	4.718309e-04
3.010669e+03	4.730190e-04
3.016838e+03	4.742078e-04
3.023008e+03	4.753972e-04
3.029177e+03	4.765872e-04
3.035346e+03	4.777778e-04
3.041516e+03	4.789691e-04
3.047685e+03	4.801609e-04
3.053855e+03	4.813534e-04
3.060024e+03	4.825464e-04
3.066193e+03	4.837401e-04
3.072363e+03	4.849342e-04
3.078532e+03	4.861290e-04
3.084702e+03	4.873242e-04
3.090871e+03	4.885200e-04
3.097040e+03	4.897164e-04
3.103210e+03	4.909132e-04
3.109379e+03	4.921105e-04
3.115549e+03	4.933084e-04
3.121718e+03	4.945067e-04
3.127888e+03	4.957054e-04
3.134057e+03	4.969047e-04
3.140226e+03	4.981044e-04
3.146396e+03	4.993045e-04
3.152565e+03	5.005050e-04
3.158735e+03	5.017060e-04
3.164904e+03	5.029073e-04
3.171073e+03	5.041091e-04
3.177243e+03	5.053112e-04
3.183412e+03	5.065137e-04
3.189582e+03	5.077166e-04
3.195751e+03	5.089198e-04
3.201920e+03	5.101233e-04
3.208090e+03	5.113272e-04
3.214259e+03	5.125314e-04
3.220429e+03	5.137359e-04
3.226598e+03	5.149407e-04
3.232767e+03	5.161457e-04
3.238937e+03	5.173511e-04
3.245106e+03	5.185567e-04
3.251276e+03	5.197625e-04
3.257445e+03	5.209686e-04
3.263614e+03	5.221749e-04
3.269784e+03	5.233815e-04
3.275953e+03	5.245882e-04
3.282123e+03	5.257951e-04
3.288292e+03	5.270022e-04
3.294461e+03	5.282095e-04
3.300631e+03	5.294169e-04
3.306800e+03	5.306245e-04
3.312970e+03	5.318322e-04
3.319139e+03	5.330400e-04
3.325308e+03	5.342480e-04
3.331478e+03	5.354560e-04
3.337647e+03	5.366641e-04
3.343817e+03	5.378723e-04
3.349986e+03	5.390806e-04
3.356155e+03	5.402889e-04
3.362325e+03	5.414973e-04
3.368494e+03	5.427057e-04
3.374664e+03	5.439141e-04
3.380833e+03	5.451225e-04
3.387002e+03	5.463309e-04
3.393172e+03	5.475392e-04
3.399341e+03	5.487476e-04
3.405511e+03	5.499559e-04
3.411680e+03	5.511642e-04
3.417849e+03	5.523723e-04
3.424019e+03	5.535804e-04
3.430188e+03	5.547885e-04
3.436358e+03	5.559964e-04
3.442527e+03	5.572042e-04
3.448696e+03	5.584118e-04
3.454866e+03	5.596193e-04
3.461035e+03	5.608267e-04
3.467205e+03	5.620339e-04
3.473374e+03	5.632410e-04
3.479544e+03	5.644478e-04
3.485713e+03	5.656544e-04
3.491882e+03	5.668609e-04
3.498052e+03	5.680671e-04
3.504221e+03	5.692730e-04
3.510391e+03	5.704788e-04
3.516560e+03	5.716842e-04
3.522729e+03	5.728894e-04
3.528899e+03	5.740943e-04
3.535068e+03	5.752988e-04
3.541238e+03	5.765031e-04
3.547407e+03	5.777071e-04
3.553576e+03	5.789107e-04
3.559746e+03	5.801139e-04
3.565915e+03	5.813168e-04
3.572085e+03	5.825193e-04
3.578254e+03	5.837215e-04
3.584423e+03	5.849232e-04
3.590593e+03	5.861245e-04
3.596762e+03	5.873254e-04
3.602932e+03	5.885258e-04
3.609101e+03	5.897258e-04
3.615270e+03	5.909254e-04
3.621440e+03	5.921244e-04
3.627609e+03	5.933230e-04
3.633779e+03	5.945210e-04
3.639948e+03	5.957186e-04
3.646117e+03	5.969156e-04
3.652287e+03	5.981121e-04
3.658456e+03	5.993080e-04
3.664626e+03	6.005033e-04
3.670795e+03	6.016981e-04
3.676964e+03	6.028923e-04
3.683134e+03	6.040858e-04
3.689303e+03	6.052788e-04
3.695473e+03	6.064711e-04
3.701642e+03	6.076628e-04
3.707811e+03	6.088538e-04
3.713981e+03	6.100441e-04
3.720150e+03	6.112338e-04
3.726320e+03	6.124228e-04
3.732489e+03	6.136110e-04
3.738658e+03	6.147985e-04
3.744828e+03	6.159853e-04
3.750997e+03	6.171713e-04
3.757167e+03	6.183566e-04
3.763336e+03	6.195411e-04
3.769505e+03	6.207248e-04
3.775675e+03	6.219077e-04
3.781844e+03	6.230898e-04
3.788014e+03	6.242711e-04
3.794183e+03	6.254515e-04
3.800352e+03	6.266311e-04
3.806522e+03	6.278097e-04
3.812691e+03	6.289876e-04
3.818861e+03	6.301645e-04
3.825030e+03	6.313405e-04
3.831199e+03	6.325156e-04
3.837369e+03	6.336897e-04
3.843538e+03	6.348629e-04
3.849708e+03	6.360351e-04
3.855877e+03	6.372064e-04
3.862047e+03	6.383767e-04
3.868216e+03	6.395460e-04
3.874385e+03	6.407142e-04
3.880555e+03	6.418814e-04
3.886724e+03	6.430476e-04
3.892894e+03	6.442128e-04
3.899063e+03	6.453768e-04
3.905232e+03	6.465398e-04
3.911402e+03	6.477017e-04
3.917571e+03	6.488625e-04
3.923741e+03	6.500221e-04
3.929910e+03	6.511806e-04
3.936079e+03	6.523380e-04
3.942249e+03	6.534942e-04
3.948418e+03	6.546492e-04
3.954588e+03	6.558031e-04
3.960757e+03	6.569557e-04
3.966926e+03	6.581071e-04
3.973096e+03	6.592573e-04
3.979265e+03	6.604062e-04
3.985435e+03	6.615539e-04
3.991604e+03	6.627003e-04
3.997773e+03	6.638455e-04
4.003943e+03	6.649893e-04
4.010112e+03	6.661318e-04
4.016282e+03	6.672730e-04
4.022451e+03	6.684129e-04
4.028620e+03	6.695514e-04
4.034790e+03	6.706885e-04
4.040959e+03	6.718243e-04
4.047129e+03	6.729586e-04
4.053298e+03	6.740916e-04
4.059467e+03	6.752231e-04
4.065637e+03	6.763532e-04
4.071806e+03	6.774819e-04
4.077976e+03	6.786091e-04
4.084145e+03	6.797348e-04
4.090314e+03	6.808591e-04
4.096484e+03	6.819818e-04
4.102653e+03	6.831030e-04
4.108823e+03	6.842227e-04
4.114992e+03	6.853409e-04
4.121161e+03	6.864575e-04
4.127331e+03	6.875725e-04
4.133500e+03	6.886859e-04
4.139670e+03	6.897978e-04
4.145839e+03	6.909080e-04
4.152008e+03	6.920167e-04
4.158178e+03	6.931236e-04
4.164347e+03	6.942290e-04
4.170517e+03	6.953326e-04
4.176686e+03	6.964346e-04
4.182855e+03	6.975349e-04
4.189025e+03	6.986335e-04
4.195194e+03	6.997304e-04
4.201364e+03	7.008256e-04
4.207533e+03	7.019190e-04
4.213703e+03	7.030106e-04
4.219872e+03	7.041005e-04
4.226041e+03	7.051886e-04
4.232211e+03	7.062749e-04
4.238380e+03	7.073594e-04
4.244550e+03	7.084420e-04
4.250719e+03	7.095228e-04
4.256888e+03	7.106018e-04
4.263058e+03	7.116789e-04
4.269227e+03	7.127541e-04
4.275397e+03	7.138274e-04
4.281566e+03	7.148988e-04
4.287735e+03	7.159683e-04
4.293905e+03	7.170359e-04
4.300074e+03	7.181015e-04
4.306244e+03	7.191652e-04
4.312413e+03	7.202269e-04
4.318582e+03	7.212866e-04
4.324752e+03	7.223443e-04
4.330921e+03	7.233999e-04
4.337091e+03	7.244536e-04
4.343260e+03	7.255052e-04
4.349429e+03	7.265548e-04
4.355599e+03	7.276023e-04
4.361768e+03	7.286477e-04
4.367938e+03	7.296910e-04
4.374107e+03	7.307322e-04
4.380276e+03	7.317713e-04
4.386446e+03	7.328083e-04
4.392615e+03	7.338431e-04
4.398785e+03	7.348758e-04
4.404954e+03	7.359063e-04
4.411123e+03	7.369346e-04
4.417293e+03	7.379607e-04
4.423462e+03	7.389845e-04
4.429632e+03	7.400062e-04
4.435801e+03	7.410256e-04
4.441970e+03	7.420428e-04
4.448140e+03	7.430577e-04
4.454309e+03	7.440703e-04
4.460479e+03	7.450807e-04
4.466648e+03	7.460887e-04
4.472817e+03	7.470944e-04
4.478987e+03	7.480978e-04
4.485156e+03	7.490988e-04
4.491326e+03	7.500975e-04
4.497495e+03	7.510938e-04
4.503664e+03	7.520877e-04
4.509834e+03	7.530793e-04
4.516003e+03	7.540684e-04
4.522173e+03	7.550551e-04
4.528342e+03	7.560394e-04
4.534511e+03	7.570212e-04
4.540681e+03	7.580006e-04
4.546850e+03	7.589775e-04
4.553020e+03	7.599519e-04
4.559189e+03	7.609238e-04
4.565359e+03	7.618932e-04
4.571528e+03	7.628600e-04
4.577697e+03	7.638244e-04
4.583867e+03	7.647862e-04
4.590036e+03	7.657454e-04
4.596206e+03	7.667020e-04
4.602375e+03	7.676561e-04
4.608544e+03	7.686076e-04
4.614714e+03	7.695564e-04
4.620883e+03	7.705026e-04
4.627053e+03	7.714462e-04
4.633222e+03	7.723872e-04
4.639391e+03	7.733254e-04
4.645561e+03	7.742610e-04
4.651730e+03	7.751939e-04
4.657900e+03	7.761241e-04
4.664069e+03	7.770516e-04
4.670238e+03	7.779764e-04
4.676408e+03	7.788984e-04
4.682577e+03	7.798177e-04
4.688747e+03	7.807343e-04
4.694916e+03	7.816480e-04
4.701085e+03	7.825590e-04
4.707255e+03	7.834671e-04
4.713424e+03	7.843725e-04
4.719594e+03	7.852750e-04
4.725763e+03	7.861747e-04
4.731932e+03	7.870716e-04
4.738102e+03	7.879655e-04
4.744271e+03	7.888567e-04
4.750441e+03	7.897449e-04
4.756610e+03	7.906302e-04
4.762779e+03	7.915126e-04
4.768949e+03	7.923922e-04
4.775118e+03	7.932687e-04
4.781288e+03	7.941424e-04
4.787457e+03	7.950130e-04
4.793626e+03	7.958808e-04
4.799796e+03	7.967455e-04
4.805965e+03	7.976072e-04
4.812135e+03	7.984660e-04
4.818304e+03	7.993217e-04
4.824473e+03	8.001744e-04
4.830643e+03	8.010241e-04
4.836812e+03	8.018707e-04
4.842982e+03	8.027142e-04
4.849151e+03	8.035547e-04
4.855320e+03	8.043921e-04
4.861490e+03	8.052264e-04
4.867659e+03	8.060576e-04
4.873829e+03	8.068857e-04
4.879998e+03	8.077106e-04
4.886167e+03	8.085324e-04
4.892337e+03	8.093511e-04
4.898506e+03	8.101666e-04
4.904676e+03	8.109789e-04
4.910845e+03	8.117880e-04
4.917014e+03	8.125940e-04
4.923184e+03	8.133967e-04
4.929353e+03	8.141962e-04
4.935523e+03	8.149925e-04
4.941692e+03	8.157855e-04
4.947862e+03	8.165753e-04
4.954031e+03	8.173619e-04
4.960200e+03	8.181451e-04
4.966370e+03	8.189251e-04
4.972539e+03	8.197017e-04
4.978709e+03	8.204751e-04
4.984878e+03	8.212452e-04
4.991047e+03	8.220119e-04
4.997217e+03	8.227753e-04
5.003386e+03	8.235353e-04
5.009556e+03	8.242920e-04
5.015725e+03	8.250453e-04
5.021894e+03	8.257952e-04
5.028064e+03	8.265417e-04
5.034233e+03	8.272848e-04
5.040403e+03	8.280246e-04
5.046572e+03	8.287609e-04
5.052741e+03	8.294937e-04
5.058911e+03	8.302231e-04
5.065080e+03	8.309491e-04
5.071250e+03	8.316716e-04
5.077419e+03	8.323906e-04
5.083588e+03	8.331062e-04
5.089758e+03	8.338183e-04
5.095927e+03	8.345268e-04
5.102097e+03	8.352318e-04
5.108266e+03	8.359334e-04
5.114435e+03	8.366313e-04
5.120605e+03	8.373258e-04
5.126774e+03	8.380167e-04
5.132944e+03	8.387040e-04
5.139113e+03	8.393877e-04
5.145282e+03	8.400679e-04
5.151452e+03	8.407445e-04
5.157621e+03	8.414174e-04
5.163791e+03	8.420868e-04
5.169960e+03	8.427526e-04
5.176129e+03	8.434147e-04
5.182299e+03	8.440731e-04
5.188468e+03	8.447280e-04
5.194638e+03	8.453791e-04
5.200807e+03	8.460266e-04
5.206976e+03	8.466705e-04
5.213146e+03	8.473106e-04
5.219315e+03	8.479471e-04
5.225485e+03	8.485798e-04
5.231654e+03	8.492088e-04
5.237823e+03	8.498342e-04
5.243993e+03	8.504557e-04
5.250162e+03	8.510736e-04
5.256332e+03	8.516877e-04
5.262501e+03	8.522980e-04
5.268670e+03	8.529046e-04
5.274840e+03	8.535074e-04
5.281009e+03	8.541064e-04
5.287179e+03	8.547016e-04
5.293348e+03	8.552931e-04
5.299518e+03	8.558807e-04
5.305687e+03	8.564645e-04
5.311856e+03	8.570445e-04
5.318026e+03	8.576206e-04
5.324195e+03	8.581929e-04
5.330365e+03	8.587614e-04
5.336534e+03	8.593259e-04
5.342703e+03	8.598867e-04
5.348873e+03	8.604435e-04
5.355042e+03	8.609965e-04
5.361212e+03	8.615456e-04
5.367381e+03	8.620908e-04
5.373550e+03	8.626321e-04
5.379720e+03	8.631694e-04
5.385889e+03	8.637029e-04
5.392059e+03	8.642324e-04
5.398228e+03	8.647580e-04
5.404397e+03	8.652796e-04
5.410567e+03	8.657973e-04
5.416736e+03	8.663110e-04
5.422906e+03	8.668208e-04
5.429075e+03	8.673266e-04
5.435244e+03	8.678284e-04
5.441414e+03	8.683262e-04
5.447583e+03	8.688200e-04
5.453753e+03	8.693098e-04
5.459922e+03	8.697956e-04
5.466091e+03	8.702774e-04
5.472261e+03	8.707552e-04
5.478430e+03	8.712289e-04
5.484600e+03	8.716986e-04
5.490769e+03	8.721643e-04
5.496938e+03	8.726259e-04
5.503108e+03	8.730834e-04
5.509277e+03	8.735369e-04
5.515447e+03	8.739863e-04
5.521616e+03	8.744317e-04
5.527785e+03	8.748729e-04
5.533955e+03	8.753101e-04
5.540124e+03	8.757431e-04
5.546294e+03	8.761721e-04
5.552463e+03	8.765970e-04
5.558632e+03	8.770177e-04
5.564802e+03	8.774343e-04
5.570971e+03	8.778468e-04
5.577141e+03	8.782552e-04
5.583310e+03	8.786594e-04
5.589479e+03	8.790594e-04
5.595649e+03	8.794554e-04
5.601818e+03	8.798471e-04
5.607988e+03	8.802347e-04
5.614157e+03	8.806181e-04
5.620326e+03	8.809974e-04
5.626496e+03	8.813725e-04
5.632665e+03	8.817434e-04
5.638835e+03	8.821101e-04
5.645004e+03	8.824726e-04
5.651173e+03	8.828309e-04
5.657343e+03	8.831850e-04
5.663512e+03	8.835349e-04
5.669682e+03	8.838805e-04
5.675851e+03	8.842220e-04
5.682021e+03	8.845592e-04
5.688190e+03	8.848922e-04
5.694359e+03	8.852209e-04
5.700529e+03	8.855454e-04
5.706698e+03	8.858657e-04
5.712868e+03	8.861817e-04
5.719037e+03	8.864935e-04
5.725206e+03	8.868010e-04
5.731376e+03	8.871042e-04
5.737545e+03	8.874032e-04
5.743715e+03	8.876979e-04
5.749884e+03	8.879883e-04
5.756053e+03	8.882744e-04
5.762223e+03	8.885563e-04
5.768392e+03	8.888338e-04
5.774562e+03	8.891071e-04
5.780731e+03	8.893760e-04
5.786900e+03	8.896407e-04
5.793070e+03	8.899011e-04
5.799239e+03	8.901571e-04
5.805409e+03	8.904088e-04
5.811578e+03	8.906562e-04
5.817747e+03	8.908993e-04
5.823917e+03	8.911381e-04
5.830086e+03	8.913725e-04
5.836256e+03	8.916027e-04
5.842425e+03	8.918284e-04
5.848594e+03	8.920499e-04
5.854764e+03	8.922670e-04
5.860933e+03	8.924797e-04
5.867103e+03	8.926881e-04
5.873272e+03	8.928922e-04
5.879441e+03	8.930919e-04
5.885611e+03	8.932872e-04
5.891780e+03	8.934782e-04
5.897950e+03	8.936648e-04
5.904119e+03	8.938470e-04
5.910288e+03	8.940249e-04
5.916458e+03	8.941984e-04
5.922627e+03	8.943676e-04
5.928797e+03	8.945323e-04
5.934966e+03	8.946927e-04
5.941135e+03	8.948487e-04
5.947305e+03	8.950003e-04
5.953474e+03	8.951476e-04
5.959644e+03	8.952904e-04
5.965813e+03	8.954289e-04
5.971982e+03	8.955630e-04
5.978152e+03	8.956926e-04
5.984321e+03	8.958179e-04
5.990491e+03	8.959388e-04
5.996660e+03	8.960553e-04
6.002829e+03	8.961674e-04
6.008999e+03	8.962751e-04
6.015168e+03	8.963783e-04
6.021338e+03	8.964772e-04
6.027507e+03	8.965717e-04
6.033677e+03	8.966617e-04
6.039846e+03	8.967474e-04
6.046015e+03	8.968286e-04
6.052185e+03	8.969054e-04
6.058354e+03	8.969778e-04
6.064524e+03	8.970458e-04
6.070693e+03	8.971094e-04
6.076862e+03	8.971686e-04
6.083032e+03	8.972233e-04
6.089201e+03	8.972737e-04
6.095371e+03	8.973196e-04
6.101540e+03	8.973611e-04
6.107709e+03	8.973981e-04
6.113879e+03	8.974308e-04
6.120048e+03	8.974590e-04
6.126218e+03	8.974828e-04
6.132387e+03	8.975022e-04
6.138556e+03	8.975172e-04
6.144726e+03	8.975277e-04
6.150895e+03	8.975338e-04
6.157065e+03	8.975355e-04
6.163234e+03	8.975328e-04
6.169403e+03	8.975257e-04
6.175573e+03	8.975141e-04
6.181742e+03	8.974981e-04
6.187912e+03	8.974777e-04
6.194081e+03	8.974529e-04
6.200250e+03	8.974236e-04
6.206420e+03	8.973899e-04
6.212589e+03	8.973518e-04
6.218759e+03	8.973093e-04
6.224928e+03	8.972624e-04
6.231097e+03	8.972110e-04
6.237267e+03	8.971553e-04
6.243436e+03	8.970951e-04
6.249606e+03	8.970305e-04
6.255775e+03	8.969614e-04
6.261944e+03	8.968880e-04
6.268114e+03	8.968102e-04
6.274283e+03	8.967279e-04
6.280453e+03	8.966412e-04
6.286622e+03	8.965502e-04
6.292791e+03	8.964547e-04
6.298961e+03	8.963548e-04
6.305130e+03	8.962505e-04
6.311300e+03	8.961418e-04
6.317469e+03	8.960287e-04
6.323638e+03	8.959112e-04
6.329808e+03	8.957893e-04
6.335977e+03	8.956630e-04
6.342147e+03	8.955323e-04
6.348316e+03	8.953972e-04
6.354485e+03	8.952577e-04
6.360655e+03	8.951138e-04
6.366824e+03	8.949656e-04
6.372994e+03	8.948130e-04
6.379163e+03	8.946559e-04
6.385332e+03	8.944945e-04
6.391502e+03	8.943288e-04
6.397671e+03	8.941586e-04
6.403841e+03	8.939841e-04
6.410010e+03	8.938052e-04
6.416180e+03	8.936219e-04
6.422349e+03	8.934343e-04
6.428518e+03	8.932423e-04
6.434688e+03	8.930459e-04
6.440857e+03	8.928452e-04
6.447027e+03	8.926402e-04
6.453196e+03	8.924308e-04
6.459365e+03	8.922170e-04
6.465535e+03	8.919989e-04
6.471704e+03	8.917765e-04
6.477874e+03	8.915497e-04
6.484043e+03	8.913186e-04
6.490212e+03	8.910831e-04
6.496382e+03	8.908434e-04
6.502551e+03	8.905993e-04
6.508721e+03	8.903509e-04
6.514890e+03	8.900981e-04
6.521059e+03	8.898411e-04
6.527229e+03	8.895797e-04
6.533398e+03	8.893141e-04
6.539568e+03	8.890441e-04
6.545737e+03	8.887699e-04
6.551906e+03	8.884913e-04
6.558076e+03	8.882085e-04
6.564245e+03	8.879213e-04
6.570415e+03	8.876299e-04
6.576584e+03	8.873342e-04
6.582753e+03	8.870343e-04
6.588923e+03	8.867301e-04
6.595092e+03	8.864216e-04
6.601262e+03	8.861088e-04
6.607431e+03	8.857918e-04
6.613600e+03	8.854706e-04
6.619770e+03	8.851451e-04
6.625939e+03	8.848154e-04
6.632109e+03	8.844814e-04
6.638278e+03	8.841432e-04
6.644447e+03	8.838008e-04
6.650617e+03	8.834541e-04
6.656786e+03	8.831033e-04
6.662956e+03	8.827482e-04
6.669125e+03	8.823889e-04
6.675294e+03	8.820254e-04
6.681464e+03	8.816578e-04
6.687633e+03	8.812859e-04
6.693803e+03	8.809098e-04
6.699972e+03	8.805296e-04
6.706141e+03	8.801452e-04
6.712311e+03	8.797567e-04
6.718480e+03	8.793639e-04
6.724650e+03	8.789671e-04
6.730819e+03	8.785660e-04
6.736988e+03	8.781609e-04
6.743158e+03	8.777515e-04
6.749327e+03	8.773381e-04
6.755497e+03	8.769205e-04
6.761666e+03	8.764988e-04
6.767836e+03	8.760730e-04
6.774005e+03	8.756431e-04
6.780174e+03	8.752091e-04
6.786344e+03	8.747710e-04
6.792513e+03	8.743288e-04
6.798683e+03	8.738825e-04
6.804852e+03	8.734322e-04
6.811021e+03	8.729777e-04
6.817191e+03	8.725192e-04
6.823360e+03	8.720567e-04
6.829530e+03	8.715901e-04
6.835699e+03	8.711195e-04
6.841868e+03	8.706448e-04
6.848038e+03	8.701661e-04
6.854207e+03	8.696834e-04
6.860377e+03	8.691966e-04
6.866546e+03	8.687059e-04
6.872715e+03	8.682111e-04
6.878885e+03	8.677124e-04
6.885054e+03	8.672097e-04
6.891224e+03	8.667030e-04
6.897393e+03	8.661923e-04
6.903562e+03	8.656776e-04
6.909732e+03	8.651590e-04
6.915901e+03	8.646365e-04
6.922071e+03	8.641100e-04
6.928240e+03	8.635796e-04
6.934409e+03	8.630452e-04
6.940579e+03	8.625069e-04
6.946748e+03	8.619647e-04
6.952918e+03	8.614186e-04
6.959087e+03	8.608687e-04
6.965256e+03	8.603148e-04
6.971426e+03	8.597570e-04
6.977595e+03	8.591954e-04
6.983765e+03	8.586299e-04
6.989934e+03	8.580606e-04
6.996103e+03	8.574874e-04
7.002273e+03	8.569103e-04
7.008442e+03	8.563295e-04
7.014612e+03	8.557448e-04
7.020781e+03	8.551563e-04
7.026950e+03	8.545640e-04
7.033120e+03	8.539679e-04
7.039289e+03	8.533680e-04
7.045459e+03	8.527643e-04
7.051628e+03	8.521569e-04
7.057797e+03	8.515457e-04
7.063967e+03	8.509307e-04
7.070136e+03	8.503120e-04
7.076306e+03	8.496895e-04
7.082475e+03	8.490634e-04
7.088644e+03	8.484335e-04
7.094814e+03	8.477999e-04
7.100983e+03	8.471626e-04
7.107153e+03	8.465216e-04
7.113322e+03	8.458769e-04
7.119492e+03	8.452285e-04
7.125661e+03	8.445765e-04
7.131830e+03	8.439208e-04
7.138000e+03	8.432615e-04
7.144169e+03	8.425985e-04
7.150339e+03	8.419320e-04
7.156508e+03	8.412618e-04
7.162677e+03	8.405879e-04
7.168847e+03	8.399105e-04
7.175016e+03	8.392295e-04
7.181186e+03	8.385450e-04
7.187355e+03	8.378568e-04
7.193524e+03	8.371651e-04
7.199694e+03	8.364698e-04
7.205863e+03	8.357710e-04
7.212033e+03	8.350687e-04
7.218202e+03	8.343629e-04
7.224371e+03	8.336535e-04
7.230541e+03	8.329406e-04
7.236710e+03	8.322243e-04
7.242880e+03	8.315044e-04
7.249049e+03	8.307811e-04
7.255218e+03	8.300544e-04
7.261388e+03	8.293241e-04
7.267557e+03	8.285905e-04
7.273727e+03	8.278534e-04
7.279896e+03	8.271129e-04
7.286065e+03	8.263690e-04
7.292235e+03	8.256216e-04
7.298404e+03	8.248709e-04
7.304574e+03	8.241169e-04
7.310743e+03	8.233594e-04
7.316912e+03	8.225986e-04
7.323082e+03	8.218344e-04
7.329251e+03	8.210669e-04
7.335421e+03	8.202961e-04
7.341590e+03	8.195220e-04
7.347759e+03	8.187446e-04
7.353929e+03	8.179638e-04
7.360098e+03	8.171798e-04
7.366268e+03	8.163925e-04
7.372437e+03	8.156020e-04
7.378606e+03	8.148082e-04
7.384776e+03	8.140112e-04
7.390945e+03	8.132109e-04
7.397115e+03	8.124074e-04
7.403284e+03	8.116008e-04
7.409453e+03	8.107909e-04
7.415623e+03	8.099778e-04
7.421792e+03	8.091616e-04
7.427962e+03	8.083422e-04
7.434131e+03	8.075197e-04
7.440300e+03	8.066940e-04
7.446470e+03	8.058652e-04
7.452639e+03	8.050333e-04
7.458809e+03	8.041983e-04
7.464978e+03	8.033601e-04
7.471147e+03	8.025190e-04
7.477317e+03	8.016747e-04
7.483486e+03	8.008274e-04
7.489656e+03	7.999770e-04
7.495825e+03	7.991236e-04
7.501995e+03	7.982672e-04
7.508164e+03	7.974077e-04
7.514333e+03	7.965453e-04
7.520503e+03	7.956799e-04
7.526672e+03	7.948115e-04
7.532842e+03	7.939401e-04
7.539011e+03	7.930658e-04
7.545180e+03	7.921885e-04
7.551350e+03	7.913083e-04
7.557519e+03	7.904252e-04
7.563689e+03	7.895392e-04
7.569858e+03	7.886503e-04
7.576027e+03	7.877586e-04
7.582197e+03	7.868639e-04
7.588366e+03	7.859664e-04
7.594536e+03	7.850660e-04
7.600705e+03	7.841629e-04
7.606874e+03	7.832569e-04
7.613044e+03	7.823480e-04
7.619213e+03	7.814364e-04
7.625383e+03	7.805220e-04
7.631552e+03	7.796049e-04
7.637721e+03	7.786849e-04
7.643891e+03	7.777623e-04
7.650060e+03	7.768369e-04
7.656230e+03	7.759087e-04
7.662399e+03	7.749779e-04
7.668568e+03	7.740444e-04
7.674738e+03	7.731082e-04
7.680907e+03	7.721693e-04
7.687077e+03	7.712277e-04
7.693246e+03	7.702835e-04
7.699415e+03	7.693367e-04
7.705585e+03	7.683872e-04
7.711754e+03	7.674352e-04
7.717924e+03	7.664805e-04
7.724093e+03	7.655233e-04
7.730262e+03	7.645634e-04
7.736432e+03	7.636011e-04
7.742601e+03	7.626361e-04
7.748771e+03	7.616687e-04
7.754940e+03	7.606987e-04
7.761109e+03	7.597262e-04
7.767279e+03	7.587512e-04
7.773448e+03	7.577738e-04
7.779618e+03	7.567938e-04
7.785787e+03	7.558114e-04
7.791956e+03	7.548266e-04
7.798126e+03	7.538393e-04
7.804295e+03	7.528496e-04
7.810465e+03	7.518575e-04
7.816634e+03	7.508631e-04
7.822803e+03	7.498662e-04
7.828973e+03	7.488670e-04
7.835142e+03	7.478654e-04
7.841312e+03	7.468615e-04
7.847481e+03	7.458552e-04
7.853651e+03	7.448466e-04
7.859820e+03	7.438358e-04
7.865989e+03	7.428226e-04
7.872159e+03	7.418072e-04
7.878328e+03	7.407895e-04
7.884498e+03	7.397696e-04
7.890667e+03	7.387474e-04
7.896836e+03	7.377230e-04
7.903006e+03	7.366964e-04
7.909175e+03	7.356676e-04
7.915345e+03	7.346366e-04
7.921514e+03	7.336034e-04
7.927683e+03	7.325681e-04
7.933853e+03	7.315306e-04
7.940022e+03	7.304911e-04
7.946192e+03	7.294493e-04
7.952361e+03	7.284055e-04
7.958530e+03	7.273596e-04
7.964700e+03	7.263117e-04
7.970869e+03	7.252616e-04
7.977039e+03	7.242095e-04
7.983208e+03	7.231554e-04
7.989377e+03	7.220992e-04
7.995547e+03	7.210411e-04
8.001716e+03	7.199809e-04
8.007886e+03	7.189188e-04
8.014055e+03	7.178547e-04
8.020224e+03	7.167886e-04
8.026394e+03	7.157206e-04
8.032563e+03	7.146506e-04
8.038733e+03	7.135788e-04
8.044902e+03	7.125050e-04
8.051071e+03	7.114294e-04
8.057241e+03	7.103518e-04
8.063410e+03	7.092724e-04
8.069580e+03	7.081912e-04
8.075749e+03	7.071081e-04
8.081918e+03	7.060232e-04
8.088088e+03	7.049365e-04
8.094257e+03	7.038480e-04
8.100427e+03	7.027577e-04
8.106596e+03	7.016657e-04
8.112765e+03	7.005718e-04
8.118935e+03	6.994763e-04
8.125104e+03	6.983790e-04
8.131274e+03	6.972800e-04
8.137443e+03	6.961793e-04
8.143612e+03	6.950769e-04
8.149782e+03	6.939729e-04
8.155951e+03	6.928672e-04
8.162121e+03	6.917598e-04
8.168290e+03	6.906508e-04
8.174459e+03	6.895402e-04
8.180629e+03	6.884280e-04
8.186798e+03	6.873142e-04
8.192968e+03	6.861988e-04
8.199137e+03	6.850818e-04
8.205306e+03	6.839633e-04
8.211476e+03	6.828432e-04
8.217645e+03	6.817217e-04
8.223815e+03	6.805986e-04
8.229984e+03	6.794740e-04
8.236154e+03	6.783479e-04
8.242323e+03	6.772204e-04
8.248492e+03	6.760914e-04
8.254662e+03	6.749609e-04
8.260831e+03	6.738291e-04
8.267001e+03	6.726958e-04
8.273170e+03	6.715611e-04
8.279339e+03	6.704250e-04
8.285509e+03	6.692876e-04
8.291678e+03	6.681487e-04
8.297848e+03	6.670086e-04
8.304017e+03	6.658671e-04
8.310186e+03	6.647242e-04
8.316356e+03	6.635801e-04
8.322525e+03	6.624347e-04
8.328695e+03	6.612880e-04
8.334864e+03	6.601400e-04
8.341033e+03	6.589908e-04
8.347203e+03	6.578403e-04
8.353372e+03	6.566886e-04
8.359542e+03	6.555357e-04
8.365711e+03	6.543816e-04
8.371880e+03	6.532263e-04
8.378050e+03	6.520698e-04
8.384219e+03	6.509122e-04
8.390389e+03	6.497534e-04
8.396558e+03	6.485935e-04
8.402727e+03	6.474324e-04
8.408897e+03	6.462703e-04
8.415066e+03	6.451071e-04
8.421236e+03	6.439428e-04
8.427405e+03	6.427774e-04
8.433574e+03	6.416109e-04
8.439744e+03	6.404435e-04
8.445913e+03	6.392750e-04
8.452083e+03	6.381055e-04
8.458252e+03	6.369350e-04
8.464421e+03	6.357635e-04
8.470591e+03	6.345910e-04
8.476760e+03	6.334176e-04
8.482930e+03	6.322432e-04
8.489099e+03	6.310679e-04
8.495268e+03	6.298917e-04
8.501438e+03	6.287146e-04
8.507607e+03	6.275366e-04
8.513777e+03	6.263577e-04
8.519946e+03	6.251779e-04
8.526115e+03	6.239973e-04
8.532285e+03	6.228159e-04
8.538454e+03	6.216336e-04
8.544624e+03	6.204505e-04
8.550793e+03	6.192666e-04
8.556962e+03	6.180819e-04
8.563132e+03	6.168965e-04
8.569301e+03	6.157103e-04
8.575471e+03	6.145233e-04
8.581640e+03	6.133356e-04
8.587810e+03	6.121472e-04
8.593979e+03	6.109581e-04
8.600148e+03	6.097683e-04
8.606318e+03	6.085778e-04
8.612487e+03	6.073866e-04
8.618657e+03	6.061948e-04
8.624826e+03	6.050023e-04
8.630995e+03	6.038092e-04
8.637165e+03	6.026155e-04
8.643334e+03	6.014212e-04
8.649504e+03	6.002263e-04
8.655673e+03	5.990308e-04
8.661842e+03	5.978348e-04
8.668012e+03	5.966382e-04
8.674181e+03	5.954410e-04
8.680351e+03	5.942434e-04
8.686520e+03	5.930452e-04
8.692689e+03	5.918465e-04
8.698859e+03	5.906473e-04
8.705028e+03	5.894477e-04
8.711198e+03	5.882476e-04
8.717367e+03	5.870471e-04
8.723536e+03	5.858461e-04
8.729706e+03	5.846447e-04
8.735875e+03	5.834428e-04
8.742045e+03	5.822406e-04
8.748214e+03	5.810380e-04
8.754383e+03	5.798350e-04
8.760553e+03	5.786317e-04
8.766722e+03	5.774280e-04
8.772892e+03	5.762240e-04
8.779061e+03	5.750196e-04
8.785230e+03	5.738150e-04
8.791400e+03	5.726100e-04
8.797569e+03	5.714048e-04
8.803739e+03	5.701993e-04
8.809908e+03	5.689935e-04
8.816077e+03	5.677875e-04
8.822247e+03	5.665812e-04
8.828416e+03	5.653747e-04
8.834586e+03	5.641681e-04
8.840755e+03	5.629612e-04
8.846924e+03	5.617541e-04
8.853094e+03	5.605468e-04
8.859263e+03	5.593394e-04
8.865433e+03	5.581319e-04
8.871602e+03	5.569242e-04
8.877771e+03	5.557164e-04
8.883941e+03	5.545084e-04
8.890110e+03	5.533004e-04
8.896280e+03	5.520923e-04
8.902449e+03	5.508841e-04
8.908618e+03	5.496758e-04
8.914788e+03	5.484675e-04
8.920957e+03	5.472591e-04
8.927127e+03	5.460507e-04
8.933296e+03	5.448423e-04
8.939465e+03	5.436339e-04
8.945635e+03	5.424255e-04
8.951804e+03	5.412172e-04
8.957974e+03	5.400088e-04
8.964143e+03	5.388005e-04
8.970313e+03	5.375922e-04
8.976482e+03	5.363841e-04
8.982651e+03	5.351760e-04
8.988821e+03	5.339679e-04
8.994990e+03	5.327600e-04
9.001160e+03	5.315522e-04
9.007329e+03	5.303445e-04
9.013498e+03	5.291370e-04
9.019668e+03	5.279296e-04
9.025837e+03	5.267224e-04
9.032007e+03	5.255153e-04
9.038176e+03	5.243084e-04
9.044345e+03	5.231018e-04
9.050515e+03	5.218953e-04
9.056684e+03	5.206890e-04
9.062854e+03	5.194830e-04
9.069023e+03	5.182772e-04
9.075192e+03	5.170716e-04
9.081362e+03	5.158664e-04
9.087531e+03	5.146614e-04
9.093701e+03	5.134566e-04
9.099870e+03	5.122522e-04
9.106039e+03	5.110481e-04
9.112209e+03	5.098443e-04
9.118378e+03	5.086408e-04
9.124548e+03	5.074377e-04
9.130717e+03	5.062349e-04
9.136886e+03	5.050325e-04
9.143056e+03	5.038304e-04
9.149225e+03	5.026288e-04
9.155395e+03	5.014275e-04
9.161564e+03	5.002267e-04
9.167733e+03	4.990262e-04
9.173903e+03	4.978262e-04
9.180072e+03	4.966266e-04
9.186242e+03	4.954275e-04
9.192411e+03	4.942288e-04
9.198580e+03	4.930306e-04
9.204750e+03	4.918329e-04
9.210919e+03	4.906357e-04
9.217089e+03	4.894390e-04
9.223258e+03	4.882428e-04
9.229427e+03	4.870471e-04
9.235597e+03	4.858520e-04
9.241766e+03	4.846574e-04
9.247936e+03	4.834633e-04
9.254105e+03	4.822698e-04
9.260274e+03	4.810769e-04
9.266444e+03	4.798846e-04
9.272613e+03	4.786929e-04
9.278783e+03	4.775018e-04
9.284952e+03	4.763113e-04
9.291121e+03	4.751214e-04
9.297291e+03	4.739321e-04
9.303460e+03	4.727436e-04
9.309630e+03	4.715556e-04
9.315799e+03	4.703684e-04
9.321969e+03	4.691818e-04
9.328138e+03	4.679959e-04
9.334307e+03	4.668107e-04
9.340477e+03	4.656262e-04
9.346646e+03	4.644424e-04
9.352816e+03	4.632593e-04
9.358985e+03	4.620770e-04
9.365154e+03	4.608955e-04
9.371324e+03	4.597147e-04
9.377493e+03	4.585346e-04
9.383663e+03	4.573553e-04
9.389832e+03	4.561768e-04
9.396001e+03	4.549992e-04
9.402171e+03	4.538223e-04
9.408340e+03	4.526462e-04
9.414510e+03	4.514709e-04
9.420679e+03	4.502965e-04
9.426848e+03	4.491230e-04
9.433018e+03	4.479502e-04
9.439187e+03	4.467784e-04
9.445357e+03	4.456074e-04
9.451526e+03	4.444373e-04
9.457695e+03	4.432680e-04
9.463865e+03	4.420997e-04
9.470034e+03	4.409323e-04
9.476204e+03	4.397658e-04
9.482373e+03	4.386002e-04
9.488542e+03	4.374356e-04
9.494712e+03	4.362719e-04
9.500881e+03	4.351091e-04
9.507051e+03	4.339473e-04
9.513220e+03	4.327865e-04
9.519389e+03	4.316266e-04
9.525559e+03	4.304678e-04
9.531728e+03	4.293099e-04
9.537898e+03	4.281531e-04
9.544067e+03	4.269972e-04
9.550236e+03	4.258424e-04
9.556406e+03	4.246886e-04
9.562575e+03	4.235359e-04
9.568745e+03	4.223842e-04
9.574914e+03	4.212335e-04
9.581083e+03	4.200839e-04
9.587253e+03	4.189354e-04
9.593422e+03	4.177880e-04
9.599592e+03	4.166417e-04
9.605761e+03	4.154964e-04
9.611930e+03	4.143523e-04
9.618100e+03	4.132093e-04
9.624269e+03	4.120674e-04
9.630439e+03	4.109266e-04
9.636608e+03	4.097870e-04
9.642777e+03	4.086485e-04
9.648947e+03	4.075112e-04
9.655116e+03	4.063750e-04
9.661286e+03	4.052400e-04
9.667455e+03	4.041062e-04
9.673625e+03	4.029736e-04
9.679794e+03	4.018422e-04
9.685963e+03	4.007119e-04
9.692133e+03	3.995829e-04
9.698302e+03	3.984551e-04
9.704472e+03	3.973285e-04
9.710641e+03	3.962032e-04
9.716810e+03	3.950791e-04
9.722980e+03	3.939562e-04
9.729149e+03	3.928347e-04
9.735319e+03	3.917143e-04
9.741488e+03	3.905953e-04
9.747657e+03	3.894775e-04
9.753827e+03	3.883610e-04
9.759996e+03	3.872458e-04
9.766166e+03	3.861318e-04
9.772335e+03	3.850192e-04
9.778504e+03	3.839080e-04
9.784674e+03	3.827980e-04
9.790843e+03	3.816894e-04
9.797013e+03	3.805820e-04
9.803182e+03	3.794761e-04
9.809351e+03	3.783715e-04
9.815521e+03	3.772682e-04
9.821690e+03	3.761663e-04
9.827860e+03	3.750658e-04
9.834029e+03	3.739667e-04
9.840198e+03	3.728689e-04
9.846368e+03	3.717725e-04
9.852537e+03	3.706776e-04
9.858707e+03	3.695840e-04
9.864876e+03	3.684918e-04
9.871045e+03	3.674011e-04
9.877215e+03	3.663118e-04
9.883384e+03	3.652239e-04
9.889554e+03	3.641374e-04
9.895723e+03	3.630524e-04
9.901892e+03	3.619689e-04
9.908062e+03	3.608868e-04
9.914231e+03	3.598061e-04
9.920401e+03	3.587270e-04
9.926570e+03	3.576493e-04
9.932739e+03	3.565731e-04
9.938909e+03	3.554983e-04
9.945078e+03	3.544251e-04
9.951248e+03	3.533533e-04
9.957417e+03	3.522831e-04
9.963586e+03	3.512144e-04
9.969756e+03	3.501472e-04
9.975925e+03	3.490815e-04
9.982095e+03	3.480174e-04
9.988264e+03	3.469547e-04
9.994433e+03	3.458937e-04
1.000060e+04	3.448341e-04
1.000677e+04	3.437761e-04
1.001294e+04	3.427197e-04
1.001911e+04	3.416649e-04
1.002528e+04	3.406116e-04
1.003145e+04	3.395598e-04
1.003762e+04	3.385097e-04
1.004379e+04	3.374611e-04
1.004996e+04	3.364142e-04
1.005613e+04	3.353688e-04
1.006230e+04	3.343250e-04
1.006847e+04	3.332829e-04
1.007464e+04	3.322423e-04
1.008081e+04	3.312034e-04
1.008697e+04	3.301661e-04
1.009314e+04	3.291304e-04
1.009931e+04	3.280964e-04
1.010548e+04	3.270639e-04
1.011165e+04	3.260332e-04
1.011782e+04	3.250040e-04
1.012399e+04	3.239766e-04
1.013016e+04	3.229507e-04
1.013633e+04	3.219266e-04
1.014250e+04	3.209041e-04
1.014867e+04	3.198833e-04
1.015484e+04	3.188641e-04
1.016101e+04	3.178467e-04
1.016718e+04	3.168309e-04
1.017335e+04	3.158168e-04
1.017952e+04	3.148044e-04
1.018568e+04	3.137937e-04
1.019185e+04	3.127848e-04
1.019802e+04	3.117775e-04
1.020419e+04	3.107719e-04
1.021036e+04	3.097681e-04
1.021653e+04	3.087659e-04
1.022270e+04	3.077655e-04
1.022887e+04	3.067669e-04
1.023504e+04	3.057699e-04
1.024121e+04	3.047747e-04
1.024738e+04	3.037813e-04
1.025355e+04	3.027896e-04
1.025972e+04	3.017996e-04
1.026589e+04	3.008114e-04
1.027206e+04	2.998249e-04
1.027823e+04	2.988402e-04
1.028440e+04	2.978573e-04
1.029056e+04	2.968762e-04
1.029673e+04	2.958968e-04
1.030290e+04	2.949192e-04
1.030907e+04	2.939434e-04
1.031524e+04	2.929694e-04
1.032141e+04	2.919971e-04
1.032758e+04	2.910267e-04
1.033375e+04	2.900580e-04
1.033992e+04	2.890911e-04
1.034609e+04	2.881261e-04
1.035226e+04	2.871628e-04
1.035843e+04	2.862014e-04
1.036460e+04	2.852418e-04
1.037077e+04	2.842840e-04
1.037694e+04	2.833280e-04
1.038311e+04	2.823738e-04
1.038928e+04	2.814215e-04
1.039544e+04	2.804710e-04
1.040161e+04	2.795223e-04
1.040778e+04	2.785755e-04
1.041395e+04	2.776305e-04
1.042012e+04	2.766873e-04
1.042629e+04	2.757460e-04
1.043246e+04	2.748066e-04
1.043863e+04	2.738690e-04
1.044480e+04	2.729332e-04
1.045097e+04	2.719993e-04
1.045714e+04	2.710673e-04
1.046331e+04	2.701371e-04
1.046948e+04	2.692088e-04
1.047565e+04	2.682823e-04
1.048182e+04	2.673578e-04
1.048799e+04	2.664351e-04
1.049416e+04	2.655142e-04
1.050032e+04	2.645953e-04
1.050649e+04	2.636782e-04
1.051266e+04	2.627631e-04
1.051883e+04	2.618498e-04
1.052500e+04	2.609384e-04
1.053117e+04	2.600289e-04
1.053734e+04	2.591212e-04
1.054351e+04	2.582155e-04
1.054968e+04	2.573117e-04
1.055585e+04	2.564098e-04
1.056202e+04	2.555097e-04
1.056819e+04	2.546116e-04
1.057436e+04	2.537154e-04
1.058053e+04	2.528211e-04
1.058670e+04	2.519287e-04
1.059287e+04	2.510382e-04
1.059904e+04	2.501497e-04
1.060520e+04	2.492630e-04
1.061137e+04	2.483783e-04
1.061754e+04	2.474955e-04
1.062371e+04	2.466146e-04
1.062988e+04	2.457356e-04
1.063605e+04	2.448586e-04
1.064222e+04	2.439835e-04
1.064839e+04	2.431103e-04
1.065456e+04	2.422391e-04
1.066073e+04	2.413698e-04
1.066690e+04	2.405024e-04
1.067307e+04	2.396369e-04
1.067924e+04	2.387734e-04
1.068541e+04	2.379119e-04
1.069158e+04	2.370523e-04
1.069775e+04	2.361946e-04
1.070391e+04	2.353388e-04
1.071008e+04	2.344850e-04
1.071625e+04	2.336332e-04
1.072242e+04	2.327833e-04
1.072859e+04	2.319353e-04
1.073476e+04	2.310893e-04
1.074093e+04	2.302453e-04
1.074710e+04	2.294032e-04
1.075327e+04	2.285631e-04
1.075944e+04	2.277249e-04
1.076561e+04	2.268886e-04
1.077178e+04	2.260544e-04
1.077795e+04	2.252220e-04
1.078412e+04	2.243917e-04
1.079029e+04	2.235633e-04
1.079646e+04	2.227368e-04
1.080263e+04	2.219124e-04
1.080879e+04	2.210899e-04
1.081496e+04	2.202693e-04
1.082113e+04	2.194507e-04
1.082730e+04	2.186341e-04
1.083347e+04	2.178194e-04
1.083964e+04	2.170068e-04
1.084581e+04	2.161960e-04
1.085198e+04	2.153873e-04
1.085815e+04	2.145805e-04
1.086432e+04	2.137757e-04
1.087049e+04	2.129728e-04
1.087666e+04	2.121719e-04
1.088283e+04	2.113730e-04
1.088900e+04	2.105761e-04
1.089517e+04	2.097811e-04
1.090134e+04	2.089881e-04
1.090751e+04	2.081971e-04
1.091367e+04	2.074080e-04
1.091984e+04	2.066210e-04
1.092601e+04	2.058359e-04
1.093218e+04	2.050527e-04
1.093835e+04	2.042716e-04
1.094452e+04	2.034924e-04
1.095069e+04	2.027152e-04
1.095686e+04	2.019399e-04
1.096303e+04	2.011666e-04
1.096920e+04	2.003953e-04
1.097537e+04	1.996260e-04
1.098154e+04	1.988587e-04
1.098771e+04	1.980933e-04
1.099388e+04	1.973299e-04
1.100005e+04	1.965685e-04
1.100622e+04	1.958090e-04
1.101239e+04	1.950515e-04
1.101855e+04	1.942960e-04
1.102472e+04	1.935425e-04
1.103089e+04	1.927909e-04
1.103706e+04	1.920413e-04
1.104323e+04	1.912937e-04
1.104940e+04	1.905481e-04
1.105557e+04	1.898044e-04
1.106174e+04	1.890627e-04
1.106791e+04	1.883230e-04
1.107408e+04	1.875852e-04
1.108025e+04	1.868494e-04
1.108642e+04	1.861156e-04
1.109259e+04	1.853837e-04
1.109876e+04	1.846538e-04
1.110493e+04	1.839259e-04
1.111110e+04	1.831999e-04
1.111726e+04	1.824760e-04
1.112343e+04	1.817539e-04
1.112960e+04	1.810339e-04
1.113577e+04	1.803158e-04
1.114194e+04	1.795996e-04
1.114811e+04	1.788855e-04
1.115428e+04	1.781733e-04
1.116045e+04	1.774630e-04
1.116662e+04	1.767547e-04
1.117279e+04	1.760484e-04
1.117896e+04	1.753441e-04
1.118513e+04	1.746416e-04
1.119130e+04	1.739412e-04
1.119747e+04	1.732427e-04
1.120364e+04	1.725461e-04
1.120981e+04	1.718516e-04
1.121598e+04	1.711589e-04
1.122214e+04	1.704682e-04
1.122831e+04	1.697795e-04
1.123448e+04	1.690927e-04
1.124065e+04	1.684079e-04
1.124682e+04	1.677250e-04
1.125299e+04	1.670441e-04
1.125916e+04	1.663651e-04
1.126533e+04	1.656880e-04
1.127150e+04	1.650129e-04
1.127767e+04	1.643397e-04
1.128384e+04	1.636685e-04
1.129001e+04	1.629992e-04
1.129618e+04	1.623318e-04
1.130235e+04	1.616664e-04
1.130852e+04	1.610029e-04
1.131469e+04	1.603414e-04
1.132086e+04	1.596818e-04
1.132702e+04	1.590241e-04
1.133319e+04	1.583683e-04
1.133936e+04	1.577145e-04
1.134553e+04	1.570626e-04
1.135170e+04	1.564126e-04
1.135787e+04	1.557645e-04
1.136404e+04	1.551184e-04
1.137021e+04	1.544741e-04
1.137638e+04	1.538318e-04
1.138255e+04	1.531914e-04
1.138872e+04	1.525530e-04
1.139489e+04	1.519164e-04
1.140106e+04	1.512818e-04
1.140723e+04	1.506490e-04
1.141340e+04	1.500182e-04
1.141957e+04	1.493892e-04
1.142574e+04	1.487622e-04
1.143190e+04	1.481371e-04
1.143807e+04	1.475139e-04
1.144424e+04	1.468925e-04
1.145041e+04	1.462731e-04
1.145658e+04	1.456556e-04
1.146275e+04	1.450399e-04
1.146892e+04	1.444262e-04
1.147509e+04	1.438143e-04
1.148126e+04	1.432043e-04
1.148743e+04	1.425962e-04
1.149360e+04	1.419900e-04
1.149977e+04	1.413857e-04
1.150594e+04	1.407832e-04
1.151211e+04	1.401827e-04
1.151828e+04	1.395840e-04
1.152445e+04	1.389871e-04
1.153061e+04	1.383922e-04
1.153678e+04	1.377991e-04
1.154295e+04	1.372078e-04
1.154912e+04	1.366185e-04
1.155529e+04	1.360310e-04
1.156146e+04	1.354453e-04
1.156763e+04	1.348616e-04
1.157380e+04	1.342796e-04
1.157997e+04	1.336995e-04
1.158614e+04	1.331213e-04
1.159231e+04	1.325449e-04
1.159848e+04	1.319704e-04
1.160465e+04	1.313977e-04
1.161082e+04	1.308268e-04
1.161699e+04	1.302578e-04
1.162316e+04	1.296907e-04
1.162933e+04	1.291253e-04
1.163549e+04	1.285618e-04
1.164166e+04	1.280001e-04
1.164783e+04	1.274403e-04
1.165400e+04	1.268822e-04
1.166017e+04	1.263260e-04
1.166634e+04	1.257716e-04
1.167251e+04	1.252190e-04
1.167868e+04	1.246683e-04
1.168485e+04	1.241193e-04
1.169102e+04	1.235722e-04
1.169719e+04	1.230268e-04
1.170336e+04	1.224833e-04
1.170953e+04	1.219415e-04
1.171570e+04	1.214016e-04
1.172187e+04	1.208634e-04
1.172804e+04	1.203271e-04
1.173421e+04	1.197925e-04
1.174037e+04	1.192598e-04
1.174654e+04	1.187288e-04
1.175271e+04	1.181996e-04
1.175888e+04	1.176721e-04
1.176505e+04	1.171465e-04
1.177122e+04	1.166226e-04
1.177739e+04	1.161005e-04
1.178356e+04	1.155801e-04
1.178973e+04	1.150616e-04
1.179590e+04	1.145447e-04
1.180207e+04	1.140297e-04
1.180824e+04	1.135164e-04
1.181441e+04	1.130049e-04
1.182058e+04	1.124951e-04
1.182675e+04	1.119870e-04
1.183292e+04	1.114807e-04
1.183909e+04	1.109762e-04
1.184525e+04	1.104733e-04
1.185142e+04	1.099723e-04
1.185759e+04	1.094729e-04
1.186376e+04	1.089753e-04
1.186993e+04	1.084794e-04
1.187610e+04	1.079852e-04
1.188227e+04	1.074928e-04
1.188844e+04	1.070021e-04
1.189461e+04	1.065130e-04
1.190078e+04	1.060257e-04
1.190695e+04	1.055402e-04
1.191312e+04	1.050563e-04
1.191929e+04	1.045741e-04
1.192546e+04	1.040936e-04
1.193163e+04	1.036148e-04
1.193780e+04	1.031377e-04
1.194396e+04	1.026623e-04
1.195013e+04	1.021886e-04
1.195630e+04	1.017166e-04
1.196247e+04	1.012463e-04
1.196864e+04	1.007776e-04
1.197481e+04	1.003106e-04
1.198098e+04	9.984528e-05
1.198715e+04	9.938163e-05
1.199332e+04	9.891965e-05
1.199949e+04	9.845932e-05
1.200566e+04	9.800066e-05
1.201183e+04	9.754366e-05
1.201800e+04	9.708830e-05
1.202417e+04	9.663460e-05
1.203034e+04	9.618254e-05
1.203651e+04	9.573212e-05
1.204268e+04	9.528335e-05
1.204884e+04	9.483621e-05
1.205501e+04	9.439070e-05
1.206118e+04	9.394683e-05
1.206735e+04	9.350458e-05
1.207352e+04	9.306395e-05
1.207969e+04	9.262495e-05
1.208586e+04	9.218756e-05
1.209203e+04	9.175178e-05
1.209820e+04	9.131762e-05
1.210437e+04	9.088506e-05
1.211054e+04	9.045410e-05
1.211671e+04	9.002474e-05
1.212288e+04	8.959698e-05
1.212905e+04	8.917082e-05
1.213522e+04	8.874624e-05
1.214139e+04	8.832325e-05
1.214756e+04	8.790184e-05
1.215372e+04	8.748202e-05
1.215989e+04	8.706376e-05
1.216606e+04	8.664708e-05
1.217223e+04	8.623197e-05
1.217840e+04	8.581843e-05
1.218457e+04	8.540645e-05
1.219074e+04	8.499603e-05
1.219691e+04	8.458716e-05
1.220308e+04	8.417985e-05
1.220925e+04	8.377408e-05
1.221542e+04	8.336986e-05
1.222159e+04	8.296718e-05
1.222776e+04	8.256604e-05
1.223393e+04	8.216643e-05
1.224010e+04	8.176835e-05
1.224627e+04	8.137181e-05
1.225244e+04	8.097678e-05
1.225860e+04	8.058328e-05
1.226477e+04	8.019129e-05
1.227094e+04	7.980082e-05
1.227711e+04	7.941186e-05
1.228328e+04	7.902440e-05
1.228945e+04	7.863845e-05
1.229562e+04	7.825399e-05
1.230179e+04	7.787103e-05
1.230796e+04	7.748957e-05
1.231413e+04	7.710959e-05
1.232030e+04	7.673110e-05
1.232647e+04	7.635409e-05
1.233264e+04	7.597856e-05
1.233881e+04	7.560450e-05
1.234498e+04	7.523191e-05
1.235115e+04	7.486079e-05
1.235731e+04	7.449114e-05
1.236348e+04	7.412294e-05
1.236965e+04	7.375620e-05
1.237582e+04	7.339091e-05
1.238199e+04	7.302708e-05
1.238816e+04	7.266468e-05
1.239433e+04	7.230374e-05
1.240050e+04	7.194422e-05
1.240667e+04	7.158615e-05
1.241284e+04	7.122950e-05
1.241901e+04	7.087429e-05
1.242518e+04	7.052049e-05
1.243135e+04	7.016812e-05
1.243752e+04	6.981716e-05
1.244369e+04	6.946762e-05
1.244986e+04	6.911949e-05
1.245603e+04	6.877276e-05
1.246219e+04	6.842743e-05
1.246836e+04	6.808350e-05
1.247453e+04	6.774097e-05
1.248070e+04	6.739983e-05
1.248687e+04	6.706008e-05
1.249304e+04	6.672171e-05
1.249921e+04	6.638472e-05
1.250538e+04	6.604910e-05
1.251155e+04	6.571486e-05
1.251772e+04	6.538199e-05
1.252389e+04	6.505049e-05
1.253006e+04	6.472034e-05
1.253623e+04	6.439156e-05
1.254240e+04	6.406413e-05
1.254857e+04	6.373805e-05
1.255474e+04	6.341331e-05
1.256091e+04	6.308993e-05
1.256707e+04	6.276788e-05
1.257324e+04	6.244716e-05
1.257941e+04	6.212778e-05
1.258558e+04	6.180973e-05
1.259175e+04	6.149301e-05
1.259792e+04	6.117760e-05
1.260409e+04	6.086351e-05
1.261026e+04	6.055074e-05
1.261643e+04	6.023928e-05
1.262260e+04	5.992912e-05
1.262877e+04	5.962027e-05
1.263494e+04	5.931272e-05
1.264111e+04	5.900646e-05
1.264728e+04	5.870150e-05
1.265345e+04	5.839782e-05
1.265962e+04	5.809543e-05
1.266579e+04	5.779432e-05
1.267195e+04	5.749449e-05
1.267812e+04	5.719593e-05
1.268429e+04	5.689864e-05
1.269046e+04	5.660261e-05
1.269663e+04	5.630785e-05
1.270280e+04	5.601435e-05
1.270897e+04	5.572210e-05
1.271514e+04	5.543111e-05
1.272131e+04	5.514136e-05
1.272748e+04	5.485286e-05
1.273365e+04	5.456560e-05
1.273982e+04	5.427957e-05
1.274599e+04	5.399478e-05
1.275216e+04	5.371122e-05
1.275833e+04	5.342888e-05
1.276450e+04	5.314777e-05
1.277066e+04	5.286787e-05
1.277683e+04	5.258919e-05
1.278300e+04	5.231172e-05
1.278917e+04	5.203546e-05
1.279534e+04	5.176040e-05
1.280151e+04	5.148655e-05
1.280768e+04	5.121388e-05
1.281385e+04	5.094242e-05
1.282002e+04	5.067214e-05
1.282619e+04	5.040304e-05
1.283236e+04	5.013513e-05
1.283853e+04	4.986840e-05
1.284470e+04	4.960284e-05
1.285087e+04	4.933846e-05
1.285704e+04	4.907524e-05
1.286321e+04	4.881318e-05
1.286938e+04	4.855228e-05
1.287554e+04	4.829254e-05
1.288171e+04	4.803396e-05
1.288788e+04	4.777652e-05
1.289405e+04	4.752023e-05
1.290022e+04	4.726508e-05
1.290639e+04	4.701107e-05
1.291256e+04	4.675819e-05
1.291873e+04	4.650644e-05
1.292490e+04	4.625583e-05
1.293107e+04	4.600633e-05
1.293724e+04	4.575796e-05
1.294341e+04	4.551070e-05
1.294958e+04	4.526456e-05
1.295575e+04	4.501952e-05
1.296192e+04	4.477559e-05
1.296809e+04	4.453276e-05
1.297426e+04	4.429104e-05
1.298042e+04	4.405040e-05
1.298659e+04	4.381086e-05
1.299276e+04	4.357241e-05
1.299893e+04	4.333504e-05
1.300510e+04	4.309875e-05
1.301127e+04	4.286354e-05
1.301744e+04	4.262940e-05
1.302361e+04	4.239633e-05
1.302978e+04	4.216433e-05
1.303595e+04	4.193339e-05
1.304212e+04	4.170351e-05
1.304829e+04	4.147469e-05
1.305446e+04	4.124692e-05
1.306063e+04	4.102020e-05
1.306680e+04	4.079452e-05
1.307297e+04	4.056988e-05
1.307914e+04	4.034629e-05
1.308530e+04	4.012373e-05
1.309147e+04	3.990219e-05
1.309764e+04	3.968169e-05
1.310381e+04	3.946221e-05
1.310998e+04	3.924375e-05
1.311615e+04	3.902631e-05
1.312232e+04	3.880988e-05
1.312849e+04	3.859446e-05
1.313466e+04	3.838005e-05
1.314083e+04	3.816664e-05
1.314700e+04	3.795423e-05
1.315317e+04	3.774282e-05
1.315934e+04	3.753240e-05
1.316551e+04	3.732297e-05
1.317168e+04	3.711452e-05
1.317785e+04	3.690706e-05
1.318402e+04	3.670058e-05
1.319018e+04	3.649507e-05
1.319635e+04	3.629053e-05
1.320252e+04	3.608696e-05
1.320869e+04	3.588436e-05
1.321486e+04	3.568272e-05
1.322103e+04	3.548203e-05
1.322720e+04	3.528230e-05
1.323337e+04	3.508353e-05
1.323954e+04	3.488570e-05
1.324571e+04	3.468881e-05
1.325188e+04	3.449287e-05
1.325805e+04	3.429787e-05
1.326422e+04	3.410379e-05
1.327039e+04	3.391065e-05
1.327656e+04	3.371844e-05
1.328273e+04	3.352715e-05
1.328889e+04	3.333679e-05
1.329506e+04	3.314734e-05
1.330123e+04	3.295880e-05
1.330740e+04	3.277118e-05
1.331357e+04	3.258446e-05
1.331974e+04	3.239865e-05
1.332591e+04	3.221373e-05
1.333208e+04	3.202972e-05
1.333825e+04	3.184660e-05
1.334442e+04	3.166437e-05
1.335059e+04	3.148303e-05
1.335676e+04	3.130257e-05
1.336293e+04	3.112300e-05
1.336910e+04	3.094430e-05
1.337527e+04	3.076647e-05
1.338144e+04	3.058952e-05
1.338761e+04	3.041343e-05
1.339377e+04	3.023821e-05
1.339994e+04	3.006385e-05
1.340611e+04	2.989035e-05
1.341228e+04	2.971771e-05
1.341845e+04	2.954591e-05
1.342462e+04	2.937497e-05
1.343079e+04	2.920487e-05
1.343696e+04	2.903561e-05
1.344313e+04	2.886719e-05
1.344930e+04	2.869960e-05
1.345547e+04	2.853285e-05
1.346164e+04	2.836693e-05
1.346781e+04	2.820183e-05
1.347398e+04	2.803755e-05
1.348015e+04	2.787410e-05
1.348632e+04	2.771146e-05
1.349249e+04	2.754963e-05
1.349865e+04	2.738862e-05
1.350482e+04	2.722841e-05
1.351099e+04	2.706900e-05
1.351716e+04	2.691040e-05
1.352333e+04	2.675259e-05
1.352950e+04	2.659558e-05
1.353567e+04	2.643936e-05
1.354184e+04	2.628392e-05
1.354801e+04	2.612928e-05
1.355418e+04	2.597541e-05
1.356035e+04	2.582232e-05
1.356652e+04	2.567001e-05
1.357269e+04	2.551847e-05
1.357886e+04	2.536770e-05
1.358503e+04	2.521770e-05
1.359120e+04	2.506846e-05
1.359737e+04	2.491998e-05
1.360353e+04	2.477226e-05
1.360970e+04	2.462529e-05
1.361587e+04	2.447908e-05
1.362204e+04	2.433361e-05
1.362821e+04	2.418889e-05
1.363438e+04	2.404491e-05
1.364055e+04	2.390166e-05
1.364672e+04	2.375916e-05
1.365289e+04	2.361739e-05
1.365906e+04	2.347635e-05
1.366523e+04	2.333603e-05
1.367140e+04	2.319644e-05
1.367757e+04	2.305758e-05
1.368374e+04	2.291943e-05
1.368991e+04	2.278199e-05
1.369608e+04	2.264527e-05
1.370224e+04	2.250926e-05
1.370841e+04	2.237395e-05
1.371458e+04	2.223935e-05
1.372075e+04	2.210545e-05
1.372692e+04	2.197225e-05
1.373309e+04	2.183974e-05
1.373926e+04	2.170792e-05
1.374543e+04	2.157680e-05
1.375160e+04	2.144636e-05
1.375777e+04	2.131660e-05
1.376394e+04	2.118752e-05
1.377011e+04	2.105913e-05
1.377628e+04	2.093140e-05
1.378245e+04	2.080435e-05
1.378862e+04	2.067797e-05
1.379479e+04	2.055225e-05
1.380096e+04	2.042720e-05
1.380712e+04	2.030281e-05
1.381329e+04	2.017908e-05
1.381946e+04	2.005600e-05
1.382563e+04	1.993358e-05
1.383180e+04	1.981180e-05
1.383797e+04	1.969067e-05
1.384414e+04	1.957019e-05
1.385031e+04	1.945035e-05
1.385648e+04	1.933114e-05
1.386265e+04	1.921257e-05
1.386882e+04	1.909464e-05
1.387499e+04	1.897733e-05
1.388116e+04	1.886066e-05
1.388733e+04	1.874460e-05
1.389350e+04	1.862917e-05
1.389967e+04	1.851436e-05
1.390584e+04	1.840017e-05
1.391200e+04	1.828659e-05
1.391817e+04	1.817362e-05
1.392434e+04	1.806126e-05
1.393051e+04	1.794951e-05
1.393668e+04	1.783836e-05
1.394285e+04	1.772782e-05
1.394902e+04	1.761787e-05
1.395519e+04	1.750851e-05
1.396136e+04	1.739975e-05
1.396753e+04	1.729158e-05
1.397370e+04	1.718400e-05
1.397987e+04	1.707700e-05
1.398604e+04	1.697058e-05
1.399221e+04	1.686475e-05
1.399838e+04	1.675949e-05
1.400455e+04	1.665481e-05
1.401072e+04	1.655070e-05
1.401688e+04	1.644716e-05
1.402305e+04	1.634419e-05
1.402922e+04	1.624178e-05
1.403539e+04	1.613993e-05
1.404156e+04	1.603864e-05
1.404773e+04	1.593791e-05
1.405390e+04	1.583774e-05
1.406007e+04	1.573811e-05
1.406624e+04	1.563904e-05
1.407241e+04	1.554051e-05
1.407858e+04	1.544253e-05
1.408475e+04	1.534509e-05
1.409092e+04	1.524819e-05
1.409709e+04	1.515183e-05
1.410326e+04	1.505600e-05
1.410943e+04	1.496071e-05
1.411559e+04	1.486594e-05
1.412176e+04	1.477170e-05
1.412793e+04	1.467799e-05
1.413410e+04	1.458480e-05
1.414027e+04	1.449213e-05
1.414644e+04	1.439998e-05
1.415261e+04	1.430834e-05
1.415878e+04	1.421722e-05
1.416495e+04	1.412660e-05
1.417112e+04	1.403650e-05
1.417729e+04	1.394690e-05
1.418346e+04	1.385780e-05
1.418963e+04	1.376921e-05
1.419580e+04	1.368112e-05
1.420197e+04	1.359352e-05
1.420814e+04	1.350641e-05
1.421431e+04	1.341980e-05
1.422047e+04	1.333368e-05
1.422664e+04	1.324805e-05
1.423281e+04	1.316290e-05
1.423898e+04	1.307823e-05
1.424515e+04	1.299404e-05
1.425132e+04	1.291034e-05
1.425749e+04	1.282710e-05
1.426366e+04	1.274435e-05
1.426983e+04	1.266206e-05
1.427600e+04	1.258024e-05
1.428217e+04	1.249889e-05
1.428834e+04	1.241801e-05
1.429451e+04	1.233758e-05
1.430068e+04	1.225762e-05
1.430685e+04	1.217812e-05
1.431302e+04	1.209907e-05
1.431919e+04	1.202048e-05
1.432535e+04	1.194233e-05
1.433152e+04	1.186464e-05
1.433769e+04	1.178740e-05
1.434386e+04	1.171060e-05
1.435003e+04	1.163424e-05
1.435620e+04	1.155832e-05
1.436237e+04	1.148284e-05
1.436854e+04	1.140780e-05
1.437471e+04	1.133320e-05
1.438088e+04	1.125902e-05
1.438705e+04	1.118528e-05
1.439322e+04	1.111197e-05
1.439939e+04	1.103908e-05
1.440556e+04	1.096661e-05
1.441173e+04	1.089457e-05
1.441790e+04	1.082295e-05
1.442407e+04	1.075174e-05
1.443023e+04	1.068095e-05
1.443640e+04	1.061058e-05
1.444257e+04	1.054061e-05
1.444874e+04	1.047106e-05
1.445491e+04	1.040191e-05
1.446108e+04	1.033317e-05
1.446725e+04	1.026483e-05
1.447342e+04	1.019690e-05
1.447959e+04	1.012936e-05
1.448576e+04	1.006223e-05
1.449193e+04	9.995484e-06
1.449810e+04	9.929136e-06
1.450427e+04	9.863179e-06
1.451044e+04	9.797613e-06
1.451661e+04	9.732434e-06
1.452278e+04	9.667641e-06
1.452894e+04	9.603233e-06
1.453511e+04	9.539206e-06
1.454128e+04	9.475560e-06
1.454745e+04	9.412291e-06
1.455362e+04	9.349400e-06
1.455979e+04	9.286882e-06
1.456596e+04	9.224738e-06
1.457213e+04	9.162964e-06
1.457830e+04	9.101559e-06
1.458447e+04	9.040520e-06
1.459064e+04	8.979847e-06
1.459681e+04	8.919537e-06
1.460298e+04	8.859589e-06
1.460915e+04	8.800000e-06
1.461532e+04	8.740769e-06
1.462149e+04	8.681893e-06
1.462766e+04	8.623372e-06
1.463382e+04	8.565203e-06
1.463999e+04	8.507385e-06
1.464616e+04	8.449915e-06
1.465233e+04	8.392792e-06
1.465850e+04	8.336014e-06
1.466467e+04	8.279579e-06
1.467084e+04	8.223486e-06
1.467701e+04	8.167733e-06
1.468318e+04	8.112318e-06
1.468935e+04	8.057239e-06
1.469552e+04	8.002494e-06
1.470169e+04	7.948083e-06
1.470786e+04	7.894002e-06
1.471403e+04	7.840251e-06
1.472020e+04	7.786827e-06
1.472637e+04	7.733730e-06
1.473254e+04	7.680956e-06
1.473870e+04	7.628505e-06
1.474487e+04	7.576375e-06
1.475104e+04	7.524564e-06
1.475721e+04	7.473071e-06
1.476338e+04	7.421893e-06
1.476955e+04	7.371030e-06
1.477572e+04	7.320479e-06
1.478189e+04	7.270239e-06
1.478806e+04	7.220308e-06
1.479423e+04	7.170684e-06
1.480040e+04	7.121367e-06
1.480657e+04	7.072354e-06
1.481274e+04	7.023644e-06
1.481891e+04	6.975235e-06
1.482508e+04	6.927125e-06
1.483125e+04	6.879313e-06
1.483742e+04	6.831798e-06
1.484358e+04	6.784577e-06
1.484975e+04	6.737650e-06
1.485592e+04	6.691014e-06
1.486209e+04	6.644668e-06
1.486826e+04	6.598611e-06
1.487443e+04	6.552841e-06
1.488060e+04	6.507356e-06
1.488677e+04	6.462155e-06
1.489294e+04	6.417236e-06
1.489911e+04	6.372598e-06
1.490528e+04	6.328240e-06
1.491145e+04	6.284159e-06
1.491762e+04	6.240355e-06
1.492379e+04	6.196825e-06
1.492996e+04	6.153569e-06
1.493613e+04	6.110584e-06
1.494229e+04	6.067870e-06
1.494846e+04	6.025425e-06
1.495463e+04	5.983247e-06
1.496080e+04	5.941335e-06
1.496697e+04	5.899688e-06
1.497314e+04	5.858304e-06
1.497931e+04	5.817181e-06
1.498548e+04	5.776319e-06
1.499165e+04	5.735715e-06
1.499782e+04	5.695369e-06
1.500399e+04	5.655279e-06
1.501016e+04	5.615443e-06
1.501633e+04	5.575860e-06
1.502250e+04	5.536529e-06
1.502867e+04	5.497449e-06
1.503484e+04	5.458617e-06
1.504101e+04	5.420033e-06
1.504717e+04	5.381695e-06
1.505334e+04	5.343602e-06
1.505951e+04	5.305753e-06
1.506568e+04	5.268146e-06
1.507185e+04	5.230779e-06
1.507802e+04	5.193652e-06
1.508419e+04	5.156763e-06
1.509036e+04	5.120111e-06
1.509653e+04	5.083694e-06
1.510270e+04	5.047511e-06
1.510887e+04	5.011561e-06
1.511504e+04	4.975843e-06
1.512121e+04	4.940355e-06
1.512738e+04	4.905096e-06
1.513355e+04	4.870065e-06
1.513972e+04	4.835260e-06
1.514589e+04	4.800680e-06
1.515205e+04	4.766323e-06
1.515822e+04	4.732190e-06
1.516439e+04	4.698277e-06
1.517056e+04	4.664585e-06
1.517673e+04	4.631112e-06
1.518290e+04	4.597856e-06
1.518907e+04	4.564816e-06
1.519524e+04	4.531991e-06
1.520141e+04	4.499381e-06
1.520758e+04	4.466983e-06
1.521375e+04	4.434796e-06
1.521992e+04	4.402820e-06
1.522609e+04	4.371052e-06
1.523226e+04	4.339493e-06
1.523843e+04	4.308140e-06
1.524460e+04	4.276993e-06
1.525077e+04	4.246049e-06
1.525693e+04	4.215309e-06
1.526310e+04	4.184771e-06
1.526927e+04	4.154434e-06
1.527544e+04	4.124296e-06
1.528161e+04	4.094357e-06
1.528778e+04	4.064615e-06
1.529395e+04	4.035069e-06
1.530012e+04	4.005718e-06
1.530629e+04	3.976561e-06
1.531246e+04	3.947597e-06
1.531863e+04	3.918824e-06
1.532480e+04	3.890243e-06
1.533097e+04	3.861850e-06
1.533714e+04	3.833646e-06
1.534331e+04	3.805629e-06
1.534948e+04	3.777798e-06
1.535565e+04	3.750152e-06
1.536181e+04	3.722691e-06
1.536798e+04	3.695412e-06
1.537415e+04	3.668315e-06
1.538032e+04	3.641398e-06
1.538649e+04	3.614662e-06
1.539266e+04	3.588104e-06
1.539883e+04	3.561723e-06
1.540500e+04	3.535519e-06
1.541117e+04	3.509491e-06
1.541734e+04	3.483637e-06
1.542351e+04	3.457956e-06
1.542968e+04	3.432448e-06
1.543585e+04	3.407112e-06
1.544202e+04	3.381945e-06
1.544819e+04	3.356948e-06
1.545436e+04	3.332119e-06
1.546052e+04	3.307458e-06
1.546669e+04	3.282963e-06
1.547286e+04	3.258633e-06
1.547903e+04	3.234468e-06
1.548520e+04	3.210466e-06
1.549137e+04	3.186627e-06
1.549754e+04	3.162949e-06
1.550371e+04	3.139431e-06
1.550988e+04	3.116073e-06
1.551605e+04	3.092873e-06
1.552222e+04	3.069831e-06
1.552839e+04	3.046946e-06
1.553456e+04	3.024217e-06
1.554073e+04	3.001642e-06
1.554690e+04	2.979221e-06
1.555307e+04	2.956953e-06
1.555924e+04	2.934837e-06
1.556540e+04	2.912872e-06
1.557157e+04	2.891057e-06
1.557774e+04	2.869391e-06
1.558391e+04	2.847874e-06
1.559008e+04	2.826504e-06
1.559625e+04	2.805280e-06
1.560242e+04	2.784203e-06
1.560859e+04	2.763270e-06
1.561476e+04	2.742481e-06
1.562093e+04	2.721835e-06
1.562710e+04	2.701331e-06
1.563327e+04	2.680968e-06
1.563944e+04	2.660746e-06
1.564561e+04	2.640663e-06
1.565178e+04	2.620719e-06
1.565795e+04	2.600912e-06
1.566412e+04	2.581243e-06
1.567028e+04	2.561710e-06
1.567645e+04	2.542312e-06
1.568262e+04	2.523048e-06
1.568879e+04	2.503918e-06
1.569496e+04	2.484921e-06
1.570113e+04	2.466056e-06
1.570730e+04	2.447322e-06
1.571347e+04	2.428719e-06
1.571964e+04	2.410244e-06
1.572581e+04	2.391899e-06
1.573198e+04	2.373682e-06
1.573815e+04	2.355592e-06
1.574432e+04	2.337628e-06
1.575049e+04	2.319789e-06
1.575666e+04	2.302076e-06
1.576283e+04	2.284486e-06
1.576900e+04	2.267020e-06
1.577516e+04	2.249676e-06
1.578133e+04	2.232454e-06
1.578750e+04	2.215353e-06
1.579367e+04	2.198372e-06
1.579984e+04	2.181510e-06
1.580601e+04	2.164767e-06
1.581218e+04	2.148142e-06
1.581835e+04	2.131634e-06
1.582452e+04	2.115243e-06
1.583069e+04	2.098967e-06
1.583686e+04	2.082806e-06
1.584303e+04	2.066759e-06
1.584920e+04	2.050826e-06
1.585537e+04	2.035006e-06
1.586154e+04	2.019298e-06
1.586771e+04	2.003701e-06
1.587387e+04	1.988215e-06
1.588004e+04	1.972839e-06
1.588621e+04	1.957572e-06
1.589238e+04	1.942414e-06
1.589855e+04	1.927364e-06
1.590472e+04	1.912420e-06
1.591089e+04	1.897584e-06
1.591706e+04	1.882853e-06
1.592323e+04	1.868227e-06
1.592940e+04	1.853706e-06
1.593557e+04	1.839288e-06
1.594174e+04	1.824974e-06
1.594791e+04	1.810762e-06
1.595408e+04	1.796652e-06
1.596025e+04	1.782643e-06
1.596642e+04	1.768735e-06
1.597259e+04	1.754927e-06
1.597875e+04	1.741217e-06
1.598492e+04	1.727607e-06
1.599109e+04	1.714094e-06
1.599726e+04	1.700679e-06
1.600343e+04	1.687360e-06
1.600960e+04	1.674137e-06
1.601577e+04	1.661010e-06
1.602194e+04	1.647978e-06
1.602811e+04	1.635039e-06
1.603428e+04	1.622195e-06
1.604045e+04	1.609443e-06
1.604662e+04	1.596784e-06
1.605279e+04	1.584216e-06
1.605896e+04	1.571740e-06
1.606513e+04	1.559354e-06
1.607130e+04	1.547058e-06
1.607747e+04	1.534852e-06
1.608363e+04	1.522734e-06
1.608980e+04	1.510705e-06
1.609597e+04	1.498763e-06
1.610214e+04	1.486909e-06
1.610831e+04	1.475140e-06
1.611448e+04	1.463458e-06
1.612065e+04	1.451861e-06
1.612682e+04	1.440349e-06
1.613299e+04	1.428921e-06
1.613916e+04	1.417577e-06
1.614533e+04	1.406316e-06
1.615150e+04	1.395138e-06
1.615767e+04	1.384041e-06
1.616384e+04	1.373026e-06
1.617001e+04	1.362092e-06
1.617618e+04	1.351239e-06
1.618235e+04	1.340465e-06
1.618851e+04	1.329771e-06
1.619468e+04	1.319155e-06
1.620085e+04	1.308618e-06
1.620702e+04	1.298159e-06
1.621319e+04	1.287777e-06
1.621936e+04	1.277471e-06
1.622553e+04	1.267242e-06
1.623170e+04	1.257089e-06
1.623787e+04	1.247010e-06
1.624404e+04	1.237007e-06
1.625021e+04	1.227077e-06
1.625638e+04	1.217222e-06
1.626255e+04	1.207439e-06
1.626872e+04	1.197729e-06
1.627489e+04	1.188092e-06
1.628106e+04	1.178526e-06
1.628722e+04	1.169032e-06
1.629339e+04	1.159608e-06
1.629956e+04	1.150254e-06
1.630573e+04	1.140971e-06
1.631190e+04	1.131756e-06
1.631807e+04	1.122611e-06
1.632424e+04	1.113534e-06
1.633041e+04	1.104525e-06
1.633658e+04	1.095583e-06
1.634275e+04	1.086709e-06
1.634892e+04	1.077901e-06
1.635509e+04	1.069159e-06
1.636126e+04	1.060483e-06
1.636743e+04	1.051872e-06
1.637360e+04	1.043326e-06
1.637977e+04	1.034844e-06
1.638594e+04	1.026426e-06
1.639210e+04	1.018072e-06
1.639827e+04	1.009780e-06
1.640444e+04	1.001552e-06
1.641061e+04	9.933849e-07
1.641678e+04	9.852800e-07
1.642295e+04	9.772363e-07
1.642912e+04	9.692536e-07
1.643529e+04	9.613313e-07
1.644146e+04	9.534691e-07
1.644763e+04	9.456666e-07
1.645380e+04	9.379232e-07
1.645997e+04	9.302387e-07
1.646614e+04	9.226126e-07
1.647231e+04	9.150445e-07
1.647848e+04	9.075340e-07
1.648465e+04	9.000808e-07
1.649082e+04	8.926843e-07
1.649698e+04	8.853443e-07
1.650315e+04	8.780603e-07
1.650932e+04	8.708319e-07
1.651549e+04	8.636587e-07
1.652166e+04	8.565405e-07
1.652783e+04	8.494767e-07
1.653400e+04	8.424670e-07
1.654017e+04	8.355111e-07
1.654634e+04	8.286085e-07
1.655251e+04	8.217588e-07
1.655868e+04	8.149618e-07
1.656485e+04	8.082170e-07
1.657102e+04	8.015241e-07
1.657719e+04	7.948827e-07
1.658336e+04	7.882925e-07
1.658953e+04	7.817530e-07
1.659570e+04	7.752640e-07
1.660186e+04	7.688250e-07
1.660803e+04	7.624358e-07
1.661420e+04	7.560959e-07
1.662037e+04	7.498050e-07
1.662654e+04	7.435629e-07
1.663271e+04	7.373690e-07
1.663888e+04	7.312232e-07
1.664505e+04	7.251250e-07
1.665122e+04	7.190741e-07
1.665739e+04	7.130702e-07
1.666356e+04	7.071129e-07
1.666973e+04	7.012020e-07
1.667590e+04	6.953370e-07
1.668207e+04	6.895177e-07
1.668824e+04	6.837438e-07
1.669441e+04	6.780148e-07
1.670057e+04	6.723306e-07
1.670674e+04	6.666907e-07
1.671291e+04	6.610948e-07
1.671908e+04	6.555427e-07
1.672525e+04	6.500340e-07
1.673142e+04	6.445685e-07
1.673759e+04	6.391457e-07
1.674376e+04	6.337654e-07
1.674993e+04	6.284274e-07
1.675610e+04	6.231312e-07
1.676227e+04	6.178766e-07
1.676844e+04	6.126633e-07
1.677461e+04	6.074910e-07
1.678078e+04	6.023594e-07
1.678695e+04	5.972682e-07
1.679312e+04	5.922171e-07
1.679929e+04	5.872059e-07
1.680545e+04	5.822341e-07
1.681162e+04	5.773016e-07
1.681779e+04	5.724081e-07
1.682396e+04	5.675533e-07
1.683013e+04	5.627369e-07
1.683630e+04	5.579586e-07
1.684247e+04	5.532181e-07
1.684864e+04	5.485152e-07
1.685481e+04	5.438497e-07
1.686098e+04	5.392211e-07
1.686715e+04	5.346293e-07
1.687332e+04	5.300740e-07
1.687949e+04	5.255549e-07
1.688566e+04	5.210718e-07
1.689183e+04	5.166244e-07
1.689800e+04	5.122124e-07
1.690417e+04	5.078356e-07
1.691033e+04	5.034937e-07
1.691650e+04	4.991864e-07
1.692267e+04	4.949136e-07
1.692884e+04	4.906749e-07
1.693501e+04	4.864702e-07
1.694118e+04	4.822991e-07
1.694735e+04	4.781614e-07
1.695352e+04	4.740568e-07
1.695969e+04	4.699852e-07
1.696586e+04	4.659463e-07
1.697203e+04	4.619398e-07
1.697820e+04	4.579654e-07
1.698437e+04	4.540231e-07
1.699054e+04	4.501124e-07
1.699671e+04	4.462333e-07
1.700288e+04	4.423854e-07
1.700905e+04	4.385685e-07
1.701521e+04	4.347824e-07
1.702138e+04	4.310268e-07
1.702755e+04	4.273016e-07
1.703372e+04	4.236066e-07
1.703989e+04	4.199413e-07
1.704606e+04	4.163058e-07
1.705223e+04	4.126997e-07
1.705840e+04	4.091228e-07
1.706457e+04	4.055749e-07
1.707074e+04	4.020558e-07
1.707691e+04	3.985653e-07
1.708308e+04	3.951031e-07
1.708925e+04	3.916691e-07
1.709542e+04	3.882630e-07
1.710159e+04	3.848846e-07
1.710776e+04	3.815338e-07
1.711392e+04	3.782102e-07
1.712009e+04	3.749138e-07
1.712626e+04	3.716443e-07
1.713243e+04	3.684014e-07
1.713860e+04	3.651851e-07
1.714477e+04	3.619950e-07
1.715094e+04	3.588311e-07
1.715711e+04	3.556930e-07
1.716328e+04	3.525807e-07
1.716945e+04	3.494938e-07
1.717562e+04	3.464323e-07
1.718179e+04	3.433959e-07
1.718796e+04	3.403845e-07
1.719413e+04	3.373978e-07
1.720030e+04	3.344356e-07
1.720647e+04	3.314979e-07
1.721264e+04	3.285843e-07
1.721880e+04	3.256947e-07
1.722497e+04	3.228289e-07
1.723114e+04	3.199868e-07
1.723731e+04	3.171681e-07
1.724348e+04	3.143728e-07
1.724965e+04	3.116005e-07
1.725582e+04	3.088511e-07
1.726199e+04	3.061245e-07
1.726816e+04	3.034205e-07
1.727433e+04	3.007388e-07
1.728050e+04	2.980795e-07
1.728667e+04	2.954421e-07
1.729284e+04	2.928267e-07
1.729901e+04	2.902329e-07
1.730518e+04	2.876608e-07
1.731135e+04	2.851100e-07
1.731752e+04	2.825805e-07
1.732368e+04	2.800720e-07
1.732985e+04	2.775844e-07
1.733602e+04	2.751175e-07
1.734219e+04	2.726713e-07
1.734836e+04	2.702454e-07
1.735453e+04	2.678398e-07
1.736070e+04	2.654544e-07
1.736687e+04	2.630888e-07
1.737304e+04	2.607431e-07
1.737921e+04	2.584170e-07
1.738538e+04	2.561104e-07
1.739155e+04	2.538231e-07
1.739772e+04	2.515551e-07
1.740389e+04	2.493060e-07
1.741006e+04	2.470759e-07
1.741623e+04	2.448645e-07
1.742240e+04	2.426716e-07
1.742856e+04	2.404973e-07
1.743473e+04	2.383412e-07
1.744090e+04	2.362034e-07
1.744707e+04	2.340835e-07
1.745324e+04	2.319815e-07
1.745941e+04	2.298973e-07
1.746558e+04	2.278306e-07
1.747175e+04	2.257815e-07
1.747792e+04	2.237496e-07
1.748409e+04	2.217350e-07
1.749026e+04	2.197374e-07
1.749643e+04	2.177567e-07
1.750260e+04	2.157928e-07
1.750877e+04	2.138456e-07
1.751494e+04	2.119149e-07
1.752111e+04	2.100006e-07
1.752728e+04	2.081026e-07
1.753344e+04	2.062207e-07
1.753961e+04	2.043548e-07
1.754578e+04	2.025048e-07
1.755195e+04	2.006706e-07
1.755812e+04	1.988520e-07
1.756429e+04	1.970489e-07
1.757046e+04	1.952612e-07
1.757663e+04	1.934888e-07
1.758280e+04	1.917315e-07
1.758897e+04	1.899892e-07
1.759514e+04	1.882618e-07
1.760131e+04	1.865492e-07
1.760748e+04	1.848513e-07
1.761365e+04	1.831680e-07
1.761982e+04	1.814990e-07
1.762599e+04	1.798444e-07
1.763215e+04	1.782040e-07
1.763832e+04	1.765777e-07
1.764449e+04	1.749654e-07
1.765066e+04	1.733669e-07
1.765683e+04	1.717822e-07
1.766300e+04	1.702112e-07
1.766917e+04	1.686537e-07
1.767534e+04	1.671096e-07
1.768151e+04	1.655788e-07
1.768768e+04	1.640612e-07
1.769385e+04	1.625568e-07
1.770002e+04	1.610653e-07
1.770619e+04	1.595868e-07
1.771236e+04	1.581210e-07
1.771853e+04	1.566680e-07
1.772470e+04	1.552275e-07
1.773087e+04	1.537995e-07
1.773703e+04	1.523839e-07
1.774320e+04	1.509806e-07
1.774937e+04	1.495895e-07
1.775554e+04	1.482104e-07
1.776171e+04	1.468434e-07
1.776788e+04	1.454882e-07
1.777405e+04	1.441448e-07
1.778022e+04	1.428132e-07
1.778639e+04	1.414931e-07
1.779256e+04	1.401845e-07
1.779873e+04	1.388874e-07
1.780490e+04	1.376016e-07
1.781107e+04	1.363270e-07
1.781724e+04	1.350636e-07
1.782341e+04	1.338112e-07
1.782958e+04	1.325698e-07
1.783575e+04	1.313392e-07
1.784191e+04	1.301195e-07
1.784808e+04	1.289104e-07
1.785425e+04	1.277119e-07
1.786042e+04	1.265239e-07
1.786659e+04	1.253464e-07
1.787276e+04	1.241792e-07
1.787893e+04	1.230223e-07
1.788510e+04	1.218756e-07
1.789127e+04	1.207389e-07
1.789744e+04	1.196123e-07
1.790361e+04	1.184956e-07
1.790978e+04	1.173887e-07
1.791595e+04	1.162917e-07
1.792212e+04	1.152043e-07
1.792829e+04	1.141265e-07
1.793446e+04	1.130582e-07
1.794063e+04	1.119994e-07
1.794679e+04	1.109499e-07
1.795296e+04	1.099097e-07
1.795913e+04	1.088788e-07
1.796530e+04	1.078570e-07
1.797147e+04	1.068442e-07
1.797764e+04	1.058405e-07
1.798381e+04	1.048456e-07
1.798998e+04	1.038596e-07
1.799615e+04	1.028824e-07
1.800232e+04	1.019138e-07
1.800849e+04	1.009539e-07
1.801466e+04	1.000025e-07
1.802083e+04	9.905963e-08
1.802700e+04	9.812514e-08
1.803317e+04	9.719898e-08
1.803934e+04	9.628109e-08
1.804550e+04	9.537140e-08
1.805167e+04	9.446984e-08
1.805784e+04	9.357633e-08
1.806401e+04	9.269083e-08
1.807018e+04	9.181325e-08
1.807635e+04	9.094353e-08
1.808252e+04	9.008161e-08
1.808869e+04	8.922741e-08
1.809486e+04	8.838088e-08
1.810103e+04	8.754195e-08
1.810720e+04	8.671056e-08
1.811337e+04	8.588663e-08
1.811954e+04	8.507012e-08
1.812571e+04	8.426096e-08
1.813188e+04	8.345908e-08
1.813805e+04	8.266442e-08
1.814422e+04	8.187693e-08
1.815038e+04	8.109654e-08
1.815655e+04	8.032319e-08
1.816272e+04	7.955683e-08
1.816889e+04	7.879739e-08
1.817506e+04	7.804481e-08
1.818123e+04	7.729904e-08
1.818740e+04	7.656002e-08
1.819357e+04	7.582769e-08
1.819974e+04	7.510200e-08
1.820591e+04	7.438288e-08
1.821208e+04	7.367029e-08
1.821825e+04	7.296416e-08
1.822442e+04	7.226445e-08
1.823059e+04	7.157109e-08
1.823676e+04	7.088404e-08
1.824293e+04	7.020324e-08
1.824910e+04	6.952863e-08
1.825526e+04	6.886017e-08
1.826143e+04	6.819779e-08
1.826760e+04	6.754146e-08
1.827377e+04	6.689111e-08
1.827994e+04	6.624670e-08
1.828611e+04	6.560817e-08
1.829228e+04	6.497548e-08
1.829845e+04	6.434857e-08
1.830462e+04	6.372740e-08
1.831079e+04	6.311191e-08
1.831696e+04	6.250206e-08
1.832313e+04	6.189779e-08
1.832930e+04	6.129907e-08
1.833547e+04	6.070584e-08
1.834164e+04	6.011805e-08
1.834781e+04	5.953566e-08
1.835398e+04	5.895862e-08
1.836014e+04	5.838689e-08
1.836631e+04	5.782042e-08
1.837248e+04	5.725916e-08
1.837865e+04	5.670307e-08
1.838482e+04	5.615210e-08
1.839099e+04	5.560622e-08
1.839716e+04	5.506536e-08
1.840333e+04	5.452950e-08
1.840950e+04	5.399859e-08
1.841567e+04	5.347259e-08
1.842184e+04	5.295144e-08
1.842801e+04	5.243512e-08
1.843418e+04	5.192358e-08
1.844035e+04	5.141677e-08
1.844652e+04	5.091466e-08
1.845269e+04	5.041721e-08
1.845885e+04	4.992437e-08
1.846502e+04	4.943610e-08
1.847119e+04	4.895237e-08
1.847736e+04	4.847313e-08
1.848353e+04	4.799835e-08
1.848970e+04	4.752798e-08
1.849587e+04	4.706199e-08
1.850204e+04	4.660034e-08
1.850821e+04	4.614299e-08
1.851438e+04	4.568991e-08
1.852055e+04	4.524105e-08
1.852672e+04	4.479638e-08
1.853289e+04	4.435586e-08
1.853906e+04	4.391945e-08
1.854523e+04	4.348713e-08
1.855140e+04	4.305885e-08
1.855757e+04	4.263458e-08
1.856373e+04	4.221428e-08
1.856990e+04	4.179791e-08
1.857607e+04	4.138545e-08
1.858224e+04	4.097686e-08
1.858841e+04	4.057211e-08
1.859458e+04	4.017115e-08
1.860075e+04	3.977396e-08
1.860692e+04	3.938050e-08
1.861309e+04	3.899074e-08
1.861926e+04	3.860465e-08
1.862543e+04	3.822220e-08
1.863160e+04	3.784334e-08
1.863777e+04	3.746806e-08
1.864394e+04	3.709632e-08
1.865011e+04	3.672808e-08
1.865628e+04	3.636332e-08
1.866245e+04	3.600200e-08
1.866861e+04	3.564410e-08
1.867478e+04	3.528959e-08
1.868095e+04	3.493842e-08
1.868712e+04	3.459059e-08
1.869329e+04	3.424604e-08
1.869946e+04	3.390476e-08
1.870563e+04	3.356672e-08
1.871180e+04	3.323188e-08
1.871797e+04	3.290022e-08
1.872414e+04	3.257171e-08
1.873031e+04	3.224632e-08
1.873648e+04	3.192403e-08
1.874265e+04	3.160480e-08
1.874882e+04	3.128861e-08
1.875499e+04	3.097542e-08
1.876116e+04	3.066523e-08
1.876733e+04	3.035799e-08
1.877349e+04	3.005368e-08
1.877966e+04	2.975227e-08
1.878583e+04	2.945374e-08
1.879200e+04	2.915806e-08
1.879817e+04	2.886521e-08
1.880434e+04	2.857516e-08
1.881051e+04	2.828789e-08
1.881668e+04	2.800336e-08
1.882285e+04	2.772156e-08
1.882902e+04	2.744246e-08
1.883519e+04	2.716604e-08
1.884136e+04	2.689227e-08
1.884753e+04	2.662112e-08
1.885370e+04	2.635258e-08
1.885987e+04	2.608662e-08
1.886604e+04	2.582322e-08
1.887220e+04	2.556235e-08
1.887837e+04	2.530399e-08
1.888454e+04	2.504812e-08
1.889071e+04	2.479472e-08
1.889688e+04	2.454375e-08
1.890305e+04	2.429521e-08
1.890922e+04	2.404907e-08
1.891539e+04	2.380530e-08
1.892156e+04	2.356389e-08
1.892773e+04	2.332481e-08
1.893390e+04	2.308804e-08
1.894007e+04	2.285357e-08
1.894624e+04	2.262136e-08
1.895241e+04	2.239140e-08
1.895858e+04	2.216367e-08
1.896475e+04	2.193815e-08
1.897092e+04	2.171482e-08
1.897708e+04	2.149365e-08
1.898325e+04	2.127463e-08
1.898942e+04	2.105774e-08
1.899559e+04	2.084296e-08
1.900176e+04	2.063027e-08
1.900793e+04	2.041965e-08
1.901410e+04	2.021107e-08
1.902027e+04	2.000453e-08
1.902644e+04	1.980001e-08
1.903261e+04	1.959747e-08
1.903878e+04	1.939692e-08
1.904495e+04	1.919832e-08
1.905112e+04	1.900166e-08
1.905729e+04	1.880692e-08
1.906346e+04	1.861409e-08
1.906963e+04	1.842314e-08
1.907580e+04	1.823406e-08
1.908196e+04	1.804684e-08
1.908813e+04	1.786145e-08
1.909430e+04	1.767787e-08
1.910047e+04	1.749610e-08
1.910664e+04	1.731611e-08
1.911281e+04	1.713789e-08
1.911898e+04	1.696141e-08
1.912515e+04	1.678668e-08
1.913132e+04	1.661366e-08
1.913749e+04	1.644234e-08
1.914366e+04	1.627271e-08
1.914983e+04	1.610475e-08
1.915600e+04	1.593844e-08
1.916217e+04	1.577378e-08
1.916834e+04	1.561074e-08
1.917451e+04	1.544931e-08
1.918068e+04	1.528947e-08
1.918684e+04	1.513121e-08
1.919301e+04	1.497451e-08
1.919918e+04	1.481937e-08
1.920535e+04	1.466576e-08
1.921152e+04	1.451367e-08
1.921769e+04	1.436309e-08
1.922386e+04	1.421400e-08
1.923003e+04	1.406639e-08
1.923620e+04	1.392024e-08
1.924237e+04	1.377554e-08
1.924854e+04	1.363228e-08
1.925471e+04	1.349045e-08
1.926088e+04	1.335002e-08
1.926705e+04	1.321099e-08
