# # p(y | x = 8.200000e-02)
# # y_val	p(y|x)
0.000000e+00	4.692270e-05
6.169403e+00	4.718106e-05
1.233881e+01	4.744060e-05
1.850821e+01	4.770133e-05
2.467761e+01	4.796324e-05
3.084702e+01	4.822635e-05
3.701642e+01	4.849066e-05
4.318582e+01	4.875616e-05
4.935523e+01	4.902287e-05
5.552463e+01	4.929079e-05
6.169403e+01	4.955992e-05
6.786344e+01	4.983026e-05
7.403284e+01	5.010182e-05
8.020224e+01	5.037461e-05
8.637165e+01	5.064862e-05
9.254105e+01	5.092387e-05
9.871045e+01	5.120035e-05
1.048799e+02	5.147807e-05
1.110493e+02	5.175703e-05
1.172187e+02	5.203724e-05
1.233881e+02	5.231869e-05
1.295575e+02	5.260141e-05
1.357269e+02	5.288538e-05
1.418963e+02	5.317061e-05
1.480657e+02	5.345711e-05
1.542351e+02	5.374488e-05
1.604045e+02	5.403392e-05
1.665739e+02	5.432424e-05
1.727433e+02	5.461585e-05
1.789127e+02	5.490873e-05
1.850821e+02	5.520291e-05
1.912515e+02	5.549838e-05
1.974209e+02	5.579515e-05
2.035903e+02	5.609322e-05
2.097597e+02	5.639259e-05
2.159291e+02	5.669328e-05
2.220985e+02	5.699527e-05
2.282679e+02	5.729858e-05
2.344373e+02	5.760322e-05
2.406067e+02	5.790918e-05
2.467761e+02	5.821646e-05
2.529455e+02	5.852508e-05
2.591149e+02	5.883504e-05
2.652843e+02	5.914633e-05
2.714537e+02	5.945897e-05
2.776232e+02	5.977296e-05
2.837926e+02	6.008830e-05
2.899620e+02	6.040499e-05
2.961314e+02	6.072305e-05
3.023008e+02	6.104247e-05
3.084702e+02	6.136325e-05
3.146396e+02	6.168541e-05
3.208090e+02	6.200895e-05
3.269784e+02	6.233386e-05
3.331478e+02	6.266015e-05
3.393172e+02	6.298784e-05
3.454866e+02	6.331691e-05
3.516560e+02	6.364738e-05
3.578254e+02	6.397925e-05
3.639948e+02	6.431252e-05
3.701642e+02	6.464720e-05
3.763336e+02	6.498329e-05
3.825030e+02	6.532079e-05
3.886724e+02	6.565971e-05
3.948418e+02	6.600005e-05
4.010112e+02	6.634182e-05
4.071806e+02	6.668502e-05
4.133500e+02	6.702965e-05
4.195194e+02	6.737573e-05
4.256888e+02	6.772324e-05
4.318582e+02	6.807220e-05
4.380276e+02	6.842260e-05
4.441970e+02	6.877447e-05
4.503664e+02	6.912778e-05
4.565359e+02	6.948256e-05
4.627053e+02	6.983881e-05
4.688747e+02	7.019652e-05
4.750441e+02	7.055571e-05
4.812135e+02	7.091637e-05
4.873829e+02	7.127852e-05
4.935523e+02	7.164214e-05
4.997217e+02	7.200726e-05
5.058911e+02	7.237387e-05
5.120605e+02	7.274197e-05
5.182299e+02	7.311158e-05
5.243993e+02	7.348268e-05
5.305687e+02	7.385530e-05
5.367381e+02	7.422942e-05
5.429075e+02	7.460507e-05
5.490769e+02	7.498223e-05
5.552463e+02	7.536091e-05
5.614157e+02	7.574112e-05
5.675851e+02	7.612286e-05
5.737545e+02	7.650613e-05
5.799239e+02	7.689094e-05
5.860933e+02	7.727730e-05
5.922627e+02	7.766520e-05
5.984321e+02	7.805465e-05
6.046015e+02	7.844565e-05
6.107709e+02	7.883821e-05
6.169403e+02	7.923233e-05
6.231097e+02	7.962801e-05
6.292791e+02	8.002527e-05
6.354485e+02	8.042409e-05
6.416180e+02	8.082449e-05
6.477874e+02	8.122647e-05
6.539568e+02	8.163004e-05
6.601262e+02	8.203519e-05
6.662956e+02	8.244193e-05
6.724650e+02	8.285027e-05
6.786344e+02	8.326020e-05
6.848038e+02	8.367174e-05
6.909732e+02	8.408488e-05
6.971426e+02	8.449963e-05
7.033120e+02	8.491600e-05
7.094814e+02	8.533398e-05
7.156508e+02	8.575358e-05
7.218202e+02	8.617481e-05
7.279896e+02	8.659767e-05
7.341590e+02	8.702215e-05
7.403284e+02	8.744827e-05
7.464978e+02	8.787603e-05
7.526672e+02	8.830544e-05
7.588366e+02	8.873649e-05
7.650060e+02	8.916919e-05
7.711754e+02	8.960354e-05
7.773448e+02	9.003955e-05
7.835142e+02	9.047722e-05
7.896836e+02	9.091655e-05
7.958530e+02	9.135756e-05
8.020224e+02	9.180023e-05
8.081918e+02	9.224458e-05
8.143612e+02	9.269061e-05
8.205306e+02	9.313832e-05
8.267001e+02	9.358771e-05
8.328695e+02	9.403880e-05
8.390389e+02	9.449157e-05
8.452083e+02	9.494605e-05
8.513777e+02	9.540222e-05
8.575471e+02	9.586010e-05
8.637165e+02	9.631968e-05
8.698859e+02	9.678098e-05
8.760553e+02	9.724399e-05
8.822247e+02	9.770871e-05
8.883941e+02	9.817516e-05
8.945635e+02	9.864333e-05
9.007329e+02	9.911322e-05
9.069023e+02	9.958485e-05
9.130717e+02	1.000582e-04
9.192411e+02	1.005333e-04
9.254105e+02	1.010102e-04
9.315799e+02	1.014887e-04
9.377493e+02	1.019691e-04
9.439187e+02	1.024512e-04
9.500881e+02	1.029350e-04
9.562575e+02	1.034206e-04
9.624269e+02	1.039080e-04
9.685963e+02	1.043971e-04
9.747657e+02	1.048880e-04
9.809351e+02	1.053807e-04
9.871045e+02	1.058751e-04
9.932739e+02	1.063713e-04
9.994433e+02	1.068693e-04
1.005613e+03	1.073691e-04
1.011782e+03	1.078707e-04
1.017952e+03	1.083740e-04
1.024121e+03	1.088792e-04
1.030290e+03	1.093861e-04
1.036460e+03	1.098949e-04
1.042629e+03	1.104055e-04
1.048799e+03	1.109178e-04
1.054968e+03	1.114320e-04
1.061137e+03	1.119480e-04
1.067307e+03	1.124658e-04
1.073476e+03	1.129854e-04
1.079646e+03	1.135069e-04
1.085815e+03	1.140301e-04
1.091984e+03	1.145552e-04
1.098154e+03	1.150822e-04
1.104323e+03	1.156109e-04
1.110493e+03	1.161415e-04
1.116662e+03	1.166740e-04
1.122831e+03	1.172083e-04
1.129001e+03	1.177444e-04
1.135170e+03	1.182824e-04
1.141340e+03	1.188222e-04
1.147509e+03	1.193639e-04
1.153678e+03	1.199075e-04
1.159848e+03	1.204529e-04
1.166017e+03	1.210002e-04
1.172187e+03	1.215493e-04
1.178356e+03	1.221003e-04
1.184525e+03	1.226532e-04
1.190695e+03	1.232080e-04
1.196864e+03	1.237647e-04
1.203034e+03	1.243232e-04
1.209203e+03	1.248836e-04
1.215372e+03	1.254459e-04
1.221542e+03	1.260101e-04
1.227711e+03	1.265762e-04
1.233881e+03	1.271441e-04
1.240050e+03	1.277140e-04
1.246219e+03	1.282858e-04
1.252389e+03	1.288595e-04
1.258558e+03	1.294350e-04
1.264728e+03	1.300125e-04
1.270897e+03	1.305919e-04
1.277066e+03	1.311733e-04
1.283236e+03	1.317565e-04
1.289405e+03	1.323416e-04
1.295575e+03	1.329287e-04
1.301744e+03	1.335177e-04
1.307914e+03	1.341086e-04
1.314083e+03	1.347015e-04
1.320252e+03	1.352963e-04
1.326422e+03	1.358930e-04
1.332591e+03	1.364917e-04
1.338761e+03	1.370922e-04
1.344930e+03	1.376948e-04
1.351099e+03	1.382993e-04
1.357269e+03	1.389057e-04
1.363438e+03	1.395141e-04
1.369608e+03	1.401244e-04
1.375777e+03	1.407367e-04
1.381946e+03	1.413509e-04
1.388116e+03	1.419671e-04
1.394285e+03	1.425852e-04
1.400455e+03	1.432053e-04
1.406624e+03	1.438274e-04
1.412793e+03	1.444515e-04
1.418963e+03	1.450775e-04
1.425132e+03	1.457055e-04
1.431302e+03	1.463354e-04
1.437471e+03	1.469673e-04
1.443640e+03	1.476013e-04
1.449810e+03	1.482371e-04
1.455979e+03	1.488750e-04
1.462149e+03	1.495149e-04
1.468318e+03	1.501567e-04
1.474487e+03	1.508005e-04
1.480657e+03	1.514463e-04
1.486826e+03	1.520941e-04
1.492996e+03	1.527439e-04
1.499165e+03	1.533957e-04
1.505334e+03	1.540495e-04
1.511504e+03	1.547053e-04
1.517673e+03	1.553631e-04
1.523843e+03	1.560228e-04
1.530012e+03	1.566846e-04
1.536181e+03	1.573484e-04
1.542351e+03	1.580142e-04
1.548520e+03	1.586820e-04
1.554690e+03	1.593519e-04
1.560859e+03	1.600237e-04
1.567028e+03	1.606975e-04
1.573198e+03	1.613734e-04
1.579367e+03	1.620513e-04
1.585537e+03	1.627312e-04
1.591706e+03	1.634131e-04
1.597875e+03	1.640970e-04
1.604045e+03	1.647830e-04
1.610214e+03	1.654710e-04
1.616384e+03	1.661610e-04
1.622553e+03	1.668530e-04
1.628722e+03	1.675471e-04
1.634892e+03	1.682432e-04
1.641061e+03	1.689413e-04
1.647231e+03	1.696415e-04
1.653400e+03	1.703437e-04
1.659570e+03	1.710479e-04
1.665739e+03	1.717542e-04
1.671908e+03	1.724625e-04
1.678078e+03	1.731728e-04
1.684247e+03	1.738852e-04
1.690417e+03	1.745996e-04
1.696586e+03	1.753161e-04
1.702755e+03	1.760346e-04
1.708925e+03	1.767552e-04
1.715094e+03	1.774778e-04
1.721264e+03	1.782024e-04
1.727433e+03	1.789291e-04
1.733602e+03	1.796579e-04
1.739772e+03	1.803887e-04
1.745941e+03	1.811215e-04
1.752111e+03	1.818564e-04
1.758280e+03	1.825933e-04
1.764449e+03	1.833323e-04
1.770619e+03	1.840734e-04
1.776788e+03	1.848165e-04
1.782958e+03	1.855616e-04
1.789127e+03	1.863088e-04
1.795296e+03	1.870581e-04
1.801466e+03	1.878094e-04
1.807635e+03	1.885628e-04
1.813805e+03	1.893183e-04
1.819974e+03	1.900758e-04
1.826143e+03	1.908353e-04
1.832313e+03	1.915969e-04
1.838482e+03	1.923606e-04
1.844652e+03	1.931263e-04
1.850821e+03	1.938941e-04
1.856990e+03	1.946640e-04
1.863160e+03	1.954359e-04
1.869329e+03	1.962099e-04
1.875499e+03	1.969859e-04
1.881668e+03	1.977640e-04
1.887837e+03	1.985442e-04
1.894007e+03	1.993264e-04
1.900176e+03	2.001107e-04
1.906346e+03	2.008970e-04
1.912515e+03	2.016855e-04
1.918684e+03	2.024759e-04
1.924854e+03	2.032685e-04
1.931023e+03	2.040631e-04
1.937193e+03	2.048597e-04
1.943362e+03	2.056585e-04
1.949531e+03	2.064592e-04
1.955701e+03	2.072621e-04
1.961870e+03	2.080670e-04
1.968040e+03	2.088740e-04
1.974209e+03	2.096830e-04
1.980378e+03	2.104941e-04
1.986548e+03	2.113073e-04
1.992717e+03	2.121225e-04
1.998887e+03	2.129398e-04
2.005056e+03	2.137591e-04
2.011226e+03	2.145805e-04
2.017395e+03	2.154040e-04
2.023564e+03	2.162295e-04
2.029734e+03	2.170570e-04
2.035903e+03	2.178867e-04
2.042073e+03	2.187184e-04
2.048242e+03	2.195521e-04
2.054411e+03	2.203879e-04
2.060581e+03	2.212258e-04
2.066750e+03	2.220657e-04
2.072920e+03	2.229076e-04
2.079089e+03	2.237516e-04
2.085258e+03	2.245977e-04
2.091428e+03	2.254458e-04
2.097597e+03	2.262960e-04
2.103767e+03	2.271482e-04
2.109936e+03	2.280024e-04
2.116105e+03	2.288588e-04
2.122275e+03	2.297171e-04
2.128444e+03	2.305775e-04
2.134614e+03	2.314399e-04
2.140783e+03	2.323044e-04
2.146952e+03	2.331710e-04
2.153122e+03	2.340395e-04
2.159291e+03	2.349101e-04
2.165461e+03	2.357828e-04
2.171630e+03	2.366574e-04
2.177799e+03	2.375342e-04
2.183969e+03	2.384129e-04
2.190138e+03	2.392937e-04
2.196308e+03	2.401765e-04
2.202477e+03	2.410613e-04
2.208646e+03	2.419482e-04
2.214816e+03	2.428371e-04
2.220985e+03	2.437280e-04
2.227155e+03	2.446209e-04
2.233324e+03	2.455159e-04
2.239493e+03	2.464128e-04
2.245663e+03	2.473118e-04
2.251832e+03	2.482128e-04
2.258002e+03	2.491159e-04
2.264171e+03	2.500209e-04
2.270340e+03	2.509279e-04
2.276510e+03	2.518370e-04
2.282679e+03	2.527480e-04
2.288849e+03	2.536611e-04
2.295018e+03	2.545761e-04
2.301187e+03	2.554932e-04
2.307357e+03	2.564123e-04
2.313526e+03	2.573333e-04
2.319696e+03	2.582564e-04
2.325865e+03	2.591814e-04
2.332034e+03	2.601084e-04
2.338204e+03	2.610374e-04
2.344373e+03	2.619684e-04
2.350543e+03	2.629014e-04
2.356712e+03	2.638363e-04
2.362881e+03	2.647733e-04
2.369051e+03	2.657122e-04
2.375220e+03	2.666530e-04
2.381390e+03	2.675959e-04
2.387559e+03	2.685407e-04
2.393729e+03	2.694874e-04
2.399898e+03	2.704362e-04
2.406067e+03	2.713869e-04
2.412237e+03	2.723395e-04
2.418406e+03	2.732941e-04
2.424576e+03	2.742506e-04
2.430745e+03	2.752091e-04
2.436914e+03	2.761695e-04
2.443084e+03	2.771319e-04
2.449253e+03	2.780962e-04
2.455423e+03	2.790625e-04
2.461592e+03	2.800306e-04
2.467761e+03	2.810007e-04
2.473931e+03	2.819727e-04
2.480100e+03	2.829467e-04
2.486270e+03	2.839225e-04
2.492439e+03	2.849003e-04
2.498608e+03	2.858800e-04
2.504778e+03	2.868616e-04
2.510947e+03	2.878451e-04
2.517117e+03	2.888305e-04
2.523286e+03	2.898178e-04
2.529455e+03	2.908070e-04
2.535625e+03	2.917980e-04
2.541794e+03	2.927910e-04
2.547964e+03	2.937858e-04
2.554133e+03	2.947826e-04
2.560302e+03	2.957812e-04
2.566472e+03	2.967816e-04
2.572641e+03	2.977840e-04
2.578811e+03	2.987882e-04
2.584980e+03	2.997942e-04
2.591149e+03	3.008021e-04
2.597319e+03	3.018119e-04
2.603488e+03	3.028235e-04
2.609658e+03	3.038370e-04
2.615827e+03	3.048523e-04
2.621996e+03	3.058694e-04
2.628166e+03	3.068883e-04
2.634335e+03	3.079091e-04
2.640505e+03	3.089317e-04
2.646674e+03	3.099561e-04
2.652843e+03	3.109824e-04
2.659013e+03	3.120104e-04
2.665182e+03	3.130403e-04
2.671352e+03	3.140719e-04
2.677521e+03	3.151053e-04
2.683690e+03	3.161406e-04
2.689860e+03	3.171776e-04
2.696029e+03	3.182164e-04
2.702199e+03	3.192570e-04
2.708368e+03	3.202993e-04
2.714537e+03	3.213434e-04
2.720707e+03	3.223893e-04
2.726876e+03	3.234369e-04
2.733046e+03	3.244863e-04
2.739215e+03	3.255374e-04
2.745385e+03	3.265902e-04
2.751554e+03	3.276448e-04
2.757723e+03	3.287012e-04
2.763893e+03	3.297592e-04
2.770062e+03	3.308190e-04
2.776232e+03	3.318805e-04
2.782401e+03	3.329437e-04
2.788570e+03	3.340086e-04
2.794740e+03	3.350752e-04
2.800909e+03	3.361435e-04
2.807079e+03	3.372135e-04
2.813248e+03	3.382852e-04
2.819417e+03	3.393585e-04
2.825587e+03	3.404335e-04
2.831756e+03	3.415102e-04
2.837926e+03	3.425885e-04
2.844095e+03	3.436685e-04
2.850264e+03	3.447502e-04
2.856434e+03	3.458335e-04
2.862603e+03	3.469184e-04
2.868773e+03	3.480049e-04
2.874942e+03	3.490931e-04
2.881111e+03	3.501829e-04
2.887281e+03	3.512743e-04
2.893450e+03	3.523673e-04
2.899620e+03	3.534619e-04
2.905789e+03	3.545582e-04
2.911958e+03	3.556560e-04
2.918128e+03	3.567553e-04
2.924297e+03	3.578563e-04
2.930467e+03	3.589588e-04
2.936636e+03	3.600629e-04
2.942805e+03	3.611685e-04
2.948975e+03	3.622757e-04
2.955144e+03	3.633845e-04
2.961314e+03	3.644947e-04
2.967483e+03	3.656065e-04
2.973652e+03	3.667198e-04
2.979822e+03	3.678347e-04
2.985991e+03	3.689510e-04
2.992161e+03	3.700689e-04
2.998330e+03	3.711882e-04
3.004499e+03	3.723091e-04
3.010669e+03	3.734314e-04
3.016838e+03	3.745552e-04
3.023008e+03	3.756804e-04
3.029177e+03	3.768072e-04
3.035346e+03	3.779353e-04
3.041516e+03	3.790649e-04
3.047685e+03	3.801960e-04
3.053855e+03	3.813285e-04
3.060024e+03	3.824624e-04
3.066193e+03	3.835978e-04
3.072363e+03	3.847345e-04
3.078532e+03	3.858726e-04
3.084702e+03	3.870122e-04
3.090871e+03	3.881531e-04
3.097040e+03	3.892954e-04
3.103210e+03	3.904391e-04
3.109379e+03	3.915842e-04
3.115549e+03	3.927306e-04
3.121718e+03	3.938783e-04
3.127888e+03	3.950274e-04
3.134057e+03	3.961779e-04
3.140226e+03	3.973296e-04
3.146396e+03	3.984827e-04
3.152565e+03	3.996371e-04
3.158735e+03	4.007928e-04
3.164904e+03	4.019497e-04
3.171073e+03	4.031080e-04
3.177243e+03	4.042676e-04
3.183412e+03	4.054284e-04
3.189582e+03	4.065905e-04
3.195751e+03	4.077538e-04
3.201920e+03	4.089184e-04
3.208090e+03	4.100842e-04
3.214259e+03	4.112512e-04
3.220429e+03	4.124195e-04
3.226598e+03	4.135890e-04
3.232767e+03	4.147596e-04
3.238937e+03	4.159315e-04
3.245106e+03	4.171046e-04
3.251276e+03	4.182788e-04
3.257445e+03	4.194542e-04
3.263614e+03	4.206308e-04
3.269784e+03	4.218085e-04
3.275953e+03	4.229874e-04
3.282123e+03	4.241674e-04
3.288292e+03	4.253485e-04
3.294461e+03	4.265307e-04
3.300631e+03	4.277140e-04
3.306800e+03	4.288985e-04
3.312970e+03	4.300840e-04
3.319139e+03	4.312706e-04
3.325308e+03	4.324583e-04
3.331478e+03	4.336470e-04
3.337647e+03	4.348368e-04
3.343817e+03	4.360277e-04
3.349986e+03	4.372195e-04
3.356155e+03	4.384124e-04
3.362325e+03	4.396063e-04
3.368494e+03	4.408012e-04
3.374664e+03	4.419971e-04
3.380833e+03	4.431940e-04
3.387002e+03	4.443919e-04
3.393172e+03	4.455908e-04
3.399341e+03	4.467906e-04
3.405511e+03	4.479913e-04
3.411680e+03	4.491930e-04
3.417849e+03	4.503956e-04
3.424019e+03	4.515991e-04
3.430188e+03	4.528036e-04
3.436358e+03	4.540089e-04
3.442527e+03	4.552151e-04
3.448696e+03	4.564223e-04
3.454866e+03	4.576302e-04
3.461035e+03	4.588391e-04
3.467205e+03	4.600488e-04
3.473374e+03	4.612593e-04
3.479544e+03	4.624706e-04
3.485713e+03	4.636828e-04
3.491882e+03	4.648958e-04
3.498052e+03	4.661096e-04
3.504221e+03	4.673242e-04
3.510391e+03	4.685395e-04
3.516560e+03	4.697556e-04
3.522729e+03	4.709725e-04
3.528899e+03	4.721901e-04
3.535068e+03	4.734085e-04
3.541238e+03	4.746276e-04
3.547407e+03	4.758474e-04
3.553576e+03	4.770679e-04
3.559746e+03	4.782891e-04
3.565915e+03	4.795109e-04
3.572085e+03	4.807335e-04
3.578254e+03	4.819567e-04
3.584423e+03	4.831806e-04
3.590593e+03	4.844051e-04
3.596762e+03	4.856302e-04
3.602932e+03	4.868559e-04
3.609101e+03	4.880823e-04
3.615270e+03	4.893093e-04
3.621440e+03	4.905368e-04
3.627609e+03	4.917649e-04
3.633779e+03	4.929936e-04
3.639948e+03	4.942228e-04
3.646117e+03	4.954526e-04
3.652287e+03	4.966829e-04
3.658456e+03	4.979137e-04
3.664626e+03	4.991450e-04
3.670795e+03	5.003768e-04
3.676964e+03	5.016091e-04
3.683134e+03	5.028419e-04
3.689303e+03	5.040752e-04
3.695473e+03	5.053089e-04
3.701642e+03	5.065430e-04
3.707811e+03	5.077775e-04
3.713981e+03	5.090125e-04
3.720150e+03	5.102479e-04
3.726320e+03	5.114837e-04
3.732489e+03	5.127198e-04
3.738658e+03	5.139563e-04
3.744828e+03	5.151932e-04
3.750997e+03	5.164304e-04
3.757167e+03	5.176680e-04
3.763336e+03	5.189058e-04
3.769505e+03	5.201440e-04
3.775675e+03	5.213825e-04
3.781844e+03	5.226213e-04
3.788014e+03	5.238603e-04
3.794183e+03	5.250996e-04
3.800352e+03	5.263392e-04
3.806522e+03	5.275790e-04
3.812691e+03	5.288190e-04
3.818861e+03	5.300593e-04
3.825030e+03	5.312997e-04
3.831199e+03	5.325403e-04
3.837369e+03	5.337811e-04
3.843538e+03	5.350221e-04
3.849708e+03	5.362632e-04
3.855877e+03	5.375045e-04
3.862047e+03	5.387459e-04
3.868216e+03	5.399874e-04
3.874385e+03	5.412290e-04
3.880555e+03	5.424707e-04
3.886724e+03	5.437125e-04
3.892894e+03	5.449544e-04
3.899063e+03	5.461963e-04
3.905232e+03	5.474382e-04
3.911402e+03	5.486802e-04
3.917571e+03	5.499222e-04
3.923741e+03	5.511642e-04
3.929910e+03	5.524061e-04
3.936079e+03	5.536481e-04
3.942249e+03	5.548900e-04
3.948418e+03	5.561319e-04
3.954588e+03	5.573737e-04
3.960757e+03	5.586155e-04
3.966926e+03	5.598571e-04
3.973096e+03	5.610987e-04
3.979265e+03	5.623401e-04
3.985435e+03	5.635815e-04
3.991604e+03	5.648227e-04
3.997773e+03	5.660637e-04
4.003943e+03	5.673046e-04
4.010112e+03	5.685453e-04
4.016282e+03	5.697858e-04
4.022451e+03	5.710261e-04
4.028620e+03	5.722662e-04
4.034790e+03	5.735060e-04
4.040959e+03	5.747457e-04
4.047129e+03	5.759850e-04
4.053298e+03	5.772241e-04
4.059467e+03	5.784629e-04
4.065637e+03	5.797015e-04
4.071806e+03	5.809397e-04
4.077976e+03	5.821776e-04
4.084145e+03	5.834151e-04
4.090314e+03	5.846523e-04
4.096484e+03	5.858892e-04
4.102653e+03	5.871256e-04
4.108823e+03	5.883617e-04
4.114992e+03	5.895974e-04
4.121161e+03	5.908327e-04
4.127331e+03	5.920675e-04
4.133500e+03	5.933019e-04
4.139670e+03	5.945359e-04
4.145839e+03	5.957693e-04
4.152008e+03	5.970023e-04
4.158178e+03	5.982348e-04
4.164347e+03	5.994668e-04
4.170517e+03	6.006983e-04
4.176686e+03	6.019292e-04
4.182855e+03	6.031596e-04
4.189025e+03	6.043894e-04
4.195194e+03	6.056186e-04
4.201364e+03	6.068473e-04
4.207533e+03	6.080753e-04
4.213703e+03	6.093027e-04
4.219872e+03	6.105295e-04
4.226041e+03	6.117557e-04
4.232211e+03	6.129811e-04
4.238380e+03	6.142059e-04
4.244550e+03	6.154301e-04
4.250719e+03	6.166535e-04
4.256888e+03	6.178762e-04
4.263058e+03	6.190981e-04
4.269227e+03	6.203194e-04
4.275397e+03	6.215398e-04
4.281566e+03	6.227595e-04
4.287735e+03	6.239784e-04
4.293905e+03	6.251965e-04
4.300074e+03	6.264138e-04
4.306244e+03	6.276303e-04
4.312413e+03	6.288459e-04
4.318582e+03	6.300607e-04
4.324752e+03	6.312746e-04
4.330921e+03	6.324876e-04
4.337091e+03	6.336998e-04
4.343260e+03	6.349110e-04
4.349429e+03	6.361213e-04
4.355599e+03	6.373306e-04
4.361768e+03	6.385390e-04
4.367938e+03	6.397464e-04
4.374107e+03	6.409529e-04
4.380276e+03	6.421583e-04
4.386446e+03	6.433627e-04
4.392615e+03	6.445662e-04
4.398785e+03	6.457685e-04
4.404954e+03	6.469698e-04
4.411123e+03	6.481701e-04
4.417293e+03	6.493693e-04
4.423462e+03	6.505673e-04
4.429632e+03	6.517643e-04
4.435801e+03	6.529601e-04
4.441970e+03	6.541548e-04
4.448140e+03	6.553484e-04
4.454309e+03	6.565408e-04
4.460479e+03	6.577320e-04
4.466648e+03	6.589220e-04
4.472817e+03	6.601108e-04
4.478987e+03	6.612983e-04
4.485156e+03	6.624847e-04
4.491326e+03	6.636697e-04
4.497495e+03	6.648535e-04
4.503664e+03	6.660361e-04
4.509834e+03	6.672173e-04
4.516003e+03	6.683972e-04
4.522173e+03	6.695758e-04
4.528342e+03	6.707531e-04
4.534511e+03	6.719290e-04
4.540681e+03	6.731035e-04
4.546850e+03	6.742767e-04
4.553020e+03	6.754484e-04
4.559189e+03	6.766188e-04
4.565359e+03	6.777877e-04
4.571528e+03	6.789552e-04
4.577697e+03	6.801212e-04
4.583867e+03	6.812858e-04
4.590036e+03	6.824489e-04
4.596206e+03	6.836104e-04
4.602375e+03	6.847705e-04
4.608544e+03	6.859291e-04
4.614714e+03	6.870861e-04
4.620883e+03	6.882415e-04
4.627053e+03	6.893954e-04
4.633222e+03	6.905477e-04
4.639391e+03	6.916984e-04
4.645561e+03	6.928475e-04
4.651730e+03	6.939949e-04
4.657900e+03	6.951407e-04
4.664069e+03	6.962849e-04
4.670238e+03	6.974274e-04
4.676408e+03	6.985682e-04
4.682577e+03	6.997073e-04
4.688747e+03	7.008447e-04
4.694916e+03	7.019804e-04
4.701085e+03	7.031143e-04
4.707255e+03	7.042465e-04
4.713424e+03	7.053769e-04
4.719594e+03	7.065055e-04
4.725763e+03	7.076323e-04
4.731932e+03	7.087573e-04
4.738102e+03	7.098805e-04
4.744271e+03	7.110018e-04
4.750441e+03	7.121213e-04
4.756610e+03	7.132389e-04
4.762779e+03	7.143546e-04
4.768949e+03	7.154684e-04
4.775118e+03	7.165803e-04
4.781288e+03	7.176903e-04
4.787457e+03	7.187983e-04
4.793626e+03	7.199044e-04
4.799796e+03	7.210085e-04
4.805965e+03	7.221106e-04
4.812135e+03	7.232108e-04
4.818304e+03	7.243089e-04
4.824473e+03	7.254049e-04
4.830643e+03	7.264990e-04
4.836812e+03	7.275910e-04
4.842982e+03	7.286809e-04
4.849151e+03	7.297687e-04
4.855320e+03	7.308544e-04
4.861490e+03	7.319380e-04
4.867659e+03	7.330195e-04
4.873829e+03	7.340988e-04
4.879998e+03	7.351760e-04
4.886167e+03	7.362510e-04
4.892337e+03	7.373239e-04
4.898506e+03	7.383945e-04
4.904676e+03	7.394629e-04
4.910845e+03	7.405291e-04
4.917014e+03	7.415931e-04
4.923184e+03	7.426548e-04
4.929353e+03	7.437142e-04
4.935523e+03	7.447713e-04
4.941692e+03	7.458262e-04
4.947862e+03	7.468787e-04
4.954031e+03	7.479289e-04
4.960200e+03	7.489768e-04
4.966370e+03	7.500223e-04
4.972539e+03	7.510655e-04
4.978709e+03	7.521062e-04
4.984878e+03	7.531446e-04
4.991047e+03	7.541806e-04
4.997217e+03	7.552141e-04
5.003386e+03	7.562452e-04
5.009556e+03	7.572739e-04
5.015725e+03	7.583001e-04
5.021894e+03	7.593238e-04
5.028064e+03	7.603450e-04
5.034233e+03	7.613637e-04
5.040403e+03	7.623799e-04
5.046572e+03	7.633936e-04
5.052741e+03	7.644047e-04
5.058911e+03	7.654133e-04
5.065080e+03	7.664193e-04
5.071250e+03	7.674227e-04
5.077419e+03	7.684234e-04
5.083588e+03	7.694216e-04
5.089758e+03	7.704172e-04
5.095927e+03	7.714101e-04
5.102097e+03	7.724004e-04
5.108266e+03	7.733879e-04
5.114435e+03	7.743728e-04
5.120605e+03	7.753551e-04
5.126774e+03	7.763346e-04
5.132944e+03	7.773113e-04
5.139113e+03	7.782854e-04
5.145282e+03	7.792567e-04
5.151452e+03	7.802252e-04
5.157621e+03	7.811909e-04
5.163791e+03	7.821539e-04
5.169960e+03	7.831141e-04
5.176129e+03	7.840714e-04
5.182299e+03	7.850259e-04
5.188468e+03	7.859776e-04
5.194638e+03	7.869264e-04
5.200807e+03	7.878724e-04
5.206976e+03	7.888154e-04
5.213146e+03	7.897556e-04
5.219315e+03	7.906929e-04
5.225485e+03	7.916272e-04
5.231654e+03	7.925586e-04
5.237823e+03	7.934871e-04
5.243993e+03	7.944126e-04
5.250162e+03	7.953351e-04
5.256332e+03	7.962547e-04
5.262501e+03	7.971712e-04
5.268670e+03	7.980848e-04
5.274840e+03	7.989953e-04
5.281009e+03	7.999028e-04
5.287179e+03	8.008072e-04
5.293348e+03	8.017086e-04
5.299518e+03	8.026069e-04
5.305687e+03	8.035021e-04
5.311856e+03	8.043942e-04
5.318026e+03	8.052832e-04
5.324195e+03	8.061690e-04
5.330365e+03	8.070518e-04
5.336534e+03	8.079314e-04
5.342703e+03	8.088078e-04
5.348873e+03	8.096810e-04
5.355042e+03	8.105511e-04
5.361212e+03	8.114179e-04
5.367381e+03	8.122816e-04
5.373550e+03	8.131420e-04
5.379720e+03	8.139992e-04
5.385889e+03	8.148532e-04
5.392059e+03	8.157038e-04
5.398228e+03	8.165513e-04
5.404397e+03	8.173954e-04
5.410567e+03	8.182362e-04
5.416736e+03	8.190737e-04
5.422906e+03	8.199079e-04
5.429075e+03	8.207388e-04
5.435244e+03	8.215663e-04
5.441414e+03	8.223905e-04
5.447583e+03	8.232113e-04
5.453753e+03	8.240288e-04
5.459922e+03	8.248428e-04
5.466091e+03	8.256534e-04
5.472261e+03	8.264606e-04
5.478430e+03	8.272644e-04
5.484600e+03	8.280648e-04
5.490769e+03	8.288617e-04
5.496938e+03	8.296552e-04
5.503108e+03	8.304451e-04
5.509277e+03	8.312316e-04
5.515447e+03	8.320146e-04
5.521616e+03	8.327941e-04
5.527785e+03	8.335701e-04
5.533955e+03	8.343426e-04
5.540124e+03	8.351115e-04
5.546294e+03	8.358769e-04
5.552463e+03	8.366387e-04
5.558632e+03	8.373969e-04
5.564802e+03	8.381515e-04
5.570971e+03	8.389026e-04
5.577141e+03	8.396500e-04
5.583310e+03	8.403939e-04
5.589479e+03	8.411341e-04
5.595649e+03	8.418707e-04
5.601818e+03	8.426036e-04
5.607988e+03	8.433328e-04
5.614157e+03	8.440584e-04
5.620326e+03	8.447804e-04
5.626496e+03	8.454986e-04
5.632665e+03	8.462131e-04
5.638835e+03	8.469239e-04
5.645004e+03	8.476310e-04
5.651173e+03	8.483344e-04
5.657343e+03	8.490340e-04
5.663512e+03	8.497299e-04
5.669682e+03	8.504220e-04
5.675851e+03	8.511103e-04
5.682021e+03	8.517949e-04
5.688190e+03	8.524756e-04
5.694359e+03	8.531526e-04
5.700529e+03	8.538257e-04
5.706698e+03	8.544951e-04
5.712868e+03	8.551605e-04
5.719037e+03	8.558222e-04
5.725206e+03	8.564800e-04
5.731376e+03	8.571339e-04
5.737545e+03	8.577840e-04
5.743715e+03	8.584302e-04
5.749884e+03	8.590725e-04
5.756053e+03	8.597109e-04
5.762223e+03	8.603454e-04
5.768392e+03	8.609759e-04
5.774562e+03	8.616026e-04
5.780731e+03	8.622253e-04
5.786900e+03	8.628440e-04
5.793070e+03	8.634588e-04
5.799239e+03	8.640697e-04
5.805409e+03	8.646765e-04
5.811578e+03	8.652794e-04
5.817747e+03	8.658783e-04
5.823917e+03	8.664732e-04
5.830086e+03	8.670641e-04
5.836256e+03	8.676510e-04
5.842425e+03	8.682338e-04
5.848594e+03	8.688126e-04
5.854764e+03	8.693874e-04
5.860933e+03	8.699581e-04
5.867103e+03	8.705247e-04
5.873272e+03	8.710873e-04
5.879441e+03	8.716458e-04
5.885611e+03	8.722003e-04
5.891780e+03	8.727506e-04
5.897950e+03	8.732968e-04
5.904119e+03	8.738389e-04
5.910288e+03	8.743769e-04
5.916458e+03	8.749108e-04
5.922627e+03	8.754405e-04
5.928797e+03	8.759661e-04
5.934966e+03	8.764876e-04
5.941135e+03	8.770049e-04
5.947305e+03	8.775180e-04
5.953474e+03	8.780269e-04
5.959644e+03	8.785317e-04
5.965813e+03	8.790323e-04
5.971982e+03	8.795287e-04
5.978152e+03	8.800208e-04
5.984321e+03	8.805088e-04
5.990491e+03	8.809926e-04
5.996660e+03	8.814721e-04
6.002829e+03	8.819474e-04
6.008999e+03	8.824184e-04
6.015168e+03	8.828853e-04
6.021338e+03	8.833478e-04
6.027507e+03	8.838061e-04
6.033677e+03	8.842601e-04
6.039846e+03	8.847099e-04
6.046015e+03	8.851554e-04
6.052185e+03	8.855966e-04
6.058354e+03	8.860334e-04
6.064524e+03	8.864660e-04
6.070693e+03	8.868943e-04
6.076862e+03	8.873183e-04
6.083032e+03	8.877380e-04
6.089201e+03	8.881533e-04
6.095371e+03	8.885643e-04
6.101540e+03	8.889709e-04
6.107709e+03	8.893732e-04
6.113879e+03	8.897712e-04
6.120048e+03	8.901648e-04
6.126218e+03	8.905540e-04
6.132387e+03	8.909389e-04
6.138556e+03	8.913194e-04
6.144726e+03	8.916955e-04
6.150895e+03	8.920672e-04
6.157065e+03	8.924346e-04
6.163234e+03	8.927975e-04
6.169403e+03	8.931561e-04
6.175573e+03	8.935102e-04
6.181742e+03	8.938599e-04
6.187912e+03	8.942052e-04
6.194081e+03	8.945461e-04
6.200250e+03	8.948825e-04
6.206420e+03	8.952145e-04
6.212589e+03	8.955421e-04
6.218759e+03	8.958652e-04
6.224928e+03	8.961839e-04
6.231097e+03	8.964981e-04
6.237267e+03	8.968079e-04
6.243436e+03	8.971132e-04
6.249606e+03	8.974140e-04
6.255775e+03	8.977104e-04
6.261944e+03	8.980023e-04
6.268114e+03	8.982897e-04
6.274283e+03	8.985726e-04
6.280453e+03	8.988510e-04
6.286622e+03	8.991249e-04
6.292791e+03	8.993944e-04
6.298961e+03	8.996593e-04
6.305130e+03	8.999197e-04
6.311300e+03	9.001756e-04
6.317469e+03	9.004270e-04
6.323638e+03	9.006739e-04
6.329808e+03	9.009163e-04
6.335977e+03	9.011541e-04
6.342147e+03	9.013874e-04
6.348316e+03	9.016162e-04
6.354485e+03	9.018404e-04
6.360655e+03	9.020601e-04
6.366824e+03	9.022752e-04
6.372994e+03	9.024859e-04
6.379163e+03	9.026919e-04
6.385332e+03	9.028934e-04
6.391502e+03	9.030904e-04
6.397671e+03	9.032827e-04
6.403841e+03	9.034706e-04
6.410010e+03	9.036538e-04
6.416180e+03	9.038325e-04
6.422349e+03	9.040066e-04
6.428518e+03	9.041762e-04
6.434688e+03	9.043412e-04
6.440857e+03	9.045016e-04
6.447027e+03	9.046574e-04
6.453196e+03	9.048086e-04
6.459365e+03	9.049552e-04
6.465535e+03	9.050973e-04
6.471704e+03	9.052348e-04
6.477874e+03	9.053677e-04
6.484043e+03	9.054959e-04
6.490212e+03	9.056196e-04
6.496382e+03	9.057387e-04
6.502551e+03	9.058532e-04
6.508721e+03	9.059631e-04
6.514890e+03	9.060684e-04
6.521059e+03	9.061691e-04
6.527229e+03	9.062652e-04
6.533398e+03	9.063566e-04
6.539568e+03	9.064435e-04
6.545737e+03	9.065257e-04
6.551906e+03	9.066034e-04
6.558076e+03	9.066764e-04
6.564245e+03	9.067448e-04
6.570415e+03	9.068086e-04
6.576584e+03	9.068678e-04
6.582753e+03	9.069224e-04
6.588923e+03	9.069723e-04
6.595092e+03	9.070177e-04
6.601262e+03	9.070584e-04
6.607431e+03	9.070945e-04
6.613600e+03	9.071259e-04
6.619770e+03	9.071528e-04
6.625939e+03	9.071750e-04
6.632109e+03	9.071926e-04
6.638278e+03	9.072056e-04
6.644447e+03	9.072140e-04
6.650617e+03	9.072177e-04
6.656786e+03	9.072169e-04
6.662956e+03	9.072114e-04
6.669125e+03	9.072012e-04
6.675294e+03	9.071865e-04
6.681464e+03	9.071671e-04
6.687633e+03	9.071432e-04
6.693803e+03	9.071146e-04
6.699972e+03	9.070813e-04
6.706141e+03	9.070435e-04
6.712311e+03	9.070010e-04
6.718480e+03	9.069539e-04
6.724650e+03	9.069022e-04
6.730819e+03	9.068459e-04
6.736988e+03	9.067850e-04
6.743158e+03	9.067194e-04
6.749327e+03	9.066493e-04
6.755497e+03	9.065745e-04
6.761666e+03	9.064951e-04
6.767836e+03	9.064111e-04
6.774005e+03	9.063225e-04
6.780174e+03	9.062293e-04
6.786344e+03	9.061315e-04
6.792513e+03	9.060290e-04
6.798683e+03	9.059220e-04
6.804852e+03	9.058104e-04
6.811021e+03	9.056941e-04
6.817191e+03	9.055733e-04
6.823360e+03	9.054479e-04
6.829530e+03	9.053178e-04
6.835699e+03	9.051832e-04
6.841868e+03	9.050440e-04
6.848038e+03	9.049002e-04
6.854207e+03	9.047518e-04
6.860377e+03	9.045989e-04
6.866546e+03	9.044413e-04
6.872715e+03	9.042792e-04
6.878885e+03	9.041125e-04
6.885054e+03	9.039412e-04
6.891224e+03	9.037653e-04
6.897393e+03	9.035849e-04
6.903562e+03	9.033999e-04
6.909732e+03	9.032104e-04
6.915901e+03	9.030163e-04
6.922071e+03	9.028176e-04
6.928240e+03	9.026144e-04
6.934409e+03	9.024066e-04
6.940579e+03	9.021943e-04
6.946748e+03	9.019774e-04
6.952918e+03	9.017560e-04
6.959087e+03	9.015300e-04
6.965256e+03	9.012995e-04
6.971426e+03	9.010645e-04
6.977595e+03	9.008250e-04
6.983765e+03	9.005809e-04
6.989934e+03	9.003323e-04
6.996103e+03	9.000792e-04
7.002273e+03	8.998216e-04
7.008442e+03	8.995594e-04
7.014612e+03	8.992928e-04
7.020781e+03	8.990217e-04
7.026950e+03	8.987460e-04
7.033120e+03	8.984659e-04
7.039289e+03	8.981813e-04
7.045459e+03	8.978922e-04
7.051628e+03	8.975986e-04
7.057797e+03	8.973005e-04
7.063967e+03	8.969980e-04
7.070136e+03	8.966910e-04
7.076306e+03	8.963796e-04
7.082475e+03	8.960637e-04
7.088644e+03	8.957433e-04
7.094814e+03	8.954185e-04
7.100983e+03	8.950892e-04
7.107153e+03	8.947555e-04
7.113322e+03	8.944174e-04
7.119492e+03	8.940749e-04
7.125661e+03	8.937279e-04
7.131830e+03	8.933765e-04
7.138000e+03	8.930207e-04
7.144169e+03	8.926605e-04
7.150339e+03	8.922959e-04
7.156508e+03	8.919269e-04
7.162677e+03	8.915535e-04
7.168847e+03	8.911757e-04
7.175016e+03	8.907936e-04
7.181186e+03	8.904070e-04
7.187355e+03	8.900162e-04
7.193524e+03	8.896209e-04
7.199694e+03	8.892213e-04
7.205863e+03	8.888173e-04
7.212033e+03	8.884090e-04
7.218202e+03	8.879964e-04
7.224371e+03	8.875794e-04
7.230541e+03	8.871581e-04
7.236710e+03	8.867325e-04
7.242880e+03	8.863026e-04
7.249049e+03	8.858684e-04
7.255218e+03	8.854299e-04
7.261388e+03	8.849871e-04
7.267557e+03	8.845400e-04
7.273727e+03	8.840886e-04
7.279896e+03	8.836329e-04
7.286065e+03	8.831730e-04
7.292235e+03	8.827089e-04
7.298404e+03	8.822404e-04
7.304574e+03	8.817678e-04
7.310743e+03	8.812909e-04
7.316912e+03	8.808097e-04
7.323082e+03	8.803244e-04
7.329251e+03	8.798348e-04
7.335421e+03	8.793410e-04
7.341590e+03	8.788431e-04
7.347759e+03	8.783409e-04
7.353929e+03	8.778345e-04
7.360098e+03	8.773240e-04
7.366268e+03	8.768093e-04
7.372437e+03	8.762905e-04
7.378606e+03	8.757674e-04
7.384776e+03	8.752403e-04
7.390945e+03	8.747090e-04
7.397115e+03	8.741735e-04
7.403284e+03	8.736340e-04
7.409453e+03	8.730903e-04
7.415623e+03	8.725425e-04
7.421792e+03	8.719906e-04
7.427962e+03	8.714347e-04
7.434131e+03	8.708746e-04
7.440300e+03	8.703105e-04
7.446470e+03	8.697423e-04
7.452639e+03	8.691700e-04
7.458809e+03	8.685938e-04
7.464978e+03	8.680134e-04
7.471147e+03	8.674290e-04
7.477317e+03	8.668407e-04
7.483486e+03	8.662482e-04
7.489656e+03	8.656518e-04
7.495825e+03	8.650514e-04
7.501995e+03	8.644470e-04
7.508164e+03	8.638387e-04
7.514333e+03	8.632263e-04
7.520503e+03	8.626100e-04
7.526672e+03	8.619898e-04
7.532842e+03	8.613656e-04
7.539011e+03	8.607374e-04
7.545180e+03	8.601054e-04
7.551350e+03	8.594694e-04
7.557519e+03	8.588295e-04
7.563689e+03	8.581858e-04
7.569858e+03	8.575381e-04
7.576027e+03	8.568866e-04
7.582197e+03	8.562312e-04
7.588366e+03	8.555719e-04
7.594536e+03	8.549088e-04
7.600705e+03	8.542419e-04
7.606874e+03	8.535711e-04
7.613044e+03	8.528965e-04
7.619213e+03	8.522181e-04
7.625383e+03	8.515359e-04
7.631552e+03	8.508499e-04
7.637721e+03	8.501602e-04
7.643891e+03	8.494666e-04
7.650060e+03	8.487693e-04
7.656230e+03	8.480683e-04
7.662399e+03	8.473635e-04
7.668568e+03	8.466550e-04
7.674738e+03	8.459428e-04
7.680907e+03	8.452269e-04
7.687077e+03	8.445072e-04
7.693246e+03	8.437839e-04
7.699415e+03	8.430569e-04
7.705585e+03	8.423263e-04
7.711754e+03	8.415920e-04
7.717924e+03	8.408540e-04
7.724093e+03	8.401124e-04
7.730262e+03	8.393672e-04
7.736432e+03	8.386184e-04
7.742601e+03	8.378660e-04
7.748771e+03	8.371100e-04
7.754940e+03	8.363504e-04
7.761109e+03	8.355872e-04
7.767279e+03	8.348205e-04
7.773448e+03	8.340503e-04
7.779618e+03	8.332765e-04
7.785787e+03	8.324992e-04
7.791956e+03	8.317183e-04
7.798126e+03	8.309340e-04
7.804295e+03	8.301462e-04
7.810465e+03	8.293549e-04
7.816634e+03	8.285601e-04
7.822803e+03	8.277619e-04
7.828973e+03	8.269602e-04
7.835142e+03	8.261552e-04
7.841312e+03	8.253466e-04
7.847481e+03	8.245347e-04
7.853651e+03	8.237194e-04
7.859820e+03	8.229007e-04
7.865989e+03	8.220786e-04
7.872159e+03	8.212532e-04
7.878328e+03	8.204244e-04
7.884498e+03	8.195922e-04
7.890667e+03	8.187568e-04
7.896836e+03	8.179180e-04
7.903006e+03	8.170759e-04
7.909175e+03	8.162305e-04
7.915345e+03	8.153819e-04
7.921514e+03	8.145299e-04
7.927683e+03	8.136748e-04
7.933853e+03	8.128163e-04
7.940022e+03	8.119547e-04
7.946192e+03	8.110898e-04
7.952361e+03	8.102218e-04
7.958530e+03	8.093505e-04
7.964700e+03	8.084760e-04
7.970869e+03	8.075984e-04
7.977039e+03	8.067176e-04
7.983208e+03	8.058337e-04
7.989377e+03	8.049467e-04
7.995547e+03	8.040565e-04
8.001716e+03	8.031632e-04
8.007886e+03	8.022668e-04
8.014055e+03	8.013674e-04
8.020224e+03	8.004648e-04
8.026394e+03	7.995592e-04
8.032563e+03	7.986506e-04
8.038733e+03	7.977390e-04
8.044902e+03	7.968243e-04
8.051071e+03	7.959066e-04
8.057241e+03	7.949859e-04
8.063410e+03	7.940622e-04
8.069580e+03	7.931356e-04
8.075749e+03	7.922060e-04
8.081918e+03	7.912735e-04
8.088088e+03	7.903381e-04
8.094257e+03	7.893997e-04
8.100427e+03	7.884584e-04
8.106596e+03	7.875142e-04
8.112765e+03	7.865672e-04
8.118935e+03	7.856173e-04
8.125104e+03	7.846646e-04
8.131274e+03	7.837090e-04
8.137443e+03	7.827506e-04
8.143612e+03	7.817893e-04
8.149782e+03	7.808253e-04
8.155951e+03	7.798585e-04
8.162121e+03	7.788889e-04
8.168290e+03	7.779166e-04
8.174459e+03	7.769415e-04
8.180629e+03	7.759637e-04
8.186798e+03	7.749832e-04
8.192968e+03	7.739999e-04
8.199137e+03	7.730140e-04
8.205306e+03	7.720254e-04
8.211476e+03	7.710341e-04
8.217645e+03	7.700402e-04
8.223815e+03	7.690437e-04
8.229984e+03	7.680445e-04
8.236154e+03	7.670427e-04
8.242323e+03	7.660383e-04
8.248492e+03	7.650314e-04
8.254662e+03	7.640218e-04
8.260831e+03	7.630098e-04
8.267001e+03	7.619951e-04
8.273170e+03	7.609780e-04
8.279339e+03	7.599583e-04
8.285509e+03	7.589361e-04
8.291678e+03	7.579115e-04
8.297848e+03	7.568844e-04
8.304017e+03	7.558548e-04
8.310186e+03	7.548227e-04
8.316356e+03	7.537883e-04
8.322525e+03	7.527514e-04
8.328695e+03	7.517121e-04
8.334864e+03	7.506704e-04
8.341033e+03	7.496264e-04
8.347203e+03	7.485800e-04
8.353372e+03	7.475312e-04
8.359542e+03	7.464801e-04
8.365711e+03	7.454267e-04
8.371880e+03	7.443710e-04
8.378050e+03	7.433130e-04
8.384219e+03	7.422527e-04
8.390389e+03	7.411901e-04
8.396558e+03	7.401253e-04
8.402727e+03	7.390583e-04
8.408897e+03	7.379890e-04
8.415066e+03	7.369176e-04
8.421236e+03	7.358439e-04
8.427405e+03	7.347681e-04
8.433574e+03	7.336901e-04
8.439744e+03	7.326099e-04
8.445913e+03	7.315276e-04
8.452083e+03	7.304432e-04
8.458252e+03	7.293567e-04
8.464421e+03	7.282681e-04
8.470591e+03	7.271774e-04
8.476760e+03	7.260846e-04
8.482930e+03	7.249898e-04
8.489099e+03	7.238930e-04
8.495268e+03	7.227941e-04
8.501438e+03	7.216932e-04
8.507607e+03	7.205904e-04
8.513777e+03	7.194855e-04
8.519946e+03	7.183787e-04
8.526115e+03	7.172699e-04
8.532285e+03	7.161592e-04
8.538454e+03	7.150466e-04
8.544624e+03	7.139320e-04
8.550793e+03	7.128156e-04
8.556962e+03	7.116973e-04
8.563132e+03	7.105771e-04
8.569301e+03	7.094551e-04
8.575471e+03	7.083312e-04
8.581640e+03	7.072055e-04
8.587810e+03	7.060780e-04
8.593979e+03	7.049487e-04
8.600148e+03	7.038176e-04
8.606318e+03	7.026848e-04
8.612487e+03	7.015502e-04
8.618657e+03	7.004139e-04
8.624826e+03	6.992758e-04
8.630995e+03	6.981361e-04
8.637165e+03	6.969946e-04
8.643334e+03	6.958515e-04
8.649504e+03	6.947067e-04
8.655673e+03	6.935603e-04
8.661842e+03	6.924122e-04
8.668012e+03	6.912625e-04
8.674181e+03	6.901112e-04
8.680351e+03	6.889583e-04
8.686520e+03	6.878038e-04
8.692689e+03	6.866478e-04
8.698859e+03	6.854902e-04
8.705028e+03	6.843311e-04
8.711198e+03	6.831704e-04
8.717367e+03	6.820083e-04
8.723536e+03	6.808446e-04
8.729706e+03	6.796795e-04
8.735875e+03	6.785129e-04
8.742045e+03	6.773449e-04
8.748214e+03	6.761755e-04
8.754383e+03	6.750046e-04
8.760553e+03	6.738323e-04
8.766722e+03	6.726586e-04
8.772892e+03	6.714835e-04
8.779061e+03	6.703071e-04
8.785230e+03	6.691294e-04
8.791400e+03	6.679503e-04
8.797569e+03	6.667698e-04
8.803739e+03	6.655881e-04
8.809908e+03	6.644051e-04
8.816077e+03	6.632208e-04
8.822247e+03	6.620352e-04
8.828416e+03	6.608484e-04
8.834586e+03	6.596604e-04
8.840755e+03	6.584712e-04
8.846924e+03	6.572807e-04
8.853094e+03	6.560891e-04
8.859263e+03	6.548962e-04
8.865433e+03	6.537022e-04
8.871602e+03	6.525071e-04
8.877771e+03	6.513108e-04
8.883941e+03	6.501135e-04
8.890110e+03	6.489150e-04
8.896280e+03	6.477154e-04
8.902449e+03	6.465147e-04
8.908618e+03	6.453130e-04
8.914788e+03	6.441102e-04
8.920957e+03	6.429064e-04
8.927127e+03	6.417016e-04
8.933296e+03	6.404958e-04
8.939465e+03	6.392890e-04
8.945635e+03	6.380812e-04
8.951804e+03	6.368724e-04
8.957974e+03	6.356627e-04
8.964143e+03	6.344521e-04
8.970313e+03	6.332405e-04
8.976482e+03	6.320281e-04
8.982651e+03	6.308147e-04
8.988821e+03	6.296005e-04
8.994990e+03	6.283854e-04
9.001160e+03	6.271694e-04
9.007329e+03	6.259527e-04
9.013498e+03	6.247350e-04
9.019668e+03	6.235166e-04
9.025837e+03	6.222974e-04
9.032007e+03	6.210774e-04
9.038176e+03	6.198567e-04
9.044345e+03	6.186352e-04
9.050515e+03	6.174129e-04
9.056684e+03	6.161899e-04
9.062854e+03	6.149663e-04
9.069023e+03	6.137419e-04
9.075192e+03	6.125168e-04
9.081362e+03	6.112911e-04
9.087531e+03	6.100647e-04
9.093701e+03	6.088377e-04
9.099870e+03	6.076100e-04
9.106039e+03	6.063818e-04
9.112209e+03	6.051529e-04
9.118378e+03	6.039234e-04
9.124548e+03	6.026934e-04
9.130717e+03	6.014628e-04
9.136886e+03	6.002317e-04
9.143056e+03	5.990000e-04
9.149225e+03	5.977678e-04
9.155395e+03	5.965352e-04
9.161564e+03	5.953020e-04
9.167733e+03	5.940683e-04
9.173903e+03	5.928342e-04
9.180072e+03	5.915996e-04
9.186242e+03	5.903646e-04
9.192411e+03	5.891292e-04
9.198580e+03	5.878934e-04
9.204750e+03	5.866571e-04
9.210919e+03	5.854205e-04
9.217089e+03	5.841835e-04
9.223258e+03	5.829462e-04
9.229427e+03	5.817085e-04
9.235597e+03	5.804705e-04
9.241766e+03	5.792322e-04
9.247936e+03	5.779935e-04
9.254105e+03	5.767546e-04
9.260274e+03	5.755154e-04
9.266444e+03	5.742759e-04
9.272613e+03	5.730362e-04
9.278783e+03	5.717963e-04
9.284952e+03	5.705561e-04
9.291121e+03	5.693157e-04
9.297291e+03	5.680751e-04
9.303460e+03	5.668344e-04
9.309630e+03	5.655934e-04
9.315799e+03	5.643523e-04
9.321969e+03	5.631111e-04
9.328138e+03	5.618697e-04
9.334307e+03	5.606282e-04
9.340477e+03	5.593866e-04
9.346646e+03	5.581449e-04
9.352816e+03	5.569031e-04
9.358985e+03	5.556613e-04
9.365154e+03	5.544194e-04
9.371324e+03	5.531775e-04
9.377493e+03	5.519355e-04
9.383663e+03	5.506935e-04
9.389832e+03	5.494515e-04
9.396001e+03	5.482095e-04
9.402171e+03	5.469676e-04
9.408340e+03	5.457256e-04
9.414510e+03	5.444837e-04
9.420679e+03	5.432419e-04
9.426848e+03	5.420002e-04
9.433018e+03	5.407585e-04
9.439187e+03	5.395169e-04
9.445357e+03	5.382755e-04
9.451526e+03	5.370341e-04
9.457695e+03	5.357929e-04
9.463865e+03	5.345518e-04
9.470034e+03	5.333109e-04
9.476204e+03	5.320702e-04
9.482373e+03	5.308296e-04
9.488542e+03	5.295893e-04
9.494712e+03	5.283491e-04
9.500881e+03	5.271092e-04
9.507051e+03	5.258694e-04
9.513220e+03	5.246300e-04
9.519389e+03	5.233908e-04
9.525559e+03	5.221518e-04
9.531728e+03	5.209132e-04
9.537898e+03	5.196748e-04
9.544067e+03	5.184367e-04
9.550236e+03	5.171990e-04
9.556406e+03	5.159615e-04
9.562575e+03	5.147244e-04
9.568745e+03	5.134877e-04
9.574914e+03	5.122513e-04
9.581083e+03	5.110153e-04
9.587253e+03	5.097797e-04
9.593422e+03	5.085445e-04
9.599592e+03	5.073097e-04
9.605761e+03	5.060753e-04
9.611930e+03	5.048413e-04
9.618100e+03	5.036078e-04
9.624269e+03	5.023747e-04
9.630439e+03	5.011421e-04
9.636608e+03	4.999100e-04
9.642777e+03	4.986784e-04
9.648947e+03	4.974472e-04
9.655116e+03	4.962166e-04
9.661286e+03	4.949865e-04
9.667455e+03	4.937569e-04
9.673625e+03	4.925279e-04
9.679794e+03	4.912995e-04
9.685963e+03	4.900716e-04
9.692133e+03	4.888442e-04
9.698302e+03	4.876175e-04
9.704472e+03	4.863914e-04
9.710641e+03	4.851659e-04
9.716810e+03	4.839410e-04
9.722980e+03	4.827167e-04
9.729149e+03	4.814931e-04
9.735319e+03	4.802701e-04
9.741488e+03	4.790478e-04
9.747657e+03	4.778262e-04
9.753827e+03	4.766053e-04
9.759996e+03	4.753850e-04
9.766166e+03	4.741655e-04
9.772335e+03	4.729467e-04
9.778504e+03	4.717286e-04
9.784674e+03	4.705113e-04
9.790843e+03	4.692947e-04
9.797013e+03	4.680789e-04
9.803182e+03	4.668638e-04
9.809351e+03	4.656495e-04
9.815521e+03	4.644361e-04
9.821690e+03	4.632234e-04
9.827860e+03	4.620115e-04
9.834029e+03	4.608005e-04
9.840198e+03	4.595903e-04
9.846368e+03	4.583809e-04
9.852537e+03	4.571724e-04
9.858707e+03	4.559647e-04
9.864876e+03	4.547579e-04
9.871045e+03	4.535520e-04
9.877215e+03	4.523470e-04
9.883384e+03	4.511429e-04
9.889554e+03	4.499398e-04
9.895723e+03	4.487375e-04
9.901892e+03	4.475362e-04
9.908062e+03	4.463358e-04
9.914231e+03	4.451363e-04
9.920401e+03	4.439379e-04
9.926570e+03	4.427404e-04
9.932739e+03	4.415438e-04
9.938909e+03	4.403483e-04
9.945078e+03	4.391538e-04
9.951248e+03	4.379603e-04
9.957417e+03	4.367677e-04
9.963586e+03	4.355763e-04
9.969756e+03	4.343858e-04
9.975925e+03	4.331964e-04
9.982095e+03	4.320081e-04
9.988264e+03	4.308208e-04
9.994433e+03	4.296346e-04
1.000060e+04	4.284495e-04
1.000677e+04	4.272655e-04
1.001294e+04	4.260826e-04
1.001911e+04	4.249008e-04
1.002528e+04	4.237201e-04
1.003145e+04	4.225405e-04
1.003762e+04	4.213621e-04
1.004379e+04	4.201848e-04
1.004996e+04	4.190087e-04
1.005613e+04	4.178337e-04
1.006230e+04	4.166599e-04
1.006847e+04	4.154873e-04
1.007464e+04	4.143159e-04
1.008081e+04	4.131457e-04
1.008697e+04	4.119766e-04
1.009314e+04	4.108088e-04
1.009931e+04	4.096423e-04
1.010548e+04	4.084769e-04
1.011165e+04	4.073128e-04
1.011782e+04	4.061499e-04
1.012399e+04	4.049883e-04
1.013016e+04	4.038280e-04
1.013633e+04	4.026689e-04
1.014250e+04	4.015112e-04
1.014867e+04	4.003547e-04
1.015484e+04	3.991995e-04
1.016101e+04	3.980456e-04
1.016718e+04	3.968930e-04
1.017335e+04	3.957417e-04
1.017952e+04	3.945918e-04
1.018568e+04	3.934432e-04
1.019185e+04	3.922960e-04
1.019802e+04	3.911501e-04
1.020419e+04	3.900056e-04
1.021036e+04	3.888624e-04
1.021653e+04	3.877206e-04
1.022270e+04	3.865802e-04
1.022887e+04	3.854412e-04
1.023504e+04	3.843036e-04
1.024121e+04	3.831674e-04
1.024738e+04	3.820326e-04
1.025355e+04	3.808992e-04
1.025972e+04	3.797672e-04
1.026589e+04	3.786367e-04
1.027206e+04	3.775076e-04
1.027823e+04	3.763800e-04
1.028440e+04	3.752538e-04
1.029056e+04	3.741291e-04
1.029673e+04	3.730059e-04
1.030290e+04	3.718842e-04
1.030907e+04	3.707639e-04
1.031524e+04	3.696451e-04
1.032141e+04	3.685278e-04
1.032758e+04	3.674120e-04
1.033375e+04	3.662978e-04
1.033992e+04	3.651850e-04
1.034609e+04	3.640738e-04
1.035226e+04	3.629641e-04
1.035843e+04	3.618560e-04
1.036460e+04	3.607494e-04
1.037077e+04	3.596443e-04
1.037694e+04	3.585408e-04
1.038311e+04	3.574389e-04
1.038928e+04	3.563385e-04
1.039544e+04	3.552398e-04
1.040161e+04	3.541426e-04
1.040778e+04	3.530470e-04
1.041395e+04	3.519529e-04
1.042012e+04	3.508605e-04
1.042629e+04	3.497697e-04
1.043246e+04	3.486806e-04
1.043863e+04	3.475930e-04
1.044480e+04	3.465071e-04
1.045097e+04	3.454228e-04
1.045714e+04	3.443401e-04
1.046331e+04	3.432591e-04
1.046948e+04	3.421797e-04
1.047565e+04	3.411020e-04
1.048182e+04	3.400259e-04
1.048799e+04	3.389516e-04
1.049416e+04	3.378789e-04
1.050032e+04	3.368078e-04
1.050649e+04	3.357385e-04
1.051266e+04	3.346708e-04
1.051883e+04	3.336049e-04
1.052500e+04	3.325406e-04
1.053117e+04	3.314780e-04
1.053734e+04	3.304172e-04
1.054351e+04	3.293581e-04
1.054968e+04	3.283007e-04
1.055585e+04	3.272450e-04
1.056202e+04	3.261911e-04
1.056819e+04	3.251389e-04
1.057436e+04	3.240884e-04
1.058053e+04	3.230397e-04
1.058670e+04	3.219927e-04
1.059287e+04	3.209475e-04
1.059904e+04	3.199041e-04
1.060520e+04	3.188624e-04
1.061137e+04	3.178225e-04
1.061754e+04	3.167844e-04
1.062371e+04	3.157481e-04
1.062988e+04	3.147135e-04
1.063605e+04	3.136808e-04
1.064222e+04	3.126498e-04
1.064839e+04	3.116206e-04
1.065456e+04	3.105933e-04
1.066073e+04	3.095677e-04
1.066690e+04	3.085440e-04
1.067307e+04	3.075221e-04
1.067924e+04	3.065020e-04
1.068541e+04	3.054837e-04
1.069158e+04	3.044673e-04
1.069775e+04	3.034527e-04
1.070391e+04	3.024399e-04
1.071008e+04	3.014290e-04
1.071625e+04	3.004200e-04
1.072242e+04	2.994128e-04
1.072859e+04	2.984074e-04
1.073476e+04	2.974039e-04
1.074093e+04	2.964023e-04
1.074710e+04	2.954025e-04
1.075327e+04	2.944046e-04
1.075944e+04	2.934086e-04
1.076561e+04	2.924145e-04
1.077178e+04	2.914223e-04
1.077795e+04	2.904319e-04
1.078412e+04	2.894434e-04
1.079029e+04	2.884568e-04
1.079646e+04	2.874722e-04
1.080263e+04	2.864894e-04
1.080879e+04	2.855085e-04
1.081496e+04	2.845296e-04
1.082113e+04	2.835525e-04
1.082730e+04	2.825774e-04
1.083347e+04	2.816042e-04
1.083964e+04	2.806329e-04
1.084581e+04	2.796635e-04
1.085198e+04	2.786961e-04
1.085815e+04	2.777306e-04
1.086432e+04	2.767670e-04
1.087049e+04	2.758054e-04
1.087666e+04	2.748457e-04
1.088283e+04	2.738879e-04
1.088900e+04	2.729321e-04
1.089517e+04	2.719783e-04
1.090134e+04	2.710264e-04
1.090751e+04	2.700764e-04
1.091367e+04	2.691284e-04
1.091984e+04	2.681824e-04
1.092601e+04	2.672383e-04
1.093218e+04	2.662963e-04
1.093835e+04	2.653561e-04
1.094452e+04	2.644180e-04
1.095069e+04	2.634818e-04
1.095686e+04	2.625476e-04
1.096303e+04	2.616154e-04
1.096920e+04	2.606851e-04
1.097537e+04	2.597569e-04
1.098154e+04	2.588306e-04
1.098771e+04	2.579063e-04
1.099388e+04	2.569840e-04
1.100005e+04	2.560638e-04
1.100622e+04	2.551455e-04
1.101239e+04	2.542292e-04
1.101855e+04	2.533149e-04
1.102472e+04	2.524026e-04
1.103089e+04	2.514923e-04
1.103706e+04	2.505840e-04
1.104323e+04	2.496777e-04
1.104940e+04	2.487734e-04
1.105557e+04	2.478712e-04
1.106174e+04	2.469709e-04
1.106791e+04	2.460727e-04
1.107408e+04	2.451765e-04
1.108025e+04	2.442823e-04
1.108642e+04	2.433901e-04
1.109259e+04	2.425000e-04
1.109876e+04	2.416119e-04
1.110493e+04	2.407258e-04
1.111110e+04	2.398417e-04
1.111726e+04	2.389597e-04
1.112343e+04	2.380797e-04
1.112960e+04	2.372017e-04
1.113577e+04	2.363257e-04
1.114194e+04	2.354518e-04
1.114811e+04	2.345800e-04
1.115428e+04	2.337101e-04
1.116045e+04	2.328423e-04
1.116662e+04	2.319766e-04
1.117279e+04	2.311129e-04
1.117896e+04	2.302512e-04
1.118513e+04	2.293916e-04
1.119130e+04	2.285340e-04
1.119747e+04	2.276785e-04
1.120364e+04	2.268250e-04
1.120981e+04	2.259736e-04
1.121598e+04	2.251242e-04
1.122214e+04	2.242768e-04
1.122831e+04	2.234316e-04
1.123448e+04	2.225883e-04
1.124065e+04	2.217471e-04
1.124682e+04	2.209080e-04
1.125299e+04	2.200709e-04
1.125916e+04	2.192359e-04
1.126533e+04	2.184030e-04
1.127150e+04	2.175720e-04
1.127767e+04	2.167432e-04
1.128384e+04	2.159164e-04
1.129001e+04	2.150917e-04
1.129618e+04	2.142690e-04
1.130235e+04	2.134484e-04
1.130852e+04	2.126298e-04
1.131469e+04	2.118133e-04
1.132086e+04	2.109989e-04
1.132702e+04	2.101865e-04
1.133319e+04	2.093762e-04
1.133936e+04	2.085679e-04
1.134553e+04	2.077617e-04
1.135170e+04	2.069576e-04
1.135787e+04	2.061555e-04
1.136404e+04	2.053555e-04
1.137021e+04	2.045576e-04
1.137638e+04	2.037617e-04
1.138255e+04	2.029679e-04
1.138872e+04	2.021761e-04
1.139489e+04	2.013864e-04
1.140106e+04	2.005988e-04
1.140723e+04	1.998132e-04
1.141340e+04	1.990297e-04
1.141957e+04	1.982483e-04
1.142574e+04	1.974689e-04
1.143190e+04	1.966916e-04
1.143807e+04	1.959163e-04
1.144424e+04	1.951431e-04
1.145041e+04	1.943720e-04
1.145658e+04	1.936029e-04
1.146275e+04	1.928359e-04
1.146892e+04	1.920710e-04
1.147509e+04	1.913081e-04
1.148126e+04	1.905472e-04
1.148743e+04	1.897885e-04
1.149360e+04	1.890317e-04
1.149977e+04	1.882771e-04
1.150594e+04	1.875245e-04
1.151211e+04	1.867739e-04
1.151828e+04	1.860254e-04
1.152445e+04	1.852790e-04
1.153061e+04	1.845346e-04
1.153678e+04	1.837923e-04
1.154295e+04	1.830520e-04
1.154912e+04	1.823138e-04
1.155529e+04	1.815777e-04
1.156146e+04	1.808435e-04
1.156763e+04	1.801115e-04
1.157380e+04	1.793815e-04
1.157997e+04	1.786535e-04
1.158614e+04	1.779276e-04
1.159231e+04	1.772037e-04
1.159848e+04	1.764819e-04
1.160465e+04	1.757621e-04
1.161082e+04	1.750444e-04
1.161699e+04	1.743287e-04
1.162316e+04	1.736150e-04
1.162933e+04	1.729034e-04
1.163549e+04	1.721938e-04
1.164166e+04	1.714863e-04
1.164783e+04	1.707808e-04
1.165400e+04	1.700774e-04
1.166017e+04	1.693759e-04
1.166634e+04	1.686765e-04
1.167251e+04	1.679792e-04
1.167868e+04	1.672838e-04
1.168485e+04	1.665905e-04
1.169102e+04	1.658993e-04
1.169719e+04	1.652100e-04
1.170336e+04	1.645228e-04
1.170953e+04	1.638376e-04
1.171570e+04	1.631544e-04
1.172187e+04	1.624733e-04
1.172804e+04	1.617942e-04
1.173421e+04	1.611170e-04
1.174037e+04	1.604419e-04
1.174654e+04	1.597689e-04
1.175271e+04	1.590978e-04
1.175888e+04	1.584287e-04
1.176505e+04	1.577617e-04
1.177122e+04	1.570966e-04
1.177739e+04	1.564336e-04
1.178356e+04	1.557726e-04
1.178973e+04	1.551136e-04
1.179590e+04	1.544565e-04
1.180207e+04	1.538015e-04
1.180824e+04	1.531485e-04
1.181441e+04	1.524974e-04
1.182058e+04	1.518484e-04
1.182675e+04	1.512014e-04
1.183292e+04	1.505563e-04
1.183909e+04	1.499132e-04
1.184525e+04	1.492721e-04
1.185142e+04	1.486331e-04
1.185759e+04	1.479959e-04
1.186376e+04	1.473608e-04
1.186993e+04	1.467276e-04
1.187610e+04	1.460965e-04
1.188227e+04	1.454673e-04
1.188844e+04	1.448400e-04
1.189461e+04	1.442148e-04
1.190078e+04	1.435915e-04
1.190695e+04	1.429701e-04
1.191312e+04	1.423508e-04
1.191929e+04	1.417334e-04
1.192546e+04	1.411179e-04
1.193163e+04	1.405044e-04
1.193780e+04	1.398929e-04
1.194396e+04	1.392833e-04
1.195013e+04	1.386757e-04
1.195630e+04	1.380700e-04
1.196247e+04	1.374662e-04
1.196864e+04	1.368644e-04
1.197481e+04	1.362646e-04
1.198098e+04	1.356666e-04
1.198715e+04	1.350707e-04
1.199332e+04	1.344766e-04
1.199949e+04	1.338845e-04
1.200566e+04	1.332943e-04
1.201183e+04	1.327060e-04
1.201800e+04	1.321197e-04
1.202417e+04	1.315352e-04
1.203034e+04	1.309527e-04
1.203651e+04	1.303721e-04
1.204268e+04	1.297935e-04
1.204884e+04	1.292167e-04
1.205501e+04	1.286418e-04
1.206118e+04	1.280689e-04
1.206735e+04	1.274978e-04
1.207352e+04	1.269287e-04
1.207969e+04	1.263614e-04
1.208586e+04	1.257961e-04
1.209203e+04	1.252326e-04
1.209820e+04	1.246710e-04
1.210437e+04	1.241113e-04
1.211054e+04	1.235535e-04
1.211671e+04	1.229976e-04
1.212288e+04	1.224435e-04
1.212905e+04	1.218913e-04
1.213522e+04	1.213410e-04
1.214139e+04	1.207926e-04
1.214756e+04	1.202460e-04
1.215372e+04	1.197013e-04
1.215989e+04	1.191584e-04
1.216606e+04	1.186175e-04
1.217223e+04	1.180783e-04
1.217840e+04	1.175410e-04
1.218457e+04	1.170056e-04
1.219074e+04	1.164720e-04
1.219691e+04	1.159403e-04
1.220308e+04	1.154103e-04
1.220925e+04	1.148823e-04
1.221542e+04	1.143560e-04
1.222159e+04	1.138316e-04
1.222776e+04	1.133090e-04
1.223393e+04	1.127883e-04
1.224010e+04	1.122694e-04
1.224627e+04	1.117522e-04
1.225244e+04	1.112369e-04
1.225860e+04	1.107234e-04
1.226477e+04	1.102118e-04
1.227094e+04	1.097019e-04
1.227711e+04	1.091938e-04
1.228328e+04	1.086875e-04
1.228945e+04	1.081831e-04
1.229562e+04	1.076804e-04
1.230179e+04	1.071795e-04
1.230796e+04	1.066804e-04
1.231413e+04	1.061831e-04
1.232030e+04	1.056875e-04
1.232647e+04	1.051938e-04
1.233264e+04	1.047018e-04
1.233881e+04	1.042115e-04
1.234498e+04	1.037231e-04
1.235115e+04	1.032364e-04
1.235731e+04	1.027515e-04
1.236348e+04	1.022683e-04
1.236965e+04	1.017869e-04
1.237582e+04	1.013072e-04
1.238199e+04	1.008293e-04
1.238816e+04	1.003531e-04
1.239433e+04	9.987863e-05
1.240050e+04	9.940593e-05
1.240667e+04	9.893495e-05
1.241284e+04	9.846571e-05
1.241901e+04	9.799820e-05
1.242518e+04	9.753240e-05
1.243135e+04	9.706833e-05
1.243752e+04	9.660597e-05
1.244369e+04	9.614532e-05
1.244986e+04	9.568639e-05
1.245603e+04	9.522916e-05
1.246219e+04	9.477363e-05
1.246836e+04	9.431980e-05
1.247453e+04	9.386766e-05
1.248070e+04	9.341722e-05
1.248687e+04	9.296846e-05
1.249304e+04	9.252139e-05
1.249921e+04	9.207600e-05
1.250538e+04	9.163228e-05
1.251155e+04	9.119024e-05
1.251772e+04	9.074987e-05
1.252389e+04	9.031117e-05
1.253006e+04	8.987413e-05
1.253623e+04	8.943875e-05
1.254240e+04	8.900502e-05
1.254857e+04	8.857295e-05
1.255474e+04	8.814252e-05
1.256091e+04	8.771374e-05
1.256707e+04	8.728660e-05
1.257324e+04	8.686110e-05
1.257941e+04	8.643723e-05
1.258558e+04	8.601500e-05
1.259175e+04	8.559439e-05
1.259792e+04	8.517540e-05
1.260409e+04	8.475803e-05
1.261026e+04	8.434227e-05
1.261643e+04	8.392813e-05
1.262260e+04	8.351560e-05
1.262877e+04	8.310467e-05
1.263494e+04	8.269534e-05
1.264111e+04	8.228761e-05
1.264728e+04	8.188147e-05
1.265345e+04	8.147692e-05
1.265962e+04	8.107396e-05
1.266579e+04	8.067258e-05
1.267195e+04	8.027277e-05
1.267812e+04	7.987454e-05
1.268429e+04	7.947788e-05
1.269046e+04	7.908279e-05
1.269663e+04	7.868927e-05
1.270280e+04	7.829730e-05
1.270897e+04	7.790688e-05
1.271514e+04	7.751802e-05
1.272131e+04	7.713071e-05
1.272748e+04	7.674494e-05
1.273365e+04	7.636071e-05
1.273982e+04	7.597802e-05
1.274599e+04	7.559686e-05
1.275216e+04	7.521723e-05
1.275833e+04	7.483912e-05
1.276450e+04	7.446254e-05
1.277066e+04	7.408747e-05
1.277683e+04	7.371392e-05
1.278300e+04	7.334188e-05
1.278917e+04	7.297134e-05
1.279534e+04	7.260230e-05
1.280151e+04	7.223477e-05
1.280768e+04	7.186872e-05
1.281385e+04	7.150417e-05
1.282002e+04	7.114111e-05
1.282619e+04	7.077953e-05
1.283236e+04	7.041942e-05
1.283853e+04	7.006080e-05
1.284470e+04	6.970364e-05
1.285087e+04	6.934795e-05
1.285704e+04	6.899372e-05
1.286321e+04	6.864096e-05
1.286938e+04	6.828965e-05
1.287554e+04	6.793979e-05
1.288171e+04	6.759138e-05
1.288788e+04	6.724441e-05
1.289405e+04	6.689889e-05
1.290022e+04	6.655480e-05
1.290639e+04	6.621214e-05
1.291256e+04	6.587091e-05
1.291873e+04	6.553111e-05
1.292490e+04	6.519273e-05
1.293107e+04	6.485576e-05
1.293724e+04	6.452021e-05
1.294341e+04	6.418606e-05
1.294958e+04	6.385332e-05
1.295575e+04	6.352199e-05
1.296192e+04	6.319205e-05
1.296809e+04	6.286350e-05
1.297426e+04	6.253634e-05
1.298042e+04	6.221057e-05
1.298659e+04	6.188618e-05
1.299276e+04	6.156317e-05
1.299893e+04	6.124153e-05
1.300510e+04	6.092126e-05
1.301127e+04	6.060236e-05
1.301744e+04	6.028482e-05
1.302361e+04	5.996864e-05
1.302978e+04	5.965382e-05
1.303595e+04	5.934034e-05
1.304212e+04	5.902821e-05
1.304829e+04	5.871742e-05
1.305446e+04	5.840797e-05
1.306063e+04	5.809986e-05
1.306680e+04	5.779308e-05
1.307297e+04	5.748762e-05
1.307914e+04	5.718349e-05
1.308530e+04	5.688068e-05
1.309147e+04	5.657918e-05
1.309764e+04	5.627899e-05
1.310381e+04	5.598011e-05
1.310998e+04	5.568254e-05
1.311615e+04	5.538626e-05
1.312232e+04	5.509128e-05
1.312849e+04	5.479759e-05
1.313466e+04	5.450519e-05
1.314083e+04	5.421408e-05
1.314700e+04	5.392424e-05
1.315317e+04	5.363568e-05
1.315934e+04	5.334839e-05
1.316551e+04	5.306237e-05
1.317168e+04	5.277762e-05
1.317785e+04	5.249413e-05
1.318402e+04	5.221189e-05
1.319018e+04	5.193091e-05
1.319635e+04	5.165117e-05
1.320252e+04	5.137268e-05
1.320869e+04	5.109543e-05
1.321486e+04	5.081942e-05
1.322103e+04	5.054464e-05
1.322720e+04	5.027109e-05
1.323337e+04	4.999877e-05
1.323954e+04	4.972767e-05
1.324571e+04	4.945779e-05
1.325188e+04	4.918912e-05
1.325805e+04	4.892166e-05
1.326422e+04	4.865541e-05
1.327039e+04	4.839036e-05
1.327656e+04	4.812651e-05
1.328273e+04	4.786385e-05
1.328889e+04	4.760239e-05
1.329506e+04	4.734211e-05
1.330123e+04	4.708301e-05
1.330740e+04	4.682510e-05
1.331357e+04	4.656836e-05
1.331974e+04	4.631279e-05
1.332591e+04	4.605839e-05
1.333208e+04	4.580516e-05
1.333825e+04	4.555308e-05
1.334442e+04	4.530216e-05
1.335059e+04	4.505239e-05
1.335676e+04	4.480378e-05
1.336293e+04	4.455630e-05
1.336910e+04	4.430997e-05
1.337527e+04	4.406478e-05
1.338144e+04	4.382072e-05
1.338761e+04	4.357778e-05
1.339377e+04	4.333598e-05
1.339994e+04	4.309530e-05
1.340611e+04	4.285573e-05
1.341228e+04	4.261728e-05
1.341845e+04	4.237994e-05
1.342462e+04	4.214371e-05
1.343079e+04	4.190858e-05
1.343696e+04	4.167455e-05
1.344313e+04	4.144162e-05
1.344930e+04	4.120978e-05
1.345547e+04	4.097903e-05
1.346164e+04	4.074936e-05
1.346781e+04	4.052077e-05
1.347398e+04	4.029326e-05
1.348015e+04	4.006682e-05
1.348632e+04	3.984145e-05
1.349249e+04	3.961715e-05
1.349865e+04	3.939391e-05
1.350482e+04	3.917173e-05
1.351099e+04	3.895060e-05
1.351716e+04	3.873052e-05
1.352333e+04	3.851150e-05
1.352950e+04	3.829351e-05
1.353567e+04	3.807656e-05
1.354184e+04	3.786066e-05
1.354801e+04	3.764578e-05
1.355418e+04	3.743193e-05
1.356035e+04	3.721911e-05
1.356652e+04	3.700731e-05
1.357269e+04	3.679652e-05
1.357886e+04	3.658675e-05
1.358503e+04	3.637799e-05
1.359120e+04	3.617024e-05
1.359737e+04	3.596349e-05
1.360353e+04	3.575774e-05
1.360970e+04	3.555299e-05
1.361587e+04	3.534923e-05
1.362204e+04	3.514646e-05
1.362821e+04	3.494467e-05
1.363438e+04	3.474387e-05
1.364055e+04	3.454404e-05
1.364672e+04	3.434519e-05
1.365289e+04	3.414730e-05
1.365906e+04	3.395039e-05
1.366523e+04	3.375444e-05
1.367140e+04	3.355944e-05
1.367757e+04	3.336541e-05
1.368374e+04	3.317233e-05
1.368991e+04	3.298019e-05
1.369608e+04	3.278901e-05
1.370224e+04	3.259876e-05
1.370841e+04	3.240945e-05
1.371458e+04	3.222108e-05
1.372075e+04	3.203364e-05
1.372692e+04	3.184713e-05
1.373309e+04	3.166155e-05
1.373926e+04	3.147688e-05
1.374543e+04	3.129313e-05
1.375160e+04	3.111030e-05
1.375777e+04	3.092838e-05
1.376394e+04	3.074736e-05
1.377011e+04	3.056725e-05
1.377628e+04	3.038804e-05
1.378245e+04	3.020972e-05
1.378862e+04	3.003230e-05
1.379479e+04	2.985577e-05
1.380096e+04	2.968012e-05
1.380712e+04	2.950536e-05
1.381329e+04	2.933148e-05
1.381946e+04	2.915847e-05
1.382563e+04	2.898633e-05
1.383180e+04	2.881507e-05
1.383797e+04	2.864467e-05
1.384414e+04	2.847514e-05
1.385031e+04	2.830646e-05
1.385648e+04	2.813864e-05
1.386265e+04	2.797167e-05
1.386882e+04	2.780555e-05
1.387499e+04	2.764028e-05
1.388116e+04	2.747584e-05
1.388733e+04	2.731225e-05
1.389350e+04	2.714950e-05
1.389967e+04	2.698757e-05
1.390584e+04	2.682648e-05
1.391200e+04	2.666621e-05
1.391817e+04	2.650676e-05
1.392434e+04	2.634813e-05
1.393051e+04	2.619032e-05
1.393668e+04	2.603332e-05
1.394285e+04	2.587713e-05
1.394902e+04	2.572175e-05
1.395519e+04	2.556717e-05
1.396136e+04	2.541339e-05
1.396753e+04	2.526040e-05
1.397370e+04	2.510821e-05
1.397987e+04	2.495681e-05
1.398604e+04	2.480619e-05
1.399221e+04	2.465636e-05
1.399838e+04	2.450730e-05
1.400455e+04	2.435903e-05
1.401072e+04	2.421153e-05
1.401688e+04	2.406480e-05
1.402305e+04	2.391883e-05
1.402922e+04	2.377363e-05
1.403539e+04	2.362919e-05
1.404156e+04	2.348551e-05
1.404773e+04	2.334259e-05
1.405390e+04	2.320041e-05
1.406007e+04	2.305899e-05
1.406624e+04	2.291831e-05
1.407241e+04	2.277837e-05
1.407858e+04	2.263917e-05
1.408475e+04	2.250071e-05
1.409092e+04	2.236298e-05
1.409709e+04	2.222598e-05
1.410326e+04	2.208970e-05
1.410943e+04	2.195415e-05
1.411559e+04	2.181932e-05
1.412176e+04	2.168521e-05
1.412793e+04	2.155182e-05
1.413410e+04	2.141913e-05
1.414027e+04	2.128715e-05
1.414644e+04	2.115588e-05
1.415261e+04	2.102531e-05
1.415878e+04	2.089544e-05
1.416495e+04	2.076627e-05
1.417112e+04	2.063779e-05
1.417729e+04	2.051000e-05
1.418346e+04	2.038290e-05
1.418963e+04	2.025648e-05
1.419580e+04	2.013074e-05
1.420197e+04	2.000568e-05
1.420814e+04	1.988130e-05
1.421431e+04	1.975759e-05
1.422047e+04	1.963455e-05
1.422664e+04	1.951218e-05
1.423281e+04	1.939047e-05
1.423898e+04	1.926942e-05
1.424515e+04	1.914903e-05
1.425132e+04	1.902930e-05
1.425749e+04	1.891021e-05
1.426366e+04	1.879178e-05
1.426983e+04	1.867400e-05
1.427600e+04	1.855685e-05
1.428217e+04	1.844035e-05
1.428834e+04	1.832449e-05
1.429451e+04	1.820926e-05
1.430068e+04	1.809466e-05
1.430685e+04	1.798070e-05
1.431302e+04	1.786736e-05
1.431919e+04	1.775464e-05
1.432535e+04	1.764255e-05
1.433152e+04	1.753107e-05
1.433769e+04	1.742021e-05
1.434386e+04	1.730996e-05
1.435003e+04	1.720032e-05
1.435620e+04	1.709129e-05
1.436237e+04	1.698287e-05
1.436854e+04	1.687504e-05
1.437471e+04	1.676782e-05
1.438088e+04	1.666119e-05
1.438705e+04	1.655516e-05
1.439322e+04	1.644971e-05
1.439939e+04	1.634486e-05
1.440556e+04	1.624059e-05
1.441173e+04	1.613690e-05
1.441790e+04	1.603380e-05
1.442407e+04	1.593127e-05
1.443023e+04	1.582931e-05
1.443640e+04	1.572793e-05
1.444257e+04	1.562712e-05
1.444874e+04	1.552688e-05
1.445491e+04	1.542720e-05
1.446108e+04	1.532808e-05
1.446725e+04	1.522952e-05
1.447342e+04	1.513152e-05
1.447959e+04	1.503407e-05
1.448576e+04	1.493717e-05
1.449193e+04	1.484082e-05
1.449810e+04	1.474502e-05
1.450427e+04	1.464976e-05
1.451044e+04	1.455505e-05
1.451661e+04	1.446087e-05
1.452278e+04	1.436723e-05
1.452894e+04	1.427412e-05
1.453511e+04	1.418154e-05
1.454128e+04	1.408949e-05
1.454745e+04	1.399797e-05
1.455362e+04	1.390697e-05
1.455979e+04	1.381650e-05
1.456596e+04	1.372654e-05
1.457213e+04	1.363710e-05
1.457830e+04	1.354817e-05
1.458447e+04	1.345975e-05
1.459064e+04	1.337184e-05
1.459681e+04	1.328444e-05
1.460298e+04	1.319754e-05
1.460915e+04	1.311115e-05
1.461532e+04	1.302525e-05
1.462149e+04	1.293985e-05
1.462766e+04	1.285494e-05
1.463382e+04	1.277053e-05
1.463999e+04	1.268661e-05
1.464616e+04	1.260317e-05
1.465233e+04	1.252022e-05
1.465850e+04	1.243775e-05
1.466467e+04	1.235576e-05
1.467084e+04	1.227425e-05
1.467701e+04	1.219321e-05
1.468318e+04	1.211265e-05
1.468935e+04	1.203256e-05
1.469552e+04	1.195294e-05
1.470169e+04	1.187378e-05
1.470786e+04	1.179509e-05
1.471403e+04	1.171686e-05
1.472020e+04	1.163909e-05
1.472637e+04	1.156178e-05
1.473254e+04	1.148492e-05
1.473870e+04	1.140851e-05
1.474487e+04	1.133256e-05
1.475104e+04	1.125705e-05
1.475721e+04	1.118199e-05
1.476338e+04	1.110738e-05
1.476955e+04	1.103320e-05
1.477572e+04	1.095947e-05
1.478189e+04	1.088617e-05
1.478806e+04	1.081331e-05
1.479423e+04	1.074088e-05
1.480040e+04	1.066888e-05
1.480657e+04	1.059731e-05
1.481274e+04	1.052616e-05
1.481891e+04	1.045544e-05
1.482508e+04	1.038515e-05
1.483125e+04	1.031527e-05
1.483742e+04	1.024581e-05
1.484358e+04	1.017677e-05
1.484975e+04	1.010814e-05
1.485592e+04	1.003992e-05
1.486209e+04	9.972111e-06
1.486826e+04	9.904710e-06
1.487443e+04	9.837715e-06
1.488060e+04	9.771123e-06
1.488677e+04	9.704932e-06
1.489294e+04	9.639141e-06
1.489911e+04	9.573747e-06
1.490528e+04	9.508748e-06
1.491145e+04	9.444142e-06
1.491762e+04	9.379927e-06
1.492379e+04	9.316102e-06
1.492996e+04	9.252664e-06
1.493613e+04	9.189611e-06
1.494229e+04	9.126941e-06
1.494846e+04	9.064652e-06
1.495463e+04	9.002742e-06
1.496080e+04	8.941210e-06
1.496697e+04	8.880053e-06
1.497314e+04	8.819270e-06
1.497931e+04	8.758858e-06
1.498548e+04	8.698815e-06
1.499165e+04	8.639140e-06
1.499782e+04	8.579831e-06
1.500399e+04	8.520885e-06
1.501016e+04	8.462301e-06
1.501633e+04	8.404078e-06
1.502250e+04	8.346212e-06
1.502867e+04	8.288703e-06
1.503484e+04	8.231548e-06
1.504101e+04	8.174745e-06
1.504717e+04	8.118293e-06
1.505334e+04	8.062190e-06
1.505951e+04	8.006433e-06
1.506568e+04	7.951022e-06
1.507185e+04	7.895954e-06
1.507802e+04	7.841227e-06
1.508419e+04	7.786840e-06
1.509036e+04	7.732791e-06
1.509653e+04	7.679078e-06
1.510270e+04	7.625700e-06
1.510887e+04	7.572653e-06
1.511504e+04	7.519938e-06
1.512121e+04	7.467551e-06
1.512738e+04	7.415491e-06
1.513355e+04	7.363757e-06
1.513972e+04	7.312347e-06
1.514589e+04	7.261258e-06
1.515205e+04	7.210490e-06
1.515822e+04	7.160040e-06
1.516439e+04	7.109907e-06
1.517056e+04	7.060089e-06
1.517673e+04	7.010584e-06
1.518290e+04	6.961391e-06
1.518907e+04	6.912508e-06
1.519524e+04	6.863933e-06
1.520141e+04	6.815665e-06
1.520758e+04	6.767702e-06
1.521375e+04	6.720042e-06
1.521992e+04	6.672684e-06
1.522609e+04	6.625626e-06
1.523226e+04	6.578866e-06
1.523843e+04	6.532402e-06
1.524460e+04	6.486234e-06
1.525077e+04	6.440360e-06
1.525693e+04	6.394777e-06
1.526310e+04	6.349484e-06
1.526927e+04	6.304481e-06
1.527544e+04	6.259764e-06
1.528161e+04	6.215333e-06
1.528778e+04	6.171186e-06
1.529395e+04	6.127321e-06
1.530012e+04	6.083736e-06
1.530629e+04	6.040432e-06
1.531246e+04	5.997404e-06
1.531863e+04	5.954653e-06
1.532480e+04	5.912177e-06
1.533097e+04	5.869974e-06
1.533714e+04	5.828042e-06
1.534331e+04	5.786380e-06
1.534948e+04	5.744987e-06
1.535565e+04	5.703861e-06
1.536181e+04	5.663001e-06
1.536798e+04	5.622404e-06
1.537415e+04	5.582070e-06
1.538032e+04	5.541997e-06
1.538649e+04	5.502184e-06
1.539266e+04	5.462629e-06
1.539883e+04	5.423331e-06
1.540500e+04	5.384288e-06
1.541117e+04	5.345499e-06
1.541734e+04	5.306962e-06
1.542351e+04	5.268677e-06
1.542968e+04	5.230641e-06
1.543585e+04	5.192853e-06
1.544202e+04	5.155311e-06
1.544819e+04	5.118015e-06
1.545436e+04	5.080963e-06
1.546052e+04	5.044154e-06
1.546669e+04	5.007586e-06
1.547286e+04	4.971257e-06
1.547903e+04	4.935167e-06
1.548520e+04	4.899314e-06
1.549137e+04	4.863696e-06
1.549754e+04	4.828313e-06
1.550371e+04	4.793163e-06
1.550988e+04	4.758245e-06
1.551605e+04	4.723557e-06
1.552222e+04	4.689098e-06
1.552839e+04	4.654866e-06
1.553456e+04	4.620861e-06
1.554073e+04	4.587081e-06
1.554690e+04	4.553525e-06
1.555307e+04	4.520191e-06
1.555924e+04	4.487078e-06
1.556540e+04	4.454185e-06
1.557157e+04	4.421511e-06
1.557774e+04	4.389054e-06
1.558391e+04	4.356813e-06
1.559008e+04	4.324787e-06
1.559625e+04	4.292975e-06
1.560242e+04	4.261375e-06
1.560859e+04	4.229986e-06
1.561476e+04	4.198806e-06
1.562093e+04	4.167835e-06
1.562710e+04	4.137072e-06
1.563327e+04	4.106515e-06
1.563944e+04	4.076163e-06
1.564561e+04	4.046014e-06
1.565178e+04	4.016068e-06
1.565795e+04	3.986323e-06
1.566412e+04	3.956779e-06
1.567028e+04	3.927433e-06
1.567645e+04	3.898285e-06
1.568262e+04	3.869334e-06
1.568879e+04	3.840578e-06
1.569496e+04	3.812017e-06
1.570113e+04	3.783649e-06
1.570730e+04	3.755472e-06
1.571347e+04	3.727487e-06
1.571964e+04	3.699691e-06
1.572581e+04	3.672084e-06
1.573198e+04	3.644664e-06
1.573815e+04	3.617430e-06
1.574432e+04	3.590382e-06
1.575049e+04	3.563518e-06
1.575666e+04	3.536837e-06
1.576283e+04	3.510337e-06
1.576900e+04	3.484019e-06
1.577516e+04	3.457880e-06
1.578133e+04	3.431920e-06
1.578750e+04	3.406137e-06
1.579367e+04	3.380531e-06
1.579984e+04	3.355100e-06
1.580601e+04	3.329844e-06
1.581218e+04	3.304760e-06
1.581835e+04	3.279850e-06
1.582452e+04	3.255110e-06
1.583069e+04	3.230540e-06
1.583686e+04	3.206140e-06
1.584303e+04	3.181907e-06
1.584920e+04	3.157842e-06
1.585537e+04	3.133943e-06
1.586154e+04	3.110209e-06
1.586771e+04	3.086638e-06
1.587387e+04	3.063231e-06
1.588004e+04	3.039986e-06
1.588621e+04	3.016902e-06
1.589238e+04	2.993978e-06
1.589855e+04	2.971213e-06
1.590472e+04	2.948606e-06
1.591089e+04	2.926156e-06
1.591706e+04	2.903862e-06
1.592323e+04	2.881723e-06
1.592940e+04	2.859739e-06
1.593557e+04	2.837908e-06
1.594174e+04	2.816229e-06
1.594791e+04	2.794702e-06
1.595408e+04	2.773325e-06
1.596025e+04	2.752097e-06
1.596642e+04	2.731018e-06
1.597259e+04	2.710087e-06
1.597875e+04	2.689302e-06
1.598492e+04	2.668664e-06
1.599109e+04	2.648170e-06
1.599726e+04	2.627820e-06
1.600343e+04	2.607613e-06
1.600960e+04	2.587548e-06
1.601577e+04	2.567625e-06
1.602194e+04	2.547842e-06
1.602811e+04	2.528199e-06
1.603428e+04	2.508694e-06
1.604045e+04	2.489327e-06
1.604662e+04	2.470098e-06
1.605279e+04	2.451004e-06
1.605896e+04	2.432045e-06
1.606513e+04	2.413221e-06
1.607130e+04	2.394530e-06
1.607747e+04	2.375972e-06
1.608363e+04	2.357545e-06
1.608980e+04	2.339250e-06
1.609597e+04	2.321085e-06
1.610214e+04	2.303049e-06
1.610831e+04	2.285142e-06
1.611448e+04	2.267362e-06
1.612065e+04	2.249709e-06
1.612682e+04	2.232182e-06
1.613299e+04	2.214781e-06
1.613916e+04	2.197504e-06
1.614533e+04	2.180351e-06
1.615150e+04	2.163320e-06
1.615767e+04	2.146412e-06
1.616384e+04	2.129625e-06
1.617001e+04	2.112958e-06
1.617618e+04	2.096411e-06
1.618235e+04	2.079983e-06
1.618851e+04	2.063674e-06
1.619468e+04	2.047482e-06
1.620085e+04	2.031406e-06
1.620702e+04	2.015447e-06
1.621319e+04	1.999602e-06
1.621936e+04	1.983873e-06
1.622553e+04	1.968256e-06
1.623170e+04	1.952753e-06
1.623787e+04	1.937362e-06
1.624404e+04	1.922083e-06
1.625021e+04	1.906914e-06
1.625638e+04	1.891856e-06
1.626255e+04	1.876907e-06
1.626872e+04	1.862066e-06
1.627489e+04	1.847333e-06
1.628106e+04	1.832708e-06
1.628722e+04	1.818189e-06
1.629339e+04	1.803776e-06
1.629956e+04	1.789468e-06
1.630573e+04	1.775265e-06
1.631190e+04	1.761165e-06
1.631807e+04	1.747168e-06
1.632424e+04	1.733274e-06
1.633041e+04	1.719482e-06
1.633658e+04	1.705790e-06
1.634275e+04	1.692199e-06
1.634892e+04	1.678708e-06
1.635509e+04	1.665316e-06
1.636126e+04	1.652022e-06
1.636743e+04	1.638826e-06
1.637360e+04	1.625727e-06
1.637977e+04	1.612725e-06
1.638594e+04	1.599818e-06
1.639210e+04	1.587007e-06
1.639827e+04	1.574290e-06
1.640444e+04	1.561667e-06
1.641061e+04	1.549138e-06
1.641678e+04	1.536701e-06
1.642295e+04	1.524356e-06
1.642912e+04	1.512103e-06
1.643529e+04	1.499941e-06
1.644146e+04	1.487868e-06
1.644763e+04	1.475886e-06
1.645380e+04	1.463992e-06
1.645997e+04	1.452187e-06
1.646614e+04	1.440470e-06
1.647231e+04	1.428840e-06
1.647848e+04	1.417297e-06
1.648465e+04	1.405840e-06
1.649082e+04	1.394468e-06
1.649698e+04	1.383181e-06
1.650315e+04	1.371979e-06
1.650932e+04	1.360861e-06
1.651549e+04	1.349825e-06
1.652166e+04	1.338873e-06
1.652783e+04	1.328002e-06
1.653400e+04	1.317213e-06
1.654017e+04	1.306505e-06
1.654634e+04	1.295877e-06
1.655251e+04	1.285330e-06
1.655868e+04	1.274861e-06
1.656485e+04	1.264472e-06
1.657102e+04	1.254161e-06
1.657719e+04	1.243927e-06
1.658336e+04	1.233771e-06
1.658953e+04	1.223692e-06
1.659570e+04	1.213688e-06
1.660186e+04	1.203760e-06
1.660803e+04	1.193908e-06
1.661420e+04	1.184130e-06
1.662037e+04	1.174426e-06
1.662654e+04	1.164795e-06
1.663271e+04	1.155238e-06
1.663888e+04	1.145754e-06
1.664505e+04	1.136341e-06
1.665122e+04	1.127000e-06
1.665739e+04	1.117730e-06
1.666356e+04	1.108531e-06
1.666973e+04	1.099402e-06
1.667590e+04	1.090342e-06
1.668207e+04	1.081352e-06
1.668824e+04	1.072430e-06
1.669441e+04	1.063576e-06
1.670057e+04	1.054790e-06
1.670674e+04	1.046072e-06
1.671291e+04	1.037420e-06
1.671908e+04	1.028835e-06
1.672525e+04	1.020315e-06
1.673142e+04	1.011861e-06
1.673759e+04	1.003471e-06
1.674376e+04	9.951465e-07
1.674993e+04	9.868857e-07
1.675610e+04	9.786885e-07
1.676227e+04	9.705544e-07
1.676844e+04	9.624831e-07
1.677461e+04	9.544740e-07
1.678078e+04	9.465267e-07
1.678695e+04	9.386408e-07
1.679312e+04	9.308159e-07
1.679929e+04	9.230515e-07
1.680545e+04	9.153472e-07
1.681162e+04	9.077025e-07
1.681779e+04	9.001172e-07
1.682396e+04	8.925907e-07
1.683013e+04	8.851226e-07
1.683630e+04	8.777125e-07
1.684247e+04	8.703600e-07
1.684864e+04	8.630647e-07
1.685481e+04	8.558262e-07
1.686098e+04	8.486441e-07
1.686715e+04	8.415180e-07
1.687332e+04	8.344475e-07
1.687949e+04	8.274321e-07
1.688566e+04	8.204716e-07
1.689183e+04	8.135654e-07
1.689800e+04	8.067133e-07
1.690417e+04	7.999148e-07
1.691033e+04	7.931696e-07
1.691650e+04	7.864772e-07
1.692267e+04	7.798374e-07
1.692884e+04	7.732496e-07
1.693501e+04	7.667136e-07
1.694118e+04	7.602290e-07
1.694735e+04	7.537954e-07
1.695352e+04	7.474124e-07
1.695969e+04	7.410797e-07
1.696586e+04	7.347969e-07
1.697203e+04	7.285637e-07
1.697820e+04	7.223796e-07
1.698437e+04	7.162444e-07
1.699054e+04	7.101577e-07
1.699671e+04	7.041191e-07
1.700288e+04	6.981283e-07
1.700905e+04	6.921850e-07
1.701521e+04	6.862887e-07
1.702138e+04	6.804392e-07
1.702755e+04	6.746362e-07
1.703372e+04	6.688792e-07
1.703989e+04	6.631680e-07
1.704606e+04	6.575021e-07
1.705223e+04	6.518814e-07
1.705840e+04	6.463054e-07
1.706457e+04	6.407739e-07
1.707074e+04	6.352864e-07
1.707691e+04	6.298428e-07
1.708308e+04	6.244426e-07
1.708925e+04	6.190856e-07
1.709542e+04	6.137713e-07
1.710159e+04	6.084997e-07
1.710776e+04	6.032702e-07
1.711392e+04	5.980826e-07
1.712009e+04	5.929366e-07
1.712626e+04	5.878318e-07
1.713243e+04	5.827681e-07
1.713860e+04	5.777450e-07
1.714477e+04	5.727623e-07
1.715094e+04	5.678197e-07
1.715711e+04	5.629169e-07
1.716328e+04	5.580536e-07
1.716945e+04	5.532294e-07
1.717562e+04	5.484442e-07
1.718179e+04	5.436976e-07
1.718796e+04	5.389893e-07
1.719413e+04	5.343191e-07
1.720030e+04	5.296866e-07
1.720647e+04	5.250917e-07
1.721264e+04	5.205339e-07
1.721880e+04	5.160131e-07
1.722497e+04	5.115289e-07
1.723114e+04	5.070811e-07
1.723731e+04	5.026694e-07
1.724348e+04	4.982936e-07
1.724965e+04	4.939533e-07
1.725582e+04	4.896484e-07
1.726199e+04	4.853785e-07
1.726816e+04	4.811434e-07
1.727433e+04	4.769428e-07
1.728050e+04	4.727765e-07
1.728667e+04	4.686442e-07
1.729284e+04	4.645456e-07
1.729901e+04	4.604805e-07
1.730518e+04	4.564487e-07
1.731135e+04	4.524499e-07
1.731752e+04	4.484838e-07
1.732368e+04	4.445502e-07
1.732985e+04	4.406489e-07
1.733602e+04	4.367796e-07
1.734219e+04	4.329420e-07
1.734836e+04	4.291360e-07
1.735453e+04	4.253613e-07
1.736070e+04	4.216177e-07
1.736687e+04	4.179048e-07
1.737304e+04	4.142226e-07
1.737921e+04	4.105706e-07
1.738538e+04	4.069489e-07
1.739155e+04	4.033570e-07
1.739772e+04	3.997948e-07
1.740389e+04	3.962620e-07
1.741006e+04	3.927584e-07
1.741623e+04	3.892839e-07
1.742240e+04	3.858381e-07
1.742856e+04	3.824208e-07
1.743473e+04	3.790319e-07
1.744090e+04	3.756711e-07
1.744707e+04	3.723382e-07
1.745324e+04	3.690330e-07
1.745941e+04	3.657553e-07
1.746558e+04	3.625048e-07
1.747175e+04	3.592814e-07
1.747792e+04	3.560849e-07
1.748409e+04	3.529150e-07
1.749026e+04	3.497715e-07
1.749643e+04	3.466542e-07
1.750260e+04	3.435630e-07
1.750877e+04	3.404977e-07
1.751494e+04	3.374579e-07
1.752111e+04	3.344436e-07
1.752728e+04	3.314545e-07
1.753344e+04	3.284905e-07
1.753961e+04	3.255513e-07
1.754578e+04	3.226368e-07
1.755195e+04	3.197467e-07
1.755812e+04	3.168809e-07
1.756429e+04	3.140392e-07
1.757046e+04	3.112214e-07
1.757663e+04	3.084273e-07
1.758280e+04	3.056567e-07
1.758897e+04	3.029094e-07
1.759514e+04	3.001854e-07
1.760131e+04	2.974843e-07
1.760748e+04	2.948060e-07
1.761365e+04	2.921504e-07
1.761982e+04	2.895171e-07
1.762599e+04	2.869062e-07
1.763215e+04	2.843174e-07
1.763832e+04	2.817505e-07
1.764449e+04	2.792053e-07
1.765066e+04	2.766817e-07
1.765683e+04	2.741795e-07
1.766300e+04	2.716986e-07
1.766917e+04	2.692388e-07
1.767534e+04	2.667998e-07
1.768151e+04	2.643816e-07
1.768768e+04	2.619840e-07
1.769385e+04	2.596068e-07
1.770002e+04	2.572499e-07
1.770619e+04	2.549131e-07
1.771236e+04	2.525962e-07
1.771853e+04	2.502991e-07
1.772470e+04	2.480216e-07
1.773087e+04	2.457636e-07
1.773703e+04	2.435249e-07
1.774320e+04	2.413054e-07
1.774937e+04	2.391049e-07
1.775554e+04	2.369232e-07
1.776171e+04	2.347603e-07
1.776788e+04	2.326159e-07
1.777405e+04	2.304899e-07
1.778022e+04	2.283822e-07
1.778639e+04	2.262926e-07
1.779256e+04	2.242210e-07
1.779873e+04	2.221672e-07
1.780490e+04	2.201312e-07
1.781107e+04	2.181126e-07
1.781724e+04	2.161115e-07
1.782341e+04	2.141276e-07
1.782958e+04	2.121609e-07
1.783575e+04	2.102112e-07
1.784191e+04	2.082783e-07
1.784808e+04	2.063621e-07
1.785425e+04	2.044626e-07
1.786042e+04	2.025794e-07
1.786659e+04	2.007127e-07
1.787276e+04	1.988620e-07
1.787893e+04	1.970275e-07
1.788510e+04	1.952089e-07
1.789127e+04	1.934061e-07
1.789744e+04	1.916189e-07
1.790361e+04	1.898473e-07
1.790978e+04	1.880912e-07
1.791595e+04	1.863503e-07
1.792212e+04	1.846246e-07
1.792829e+04	1.829139e-07
1.793446e+04	1.812182e-07
1.794063e+04	1.795373e-07
1.794679e+04	1.778710e-07
1.795296e+04	1.762193e-07
1.795913e+04	1.745821e-07
1.796530e+04	1.729592e-07
1.797147e+04	1.713505e-07
1.797764e+04	1.697559e-07
1.798381e+04	1.681753e-07
1.798998e+04	1.666086e-07
1.799615e+04	1.650556e-07
1.800232e+04	1.635163e-07
1.800849e+04	1.619905e-07
1.801466e+04	1.604781e-07
1.802083e+04	1.589790e-07
1.802700e+04	1.574932e-07
1.803317e+04	1.560204e-07
1.803934e+04	1.545606e-07
1.804550e+04	1.531137e-07
1.805167e+04	1.516795e-07
1.805784e+04	1.502580e-07
1.806401e+04	1.488491e-07
1.807018e+04	1.474527e-07
1.807635e+04	1.460686e-07
1.808252e+04	1.446967e-07
1.808869e+04	1.433370e-07
1.809486e+04	1.419894e-07
1.810103e+04	1.406537e-07
1.810720e+04	1.393299e-07
1.811337e+04	1.380178e-07
1.811954e+04	1.367174e-07
1.812571e+04	1.354285e-07
1.813188e+04	1.341512e-07
1.813805e+04	1.328852e-07
1.814422e+04	1.316304e-07
1.815038e+04	1.303869e-07
1.815655e+04	1.291544e-07
1.816272e+04	1.279329e-07
1.816889e+04	1.267224e-07
1.817506e+04	1.255226e-07
1.818123e+04	1.243336e-07
1.818740e+04	1.231552e-07
1.819357e+04	1.219874e-07
1.819974e+04	1.208300e-07
1.820591e+04	1.196830e-07
1.821208e+04	1.185463e-07
1.821825e+04	1.174198e-07
1.822442e+04	1.163034e-07
1.823059e+04	1.151970e-07
1.823676e+04	1.141006e-07
1.824293e+04	1.130140e-07
1.824910e+04	1.119372e-07
1.825526e+04	1.108701e-07
1.826143e+04	1.098126e-07
1.826760e+04	1.087646e-07
1.827377e+04	1.077261e-07
1.827994e+04	1.066970e-07
1.828611e+04	1.056771e-07
1.829228e+04	1.046665e-07
1.829845e+04	1.036650e-07
1.830462e+04	1.026726e-07
1.831079e+04	1.016891e-07
1.831696e+04	1.007146e-07
1.832313e+04	9.974888e-08
1.832930e+04	9.879193e-08
1.833547e+04	9.784366e-08
1.834164e+04	9.690399e-08
1.834781e+04	9.597287e-08
1.835398e+04	9.505020e-08
1.836014e+04	9.413593e-08
1.836631e+04	9.322997e-08
1.837248e+04	9.233226e-08
1.837865e+04	9.144274e-08
1.838482e+04	9.056132e-08
1.839099e+04	8.968793e-08
1.839716e+04	8.882252e-08
1.840333e+04	8.796502e-08
1.840950e+04	8.711534e-08
1.841567e+04	8.627344e-08
1.842184e+04	8.543923e-08
1.842801e+04	8.461266e-08
1.843418e+04	8.379366e-08
1.844035e+04	8.298217e-08
1.844652e+04	8.217811e-08
1.845269e+04	8.138143e-08
1.845885e+04	8.059207e-08
1.846502e+04	7.980995e-08
1.847119e+04	7.903502e-08
1.847736e+04	7.826722e-08
1.848353e+04	7.750648e-08
1.848970e+04	7.675274e-08
1.849587e+04	7.600595e-08
1.850204e+04	7.526604e-08
1.850821e+04	7.453295e-08
1.851438e+04	7.380663e-08
1.852055e+04	7.308701e-08
1.852672e+04	7.237404e-08
1.853289e+04	7.166766e-08
1.853906e+04	7.096782e-08
1.854523e+04	7.027445e-08
1.855140e+04	6.958749e-08
1.855757e+04	6.890691e-08
1.856373e+04	6.823263e-08
1.856990e+04	6.756461e-08
1.857607e+04	6.690278e-08
1.858224e+04	6.624710e-08
1.858841e+04	6.559751e-08
1.859458e+04	6.495396e-08
1.860075e+04	6.431640e-08
1.860692e+04	6.368477e-08
1.861309e+04	6.305902e-08
1.861926e+04	6.243911e-08
1.862543e+04	6.182497e-08
1.863160e+04	6.121656e-08
1.863777e+04	6.061383e-08
1.864394e+04	6.001672e-08
1.865011e+04	5.942520e-08
1.865628e+04	5.883921e-08
1.866245e+04	5.825870e-08
1.866861e+04	5.768362e-08
1.867478e+04	5.711393e-08
1.868095e+04	5.654957e-08
1.868712e+04	5.599051e-08
1.869329e+04	5.543669e-08
1.869946e+04	5.488807e-08
1.870563e+04	5.434461e-08
1.871180e+04	5.380625e-08
1.871797e+04	5.327295e-08
1.872414e+04	5.274467e-08
1.873031e+04	5.222136e-08
1.873648e+04	5.170298e-08
1.874265e+04	5.118948e-08
1.874882e+04	5.068083e-08
1.875499e+04	5.017697e-08
1.876116e+04	4.967788e-08
1.876733e+04	4.918349e-08
1.877349e+04	4.869378e-08
1.877966e+04	4.820869e-08
1.878583e+04	4.772820e-08
1.879200e+04	4.725226e-08
1.879817e+04	4.678082e-08
1.880434e+04	4.631385e-08
1.881051e+04	4.585131e-08
1.881668e+04	4.539315e-08
1.882285e+04	4.493935e-08
1.882902e+04	4.448985e-08
1.883519e+04	4.404463e-08
1.884136e+04	4.360364e-08
1.884753e+04	4.316685e-08
1.885370e+04	4.273421e-08
1.885987e+04	4.230570e-08
1.886604e+04	4.188126e-08
1.887220e+04	4.146088e-08
1.887837e+04	4.104450e-08
1.888454e+04	4.063210e-08
1.889071e+04	4.022364e-08
1.889688e+04	3.981908e-08
1.890305e+04	3.941839e-08
1.890922e+04	3.902153e-08
1.891539e+04	3.862848e-08
1.892156e+04	3.823918e-08
1.892773e+04	3.785362e-08
1.893390e+04	3.747175e-08
1.894007e+04	3.709355e-08
1.894624e+04	3.671898e-08
1.895241e+04	3.634800e-08
1.895858e+04	3.598059e-08
1.896475e+04	3.561671e-08
1.897092e+04	3.525633e-08
1.897708e+04	3.489942e-08
1.898325e+04	3.454595e-08
1.898942e+04	3.419588e-08
1.899559e+04	3.384919e-08
1.900176e+04	3.350584e-08
1.900793e+04	3.316581e-08
1.901410e+04	3.282906e-08
1.902027e+04	3.249556e-08
1.902644e+04	3.216529e-08
1.903261e+04	3.183821e-08
1.903878e+04	3.151429e-08
1.904495e+04	3.119352e-08
1.905112e+04	3.087585e-08
1.905729e+04	3.056126e-08
1.906346e+04	3.024972e-08
1.906963e+04	2.994121e-08
1.907580e+04	2.963569e-08
1.908196e+04	2.933314e-08
1.908813e+04	2.903353e-08
1.909430e+04	2.873683e-08
1.910047e+04	2.844302e-08
1.910664e+04	2.815207e-08
1.911281e+04	2.786396e-08
1.911898e+04	2.757865e-08
1.912515e+04	2.729613e-08
1.913132e+04	2.701636e-08
1.913749e+04	2.673932e-08
1.914366e+04	2.646499e-08
1.914983e+04	2.619334e-08
1.915600e+04	2.592435e-08
1.916217e+04	2.565799e-08
1.916834e+04	2.539423e-08
1.917451e+04	2.513306e-08
1.918068e+04	2.487445e-08
1.918684e+04	2.461837e-08
1.919301e+04	2.436481e-08
1.919918e+04	2.411374e-08
1.920535e+04	2.386513e-08
1.921152e+04	2.361896e-08
1.921769e+04	2.337521e-08
1.922386e+04	2.313386e-08
1.923003e+04	2.289489e-08
1.923620e+04	2.265827e-08
1.924237e+04	2.242398e-08
1.924854e+04	2.219200e-08
1.925471e+04	2.196231e-08
1.926088e+04	2.173488e-08
1.926705e+04	2.150971e-08
