# # p(y | x = 3.200000e+00)
# # y_val	p(y|x)
0.000000e+00	3.554410e-05
6.169403e+00	3.574685e-05
1.233881e+01	3.595058e-05
1.850821e+01	3.615529e-05
2.467761e+01	3.636097e-05
3.084702e+01	3.656765e-05
3.701642e+01	3.677532e-05
4.318582e+01	3.698398e-05
4.935523e+01	3.719363e-05
5.552463e+01	3.740429e-05
6.169403e+01	3.761596e-05
6.786344e+01	3.782863e-05
7.403284e+01	3.804231e-05
8.020224e+01	3.825701e-05
8.637165e+01	3.847273e-05
9.254105e+01	3.868946e-05
9.871045e+01	3.890723e-05
1.048799e+02	3.912603e-05
1.110493e+02	3.934585e-05
1.172187e+02	3.956672e-05
1.233881e+02	3.978862e-05
1.295575e+02	4.001157e-05
1.357269e+02	4.023557e-05
1.418963e+02	4.046062e-05
1.480657e+02	4.068672e-05
1.542351e+02	4.091388e-05
1.604045e+02	4.114210e-05
1.665739e+02	4.137139e-05
1.727433e+02	4.160175e-05
1.789127e+02	4.183318e-05
1.850821e+02	4.206569e-05
1.912515e+02	4.229928e-05
1.974209e+02	4.253395e-05
2.035903e+02	4.276971e-05
2.097597e+02	4.300656e-05
2.159291e+02	4.324450e-05
2.220985e+02	4.348354e-05
2.282679e+02	4.372369e-05
2.344373e+02	4.396494e-05
2.406067e+02	4.420730e-05
2.467761e+02	4.445078e-05
2.529455e+02	4.469537e-05
2.591149e+02	4.494108e-05
2.652843e+02	4.518792e-05
2.714537e+02	4.543588e-05
2.776232e+02	4.568497e-05
2.837926e+02	4.593521e-05
2.899620e+02	4.618658e-05
2.961314e+02	4.643909e-05
3.023008e+02	4.669275e-05
3.084702e+02	4.694756e-05
3.146396e+02	4.720352e-05
3.208090e+02	4.746064e-05
3.269784e+02	4.771892e-05
3.331478e+02	4.797837e-05
3.393172e+02	4.823899e-05
3.454866e+02	4.850077e-05
3.516560e+02	4.876374e-05
3.578254e+02	4.902788e-05
3.639948e+02	4.929321e-05
3.701642e+02	4.955973e-05
3.763336e+02	4.982743e-05
3.825030e+02	5.009634e-05
3.886724e+02	5.036644e-05
3.948418e+02	5.063774e-05
4.010112e+02	5.091025e-05
4.071806e+02	5.118397e-05
4.133500e+02	5.145890e-05
4.195194e+02	5.173505e-05
4.256888e+02	5.201242e-05
4.318582e+02	5.229102e-05
4.380276e+02	5.257084e-05
4.441970e+02	5.285190e-05
4.503664e+02	5.313420e-05
4.565359e+02	5.341773e-05
4.627053e+02	5.370251e-05
4.688747e+02	5.398853e-05
4.750441e+02	5.427581e-05
4.812135e+02	5.456434e-05
4.873829e+02	5.485413e-05
4.935523e+02	5.514518e-05
4.997217e+02	5.543750e-05
5.058911e+02	5.573109e-05
5.120605e+02	5.602596e-05
5.182299e+02	5.632210e-05
5.243993e+02	5.661952e-05
5.305687e+02	5.691823e-05
5.367381e+02	5.721822e-05
5.429075e+02	5.751951e-05
5.490769e+02	5.782210e-05
5.552463e+02	5.812599e-05
5.614157e+02	5.843118e-05
5.675851e+02	5.873768e-05
5.737545e+02	5.904549e-05
5.799239e+02	5.935461e-05
5.860933e+02	5.966506e-05
5.922627e+02	5.997683e-05
5.984321e+02	6.028992e-05
6.046015e+02	6.060435e-05
6.107709e+02	6.092011e-05
6.169403e+02	6.123721e-05
6.231097e+02	6.155565e-05
6.292791e+02	6.187543e-05
6.354485e+02	6.219657e-05
6.416180e+02	6.251906e-05
6.477874e+02	6.284290e-05
6.539568e+02	6.316811e-05
6.601262e+02	6.349468e-05
6.662956e+02	6.382262e-05
6.724650e+02	6.415193e-05
6.786344e+02	6.448262e-05
6.848038e+02	6.481469e-05
6.909732e+02	6.514814e-05
6.971426e+02	6.548298e-05
7.033120e+02	6.581921e-05
7.094814e+02	6.615683e-05
7.156508e+02	6.649585e-05
7.218202e+02	6.683628e-05
7.279896e+02	6.717811e-05
7.341590e+02	6.752135e-05
7.403284e+02	6.786600e-05
7.464978e+02	6.821207e-05
7.526672e+02	6.855957e-05
7.588366e+02	6.890848e-05
7.650060e+02	6.925883e-05
7.711754e+02	6.961061e-05
7.773448e+02	6.996382e-05
7.835142e+02	7.031848e-05
7.896836e+02	7.067457e-05
7.958530e+02	7.103212e-05
8.020224e+02	7.139111e-05
8.081918e+02	7.175156e-05
8.143612e+02	7.211347e-05
8.205306e+02	7.247684e-05
8.267001e+02	7.284168e-05
8.328695e+02	7.320798e-05
8.390389e+02	7.357576e-05
8.452083e+02	7.394502e-05
8.513777e+02	7.431575e-05
8.575471e+02	7.468797e-05
8.637165e+02	7.506168e-05
8.698859e+02	7.543688e-05
8.760553e+02	7.581358e-05
8.822247e+02	7.619177e-05
8.883941e+02	7.657147e-05
8.945635e+02	7.695267e-05
9.007329e+02	7.733539e-05
9.069023e+02	7.771962e-05
9.130717e+02	7.810536e-05
9.192411e+02	7.849263e-05
9.254105e+02	7.888142e-05
9.315799e+02	7.927174e-05
9.377493e+02	7.966359e-05
9.439187e+02	8.005698e-05
9.500881e+02	8.045190e-05
9.562575e+02	8.084837e-05
9.624269e+02	8.124639e-05
9.685963e+02	8.164595e-05
9.747657e+02	8.204707e-05
9.809351e+02	8.244975e-05
9.871045e+02	8.285399e-05
9.932739e+02	8.325979e-05
9.994433e+02	8.366716e-05
1.005613e+03	8.407610e-05
1.011782e+03	8.448662e-05
1.017952e+03	8.489872e-05
1.024121e+03	8.531240e-05
1.030290e+03	8.572766e-05
1.036460e+03	8.614451e-05
1.042629e+03	8.656296e-05
1.048799e+03	8.698300e-05
1.054968e+03	8.740465e-05
1.061137e+03	8.782790e-05
1.067307e+03	8.825275e-05
1.073476e+03	8.867921e-05
1.079646e+03	8.910729e-05
1.085815e+03	8.953699e-05
1.091984e+03	8.996831e-05
1.098154e+03	9.040125e-05
1.104323e+03	9.083582e-05
1.110493e+03	9.127202e-05
1.116662e+03	9.170986e-05
1.122831e+03	9.214933e-05
1.129001e+03	9.259045e-05
1.135170e+03	9.303321e-05
1.141340e+03	9.347762e-05
1.147509e+03	9.392368e-05
1.153678e+03	9.437140e-05
1.159848e+03	9.482078e-05
1.166017e+03	9.527182e-05
1.172187e+03	9.572452e-05
1.178356e+03	9.617890e-05
1.184525e+03	9.663494e-05
1.190695e+03	9.709266e-05
1.196864e+03	9.755206e-05
1.203034e+03	9.801315e-05
1.209203e+03	9.847592e-05
1.215372e+03	9.894037e-05
1.221542e+03	9.940652e-05
1.227711e+03	9.987437e-05
1.233881e+03	1.003439e-04
1.240050e+03	1.008152e-04
1.246219e+03	1.012881e-04
1.252389e+03	1.017628e-04
1.258558e+03	1.022391e-04
1.264728e+03	1.027172e-04
1.270897e+03	1.031970e-04
1.277066e+03	1.036786e-04
1.283236e+03	1.041618e-04
1.289405e+03	1.046468e-04
1.295575e+03	1.051335e-04
1.301744e+03	1.056219e-04
1.307914e+03	1.061121e-04
1.314083e+03	1.066040e-04
1.320252e+03	1.070977e-04
1.326422e+03	1.075931e-04
1.332591e+03	1.080903e-04
1.338761e+03	1.085892e-04
1.344930e+03	1.090899e-04
1.351099e+03	1.095923e-04
1.357269e+03	1.100965e-04
1.363438e+03	1.106025e-04
1.369608e+03	1.111102e-04
1.375777e+03	1.116197e-04
1.381946e+03	1.121309e-04
1.388116e+03	1.126440e-04
1.394285e+03	1.131588e-04
1.400455e+03	1.136754e-04
1.406624e+03	1.141938e-04
1.412793e+03	1.147140e-04
1.418963e+03	1.152360e-04
1.425132e+03	1.157598e-04
1.431302e+03	1.162853e-04
1.437471e+03	1.168127e-04
1.443640e+03	1.173419e-04
1.449810e+03	1.178729e-04
1.455979e+03	1.184057e-04
1.462149e+03	1.189403e-04
1.468318e+03	1.194767e-04
1.474487e+03	1.200149e-04
1.480657e+03	1.205550e-04
1.486826e+03	1.210968e-04
1.492996e+03	1.216405e-04
1.499165e+03	1.221861e-04
1.505334e+03	1.227334e-04
1.511504e+03	1.232826e-04
1.517673e+03	1.238337e-04
1.523843e+03	1.243865e-04
1.530012e+03	1.249413e-04
1.536181e+03	1.254978e-04
1.542351e+03	1.260562e-04
1.548520e+03	1.266165e-04
1.554690e+03	1.271786e-04
1.560859e+03	1.277426e-04
1.567028e+03	1.283084e-04
1.573198e+03	1.288761e-04
1.579367e+03	1.294456e-04
1.585537e+03	1.300170e-04
1.591706e+03	1.305903e-04
1.597875e+03	1.311654e-04
1.604045e+03	1.317425e-04
1.610214e+03	1.323214e-04
1.616384e+03	1.329021e-04
1.622553e+03	1.334848e-04
1.628722e+03	1.340693e-04
1.634892e+03	1.346557e-04
1.641061e+03	1.352441e-04
1.647231e+03	1.358343e-04
1.653400e+03	1.364263e-04
1.659570e+03	1.370203e-04
1.665739e+03	1.376162e-04
1.671908e+03	1.382140e-04
1.678078e+03	1.388137e-04
1.684247e+03	1.394152e-04
1.690417e+03	1.400187e-04
1.696586e+03	1.406241e-04
1.702755e+03	1.412314e-04
1.708925e+03	1.418406e-04
1.715094e+03	1.424518e-04
1.721264e+03	1.430648e-04
1.727433e+03	1.436798e-04
1.733602e+03	1.442966e-04
1.739772e+03	1.449155e-04
1.745941e+03	1.455362e-04
1.752111e+03	1.461588e-04
1.758280e+03	1.467834e-04
1.764449e+03	1.474099e-04
1.770619e+03	1.480384e-04
1.776788e+03	1.486687e-04
1.782958e+03	1.493011e-04
1.789127e+03	1.499353e-04
1.795296e+03	1.505715e-04
1.801466e+03	1.512096e-04
1.807635e+03	1.518497e-04
1.813805e+03	1.524917e-04
1.819974e+03	1.531357e-04
1.826143e+03	1.537816e-04
1.832313e+03	1.544295e-04
1.838482e+03	1.550793e-04
1.844652e+03	1.557311e-04
1.850821e+03	1.563848e-04
1.856990e+03	1.570405e-04
1.863160e+03	1.576981e-04
1.869329e+03	1.583577e-04
1.875499e+03	1.590193e-04
1.881668e+03	1.596828e-04
1.887837e+03	1.603483e-04
1.894007e+03	1.610158e-04
1.900176e+03	1.616852e-04
1.906346e+03	1.623566e-04
1.912515e+03	1.630300e-04
1.918684e+03	1.637053e-04
1.924854e+03	1.643826e-04
1.931023e+03	1.650619e-04
1.937193e+03	1.657432e-04
1.943362e+03	1.664264e-04
1.949531e+03	1.671116e-04
1.955701e+03	1.677988e-04
1.961870e+03	1.684880e-04
1.968040e+03	1.691792e-04
1.974209e+03	1.698723e-04
1.980378e+03	1.705674e-04
1.986548e+03	1.712646e-04
1.992717e+03	1.719637e-04
1.998887e+03	1.726648e-04
2.005056e+03	1.733678e-04
2.011226e+03	1.740729e-04
2.017395e+03	1.747800e-04
2.023564e+03	1.754890e-04
2.029734e+03	1.762001e-04
2.035903e+03	1.769131e-04
2.042073e+03	1.776282e-04
2.048242e+03	1.783452e-04
2.054411e+03	1.790642e-04
2.060581e+03	1.797852e-04
2.066750e+03	1.805083e-04
2.072920e+03	1.812333e-04
2.079089e+03	1.819603e-04
2.085258e+03	1.826893e-04
2.091428e+03	1.834204e-04
2.097597e+03	1.841534e-04
2.103767e+03	1.848884e-04
2.109936e+03	1.856255e-04
2.116105e+03	1.863645e-04
2.122275e+03	1.871056e-04
2.128444e+03	1.878486e-04
2.134614e+03	1.885937e-04
2.140783e+03	1.893407e-04
2.146952e+03	1.900898e-04
2.153122e+03	1.908408e-04
2.159291e+03	1.915939e-04
2.165461e+03	1.923490e-04
2.171630e+03	1.931061e-04
2.177799e+03	1.938652e-04
2.183969e+03	1.946263e-04
2.190138e+03	1.953894e-04
2.196308e+03	1.961546e-04
2.202477e+03	1.969217e-04
2.208646e+03	1.976909e-04
2.214816e+03	1.984620e-04
2.220985e+03	1.992352e-04
2.227155e+03	2.000104e-04
2.233324e+03	2.007875e-04
2.239493e+03	2.015667e-04
2.245663e+03	2.023479e-04
2.251832e+03	2.031311e-04
2.258002e+03	2.039164e-04
2.264171e+03	2.047036e-04
2.270340e+03	2.054928e-04
2.276510e+03	2.062841e-04
2.282679e+03	2.070773e-04
2.288849e+03	2.078726e-04
2.295018e+03	2.086699e-04
2.301187e+03	2.094692e-04
2.307357e+03	2.102704e-04
2.313526e+03	2.110737e-04
2.319696e+03	2.118790e-04
2.325865e+03	2.126864e-04
2.332034e+03	2.134957e-04
2.338204e+03	2.143070e-04
2.344373e+03	2.151203e-04
2.350543e+03	2.159356e-04
2.356712e+03	2.167530e-04
2.362881e+03	2.175723e-04
2.369051e+03	2.183936e-04
2.375220e+03	2.192170e-04
2.381390e+03	2.200423e-04
2.387559e+03	2.208697e-04
2.393729e+03	2.216990e-04
2.399898e+03	2.225303e-04
2.406067e+03	2.233637e-04
2.412237e+03	2.241990e-04
2.418406e+03	2.250363e-04
2.424576e+03	2.258756e-04
2.430745e+03	2.267170e-04
2.436914e+03	2.275603e-04
2.443084e+03	2.284056e-04
2.449253e+03	2.292529e-04
2.455423e+03	2.301021e-04
2.461592e+03	2.309534e-04
2.467761e+03	2.318067e-04
2.473931e+03	2.326619e-04
2.480100e+03	2.335191e-04
2.486270e+03	2.343783e-04
2.492439e+03	2.352395e-04
2.498608e+03	2.361027e-04
2.504778e+03	2.369679e-04
2.510947e+03	2.378350e-04
2.517117e+03	2.387041e-04
2.523286e+03	2.395752e-04
2.529455e+03	2.404482e-04
2.535625e+03	2.413233e-04
2.541794e+03	2.422003e-04
2.547964e+03	2.430792e-04
2.554133e+03	2.439601e-04
2.560302e+03	2.448430e-04
2.566472e+03	2.457279e-04
2.572641e+03	2.466147e-04
2.578811e+03	2.475035e-04
2.584980e+03	2.483942e-04
2.591149e+03	2.492869e-04
2.597319e+03	2.501816e-04
2.603488e+03	2.510782e-04
2.609658e+03	2.519767e-04
2.615827e+03	2.528772e-04
2.621996e+03	2.537797e-04
2.628166e+03	2.546841e-04
2.634335e+03	2.555904e-04
2.640505e+03	2.564987e-04
2.646674e+03	2.574089e-04
2.652843e+03	2.583210e-04
2.659013e+03	2.592351e-04
2.665182e+03	2.601511e-04
2.671352e+03	2.610690e-04
2.677521e+03	2.619889e-04
2.683690e+03	2.629107e-04
2.689860e+03	2.638344e-04
2.696029e+03	2.647600e-04
2.702199e+03	2.656875e-04
2.708368e+03	2.666170e-04
2.714537e+03	2.675483e-04
2.720707e+03	2.684816e-04
2.726876e+03	2.694168e-04
2.733046e+03	2.703538e-04
2.739215e+03	2.712928e-04
2.745385e+03	2.722337e-04
2.751554e+03	2.731764e-04
2.757723e+03	2.741211e-04
2.763893e+03	2.750676e-04
2.770062e+03	2.760161e-04
2.776232e+03	2.769664e-04
2.782401e+03	2.779186e-04
2.788570e+03	2.788726e-04
2.794740e+03	2.798286e-04
2.800909e+03	2.807864e-04
2.807079e+03	2.817460e-04
2.813248e+03	2.827075e-04
2.819417e+03	2.836709e-04
2.825587e+03	2.846362e-04
2.831756e+03	2.856033e-04
2.837926e+03	2.865722e-04
2.844095e+03	2.875430e-04
2.850264e+03	2.885157e-04
2.856434e+03	2.894901e-04
2.862603e+03	2.904664e-04
2.868773e+03	2.914446e-04
2.874942e+03	2.924246e-04
2.881111e+03	2.934063e-04
2.887281e+03	2.943900e-04
2.893450e+03	2.953754e-04
2.899620e+03	2.963626e-04
2.905789e+03	2.973517e-04
2.911958e+03	2.983425e-04
2.918128e+03	2.993352e-04
2.924297e+03	3.003297e-04
2.930467e+03	3.013259e-04
2.936636e+03	3.023239e-04
2.942805e+03	3.033238e-04
2.948975e+03	3.043254e-04
2.955144e+03	3.053288e-04
2.961314e+03	3.063339e-04
2.967483e+03	3.073408e-04
2.973652e+03	3.083495e-04
2.979822e+03	3.093600e-04
2.985991e+03	3.103722e-04
2.992161e+03	3.113861e-04
2.998330e+03	3.124018e-04
3.004499e+03	3.134192e-04
3.010669e+03	3.144384e-04
3.016838e+03	3.154593e-04
3.023008e+03	3.164820e-04
3.029177e+03	3.175063e-04
3.035346e+03	3.185324e-04
3.041516e+03	3.195602e-04
3.047685e+03	3.205897e-04
3.053855e+03	3.216209e-04
3.060024e+03	3.226538e-04
3.066193e+03	3.236884e-04
3.072363e+03	3.247247e-04
3.078532e+03	3.257627e-04
3.084702e+03	3.268023e-04
3.090871e+03	3.278437e-04
3.097040e+03	3.288867e-04
3.103210e+03	3.299313e-04
3.109379e+03	3.309776e-04
3.115549e+03	3.320256e-04
3.121718e+03	3.330752e-04
3.127888e+03	3.341265e-04
3.134057e+03	3.351794e-04
3.140226e+03	3.362339e-04
3.146396e+03	3.372901e-04
3.152565e+03	3.383479e-04
3.158735e+03	3.394073e-04
3.164904e+03	3.404683e-04
3.171073e+03	3.415309e-04
3.177243e+03	3.425951e-04
3.183412e+03	3.436609e-04
3.189582e+03	3.447283e-04
3.195751e+03	3.457973e-04
3.201920e+03	3.468679e-04
3.208090e+03	3.479400e-04
3.214259e+03	3.490137e-04
3.220429e+03	3.500889e-04
3.226598e+03	3.511657e-04
3.232767e+03	3.522440e-04
3.238937e+03	3.533239e-04
3.245106e+03	3.544053e-04
3.251276e+03	3.554883e-04
3.257445e+03	3.565728e-04
3.263614e+03	3.576587e-04
3.269784e+03	3.587462e-04
3.275953e+03	3.598352e-04
3.282123e+03	3.609257e-04
3.288292e+03	3.620177e-04
3.294461e+03	3.631111e-04
3.300631e+03	3.642061e-04
3.306800e+03	3.653025e-04
3.312970e+03	3.664004e-04
3.319139e+03	3.674997e-04
3.325308e+03	3.686005e-04
3.331478e+03	3.697027e-04
3.337647e+03	3.708064e-04
3.343817e+03	3.719115e-04
3.349986e+03	3.730180e-04
3.356155e+03	3.741259e-04
3.362325e+03	3.752353e-04
3.368494e+03	3.763460e-04
3.374664e+03	3.774581e-04
3.380833e+03	3.785717e-04
3.387002e+03	3.796866e-04
3.393172e+03	3.808029e-04
3.399341e+03	3.819205e-04
3.405511e+03	3.830395e-04
3.411680e+03	3.841599e-04
3.417849e+03	3.852816e-04
3.424019e+03	3.864046e-04
3.430188e+03	3.875290e-04
3.436358e+03	3.886547e-04
3.442527e+03	3.897817e-04
3.448696e+03	3.909101e-04
3.454866e+03	3.920397e-04
3.461035e+03	3.931706e-04
3.467205e+03	3.943028e-04
3.473374e+03	3.954363e-04
3.479544e+03	3.965711e-04
3.485713e+03	3.977071e-04
3.491882e+03	3.988444e-04
3.498052e+03	3.999829e-04
3.504221e+03	4.011226e-04
3.510391e+03	4.022636e-04
3.516560e+03	4.034058e-04
3.522729e+03	4.045493e-04
3.528899e+03	4.056939e-04
3.535068e+03	4.068397e-04
3.541238e+03	4.079868e-04
3.547407e+03	4.091350e-04
3.553576e+03	4.102843e-04
3.559746e+03	4.114349e-04
3.565915e+03	4.125866e-04
3.572085e+03	4.137395e-04
3.578254e+03	4.148935e-04
3.584423e+03	4.160486e-04
3.590593e+03	4.172048e-04
3.596762e+03	4.183622e-04
3.602932e+03	4.195207e-04
3.609101e+03	4.206803e-04
3.615270e+03	4.218409e-04
3.621440e+03	4.230027e-04
3.627609e+03	4.241655e-04
3.633779e+03	4.253294e-04
3.639948e+03	4.264943e-04
3.646117e+03	4.276603e-04
3.652287e+03	4.288273e-04
3.658456e+03	4.299954e-04
3.664626e+03	4.311645e-04
3.670795e+03	4.323346e-04
3.676964e+03	4.335057e-04
3.683134e+03	4.346777e-04
3.689303e+03	4.358508e-04
3.695473e+03	4.370248e-04
3.701642e+03	4.381999e-04
3.707811e+03	4.393758e-04
3.713981e+03	4.405527e-04
3.720150e+03	4.417306e-04
3.726320e+03	4.429094e-04
3.732489e+03	4.440890e-04
3.738658e+03	4.452697e-04
3.744828e+03	4.464512e-04
3.750997e+03	4.476336e-04
3.757167e+03	4.488168e-04
3.763336e+03	4.500010e-04
3.769505e+03	4.511860e-04
3.775675e+03	4.523719e-04
3.781844e+03	4.535586e-04
3.788014e+03	4.547461e-04
3.794183e+03	4.559345e-04
3.800352e+03	4.571237e-04
3.806522e+03	4.583137e-04
3.812691e+03	4.595044e-04
3.818861e+03	4.606960e-04
3.825030e+03	4.618883e-04
3.831199e+03	4.630814e-04
3.837369e+03	4.642753e-04
3.843538e+03	4.654699e-04
3.849708e+03	4.666652e-04
3.855877e+03	4.678613e-04
3.862047e+03	4.690580e-04
3.868216e+03	4.702555e-04
3.874385e+03	4.714537e-04
3.880555e+03	4.726525e-04
3.886724e+03	4.738521e-04
3.892894e+03	4.750523e-04
3.899063e+03	4.762531e-04
3.905232e+03	4.774546e-04
3.911402e+03	4.786567e-04
3.917571e+03	4.798594e-04
3.923741e+03	4.810628e-04
3.929910e+03	4.822667e-04
3.936079e+03	4.834713e-04
3.942249e+03	4.846764e-04
3.948418e+03	4.858821e-04
3.954588e+03	4.870883e-04
3.960757e+03	4.882951e-04
3.966926e+03	4.895024e-04
3.973096e+03	4.907103e-04
3.979265e+03	4.919186e-04
3.985435e+03	4.931275e-04
3.991604e+03	4.943368e-04
3.997773e+03	4.955467e-04
4.003943e+03	4.967570e-04
4.010112e+03	4.979678e-04
4.016282e+03	4.991790e-04
4.022451e+03	5.003906e-04
4.028620e+03	5.016027e-04
4.034790e+03	5.028152e-04
4.040959e+03	5.040281e-04
4.047129e+03	5.052414e-04
4.053298e+03	5.064551e-04
4.059467e+03	5.076691e-04
4.065637e+03	5.088835e-04
4.071806e+03	5.100983e-04
4.077976e+03	5.113134e-04
4.084145e+03	5.125288e-04
4.090314e+03	5.137445e-04
4.096484e+03	5.149605e-04
4.102653e+03	5.161769e-04
4.108823e+03	5.173935e-04
4.114992e+03	5.186103e-04
4.121161e+03	5.198274e-04
4.127331e+03	5.210448e-04
4.133500e+03	5.222624e-04
4.139670e+03	5.234802e-04
4.145839e+03	5.246983e-04
4.152008e+03	5.259165e-04
4.158178e+03	5.271349e-04
4.164347e+03	5.283535e-04
4.170517e+03	5.295722e-04
4.176686e+03	5.307911e-04
4.182855e+03	5.320102e-04
4.189025e+03	5.332293e-04
4.195194e+03	5.344486e-04
4.201364e+03	5.356680e-04
4.207533e+03	5.368875e-04
4.213703e+03	5.381070e-04
4.219872e+03	5.393266e-04
4.226041e+03	5.405463e-04
4.232211e+03	5.417660e-04
4.238380e+03	5.429858e-04
4.244550e+03	5.442055e-04
4.250719e+03	5.454253e-04
4.256888e+03	5.466451e-04
4.263058e+03	5.478648e-04
4.269227e+03	5.490845e-04
4.275397e+03	5.503042e-04
4.281566e+03	5.515238e-04
4.287735e+03	5.527433e-04
4.293905e+03	5.539628e-04
4.300074e+03	5.551822e-04
4.306244e+03	5.564014e-04
4.312413e+03	5.576206e-04
4.318582e+03	5.588396e-04
4.324752e+03	5.600585e-04
4.330921e+03	5.612772e-04
4.337091e+03	5.624957e-04
4.343260e+03	5.637141e-04
4.349429e+03	5.649323e-04
4.355599e+03	5.661503e-04
4.361768e+03	5.673680e-04
4.367938e+03	5.685855e-04
4.374107e+03	5.698028e-04
4.380276e+03	5.710198e-04
4.386446e+03	5.722366e-04
4.392615e+03	5.734531e-04
4.398785e+03	5.746692e-04
4.404954e+03	5.758851e-04
4.411123e+03	5.771007e-04
4.417293e+03	5.783159e-04
4.423462e+03	5.795307e-04
4.429632e+03	5.807452e-04
4.435801e+03	5.819594e-04
4.441970e+03	5.831731e-04
4.448140e+03	5.843865e-04
4.454309e+03	5.855994e-04
4.460479e+03	5.868119e-04
4.466648e+03	5.880240e-04
4.472817e+03	5.892356e-04
4.478987e+03	5.904468e-04
4.485156e+03	5.916575e-04
4.491326e+03	5.928677e-04
4.497495e+03	5.940774e-04
4.503664e+03	5.952866e-04
4.509834e+03	5.964952e-04
4.516003e+03	5.977033e-04
4.522173e+03	5.989109e-04
4.528342e+03	6.001179e-04
4.534511e+03	6.013243e-04
4.540681e+03	6.025301e-04
4.546850e+03	6.037353e-04
4.553020e+03	6.049399e-04
4.559189e+03	6.061438e-04
4.565359e+03	6.073471e-04
4.571528e+03	6.085497e-04
4.577697e+03	6.097517e-04
4.583867e+03	6.109529e-04
4.590036e+03	6.121535e-04
4.596206e+03	6.133533e-04
4.602375e+03	6.145525e-04
4.608544e+03	6.157508e-04
4.614714e+03	6.169485e-04
4.620883e+03	6.181453e-04
4.627053e+03	6.193414e-04
4.633222e+03	6.205366e-04
4.639391e+03	6.217311e-04
4.645561e+03	6.229247e-04
4.651730e+03	6.241175e-04
4.657900e+03	6.253095e-04
4.664069e+03	6.265006e-04
4.670238e+03	6.276908e-04
4.676408e+03	6.288801e-04
4.682577e+03	6.300685e-04
4.688747e+03	6.312560e-04
4.694916e+03	6.324426e-04
4.701085e+03	6.336282e-04
4.707255e+03	6.348128e-04
4.713424e+03	6.359965e-04
4.719594e+03	6.371792e-04
4.725763e+03	6.383609e-04
4.731932e+03	6.395415e-04
4.738102e+03	6.407212e-04
4.744271e+03	6.418998e-04
4.750441e+03	6.430773e-04
4.756610e+03	6.442538e-04
4.762779e+03	6.454292e-04
4.768949e+03	6.466035e-04
4.775118e+03	6.477767e-04
4.781288e+03	6.489488e-04
4.787457e+03	6.501197e-04
4.793626e+03	6.512895e-04
4.799796e+03	6.524581e-04
4.805965e+03	6.536255e-04
4.812135e+03	6.547917e-04
4.818304e+03	6.559568e-04
4.824473e+03	6.571206e-04
4.830643e+03	6.582831e-04
4.836812e+03	6.594445e-04
4.842982e+03	6.606045e-04
4.849151e+03	6.617633e-04
4.855320e+03	6.629208e-04
4.861490e+03	6.640770e-04
4.867659e+03	6.652318e-04
4.873829e+03	6.663854e-04
4.879998e+03	6.675375e-04
4.886167e+03	6.686884e-04
4.892337e+03	6.698378e-04
4.898506e+03	6.709859e-04
4.904676e+03	6.721325e-04
4.910845e+03	6.732778e-04
4.917014e+03	6.744216e-04
4.923184e+03	6.755640e-04
4.929353e+03	6.767049e-04
4.935523e+03	6.778443e-04
4.941692e+03	6.789823e-04
4.947862e+03	6.801188e-04
4.954031e+03	6.812537e-04
4.960200e+03	6.823871e-04
4.966370e+03	6.835190e-04
4.972539e+03	6.846493e-04
4.978709e+03	6.857781e-04
4.984878e+03	6.869053e-04
4.991047e+03	6.880308e-04
4.997217e+03	6.891548e-04
5.003386e+03	6.902772e-04
5.009556e+03	6.913979e-04
5.015725e+03	6.925169e-04
5.021894e+03	6.936343e-04
5.028064e+03	6.947500e-04
5.034233e+03	6.958640e-04
5.040403e+03	6.969763e-04
5.046572e+03	6.980869e-04
5.052741e+03	6.991957e-04
5.058911e+03	7.003028e-04
5.065080e+03	7.014082e-04
5.071250e+03	7.025117e-04
5.077419e+03	7.036135e-04
5.083588e+03	7.047134e-04
5.089758e+03	7.058116e-04
5.095927e+03	7.069079e-04
5.102097e+03	7.080024e-04
5.108266e+03	7.090950e-04
5.114435e+03	7.101857e-04
5.120605e+03	7.112745e-04
5.126774e+03	7.123615e-04
5.132944e+03	7.134465e-04
5.139113e+03	7.145296e-04
5.145282e+03	7.156107e-04
5.151452e+03	7.166899e-04
5.157621e+03	7.177671e-04
5.163791e+03	7.188424e-04
5.169960e+03	7.199156e-04
5.176129e+03	7.209868e-04
5.182299e+03	7.220560e-04
5.188468e+03	7.231232e-04
5.194638e+03	7.241883e-04
5.200807e+03	7.252513e-04
5.206976e+03	7.263123e-04
5.213146e+03	7.273712e-04
5.219315e+03	7.284279e-04
5.225485e+03	7.294826e-04
5.231654e+03	7.305351e-04
5.237823e+03	7.315854e-04
5.243993e+03	7.326336e-04
5.250162e+03	7.336796e-04
5.256332e+03	7.347234e-04
5.262501e+03	7.357650e-04
5.268670e+03	7.368044e-04
5.274840e+03	7.378416e-04
5.281009e+03	7.388765e-04
5.287179e+03	7.399092e-04
5.293348e+03	7.409396e-04
5.299518e+03	7.419677e-04
5.305687e+03	7.429935e-04
5.311856e+03	7.440170e-04
5.318026e+03	7.450382e-04
5.324195e+03	7.460571e-04
5.330365e+03	7.470735e-04
5.336534e+03	7.480877e-04
5.342703e+03	7.490994e-04
5.348873e+03	7.501088e-04
5.355042e+03	7.511157e-04
5.361212e+03	7.521202e-04
5.367381e+03	7.531223e-04
5.373550e+03	7.541220e-04
5.379720e+03	7.551192e-04
5.385889e+03	7.561139e-04
5.392059e+03	7.571061e-04
5.398228e+03	7.580958e-04
5.404397e+03	7.590831e-04
5.410567e+03	7.600678e-04
5.416736e+03	7.610499e-04
5.422906e+03	7.620295e-04
5.429075e+03	7.630066e-04
5.435244e+03	7.639810e-04
5.441414e+03	7.649529e-04
5.447583e+03	7.659222e-04
5.453753e+03	7.668889e-04
5.459922e+03	7.678529e-04
5.466091e+03	7.688143e-04
5.472261e+03	7.697730e-04
5.478430e+03	7.707291e-04
5.484600e+03	7.716824e-04
5.490769e+03	7.726331e-04
5.496938e+03	7.735811e-04
5.503108e+03	7.745264e-04
5.509277e+03	7.754689e-04
5.515447e+03	7.764087e-04
5.521616e+03	7.773457e-04
5.527785e+03	7.782799e-04
5.533955e+03	7.792114e-04
5.540124e+03	7.801401e-04
5.546294e+03	7.810660e-04
5.552463e+03	7.819890e-04
5.558632e+03	7.829092e-04
5.564802e+03	7.838266e-04
5.570971e+03	7.847411e-04
5.577141e+03	7.856527e-04
5.583310e+03	7.865614e-04
5.589479e+03	7.874673e-04
5.595649e+03	7.883702e-04
5.601818e+03	7.892703e-04
5.607988e+03	7.901673e-04
5.614157e+03	7.910615e-04
5.620326e+03	7.919527e-04
5.626496e+03	7.928409e-04
5.632665e+03	7.937261e-04
5.638835e+03	7.946083e-04
5.645004e+03	7.954876e-04
5.651173e+03	7.963638e-04
5.657343e+03	7.972369e-04
5.663512e+03	7.981071e-04
5.669682e+03	7.989741e-04
5.675851e+03	7.998382e-04
5.682021e+03	8.006991e-04
5.688190e+03	8.015569e-04
5.694359e+03	8.024116e-04
5.700529e+03	8.032633e-04
5.706698e+03	8.041118e-04
5.712868e+03	8.049571e-04
5.719037e+03	8.057993e-04
5.725206e+03	8.066383e-04
5.731376e+03	8.074742e-04
5.737545e+03	8.083069e-04
5.743715e+03	8.091364e-04
5.749884e+03	8.099626e-04
5.756053e+03	8.107857e-04
5.762223e+03	8.116055e-04
5.768392e+03	8.124221e-04
5.774562e+03	8.132354e-04
5.780731e+03	8.140454e-04
5.786900e+03	8.148522e-04
5.793070e+03	8.156557e-04
5.799239e+03	8.164559e-04
5.805409e+03	8.172527e-04
5.811578e+03	8.180463e-04
5.817747e+03	8.188365e-04
5.823917e+03	8.196233e-04
5.830086e+03	8.204069e-04
5.836256e+03	8.211870e-04
5.842425e+03	8.219638e-04
5.848594e+03	8.227371e-04
5.854764e+03	8.235071e-04
5.860933e+03	8.242737e-04
5.867103e+03	8.250368e-04
5.873272e+03	8.257965e-04
5.879441e+03	8.265528e-04
5.885611e+03	8.273056e-04
5.891780e+03	8.280549e-04
5.897950e+03	8.288008e-04
5.904119e+03	8.295431e-04
5.910288e+03	8.302820e-04
5.916458e+03	8.310174e-04
5.922627e+03	8.317492e-04
5.928797e+03	8.324776e-04
5.934966e+03	8.332023e-04
5.941135e+03	8.339236e-04
5.947305e+03	8.346413e-04
5.953474e+03	8.353554e-04
5.959644e+03	8.360659e-04
5.965813e+03	8.367728e-04
5.971982e+03	8.374761e-04
5.978152e+03	8.381759e-04
5.984321e+03	8.388720e-04
5.990491e+03	8.395644e-04
5.996660e+03	8.402533e-04
6.002829e+03	8.409384e-04
6.008999e+03	8.416200e-04
6.015168e+03	8.422978e-04
6.021338e+03	8.429720e-04
6.027507e+03	8.436425e-04
6.033677e+03	8.443092e-04
6.039846e+03	8.449723e-04
6.046015e+03	8.456317e-04
6.052185e+03	8.462873e-04
6.058354e+03	8.469392e-04
6.064524e+03	8.475873e-04
6.070693e+03	8.482317e-04
6.076862e+03	8.488723e-04
6.083032e+03	8.495091e-04
6.089201e+03	8.501422e-04
6.095371e+03	8.507715e-04
6.101540e+03	8.513969e-04
6.107709e+03	8.520186e-04
6.113879e+03	8.526364e-04
6.120048e+03	8.532504e-04
6.126218e+03	8.538606e-04
6.132387e+03	8.544669e-04
6.138556e+03	8.550693e-04
6.144726e+03	8.556679e-04
6.150895e+03	8.562626e-04
6.157065e+03	8.568535e-04
6.163234e+03	8.574404e-04
6.169403e+03	8.580235e-04
6.175573e+03	8.586026e-04
6.181742e+03	8.591778e-04
6.187912e+03	8.597491e-04
6.194081e+03	8.603165e-04
6.200250e+03	8.608799e-04
6.206420e+03	8.614394e-04
6.212589e+03	8.619949e-04
6.218759e+03	8.625464e-04
6.224928e+03	8.630940e-04
6.231097e+03	8.636376e-04
6.237267e+03	8.641772e-04
6.243436e+03	8.647128e-04
6.249606e+03	8.652444e-04
6.255775e+03	8.657720e-04
6.261944e+03	8.662956e-04
6.268114e+03	8.668151e-04
6.274283e+03	8.673306e-04
6.280453e+03	8.678421e-04
6.286622e+03	8.683495e-04
6.292791e+03	8.688528e-04
6.298961e+03	8.693521e-04
6.305130e+03	8.698473e-04
6.311300e+03	8.703384e-04
6.317469e+03	8.708255e-04
6.323638e+03	8.713084e-04
6.329808e+03	8.717872e-04
6.335977e+03	8.722620e-04
6.342147e+03	8.727326e-04
6.348316e+03	8.731991e-04
6.354485e+03	8.736614e-04
6.360655e+03	8.741196e-04
6.366824e+03	8.745737e-04
6.372994e+03	8.750236e-04
6.379163e+03	8.754694e-04
6.385332e+03	8.759110e-04
6.391502e+03	8.763484e-04
6.397671e+03	8.767817e-04
6.403841e+03	8.772108e-04
6.410010e+03	8.776356e-04
6.416180e+03	8.780563e-04
6.422349e+03	8.784728e-04
6.428518e+03	8.788851e-04
6.434688e+03	8.792931e-04
6.440857e+03	8.796970e-04
6.447027e+03	8.800966e-04
6.453196e+03	8.804920e-04
6.459365e+03	8.808831e-04
6.465535e+03	8.812700e-04
6.471704e+03	8.816527e-04
6.477874e+03	8.820310e-04
6.484043e+03	8.824052e-04
6.490212e+03	8.827750e-04
6.496382e+03	8.831406e-04
6.502551e+03	8.835019e-04
6.508721e+03	8.838590e-04
6.514890e+03	8.842117e-04
6.521059e+03	8.845602e-04
6.527229e+03	8.849043e-04
6.533398e+03	8.852442e-04
6.539568e+03	8.855797e-04
6.545737e+03	8.859109e-04
6.551906e+03	8.862378e-04
6.558076e+03	8.865604e-04
6.564245e+03	8.868786e-04
6.570415e+03	8.871926e-04
6.576584e+03	8.875021e-04
6.582753e+03	8.878074e-04
6.588923e+03	8.881083e-04
6.595092e+03	8.884048e-04
6.601262e+03	8.886970e-04
6.607431e+03	8.889848e-04
6.613600e+03	8.892683e-04
6.619770e+03	8.895473e-04
6.625939e+03	8.898221e-04
6.632109e+03	8.900924e-04
6.638278e+03	8.903583e-04
6.644447e+03	8.906199e-04
6.650617e+03	8.908771e-04
6.656786e+03	8.911299e-04
6.662956e+03	8.913783e-04
6.669125e+03	8.916223e-04
6.675294e+03	8.918618e-04
6.681464e+03	8.920970e-04
6.687633e+03	8.923278e-04
6.693803e+03	8.925541e-04
6.699972e+03	8.927761e-04
6.706141e+03	8.929936e-04
6.712311e+03	8.932066e-04
6.718480e+03	8.934153e-04
6.724650e+03	8.936195e-04
6.730819e+03	8.938193e-04
6.736988e+03	8.940147e-04
6.743158e+03	8.942056e-04
6.749327e+03	8.943921e-04
6.755497e+03	8.945741e-04
6.761666e+03	8.947517e-04
6.767836e+03	8.949248e-04
6.774005e+03	8.950935e-04
6.780174e+03	8.952577e-04
6.786344e+03	8.954174e-04
6.792513e+03	8.955727e-04
6.798683e+03	8.957236e-04
6.804852e+03	8.958699e-04
6.811021e+03	8.960118e-04
6.817191e+03	8.961492e-04
6.823360e+03	8.962822e-04
6.829530e+03	8.964107e-04
6.835699e+03	8.965347e-04
6.841868e+03	8.966542e-04
6.848038e+03	8.967693e-04
6.854207e+03	8.968798e-04
6.860377e+03	8.969859e-04
6.866546e+03	8.970875e-04
6.872715e+03	8.971846e-04
6.878885e+03	8.972772e-04
6.885054e+03	8.973654e-04
6.891224e+03	8.974490e-04
6.897393e+03	8.975282e-04
6.903562e+03	8.976028e-04
6.909732e+03	8.976730e-04
6.915901e+03	8.977387e-04
6.922071e+03	8.977998e-04
6.928240e+03	8.978565e-04
6.934409e+03	8.979087e-04
6.940579e+03	8.979564e-04
6.946748e+03	8.979996e-04
6.952918e+03	8.980382e-04
6.959087e+03	8.980724e-04
6.965256e+03	8.981021e-04
6.971426e+03	8.981273e-04
6.977595e+03	8.981480e-04
6.983765e+03	8.981641e-04
6.989934e+03	8.981758e-04
6.996103e+03	8.981830e-04
7.002273e+03	8.981856e-04
7.008442e+03	8.981838e-04
7.014612e+03	8.981775e-04
7.020781e+03	8.981666e-04
7.026950e+03	8.981513e-04
7.033120e+03	8.981314e-04
7.039289e+03	8.981071e-04
7.045459e+03	8.980782e-04
7.051628e+03	8.980449e-04
7.057797e+03	8.980070e-04
7.063967e+03	8.979647e-04
7.070136e+03	8.979178e-04
7.076306e+03	8.978665e-04
7.082475e+03	8.978106e-04
7.088644e+03	8.977503e-04
7.094814e+03	8.976854e-04
7.100983e+03	8.976161e-04
7.107153e+03	8.975423e-04
7.113322e+03	8.974639e-04
7.119492e+03	8.973811e-04
7.125661e+03	8.972938e-04
7.131830e+03	8.972020e-04
7.138000e+03	8.971057e-04
7.144169e+03	8.970050e-04
7.150339e+03	8.968997e-04
7.156508e+03	8.967900e-04
7.162677e+03	8.966758e-04
7.168847e+03	8.965571e-04
7.175016e+03	8.964339e-04
7.181186e+03	8.963062e-04
7.187355e+03	8.961741e-04
7.193524e+03	8.960375e-04
7.199694e+03	8.958964e-04
7.205863e+03	8.957509e-04
7.212033e+03	8.956009e-04
7.218202e+03	8.954464e-04
7.224371e+03	8.952874e-04
7.230541e+03	8.951241e-04
7.236710e+03	8.949562e-04
7.242880e+03	8.947839e-04
7.249049e+03	8.946071e-04
7.255218e+03	8.944259e-04
7.261388e+03	8.942403e-04
7.267557e+03	8.940502e-04
7.273727e+03	8.938557e-04
7.279896e+03	8.936567e-04
7.286065e+03	8.934533e-04
7.292235e+03	8.932454e-04
7.298404e+03	8.930332e-04
7.304574e+03	8.928165e-04
7.310743e+03	8.925954e-04
7.316912e+03	8.923698e-04
7.323082e+03	8.921399e-04
7.329251e+03	8.919055e-04
7.335421e+03	8.916667e-04
7.341590e+03	8.914236e-04
7.347759e+03	8.911760e-04
7.353929e+03	8.909240e-04
7.360098e+03	8.906676e-04
7.366268e+03	8.904069e-04
7.372437e+03	8.901417e-04
7.378606e+03	8.898722e-04
7.384776e+03	8.895983e-04
7.390945e+03	8.893200e-04
7.397115e+03	8.890374e-04
7.403284e+03	8.887503e-04
7.409453e+03	8.884590e-04
7.415623e+03	8.881632e-04
7.421792e+03	8.878631e-04
7.427962e+03	8.875587e-04
7.434131e+03	8.872499e-04
7.440300e+03	8.869368e-04
7.446470e+03	8.866194e-04
7.452639e+03	8.862976e-04
7.458809e+03	8.859715e-04
7.464978e+03	8.856411e-04
7.471147e+03	8.853063e-04
7.477317e+03	8.849673e-04
7.483486e+03	8.846239e-04
7.489656e+03	8.842762e-04
7.495825e+03	8.839243e-04
7.501995e+03	8.835681e-04
7.508164e+03	8.832075e-04
7.514333e+03	8.828427e-04
7.520503e+03	8.824737e-04
7.526672e+03	8.821003e-04
7.532842e+03	8.817227e-04
7.539011e+03	8.813408e-04
7.545180e+03	8.809547e-04
7.551350e+03	8.805644e-04
7.557519e+03	8.801698e-04
7.563689e+03	8.797709e-04
7.569858e+03	8.793679e-04
7.576027e+03	8.789606e-04
7.582197e+03	8.785491e-04
7.588366e+03	8.781334e-04
7.594536e+03	8.777135e-04
7.600705e+03	8.772894e-04
7.606874e+03	8.768611e-04
7.613044e+03	8.764286e-04
7.619213e+03	8.759919e-04
7.625383e+03	8.755511e-04
7.631552e+03	8.751061e-04
7.637721e+03	8.746569e-04
7.643891e+03	8.742036e-04
7.650060e+03	8.737462e-04
7.656230e+03	8.732846e-04
7.662399e+03	8.728188e-04
7.668568e+03	8.723490e-04
7.674738e+03	8.718750e-04
7.680907e+03	8.713969e-04
7.687077e+03	8.709148e-04
7.693246e+03	8.704285e-04
7.699415e+03	8.699381e-04
7.705585e+03	8.694437e-04
7.711754e+03	8.689451e-04
7.717924e+03	8.684425e-04
7.724093e+03	8.679359e-04
7.730262e+03	8.674252e-04
7.736432e+03	8.669104e-04
7.742601e+03	8.663916e-04
7.748771e+03	8.658688e-04
7.754940e+03	8.653419e-04
7.761109e+03	8.648111e-04
7.767279e+03	8.642762e-04
7.773448e+03	8.637373e-04
7.779618e+03	8.631945e-04
7.785787e+03	8.626476e-04
7.791956e+03	8.620968e-04
7.798126e+03	8.615420e-04
7.804295e+03	8.609833e-04
7.810465e+03	8.604206e-04
7.816634e+03	8.598540e-04
7.822803e+03	8.592834e-04
7.828973e+03	8.587089e-04
7.835142e+03	8.581305e-04
7.841312e+03	8.575481e-04
7.847481e+03	8.569619e-04
7.853651e+03	8.563718e-04
7.859820e+03	8.557778e-04
7.865989e+03	8.551799e-04
7.872159e+03	8.545782e-04
7.878328e+03	8.539726e-04
7.884498e+03	8.533631e-04
7.890667e+03	8.527498e-04
7.896836e+03	8.521327e-04
7.903006e+03	8.515118e-04
7.909175e+03	8.508870e-04
7.915345e+03	8.502584e-04
7.921514e+03	8.496261e-04
7.927683e+03	8.489899e-04
7.933853e+03	8.483500e-04
7.940022e+03	8.477063e-04
7.946192e+03	8.470589e-04
7.952361e+03	8.464077e-04
7.958530e+03	8.457527e-04
7.964700e+03	8.450941e-04
7.970869e+03	8.444317e-04
7.977039e+03	8.437656e-04
7.983208e+03	8.430958e-04
7.989377e+03	8.424223e-04
7.995547e+03	8.417451e-04
8.001716e+03	8.410643e-04
8.007886e+03	8.403798e-04
8.014055e+03	8.396916e-04
8.020224e+03	8.389998e-04
8.026394e+03	8.383044e-04
8.032563e+03	8.376054e-04
8.038733e+03	8.369027e-04
8.044902e+03	8.361964e-04
8.051071e+03	8.354866e-04
8.057241e+03	8.347731e-04
8.063410e+03	8.340561e-04
8.069580e+03	8.333355e-04
8.075749e+03	8.326114e-04
8.081918e+03	8.318837e-04
8.088088e+03	8.311525e-04
8.094257e+03	8.304178e-04
8.100427e+03	8.296796e-04
8.106596e+03	8.289378e-04
8.112765e+03	8.281926e-04
8.118935e+03	8.274439e-04
8.125104e+03	8.266917e-04
8.131274e+03	8.259361e-04
8.137443e+03	8.251770e-04
8.143612e+03	8.244145e-04
8.149782e+03	8.236486e-04
8.155951e+03	8.228793e-04
8.162121e+03	8.221065e-04
8.168290e+03	8.213304e-04
8.174459e+03	8.205509e-04
8.180629e+03	8.197680e-04
8.186798e+03	8.189817e-04
8.192968e+03	8.181921e-04
8.199137e+03	8.173992e-04
8.205306e+03	8.166029e-04
8.211476e+03	8.158034e-04
8.217645e+03	8.150005e-04
8.223815e+03	8.141943e-04
8.229984e+03	8.133849e-04
8.236154e+03	8.125722e-04
8.242323e+03	8.117562e-04
8.248492e+03	8.109370e-04
8.254662e+03	8.101145e-04
8.260831e+03	8.092889e-04
8.267001e+03	8.084600e-04
8.273170e+03	8.076279e-04
8.279339e+03	8.067926e-04
8.285509e+03	8.059542e-04
8.291678e+03	8.051125e-04
8.297848e+03	8.042678e-04
8.304017e+03	8.034199e-04
8.310186e+03	8.025688e-04
8.316356e+03	8.017147e-04
8.322525e+03	8.008574e-04
8.328695e+03	7.999970e-04
8.334864e+03	7.991336e-04
8.341033e+03	7.982671e-04
8.347203e+03	7.973975e-04
8.353372e+03	7.965249e-04
8.359542e+03	7.956493e-04
8.365711e+03	7.947706e-04
8.371880e+03	7.938889e-04
8.378050e+03	7.930042e-04
8.384219e+03	7.921166e-04
8.390389e+03	7.912259e-04
8.396558e+03	7.903323e-04
8.402727e+03	7.894358e-04
8.408897e+03	7.885363e-04
8.415066e+03	7.876339e-04
8.421236e+03	7.867286e-04
8.427405e+03	7.858204e-04
8.433574e+03	7.849093e-04
8.439744e+03	7.839953e-04
8.445913e+03	7.830785e-04
8.452083e+03	7.821588e-04
8.458252e+03	7.812363e-04
8.464421e+03	7.803109e-04
8.470591e+03	7.793828e-04
8.476760e+03	7.784518e-04
8.482930e+03	7.775181e-04
8.489099e+03	7.765815e-04
8.495268e+03	7.756423e-04
8.501438e+03	7.747002e-04
8.507607e+03	7.737555e-04
8.513777e+03	7.728080e-04
8.519946e+03	7.718578e-04
8.526115e+03	7.709049e-04
8.532285e+03	7.699494e-04
8.538454e+03	7.689911e-04
8.544624e+03	7.680302e-04
8.550793e+03	7.670667e-04
8.556962e+03	7.661005e-04
8.563132e+03	7.651317e-04
8.569301e+03	7.641603e-04
8.575471e+03	7.631863e-04
8.581640e+03	7.622098e-04
8.587810e+03	7.612306e-04
8.593979e+03	7.602489e-04
8.600148e+03	7.592647e-04
8.606318e+03	7.582779e-04
8.612487e+03	7.572887e-04
8.618657e+03	7.562969e-04
8.624826e+03	7.553026e-04
8.630995e+03	7.543059e-04
8.637165e+03	7.533067e-04
8.643334e+03	7.523051e-04
8.649504e+03	7.513010e-04
8.655673e+03	7.502945e-04
8.661842e+03	7.492856e-04
8.668012e+03	7.482743e-04
8.674181e+03	7.472606e-04
8.680351e+03	7.462445e-04
8.686520e+03	7.452261e-04
8.692689e+03	7.442054e-04
8.698859e+03	7.431823e-04
8.705028e+03	7.421569e-04
8.711198e+03	7.411292e-04
8.717367e+03	7.400993e-04
8.723536e+03	7.390670e-04
8.729706e+03	7.380325e-04
8.735875e+03	7.369957e-04
8.742045e+03	7.359567e-04
8.748214e+03	7.349155e-04
8.754383e+03	7.338721e-04
8.760553e+03	7.328265e-04
8.766722e+03	7.317787e-04
8.772892e+03	7.307288e-04
8.779061e+03	7.296767e-04
8.785230e+03	7.286224e-04
8.791400e+03	7.275661e-04
8.797569e+03	7.265076e-04
8.803739e+03	7.254470e-04
8.809908e+03	7.243843e-04
8.816077e+03	7.233196e-04
8.822247e+03	7.222528e-04
8.828416e+03	7.211840e-04
8.834586e+03	7.201132e-04
8.840755e+03	7.190403e-04
8.846924e+03	7.179654e-04
8.853094e+03	7.168886e-04
8.859263e+03	7.158097e-04
8.865433e+03	7.147289e-04
8.871602e+03	7.136462e-04
8.877771e+03	7.125615e-04
8.883941e+03	7.114750e-04
8.890110e+03	7.103865e-04
8.896280e+03	7.092961e-04
8.902449e+03	7.082038e-04
8.908618e+03	7.071097e-04
8.914788e+03	7.060137e-04
8.920957e+03	7.049159e-04
8.927127e+03	7.038163e-04
8.933296e+03	7.027149e-04
8.939465e+03	7.016117e-04
8.945635e+03	7.005066e-04
8.951804e+03	6.993999e-04
8.957974e+03	6.982914e-04
8.964143e+03	6.971811e-04
8.970313e+03	6.960691e-04
8.976482e+03	6.949554e-04
8.982651e+03	6.938400e-04
8.988821e+03	6.927229e-04
8.994990e+03	6.916042e-04
9.001160e+03	6.904838e-04
9.007329e+03	6.893617e-04
9.013498e+03	6.882381e-04
9.019668e+03	6.871128e-04
9.025837e+03	6.859859e-04
9.032007e+03	6.848575e-04
9.038176e+03	6.837274e-04
9.044345e+03	6.825958e-04
9.050515e+03	6.814627e-04
9.056684e+03	6.803280e-04
9.062854e+03	6.791918e-04
9.069023e+03	6.780542e-04
9.075192e+03	6.769150e-04
9.081362e+03	6.757743e-04
9.087531e+03	6.746322e-04
9.093701e+03	6.734887e-04
9.099870e+03	6.723437e-04
9.106039e+03	6.711973e-04
9.112209e+03	6.700495e-04
9.118378e+03	6.689003e-04
9.124548e+03	6.677497e-04
9.130717e+03	6.665978e-04
9.136886e+03	6.654445e-04
9.143056e+03	6.642899e-04
9.149225e+03	6.631339e-04
9.155395e+03	6.619767e-04
9.161564e+03	6.608181e-04
9.167733e+03	6.596583e-04
9.173903e+03	6.584972e-04
9.180072e+03	6.573349e-04
9.186242e+03	6.561713e-04
9.192411e+03	6.550065e-04
9.198580e+03	6.538405e-04
9.204750e+03	6.526733e-04
9.210919e+03	6.515049e-04
9.217089e+03	6.503353e-04
9.223258e+03	6.491646e-04
9.229427e+03	6.479928e-04
9.235597e+03	6.468198e-04
9.241766e+03	6.456457e-04
9.247936e+03	6.444705e-04
9.254105e+03	6.432942e-04
9.260274e+03	6.421169e-04
9.266444e+03	6.409385e-04
9.272613e+03	6.397590e-04
9.278783e+03	6.385785e-04
9.284952e+03	6.373970e-04
9.291121e+03	6.362145e-04
9.297291e+03	6.350310e-04
9.303460e+03	6.338465e-04
9.309630e+03	6.326611e-04
9.315799e+03	6.314747e-04
9.321969e+03	6.302874e-04
9.328138e+03	6.290992e-04
9.334307e+03	6.279100e-04
9.340477e+03	6.267200e-04
9.346646e+03	6.255290e-04
9.352816e+03	6.243372e-04
9.358985e+03	6.231446e-04
9.365154e+03	6.219511e-04
9.371324e+03	6.207568e-04
9.377493e+03	6.195617e-04
9.383663e+03	6.183658e-04
9.389832e+03	6.171691e-04
9.396001e+03	6.159716e-04
9.402171e+03	6.147733e-04
9.408340e+03	6.135744e-04
9.414510e+03	6.123747e-04
9.420679e+03	6.111742e-04
9.426848e+03	6.099731e-04
9.433018e+03	6.087713e-04
9.439187e+03	6.075687e-04
9.445357e+03	6.063656e-04
9.451526e+03	6.051618e-04
9.457695e+03	6.039573e-04
9.463865e+03	6.027522e-04
9.470034e+03	6.015465e-04
9.476204e+03	6.003402e-04
9.482373e+03	5.991333e-04
9.488542e+03	5.979259e-04
9.494712e+03	5.967179e-04
9.500881e+03	5.955093e-04
9.507051e+03	5.943003e-04
9.513220e+03	5.930907e-04
9.519389e+03	5.918805e-04
9.525559e+03	5.906699e-04
9.531728e+03	5.894589e-04
9.537898e+03	5.882473e-04
9.544067e+03	5.870353e-04
9.550236e+03	5.858229e-04
9.556406e+03	5.846100e-04
9.562575e+03	5.833967e-04
9.568745e+03	5.821831e-04
9.574914e+03	5.809690e-04
9.581083e+03	5.797546e-04
9.587253e+03	5.785398e-04
9.593422e+03	5.773246e-04
9.599592e+03	5.761091e-04
9.605761e+03	5.748933e-04
9.611930e+03	5.736772e-04
9.618100e+03	5.724608e-04
9.624269e+03	5.712441e-04
9.630439e+03	5.700271e-04
9.636608e+03	5.688099e-04
9.642777e+03	5.675924e-04
9.648947e+03	5.663747e-04
9.655116e+03	5.651568e-04
9.661286e+03	5.639386e-04
9.667455e+03	5.627203e-04
9.673625e+03	5.615018e-04
9.679794e+03	5.602831e-04
9.685963e+03	5.590642e-04
9.692133e+03	5.578452e-04
9.698302e+03	5.566261e-04
9.704472e+03	5.554069e-04
9.710641e+03	5.541875e-04
9.716810e+03	5.529681e-04
9.722980e+03	5.517485e-04
9.729149e+03	5.505289e-04
9.735319e+03	5.493093e-04
9.741488e+03	5.480896e-04
9.747657e+03	5.468698e-04
9.753827e+03	5.456501e-04
9.759996e+03	5.444303e-04
9.766166e+03	5.432105e-04
9.772335e+03	5.419908e-04
9.778504e+03	5.407711e-04
9.784674e+03	5.395514e-04
9.790843e+03	5.383318e-04
9.797013e+03	5.371122e-04
9.803182e+03	5.358927e-04
9.809351e+03	5.346733e-04
9.815521e+03	5.334540e-04
9.821690e+03	5.322348e-04
9.827860e+03	5.310158e-04
9.834029e+03	5.297968e-04
9.840198e+03	5.285781e-04
9.846368e+03	5.273594e-04
9.852537e+03	5.261410e-04
9.858707e+03	5.249227e-04
9.864876e+03	5.237047e-04
9.871045e+03	5.224868e-04
9.877215e+03	5.212692e-04
9.883384e+03	5.200517e-04
9.889554e+03	5.188346e-04
9.895723e+03	5.176177e-04
9.901892e+03	5.164010e-04
9.908062e+03	5.151846e-04
9.914231e+03	5.139686e-04
9.920401e+03	5.127528e-04
9.926570e+03	5.115373e-04
9.932739e+03	5.103222e-04
9.938909e+03	5.091073e-04
9.945078e+03	5.078929e-04
9.951248e+03	5.066788e-04
9.957417e+03	5.054650e-04
9.963586e+03	5.042516e-04
9.969756e+03	5.030387e-04
9.975925e+03	5.018261e-04
9.982095e+03	5.006139e-04
9.988264e+03	4.994022e-04
9.994433e+03	4.981909e-04
1.000060e+04	4.969801e-04
1.000677e+04	4.957697e-04
1.001294e+04	4.945597e-04
1.001911e+04	4.933503e-04
1.002528e+04	4.921413e-04
1.003145e+04	4.909329e-04
1.003762e+04	4.897249e-04
1.004379e+04	4.885175e-04
1.004996e+04	4.873106e-04
1.005613e+04	4.861043e-04
1.006230e+04	4.848985e-04
1.006847e+04	4.836933e-04
1.007464e+04	4.824886e-04
1.008081e+04	4.812846e-04
1.008697e+04	4.800811e-04
1.009314e+04	4.788783e-04
1.009931e+04	4.776761e-04
1.010548e+04	4.764745e-04
1.011165e+04	4.752735e-04
1.011782e+04	4.740732e-04
1.012399e+04	4.728735e-04
1.013016e+04	4.716746e-04
1.013633e+04	4.704763e-04
1.014250e+04	4.692787e-04
1.014867e+04	4.680818e-04
1.015484e+04	4.668856e-04
1.016101e+04	4.656901e-04
1.016718e+04	4.644954e-04
1.017335e+04	4.633014e-04
1.017952e+04	4.621081e-04
1.018568e+04	4.609156e-04
1.019185e+04	4.597239e-04
1.019802e+04	4.585330e-04
1.020419e+04	4.573429e-04
1.021036e+04	4.561536e-04
1.021653e+04	4.549650e-04
1.022270e+04	4.537773e-04
1.022887e+04	4.525905e-04
1.023504e+04	4.514045e-04
1.024121e+04	4.502193e-04
1.024738e+04	4.490350e-04
1.025355e+04	4.478515e-04
1.025972e+04	4.466690e-04
1.026589e+04	4.454873e-04
1.027206e+04	4.443065e-04
1.027823e+04	4.431267e-04
1.028440e+04	4.419477e-04
1.029056e+04	4.407697e-04
1.029673e+04	4.395926e-04
1.030290e+04	4.384165e-04
1.030907e+04	4.372413e-04
1.031524e+04	4.360671e-04
1.032141e+04	4.348938e-04
1.032758e+04	4.337216e-04
1.033375e+04	4.325503e-04
1.033992e+04	4.313800e-04
1.034609e+04	4.302108e-04
1.035226e+04	4.290425e-04
1.035843e+04	4.278753e-04
1.036460e+04	4.267091e-04
1.037077e+04	4.255440e-04
1.037694e+04	4.243799e-04
1.038311e+04	4.232169e-04
1.038928e+04	4.220549e-04
1.039544e+04	4.208941e-04
1.040161e+04	4.197343e-04
1.040778e+04	4.185756e-04
1.041395e+04	4.174180e-04
1.042012e+04	4.162616e-04
1.042629e+04	4.151062e-04
1.043246e+04	4.139520e-04
1.043863e+04	4.127990e-04
1.044480e+04	4.116470e-04
1.045097e+04	4.104963e-04
1.045714e+04	4.093467e-04
1.046331e+04	4.081983e-04
1.046948e+04	4.070510e-04
1.047565e+04	4.059050e-04
1.048182e+04	4.047601e-04
1.048799e+04	4.036164e-04
1.049416e+04	4.024740e-04
1.050032e+04	4.013328e-04
1.050649e+04	4.001928e-04
1.051266e+04	3.990541e-04
1.051883e+04	3.979166e-04
1.052500e+04	3.967803e-04
1.053117e+04	3.956453e-04
1.053734e+04	3.945116e-04
1.054351e+04	3.933792e-04
1.054968e+04	3.922480e-04
1.055585e+04	3.911181e-04
1.056202e+04	3.899896e-04
1.056819e+04	3.888623e-04
1.057436e+04	3.877364e-04
1.058053e+04	3.866117e-04
1.058670e+04	3.854884e-04
1.059287e+04	3.843665e-04
1.059904e+04	3.832459e-04
1.060520e+04	3.821266e-04
1.061137e+04	3.810087e-04
1.061754e+04	3.798922e-04
1.062371e+04	3.787770e-04
1.062988e+04	3.776632e-04
1.063605e+04	3.765508e-04
1.064222e+04	3.754398e-04
1.064839e+04	3.743302e-04
1.065456e+04	3.732220e-04
1.066073e+04	3.721153e-04
1.066690e+04	3.710099e-04
1.067307e+04	3.699060e-04
1.067924e+04	3.688035e-04
1.068541e+04	3.677024e-04
1.069158e+04	3.666028e-04
1.069775e+04	3.655047e-04
1.070391e+04	3.644080e-04
1.071008e+04	3.633128e-04
1.071625e+04	3.622191e-04
1.072242e+04	3.611268e-04
1.072859e+04	3.600361e-04
1.073476e+04	3.589468e-04
1.074093e+04	3.578590e-04
1.074710e+04	3.567728e-04
1.075327e+04	3.556880e-04
1.075944e+04	3.546048e-04
1.076561e+04	3.535231e-04
1.077178e+04	3.524429e-04
1.077795e+04	3.513643e-04
1.078412e+04	3.502872e-04
1.079029e+04	3.492117e-04
1.079646e+04	3.481377e-04
1.080263e+04	3.470653e-04
1.080879e+04	3.459945e-04
1.081496e+04	3.449252e-04
1.082113e+04	3.438575e-04
1.082730e+04	3.427914e-04
1.083347e+04	3.417269e-04
1.083964e+04	3.406640e-04
1.084581e+04	3.396027e-04
1.085198e+04	3.385430e-04
1.085815e+04	3.374849e-04
1.086432e+04	3.364284e-04
1.087049e+04	3.353736e-04
1.087666e+04	3.343204e-04
1.088283e+04	3.332688e-04
1.088900e+04	3.322189e-04
1.089517e+04	3.311706e-04
1.090134e+04	3.301240e-04
1.090751e+04	3.290790e-04
1.091367e+04	3.280357e-04
1.091984e+04	3.269941e-04
1.092601e+04	3.259541e-04
1.093218e+04	3.249158e-04
1.093835e+04	3.238792e-04
1.094452e+04	3.228443e-04
1.095069e+04	3.218111e-04
1.095686e+04	3.207796e-04
1.096303e+04	3.197498e-04
1.096920e+04	3.187217e-04
1.097537e+04	3.176953e-04
1.098154e+04	3.166706e-04
1.098771e+04	3.156476e-04
1.099388e+04	3.146264e-04
1.100005e+04	3.136069e-04
1.100622e+04	3.125892e-04
1.101239e+04	3.115731e-04
1.101855e+04	3.105589e-04
1.102472e+04	3.095463e-04
1.103089e+04	3.085356e-04
1.103706e+04	3.075266e-04
1.104323e+04	3.065193e-04
1.104940e+04	3.055138e-04
1.105557e+04	3.045101e-04
1.106174e+04	3.035082e-04
1.106791e+04	3.025081e-04
1.107408e+04	3.015097e-04
1.108025e+04	3.005131e-04
1.108642e+04	2.995183e-04
1.109259e+04	2.985253e-04
1.109876e+04	2.975341e-04
1.110493e+04	2.965448e-04
1.111110e+04	2.955572e-04
1.111726e+04	2.945714e-04
1.112343e+04	2.935875e-04
1.112960e+04	2.926053e-04
1.113577e+04	2.916250e-04
1.114194e+04	2.906466e-04
1.114811e+04	2.896699e-04
1.115428e+04	2.886951e-04
1.116045e+04	2.877221e-04
1.116662e+04	2.867510e-04
1.117279e+04	2.857817e-04
1.117896e+04	2.848143e-04
1.118513e+04	2.838487e-04
1.119130e+04	2.828849e-04
1.119747e+04	2.819231e-04
1.120364e+04	2.809631e-04
1.120981e+04	2.800049e-04
1.121598e+04	2.790486e-04
1.122214e+04	2.780942e-04
1.122831e+04	2.771417e-04
1.123448e+04	2.761910e-04
1.124065e+04	2.752423e-04
1.124682e+04	2.742954e-04
1.125299e+04	2.733504e-04
1.125916e+04	2.724073e-04
1.126533e+04	2.714661e-04
1.127150e+04	2.705267e-04
1.127767e+04	2.695893e-04
1.128384e+04	2.686538e-04
1.129001e+04	2.677202e-04
1.129618e+04	2.667885e-04
1.130235e+04	2.658587e-04
1.130852e+04	2.649308e-04
1.131469e+04	2.640048e-04
1.132086e+04	2.630807e-04
1.132702e+04	2.621586e-04
1.133319e+04	2.612384e-04
1.133936e+04	2.603201e-04
1.134553e+04	2.594037e-04
1.135170e+04	2.584893e-04
1.135787e+04	2.575768e-04
1.136404e+04	2.566663e-04
1.137021e+04	2.557576e-04
1.137638e+04	2.548509e-04
1.138255e+04	2.539462e-04
1.138872e+04	2.530434e-04
1.139489e+04	2.521425e-04
1.140106e+04	2.512436e-04
1.140723e+04	2.503467e-04
1.141340e+04	2.494517e-04
1.141957e+04	2.485586e-04
1.142574e+04	2.476675e-04
1.143190e+04	2.467784e-04
1.143807e+04	2.458912e-04
1.144424e+04	2.450060e-04
1.145041e+04	2.441227e-04
1.145658e+04	2.432414e-04
1.146275e+04	2.423621e-04
1.146892e+04	2.414847e-04
1.147509e+04	2.406093e-04
1.148126e+04	2.397359e-04
1.148743e+04	2.388645e-04
1.149360e+04	2.379950e-04
1.149977e+04	2.371275e-04
1.150594e+04	2.362620e-04
1.151211e+04	2.353984e-04
1.151828e+04	2.345369e-04
1.152445e+04	2.336773e-04
1.153061e+04	2.328197e-04
1.153678e+04	2.319641e-04
1.154295e+04	2.311105e-04
1.154912e+04	2.302589e-04
1.155529e+04	2.294092e-04
1.156146e+04	2.285615e-04
1.156763e+04	2.277159e-04
1.157380e+04	2.268722e-04
1.157997e+04	2.260305e-04
1.158614e+04	2.251908e-04
1.159231e+04	2.243531e-04
1.159848e+04	2.235174e-04
1.160465e+04	2.226837e-04
1.161082e+04	2.218520e-04
1.161699e+04	2.210223e-04
1.162316e+04	2.201946e-04
1.162933e+04	2.193689e-04
1.163549e+04	2.185452e-04
1.164166e+04	2.177235e-04
1.164783e+04	2.169038e-04
1.165400e+04	2.160861e-04
1.166017e+04	2.152704e-04
1.166634e+04	2.144567e-04
1.167251e+04	2.136450e-04
1.167868e+04	2.128353e-04
1.168485e+04	2.120277e-04
1.169102e+04	2.112220e-04
1.169719e+04	2.104183e-04
1.170336e+04	2.096167e-04
1.170953e+04	2.088170e-04
1.171570e+04	2.080194e-04
1.172187e+04	2.072237e-04
1.172804e+04	2.064301e-04
1.173421e+04	2.056385e-04
1.174037e+04	2.048489e-04
1.174654e+04	2.040613e-04
1.175271e+04	2.032757e-04
1.175888e+04	2.024921e-04
1.176505e+04	2.017105e-04
1.177122e+04	2.009310e-04
1.177739e+04	2.001534e-04
1.178356e+04	1.993779e-04
1.178973e+04	1.986043e-04
1.179590e+04	1.978328e-04
1.180207e+04	1.970633e-04
1.180824e+04	1.962958e-04
1.181441e+04	1.955303e-04
1.182058e+04	1.947668e-04
1.182675e+04	1.940053e-04
1.183292e+04	1.932458e-04
1.183909e+04	1.924884e-04
1.184525e+04	1.917329e-04
1.185142e+04	1.909795e-04
1.185759e+04	1.902280e-04
1.186376e+04	1.894786e-04
1.186993e+04	1.887312e-04
1.187610e+04	1.879857e-04
1.188227e+04	1.872423e-04
1.188844e+04	1.865009e-04
1.189461e+04	1.857615e-04
1.190078e+04	1.850241e-04
1.190695e+04	1.842887e-04
1.191312e+04	1.835553e-04
1.191929e+04	1.828239e-04
1.192546e+04	1.820945e-04
1.193163e+04	1.813671e-04
1.193780e+04	1.806417e-04
1.194396e+04	1.799183e-04
1.195013e+04	1.791969e-04
1.195630e+04	1.784775e-04
1.196247e+04	1.777601e-04
1.196864e+04	1.770447e-04
1.197481e+04	1.763313e-04
1.198098e+04	1.756199e-04
1.198715e+04	1.749105e-04
1.199332e+04	1.742030e-04
1.199949e+04	1.734976e-04
1.200566e+04	1.727942e-04
1.201183e+04	1.720927e-04
1.201800e+04	1.713932e-04
1.202417e+04	1.706957e-04
1.203034e+04	1.700003e-04
1.203651e+04	1.693067e-04
1.204268e+04	1.686152e-04
1.204884e+04	1.679257e-04
1.205501e+04	1.672381e-04
1.206118e+04	1.665525e-04
1.206735e+04	1.658689e-04
1.207352e+04	1.651873e-04
1.207969e+04	1.645076e-04
1.208586e+04	1.638300e-04
1.209203e+04	1.631543e-04
1.209820e+04	1.624805e-04
1.210437e+04	1.618088e-04
1.211054e+04	1.611390e-04
1.211671e+04	1.604712e-04
1.212288e+04	1.598053e-04
1.212905e+04	1.591414e-04
1.213522e+04	1.584795e-04
1.214139e+04	1.578195e-04
1.214756e+04	1.571615e-04
1.215372e+04	1.565055e-04
1.215989e+04	1.558514e-04
1.216606e+04	1.551993e-04
1.217223e+04	1.545491e-04
1.217840e+04	1.539009e-04
1.218457e+04	1.532546e-04
1.219074e+04	1.526103e-04
1.219691e+04	1.519679e-04
1.220308e+04	1.513274e-04
1.220925e+04	1.506890e-04
1.221542e+04	1.500524e-04
1.222159e+04	1.494178e-04
1.222776e+04	1.487851e-04
1.223393e+04	1.481544e-04
1.224010e+04	1.475256e-04
1.224627e+04	1.468987e-04
1.225244e+04	1.462738e-04
1.225860e+04	1.456508e-04
1.226477e+04	1.450297e-04
1.227094e+04	1.444105e-04
1.227711e+04	1.437933e-04
1.228328e+04	1.431780e-04
1.228945e+04	1.425646e-04
1.229562e+04	1.419531e-04
1.230179e+04	1.413435e-04
1.230796e+04	1.407359e-04
1.231413e+04	1.401301e-04
1.232030e+04	1.395263e-04
1.232647e+04	1.389244e-04
1.233264e+04	1.383243e-04
1.233881e+04	1.377262e-04
1.234498e+04	1.371300e-04
1.235115e+04	1.365357e-04
1.235731e+04	1.359432e-04
1.236348e+04	1.353527e-04
1.236965e+04	1.347640e-04
1.237582e+04	1.341772e-04
1.238199e+04	1.335924e-04
1.238816e+04	1.330094e-04
1.239433e+04	1.324282e-04
1.240050e+04	1.318490e-04
1.240667e+04	1.312716e-04
1.241284e+04	1.306961e-04
1.241901e+04	1.301225e-04
1.242518e+04	1.295508e-04
1.243135e+04	1.289809e-04
1.243752e+04	1.284128e-04
1.244369e+04	1.278467e-04
1.244986e+04	1.272824e-04
1.245603e+04	1.267199e-04
1.246219e+04	1.261593e-04
1.246836e+04	1.256006e-04
1.247453e+04	1.250437e-04
1.248070e+04	1.244886e-04
1.248687e+04	1.239354e-04
1.249304e+04	1.233840e-04
1.249921e+04	1.228345e-04
1.250538e+04	1.222868e-04
1.251155e+04	1.217409e-04
1.251772e+04	1.211969e-04
1.252389e+04	1.206547e-04
1.253006e+04	1.201143e-04
1.253623e+04	1.195757e-04
1.254240e+04	1.190390e-04
1.254857e+04	1.185040e-04
1.255474e+04	1.179709e-04
1.256091e+04	1.174396e-04
1.256707e+04	1.169101e-04
1.257324e+04	1.163824e-04
1.257941e+04	1.158565e-04
1.258558e+04	1.153324e-04
1.259175e+04	1.148101e-04
1.259792e+04	1.142896e-04
1.260409e+04	1.137708e-04
1.261026e+04	1.132539e-04
1.261643e+04	1.127387e-04
1.262260e+04	1.122254e-04
1.262877e+04	1.117138e-04
1.263494e+04	1.112039e-04
1.264111e+04	1.106959e-04
1.264728e+04	1.101896e-04
1.265345e+04	1.096851e-04
1.265962e+04	1.091823e-04
1.266579e+04	1.086813e-04
1.267195e+04	1.081821e-04
1.267812e+04	1.076846e-04
1.268429e+04	1.071889e-04
1.269046e+04	1.066949e-04
1.269663e+04	1.062026e-04
1.270280e+04	1.057121e-04
1.270897e+04	1.052234e-04
1.271514e+04	1.047363e-04
1.272131e+04	1.042511e-04
1.272748e+04	1.037675e-04
1.273365e+04	1.032856e-04
1.273982e+04	1.028055e-04
1.274599e+04	1.023271e-04
1.275216e+04	1.018504e-04
1.275833e+04	1.013754e-04
1.276450e+04	1.009022e-04
1.277066e+04	1.004306e-04
1.277683e+04	9.996076e-05
1.278300e+04	9.949261e-05
1.278917e+04	9.902614e-05
1.279534e+04	9.856138e-05
1.280151e+04	9.809830e-05
1.280768e+04	9.763690e-05
1.281385e+04	9.717719e-05
1.282002e+04	9.671916e-05
1.282619e+04	9.626281e-05
1.283236e+04	9.580813e-05
1.283853e+04	9.535511e-05
1.284470e+04	9.490377e-05
1.285087e+04	9.445409e-05
1.285704e+04	9.400606e-05
1.286321e+04	9.355969e-05
1.286938e+04	9.311498e-05
1.287554e+04	9.267191e-05
1.288171e+04	9.223050e-05
1.288788e+04	9.179072e-05
1.289405e+04	9.135258e-05
1.290022e+04	9.091608e-05
1.290639e+04	9.048121e-05
1.291256e+04	9.004796e-05
1.291873e+04	8.961635e-05
1.292490e+04	8.918635e-05
1.293107e+04	8.875798e-05
1.293724e+04	8.833121e-05
1.294341e+04	8.790606e-05
1.294958e+04	8.748252e-05
1.295575e+04	8.706058e-05
1.296192e+04	8.664024e-05
1.296809e+04	8.622150e-05
1.297426e+04	8.580436e-05
1.298042e+04	8.538880e-05
1.298659e+04	8.497483e-05
1.299276e+04	8.456244e-05
1.299893e+04	8.415163e-05
1.300510e+04	8.374240e-05
1.301127e+04	8.333474e-05
1.301744e+04	8.292865e-05
1.302361e+04	8.252412e-05
1.302978e+04	8.212116e-05
1.303595e+04	8.171975e-05
1.304212e+04	8.131990e-05
1.304829e+04	8.092160e-05
1.305446e+04	8.052485e-05
1.306063e+04	8.012964e-05
1.306680e+04	7.973597e-05
1.307297e+04	7.934383e-05
1.307914e+04	7.895323e-05
1.308530e+04	7.856416e-05
1.309147e+04	7.817661e-05
1.309764e+04	7.779059e-05
1.310381e+04	7.740608e-05
1.310998e+04	7.702309e-05
1.311615e+04	7.664160e-05
1.312232e+04	7.626163e-05
1.312849e+04	7.588316e-05
1.313466e+04	7.550619e-05
1.314083e+04	7.513071e-05
1.314700e+04	7.475673e-05
1.315317e+04	7.438423e-05
1.315934e+04	7.401322e-05
1.316551e+04	7.364369e-05
1.317168e+04	7.327564e-05
1.317785e+04	7.290907e-05
1.318402e+04	7.254396e-05
1.319018e+04	7.218032e-05
1.319635e+04	7.181814e-05
1.320252e+04	7.145742e-05
1.320869e+04	7.109816e-05
1.321486e+04	7.074035e-05
1.322103e+04	7.038399e-05
1.322720e+04	7.002907e-05
1.323337e+04	6.967559e-05
1.323954e+04	6.932355e-05
1.324571e+04	6.897294e-05
1.325188e+04	6.862376e-05
1.325805e+04	6.827600e-05
1.326422e+04	6.792967e-05
1.327039e+04	6.758475e-05
1.327656e+04	6.724125e-05
1.328273e+04	6.689916e-05
1.328889e+04	6.655848e-05
1.329506e+04	6.621920e-05
1.330123e+04	6.588132e-05
1.330740e+04	6.554483e-05
1.331357e+04	6.520974e-05
1.331974e+04	6.487603e-05
1.332591e+04	6.454371e-05
1.333208e+04	6.421277e-05
1.333825e+04	6.388320e-05
1.334442e+04	6.355501e-05
1.335059e+04	6.322819e-05
1.335676e+04	6.290273e-05
1.336293e+04	6.257863e-05
1.336910e+04	6.225589e-05
1.337527e+04	6.193451e-05
1.338144e+04	6.161447e-05
1.338761e+04	6.129579e-05
1.339377e+04	6.097844e-05
1.339994e+04	6.066243e-05
1.340611e+04	6.034776e-05
1.341228e+04	6.003442e-05
1.341845e+04	5.972241e-05
1.342462e+04	5.941172e-05
1.343079e+04	5.910235e-05
1.343696e+04	5.879430e-05
1.344313e+04	5.848756e-05
1.344930e+04	5.818213e-05
1.345547e+04	5.787800e-05
1.346164e+04	5.757518e-05
1.346781e+04	5.727365e-05
1.347398e+04	5.697341e-05
1.348015e+04	5.667447e-05
1.348632e+04	5.637681e-05
1.349249e+04	5.608043e-05
1.349865e+04	5.578533e-05
1.350482e+04	5.549151e-05
1.351099e+04	5.519895e-05
1.351716e+04	5.490767e-05
1.352333e+04	5.461765e-05
1.352950e+04	5.432888e-05
1.353567e+04	5.404138e-05
1.354184e+04	5.375512e-05
1.354801e+04	5.347011e-05
1.355418e+04	5.318635e-05
1.356035e+04	5.290383e-05
1.356652e+04	5.262254e-05
1.357269e+04	5.234249e-05
1.357886e+04	5.206367e-05
1.358503e+04	5.178607e-05
1.359120e+04	5.150970e-05
1.359737e+04	5.123454e-05
1.360353e+04	5.096060e-05
1.360970e+04	5.068787e-05
1.361587e+04	5.041634e-05
1.362204e+04	5.014602e-05
1.362821e+04	4.987690e-05
1.363438e+04	4.960897e-05
1.364055e+04	4.934223e-05
1.364672e+04	4.907669e-05
1.365289e+04	4.881233e-05
1.365906e+04	4.854914e-05
1.366523e+04	4.828714e-05
1.367140e+04	4.802631e-05
1.367757e+04	4.776664e-05
1.368374e+04	4.750815e-05
1.368991e+04	4.725081e-05
1.369608e+04	4.699464e-05
1.370224e+04	4.673962e-05
1.370841e+04	4.648574e-05
1.371458e+04	4.623302e-05
1.372075e+04	4.598144e-05
1.372692e+04	4.573100e-05
1.373309e+04	4.548170e-05
1.373926e+04	4.523352e-05
1.374543e+04	4.498648e-05
1.375160e+04	4.474056e-05
1.375777e+04	4.449576e-05
1.376394e+04	4.425208e-05
1.377011e+04	4.400952e-05
1.377628e+04	4.376806e-05
1.378245e+04	4.352771e-05
1.378862e+04	4.328847e-05
1.379479e+04	4.305032e-05
1.380096e+04	4.281327e-05
1.380712e+04	4.257731e-05
1.381329e+04	4.234244e-05
1.381946e+04	4.210865e-05
1.382563e+04	4.187594e-05
1.383180e+04	4.164432e-05
1.383797e+04	4.141376e-05
1.384414e+04	4.118427e-05
1.385031e+04	4.095586e-05
1.385648e+04	4.072850e-05
1.386265e+04	4.050220e-05
1.386882e+04	4.027696e-05
1.387499e+04	4.005277e-05
1.388116e+04	3.982963e-05
1.388733e+04	3.960753e-05
1.389350e+04	3.938647e-05
1.389967e+04	3.916646e-05
1.390584e+04	3.894747e-05
1.391200e+04	3.872952e-05
1.391817e+04	3.851259e-05
1.392434e+04	3.829668e-05
1.393051e+04	3.808180e-05
1.393668e+04	3.786793e-05
1.394285e+04	3.765507e-05
1.394902e+04	3.744322e-05
1.395519e+04	3.723238e-05
1.396136e+04	3.702254e-05
1.396753e+04	3.681369e-05
1.397370e+04	3.660584e-05
1.397987e+04	3.639899e-05
1.398604e+04	3.619311e-05
1.399221e+04	3.598823e-05
1.399838e+04	3.578432e-05
1.400455e+04	3.558139e-05
1.401072e+04	3.537944e-05
1.401688e+04	3.517845e-05
1.402305e+04	3.497843e-05
1.402922e+04	3.477938e-05
1.403539e+04	3.458128e-05
1.404156e+04	3.438414e-05
1.404773e+04	3.418795e-05
1.405390e+04	3.399271e-05
1.406007e+04	3.379841e-05
1.406624e+04	3.360506e-05
1.407241e+04	3.341265e-05
1.407858e+04	3.322117e-05
1.408475e+04	3.303062e-05
1.409092e+04	3.284101e-05
1.409709e+04	3.265231e-05
1.410326e+04	3.246454e-05
1.410943e+04	3.227769e-05
1.411559e+04	3.209175e-05
1.412176e+04	3.190672e-05
1.412793e+04	3.172260e-05
1.413410e+04	3.153938e-05
1.414027e+04	3.135707e-05
1.414644e+04	3.117565e-05
1.415261e+04	3.099513e-05
1.415878e+04	3.081549e-05
1.416495e+04	3.063675e-05
1.417112e+04	3.045889e-05
1.417729e+04	3.028191e-05
1.418346e+04	3.010580e-05
1.418963e+04	2.993058e-05
1.419580e+04	2.975622e-05
1.420197e+04	2.958273e-05
1.420814e+04	2.941010e-05
1.421431e+04	2.923834e-05
1.422047e+04	2.906743e-05
1.422664e+04	2.889737e-05
1.423281e+04	2.872817e-05
1.423898e+04	2.855981e-05
1.424515e+04	2.839230e-05
1.425132e+04	2.822563e-05
1.425749e+04	2.805980e-05
1.426366e+04	2.789480e-05
1.426983e+04	2.773063e-05
1.427600e+04	2.756729e-05
1.428217e+04	2.740478e-05
1.428834e+04	2.724309e-05
1.429451e+04	2.708221e-05
1.430068e+04	2.692215e-05
1.430685e+04	2.676291e-05
1.431302e+04	2.660447e-05
1.431919e+04	2.644683e-05
1.432535e+04	2.629000e-05
1.433152e+04	2.613397e-05
1.433769e+04	2.597873e-05
1.434386e+04	2.582429e-05
1.435003e+04	2.567063e-05
1.435620e+04	2.551776e-05
1.436237e+04	2.536568e-05
1.436854e+04	2.521437e-05
1.437471e+04	2.506385e-05
1.438088e+04	2.491409e-05
1.438705e+04	2.476511e-05
1.439322e+04	2.461689e-05
1.439939e+04	2.446944e-05
1.440556e+04	2.432275e-05
1.441173e+04	2.417682e-05
1.441790e+04	2.403164e-05
1.442407e+04	2.388721e-05
1.443023e+04	2.374354e-05
1.443640e+04	2.360061e-05
1.444257e+04	2.345842e-05
1.444874e+04	2.331697e-05
1.445491e+04	2.317626e-05
1.446108e+04	2.303628e-05
1.446725e+04	2.289703e-05
1.447342e+04	2.275851e-05
1.447959e+04	2.262072e-05
1.448576e+04	2.248365e-05
1.449193e+04	2.234729e-05
1.449810e+04	2.221165e-05
1.450427e+04	2.207673e-05
1.451044e+04	2.194251e-05
1.451661e+04	2.180900e-05
1.452278e+04	2.167619e-05
1.452894e+04	2.154409e-05
1.453511e+04	2.141268e-05
1.454128e+04	2.128196e-05
1.454745e+04	2.115194e-05
1.455362e+04	2.102261e-05
1.455979e+04	2.089396e-05
1.456596e+04	2.076600e-05
1.457213e+04	2.063872e-05
1.457830e+04	2.051211e-05
1.458447e+04	2.038618e-05
1.459064e+04	2.026092e-05
1.459681e+04	2.013633e-05
1.460298e+04	2.001241e-05
1.460915e+04	1.988914e-05
1.461532e+04	1.976654e-05
1.462149e+04	1.964460e-05
1.462766e+04	1.952331e-05
1.463382e+04	1.940267e-05
1.463999e+04	1.928268e-05
1.464616e+04	1.916333e-05
1.465233e+04	1.904463e-05
1.465850e+04	1.892657e-05
1.466467e+04	1.880915e-05
1.467084e+04	1.869236e-05
1.467701e+04	1.857621e-05
1.468318e+04	1.846068e-05
1.468935e+04	1.834578e-05
1.469552e+04	1.823150e-05
1.470169e+04	1.811785e-05
1.470786e+04	1.800481e-05
1.471403e+04	1.789239e-05
1.472020e+04	1.778058e-05
1.472637e+04	1.766938e-05
1.473254e+04	1.755879e-05
1.473870e+04	1.744880e-05
1.474487e+04	1.733942e-05
1.475104e+04	1.723063e-05
1.475721e+04	1.712244e-05
1.476338e+04	1.701485e-05
1.476955e+04	1.690785e-05
1.477572e+04	1.680143e-05
1.478189e+04	1.669560e-05
1.478806e+04	1.659036e-05
1.479423e+04	1.648569e-05
1.480040e+04	1.638161e-05
1.480657e+04	1.627810e-05
1.481274e+04	1.617516e-05
1.481891e+04	1.607279e-05
1.482508e+04	1.597099e-05
1.483125e+04	1.586976e-05
1.483742e+04	1.576909e-05
1.484358e+04	1.566897e-05
1.484975e+04	1.556942e-05
1.485592e+04	1.547042e-05
1.486209e+04	1.537197e-05
1.486826e+04	1.527408e-05
1.487443e+04	1.517673e-05
1.488060e+04	1.507992e-05
1.488677e+04	1.498366e-05
1.489294e+04	1.488794e-05
1.489911e+04	1.479275e-05
1.490528e+04	1.469810e-05
1.491145e+04	1.460399e-05
1.491762e+04	1.451040e-05
1.492379e+04	1.441734e-05
1.492996e+04	1.432480e-05
1.493613e+04	1.423279e-05
1.494229e+04	1.414130e-05
1.494846e+04	1.405032e-05
1.495463e+04	1.395986e-05
1.496080e+04	1.386992e-05
1.496697e+04	1.378048e-05
1.497314e+04	1.369155e-05
1.497931e+04	1.360313e-05
1.498548e+04	1.351521e-05
1.499165e+04	1.342779e-05
1.499782e+04	1.334087e-05
1.500399e+04	1.325445e-05
1.501016e+04	1.316852e-05
1.501633e+04	1.308308e-05
1.502250e+04	1.299813e-05
1.502867e+04	1.291367e-05
1.503484e+04	1.282969e-05
1.504101e+04	1.274620e-05
1.504717e+04	1.266318e-05
1.505334e+04	1.258064e-05
1.505951e+04	1.249858e-05
1.506568e+04	1.241699e-05
1.507185e+04	1.233587e-05
1.507802e+04	1.225522e-05
1.508419e+04	1.217504e-05
1.509036e+04	1.209532e-05
1.509653e+04	1.201606e-05
1.510270e+04	1.193726e-05
1.510887e+04	1.185892e-05
1.511504e+04	1.178103e-05
1.512121e+04	1.170360e-05
1.512738e+04	1.162662e-05
1.513355e+04	1.155008e-05
1.513972e+04	1.147399e-05
1.514589e+04	1.139835e-05
1.515205e+04	1.132315e-05
1.515822e+04	1.124838e-05
1.516439e+04	1.117406e-05
1.517056e+04	1.110017e-05
1.517673e+04	1.102671e-05
1.518290e+04	1.095369e-05
1.518907e+04	1.088109e-05
1.519524e+04	1.080892e-05
1.520141e+04	1.073718e-05
1.520758e+04	1.066586e-05
1.521375e+04	1.059496e-05
1.521992e+04	1.052448e-05
1.522609e+04	1.045441e-05
1.523226e+04	1.038476e-05
1.523843e+04	1.031552e-05
1.524460e+04	1.024669e-05
1.525077e+04	1.017827e-05
1.525693e+04	1.011026e-05
1.526310e+04	1.004265e-05
1.526927e+04	9.975440e-06
1.527544e+04	9.908632e-06
1.528161e+04	9.842222e-06
1.528778e+04	9.776209e-06
1.529395e+04	9.710589e-06
1.530012e+04	9.645361e-06
1.530629e+04	9.580524e-06
1.531246e+04	9.516075e-06
1.531863e+04	9.452012e-06
1.532480e+04	9.388333e-06
1.533097e+04	9.325036e-06
1.533714e+04	9.262120e-06
1.534331e+04	9.199582e-06
1.534948e+04	9.137421e-06
1.535565e+04	9.075634e-06
1.536181e+04	9.014219e-06
1.536798e+04	8.953176e-06
1.537415e+04	8.892501e-06
1.538032e+04	8.832193e-06
1.538649e+04	8.772250e-06
1.539266e+04	8.712670e-06
1.539883e+04	8.653452e-06
1.540500e+04	8.594593e-06
1.541117e+04	8.536091e-06
1.541734e+04	8.477946e-06
1.542351e+04	8.420154e-06
1.542968e+04	8.362714e-06
1.543585e+04	8.305624e-06
1.544202e+04	8.248883e-06
1.544819e+04	8.192488e-06
1.545436e+04	8.136438e-06
1.546052e+04	8.080731e-06
1.546669e+04	8.025365e-06
1.547286e+04	7.970339e-06
1.547903e+04	7.915650e-06
1.548520e+04	7.861297e-06
1.549137e+04	7.807278e-06
1.549754e+04	7.753591e-06
1.550371e+04	7.700235e-06
1.550988e+04	7.647208e-06
1.551605e+04	7.594508e-06
1.552222e+04	7.542133e-06
1.552839e+04	7.490082e-06
1.553456e+04	7.438353e-06
1.554073e+04	7.386944e-06
1.554690e+04	7.335853e-06
1.555307e+04	7.285080e-06
1.555924e+04	7.234621e-06
1.556540e+04	7.184476e-06
1.557157e+04	7.134643e-06
1.557774e+04	7.085120e-06
1.558391e+04	7.035906e-06
1.559008e+04	6.986998e-06
1.559625e+04	6.938395e-06
1.560242e+04	6.890096e-06
1.560859e+04	6.842099e-06
1.561476e+04	6.794402e-06
1.562093e+04	6.747004e-06
1.562710e+04	6.699903e-06
1.563327e+04	6.653098e-06
1.563944e+04	6.606586e-06
1.564561e+04	6.560366e-06
1.565178e+04	6.514438e-06
1.565795e+04	6.468798e-06
1.566412e+04	6.423446e-06
1.567028e+04	6.378380e-06
1.567645e+04	6.333598e-06
1.568262e+04	6.289099e-06
1.568879e+04	6.244882e-06
1.569496e+04	6.200944e-06
1.570113e+04	6.157285e-06
1.570730e+04	6.113902e-06
1.571347e+04	6.070795e-06
1.571964e+04	6.027961e-06
1.572581e+04	5.985399e-06
1.573198e+04	5.943109e-06
1.573815e+04	5.901087e-06
1.574432e+04	5.859333e-06
1.575049e+04	5.817846e-06
1.575666e+04	5.776623e-06
1.576283e+04	5.735663e-06
1.576900e+04	5.694966e-06
1.577516e+04	5.654529e-06
1.578133e+04	5.614351e-06
1.578750e+04	5.574430e-06
1.579367e+04	5.534766e-06
1.579984e+04	5.495356e-06
1.580601e+04	5.456199e-06
1.581218e+04	5.417294e-06
1.581835e+04	5.378640e-06
1.582452e+04	5.340235e-06
1.583069e+04	5.302077e-06
1.583686e+04	5.264166e-06
1.584303e+04	5.226500e-06
1.584920e+04	5.189077e-06
1.585537e+04	5.151896e-06
1.586154e+04	5.114956e-06
1.586771e+04	5.078255e-06
1.587387e+04	5.041792e-06
1.588004e+04	5.005567e-06
1.588621e+04	4.969576e-06
1.589238e+04	4.933820e-06
1.589855e+04	4.898296e-06
1.590472e+04	4.863004e-06
1.591089e+04	4.827941e-06
1.591706e+04	4.793108e-06
1.592323e+04	4.758502e-06
1.592940e+04	4.724122e-06
1.593557e+04	4.689967e-06
1.594174e+04	4.656035e-06
1.594791e+04	4.622326e-06
1.595408e+04	4.588838e-06
1.596025e+04	4.555570e-06
1.596642e+04	4.522520e-06
1.597259e+04	4.489688e-06
1.597875e+04	4.457071e-06
1.598492e+04	4.424670e-06
1.599109e+04	4.392482e-06
1.599726e+04	4.360506e-06
1.600343e+04	4.328741e-06
1.600960e+04	4.297186e-06
1.601577e+04	4.265840e-06
1.602194e+04	4.234701e-06
1.602811e+04	4.203768e-06
1.603428e+04	4.173041e-06
1.604045e+04	4.142517e-06
1.604662e+04	4.112196e-06
1.605279e+04	4.082076e-06
1.605896e+04	4.052157e-06
1.606513e+04	4.022436e-06
1.607130e+04	3.992914e-06
1.607747e+04	3.963589e-06
1.608363e+04	3.934459e-06
1.608980e+04	3.905524e-06
1.609597e+04	3.876782e-06
1.610214e+04	3.848232e-06
1.610831e+04	3.819873e-06
1.611448e+04	3.791705e-06
1.612065e+04	3.763725e-06
1.612682e+04	3.735933e-06
1.613299e+04	3.708327e-06
1.613916e+04	3.680907e-06
1.614533e+04	3.653672e-06
1.615150e+04	3.626620e-06
1.615767e+04	3.599750e-06
1.616384e+04	3.573061e-06
1.617001e+04	3.546553e-06
1.617618e+04	3.520223e-06
1.618235e+04	3.494071e-06
1.618851e+04	3.468097e-06
1.619468e+04	3.442298e-06
1.620085e+04	3.416674e-06
1.620702e+04	3.391223e-06
1.621319e+04	3.365946e-06
1.621936e+04	3.340840e-06
1.622553e+04	3.315904e-06
1.623170e+04	3.291139e-06
1.623787e+04	3.266541e-06
1.624404e+04	3.242112e-06
1.625021e+04	3.217849e-06
1.625638e+04	3.193751e-06
1.626255e+04	3.169818e-06
1.626872e+04	3.146049e-06
1.627489e+04	3.122442e-06
1.628106e+04	3.098997e-06
1.628722e+04	3.075713e-06
1.629339e+04	3.052588e-06
1.629956e+04	3.029622e-06
1.630573e+04	3.006813e-06
1.631190e+04	2.984162e-06
1.631807e+04	2.961666e-06
1.632424e+04	2.939325e-06
1.633041e+04	2.917137e-06
1.633658e+04	2.895103e-06
1.634275e+04	2.873221e-06
1.634892e+04	2.851490e-06
1.635509e+04	2.829909e-06
1.636126e+04	2.808477e-06
1.636743e+04	2.787194e-06
1.637360e+04	2.766058e-06
1.637977e+04	2.745069e-06
1.638594e+04	2.724225e-06
1.639210e+04	2.703526e-06
1.639827e+04	2.682971e-06
1.640444e+04	2.662559e-06
1.641061e+04	2.642288e-06
1.641678e+04	2.622159e-06
1.642295e+04	2.602170e-06
1.642912e+04	2.582321e-06
1.643529e+04	2.562610e-06
1.644146e+04	2.543037e-06
1.644763e+04	2.523601e-06
1.645380e+04	2.504301e-06
1.645997e+04	2.485136e-06
1.646614e+04	2.466105e-06
1.647231e+04	2.447208e-06
1.647848e+04	2.428443e-06
1.648465e+04	2.409810e-06
1.649082e+04	2.391308e-06
1.649698e+04	2.372937e-06
1.650315e+04	2.354694e-06
1.650932e+04	2.336580e-06
1.651549e+04	2.318594e-06
1.652166e+04	2.300735e-06
1.652783e+04	2.283002e-06
1.653400e+04	2.265394e-06
1.654017e+04	2.247911e-06
1.654634e+04	2.230551e-06
1.655251e+04	2.213315e-06
1.655868e+04	2.196200e-06
1.656485e+04	2.179207e-06
1.657102e+04	2.162335e-06
1.657719e+04	2.145583e-06
1.658336e+04	2.128949e-06
1.658953e+04	2.112434e-06
1.659570e+04	2.096037e-06
1.660186e+04	2.079756e-06
1.660803e+04	2.063592e-06
1.661420e+04	2.047543e-06
1.662037e+04	2.031609e-06
1.662654e+04	2.015788e-06
1.663271e+04	2.000081e-06
1.663888e+04	1.984486e-06
1.664505e+04	1.969003e-06
1.665122e+04	1.953631e-06
1.665739e+04	1.938369e-06
1.666356e+04	1.923216e-06
1.666973e+04	1.908173e-06
1.667590e+04	1.893238e-06
1.668207e+04	1.878410e-06
1.668824e+04	1.863689e-06
1.669441e+04	1.849074e-06
1.670057e+04	1.834565e-06
1.670674e+04	1.820160e-06
1.671291e+04	1.805859e-06
1.671908e+04	1.791662e-06
1.672525e+04	1.777568e-06
1.673142e+04	1.763575e-06
1.673759e+04	1.749684e-06
1.674376e+04	1.735893e-06
1.674993e+04	1.722203e-06
1.675610e+04	1.708612e-06
1.676227e+04	1.695120e-06
1.676844e+04	1.681726e-06
1.677461e+04	1.668429e-06
1.678078e+04	1.655229e-06
1.678695e+04	1.642126e-06
1.679312e+04	1.629118e-06
1.679929e+04	1.616204e-06
1.680545e+04	1.603386e-06
1.681162e+04	1.590661e-06
1.681779e+04	1.578029e-06
1.682396e+04	1.565489e-06
1.683013e+04	1.553041e-06
1.683630e+04	1.540685e-06
1.684247e+04	1.528419e-06
1.684864e+04	1.516243e-06
1.685481e+04	1.504157e-06
1.686098e+04	1.492160e-06
1.686715e+04	1.480250e-06
1.687332e+04	1.468429e-06
1.687949e+04	1.456695e-06
1.688566e+04	1.445047e-06
1.689183e+04	1.433485e-06
1.689800e+04	1.422008e-06
1.690417e+04	1.410617e-06
1.691033e+04	1.399309e-06
1.691650e+04	1.388086e-06
1.692267e+04	1.376945e-06
1.692884e+04	1.365887e-06
1.693501e+04	1.354911e-06
1.694118e+04	1.344016e-06
1.694735e+04	1.333202e-06
1.695352e+04	1.322469e-06
1.695969e+04	1.311816e-06
1.696586e+04	1.301241e-06
1.697203e+04	1.290746e-06
1.697820e+04	1.280329e-06
1.698437e+04	1.269989e-06
1.699054e+04	1.259727e-06
1.699671e+04	1.249541e-06
1.700288e+04	1.239432e-06
1.700905e+04	1.229398e-06
1.701521e+04	1.219439e-06
1.702138e+04	1.209555e-06
1.702755e+04	1.199745e-06
1.703372e+04	1.190009e-06
1.703989e+04	1.180345e-06
1.704606e+04	1.170755e-06
1.705223e+04	1.161236e-06
1.705840e+04	1.151789e-06
1.706457e+04	1.142413e-06
1.707074e+04	1.133108e-06
1.707691e+04	1.123873e-06
1.708308e+04	1.114707e-06
1.708925e+04	1.105611e-06
1.709542e+04	1.096584e-06
1.710159e+04	1.087625e-06
1.710776e+04	1.078733e-06
1.711392e+04	1.069909e-06
1.712009e+04	1.061152e-06
1.712626e+04	1.052461e-06
1.713243e+04	1.043836e-06
1.713860e+04	1.035277e-06
1.714477e+04	1.026782e-06
1.715094e+04	1.018353e-06
1.715711e+04	1.009987e-06
1.716328e+04	1.001685e-06
1.716945e+04	9.934463e-07
1.717562e+04	9.852704e-07
1.718179e+04	9.771570e-07
1.718796e+04	9.691055e-07
1.719413e+04	9.611155e-07
1.720030e+04	9.531866e-07
1.720647e+04	9.453184e-07
1.721264e+04	9.375104e-07
1.721880e+04	9.297623e-07
1.722497e+04	9.220736e-07
1.723114e+04	9.144439e-07
1.723731e+04	9.068727e-07
1.724348e+04	8.993598e-07
1.724965e+04	8.919046e-07
1.725582e+04	8.845067e-07
1.726199e+04	8.771659e-07
1.726816e+04	8.698816e-07
1.727433e+04	8.626535e-07
1.728050e+04	8.554811e-07
1.728667e+04	8.483641e-07
1.729284e+04	8.413021e-07
1.729901e+04	8.342947e-07
1.730518e+04	8.273416e-07
1.731135e+04	8.204422e-07
1.731752e+04	8.135964e-07
1.732368e+04	8.068036e-07
1.732985e+04	8.000635e-07
1.733602e+04	7.933757e-07
1.734219e+04	7.867399e-07
1.734836e+04	7.801557e-07
1.735453e+04	7.736227e-07
1.736070e+04	7.671406e-07
1.736687e+04	7.607089e-07
1.737304e+04	7.543274e-07
1.737921e+04	7.479957e-07
1.738538e+04	7.417135e-07
1.739155e+04	7.354803e-07
1.739772e+04	7.292958e-07
1.740389e+04	7.231597e-07
1.741006e+04	7.170716e-07
1.741623e+04	7.110313e-07
1.742240e+04	7.050382e-07
1.742856e+04	6.990922e-07
1.743473e+04	6.931929e-07
1.744090e+04	6.873399e-07
1.744707e+04	6.815328e-07
1.745324e+04	6.757715e-07
1.745941e+04	6.700555e-07
1.746558e+04	6.643845e-07
1.747175e+04	6.587583e-07
1.747792e+04	6.531764e-07
1.748409e+04	6.476385e-07
1.749026e+04	6.421444e-07
1.749643e+04	6.366937e-07
1.750260e+04	6.312861e-07
1.750877e+04	6.259213e-07
1.751494e+04	6.205989e-07
1.752111e+04	6.153188e-07
1.752728e+04	6.100805e-07
1.753344e+04	6.048837e-07
1.753961e+04	5.997283e-07
1.754578e+04	5.946137e-07
1.755195e+04	5.895399e-07
1.755812e+04	5.845064e-07
1.756429e+04	5.795130e-07
1.757046e+04	5.745593e-07
1.757663e+04	5.696452e-07
1.758280e+04	5.647702e-07
1.758897e+04	5.599342e-07
1.759514e+04	5.551368e-07
1.760131e+04	5.503777e-07
1.760748e+04	5.456567e-07
1.761365e+04	5.409735e-07
1.761982e+04	5.363278e-07
1.762599e+04	5.317193e-07
1.763215e+04	5.271477e-07
1.763832e+04	5.226129e-07
1.764449e+04	5.181145e-07
1.765066e+04	5.136522e-07
1.765683e+04	5.092258e-07
1.766300e+04	5.048350e-07
1.766917e+04	5.004795e-07
1.767534e+04	4.961592e-07
1.768151e+04	4.918737e-07
1.768768e+04	4.876227e-07
1.769385e+04	4.834061e-07
1.770002e+04	4.792235e-07
1.770619e+04	4.750747e-07
1.771236e+04	4.709595e-07
1.771853e+04	4.668776e-07
1.772470e+04	4.628287e-07
1.773087e+04	4.588127e-07
1.773703e+04	4.548292e-07
1.774320e+04	4.508781e-07
1.774937e+04	4.469590e-07
1.775554e+04	4.430718e-07
1.776171e+04	4.392162e-07
1.776788e+04	4.353920e-07
1.777405e+04	4.315988e-07
1.778022e+04	4.278366e-07
1.778639e+04	4.241051e-07
1.779256e+04	4.204040e-07
1.779873e+04	4.167331e-07
1.780490e+04	4.130922e-07
1.781107e+04	4.094810e-07
1.781724e+04	4.058994e-07
1.782341e+04	4.023471e-07
1.782958e+04	3.988239e-07
1.783575e+04	3.953295e-07
1.784191e+04	3.918638e-07
1.784808e+04	3.884266e-07
1.785425e+04	3.850175e-07
1.786042e+04	3.816365e-07
1.786659e+04	3.782832e-07
1.787276e+04	3.749576e-07
1.787893e+04	3.716593e-07
1.788510e+04	3.683882e-07
1.789127e+04	3.651440e-07
1.789744e+04	3.619266e-07
1.790361e+04	3.587358e-07
1.790978e+04	3.555713e-07
1.791595e+04	3.524329e-07
1.792212e+04	3.493205e-07
1.792829e+04	3.462338e-07
1.793446e+04	3.431727e-07
1.794063e+04	3.401370e-07
1.794679e+04	3.371264e-07
1.795296e+04	3.341408e-07
1.795913e+04	3.311800e-07
1.796530e+04	3.282437e-07
1.797147e+04	3.253319e-07
1.797764e+04	3.224443e-07
1.798381e+04	3.195807e-07
1.798998e+04	3.167409e-07
1.799615e+04	3.139248e-07
1.800232e+04	3.111322e-07
1.800849e+04	3.083629e-07
1.801466e+04	3.056167e-07
1.802083e+04	3.028935e-07
1.802700e+04	3.001930e-07
1.803317e+04	2.975150e-07
1.803934e+04	2.948595e-07
1.804550e+04	2.922263e-07
1.805167e+04	2.896151e-07
1.805784e+04	2.870258e-07
1.806401e+04	2.844582e-07
1.807018e+04	2.819121e-07
1.807635e+04	2.793875e-07
1.808252e+04	2.768841e-07
1.808869e+04	2.744017e-07
1.809486e+04	2.719402e-07
1.810103e+04	2.694995e-07
1.810720e+04	2.670793e-07
1.811337e+04	2.646796e-07
1.811954e+04	2.623000e-07
1.812571e+04	2.599406e-07
1.813188e+04	2.576011e-07
1.813805e+04	2.552814e-07
1.814422e+04	2.529813e-07
1.815038e+04	2.507006e-07
1.815655e+04	2.484393e-07
1.816272e+04	2.461972e-07
1.816889e+04	2.439740e-07
1.817506e+04	2.417697e-07
1.818123e+04	2.395842e-07
1.818740e+04	2.374172e-07
1.819357e+04	2.352686e-07
1.819974e+04	2.331383e-07
1.820591e+04	2.310261e-07
1.821208e+04	2.289319e-07
1.821825e+04	2.268556e-07
1.822442e+04	2.247969e-07
1.823059e+04	2.227559e-07
1.823676e+04	2.207322e-07
1.824293e+04	2.187259e-07
1.824910e+04	2.167366e-07
1.825526e+04	2.147645e-07
1.826143e+04	2.128091e-07
1.826760e+04	2.108706e-07
1.827377e+04	2.089486e-07
1.827994e+04	2.070431e-07
1.828611e+04	2.051540e-07
1.829228e+04	2.032811e-07
1.829845e+04	2.014243e-07
1.830462e+04	1.995834e-07
1.831079e+04	1.977584e-07
1.831696e+04	1.959490e-07
1.832313e+04	1.941553e-07
1.832930e+04	1.923770e-07
1.833547e+04	1.906141e-07
1.834164e+04	1.888663e-07
1.834781e+04	1.871337e-07
1.835398e+04	1.854160e-07
1.836014e+04	1.837131e-07
1.836631e+04	1.820250e-07
1.837248e+04	1.803515e-07
1.837865e+04	1.786924e-07
1.838482e+04	1.770478e-07
1.839099e+04	1.754174e-07
1.839716e+04	1.738012e-07
1.840333e+04	1.721989e-07
1.840950e+04	1.706106e-07
1.841567e+04	1.690361e-07
1.842184e+04	1.674753e-07
1.842801e+04	1.659281e-07
1.843418e+04	1.643943e-07
1.844035e+04	1.628739e-07
1.844652e+04	1.613668e-07
1.845269e+04	1.598728e-07
1.845885e+04	1.583918e-07
1.846502e+04	1.569237e-07
1.847119e+04	1.554685e-07
1.847736e+04	1.540261e-07
1.848353e+04	1.525962e-07
1.848970e+04	1.511788e-07
1.849587e+04	1.497739e-07
1.850204e+04	1.483813e-07
1.850821e+04	1.470009e-07
1.851438e+04	1.456326e-07
1.852055e+04	1.442763e-07
1.852672e+04	1.429319e-07
1.853289e+04	1.415993e-07
1.853906e+04	1.402785e-07
1.854523e+04	1.389693e-07
1.855140e+04	1.376716e-07
1.855757e+04	1.363854e-07
1.856373e+04	1.351105e-07
1.856990e+04	1.338468e-07
1.857607e+04	1.325943e-07
1.858224e+04	1.313528e-07
1.858841e+04	1.301224e-07
1.859458e+04	1.289028e-07
1.860075e+04	1.276940e-07
1.860692e+04	1.264959e-07
1.861309e+04	1.253084e-07
1.861926e+04	1.241314e-07
1.862543e+04	1.229649e-07
1.863160e+04	1.218087e-07
1.863777e+04	1.206628e-07
1.864394e+04	1.195271e-07
1.865011e+04	1.184015e-07
1.865628e+04	1.172858e-07
1.866245e+04	1.161801e-07
1.866861e+04	1.150843e-07
1.867478e+04	1.139982e-07
1.868095e+04	1.129218e-07
1.868712e+04	1.118550e-07
1.869329e+04	1.107978e-07
1.869946e+04	1.097499e-07
1.870563e+04	1.087115e-07
1.871180e+04	1.076823e-07
1.871797e+04	1.066623e-07
1.872414e+04	1.056515e-07
1.873031e+04	1.046497e-07
1.873648e+04	1.036569e-07
1.874265e+04	1.026730e-07
1.874882e+04	1.016980e-07
1.875499e+04	1.007317e-07
1.876116e+04	9.977402e-08
1.876733e+04	9.882500e-08
1.877349e+04	9.788452e-08
1.877966e+04	9.695249e-08
1.878583e+04	9.602886e-08
1.879200e+04	9.511356e-08
1.879817e+04	9.420650e-08
1.880434e+04	9.330763e-08
1.881051e+04	9.241687e-08
1.881668e+04	9.153416e-08
1.882285e+04	9.065942e-08
1.882902e+04	8.979259e-08
1.883519e+04	8.893360e-08
1.884136e+04	8.808239e-08
1.884753e+04	8.723889e-08
1.885370e+04	8.640304e-08
1.885987e+04	8.557476e-08
1.886604e+04	8.475400e-08
1.887220e+04	8.394069e-08
1.887837e+04	8.313477e-08
1.888454e+04	8.233617e-08
1.889071e+04	8.154483e-08
1.889688e+04	8.076070e-08
1.890305e+04	7.998370e-08
1.890922e+04	7.921379e-08
1.891539e+04	7.845089e-08
1.892156e+04	7.769495e-08
1.892773e+04	7.694591e-08
1.893390e+04	7.620370e-08
1.894007e+04	7.546828e-08
1.894624e+04	7.473958e-08
1.895241e+04	7.401755e-08
1.895858e+04	7.330212e-08
1.896475e+04	7.259324e-08
1.897092e+04	7.189086e-08
1.897708e+04	7.119492e-08
1.898325e+04	7.050536e-08
1.898942e+04	6.982213e-08
1.899559e+04	6.914518e-08
1.900176e+04	6.847444e-08
1.900793e+04	6.780987e-08
1.901410e+04	6.715142e-08
1.902027e+04	6.649902e-08
1.902644e+04	6.585264e-08
1.903261e+04	6.521220e-08
1.903878e+04	6.457768e-08
1.904495e+04	6.394901e-08
1.905112e+04	6.332614e-08
1.905729e+04	6.270902e-08
1.906346e+04	6.209760e-08
1.906963e+04	6.149184e-08
1.907580e+04	6.089168e-08
1.908196e+04	6.029708e-08
1.908813e+04	5.970798e-08
1.909430e+04	5.912435e-08
1.910047e+04	5.854612e-08
1.910664e+04	5.797326e-08
1.911281e+04	5.740572e-08
1.911898e+04	5.684344e-08
1.912515e+04	5.628640e-08
1.913132e+04	5.573453e-08
1.913749e+04	5.518779e-08
1.914366e+04	5.464615e-08
1.914983e+04	5.410955e-08
1.915600e+04	5.357795e-08
1.916217e+04	5.305131e-08
1.916834e+04	5.252958e-08
1.917451e+04	5.201272e-08
1.918068e+04	5.150069e-08
1.918684e+04	5.099344e-08
1.919301e+04	5.049094e-08
1.919918e+04	4.999314e-08
1.920535e+04	4.949999e-08
1.921152e+04	4.901147e-08
1.921769e+04	4.852752e-08
1.922386e+04	4.804812e-08
1.923003e+04	4.757320e-08
1.923620e+04	4.710275e-08
1.924237e+04	4.663672e-08
1.924854e+04	4.617506e-08
1.925471e+04	4.571775e-08
1.926088e+04	4.526474e-08
1.926705e+04	4.481599e-08
