# # p(y | x = 3.300000e-02)
# # y_val	p(y|x)
0.000000e+00	4.897216e-05
6.169403e+00	4.930801e-05
1.233881e+01	4.964578e-05
1.850821e+01	4.998549e-05
2.467761e+01	5.032715e-05
3.084702e+01	5.067077e-05
3.701642e+01	5.101634e-05
4.318582e+01	5.136389e-05
4.935523e+01	5.171342e-05
5.552463e+01	5.206493e-05
6.169403e+01	5.241844e-05
6.786344e+01	5.277395e-05
7.403284e+01	5.313148e-05
8.020224e+01	5.349102e-05
8.637165e+01	5.385260e-05
9.254105e+01	5.421621e-05
9.871045e+01	5.458186e-05
1.048799e+02	5.494957e-05
1.110493e+02	5.531934e-05
1.172187e+02	5.569118e-05
1.233881e+02	5.606510e-05
1.295575e+02	5.644111e-05
1.357269e+02	5.681921e-05
1.418963e+02	5.719941e-05
1.480657e+02	5.758172e-05
1.542351e+02	5.796616e-05
1.604045e+02	5.835272e-05
1.665739e+02	5.874142e-05
1.727433e+02	5.913227e-05
1.789127e+02	5.952526e-05
1.850821e+02	5.992042e-05
1.912515e+02	6.031775e-05
1.974209e+02	6.071726e-05
2.035903e+02	6.111896e-05
2.097597e+02	6.152285e-05
2.159291e+02	6.192894e-05
2.220985e+02	6.233725e-05
2.282679e+02	6.274777e-05
2.344373e+02	6.316053e-05
2.406067e+02	6.357552e-05
2.467761e+02	6.399276e-05
2.529455e+02	6.441226e-05
2.591149e+02	6.483401e-05
2.652843e+02	6.525804e-05
2.714537e+02	6.568435e-05
2.776232e+02	6.611295e-05
2.837926e+02	6.654384e-05
2.899620e+02	6.697704e-05
2.961314e+02	6.741255e-05
3.023008e+02	6.785038e-05
3.084702e+02	6.829055e-05
3.146396e+02	6.873305e-05
3.208090e+02	6.917790e-05
3.269784e+02	6.962511e-05
3.331478e+02	7.007468e-05
3.393172e+02	7.052662e-05
3.454866e+02	7.098095e-05
3.516560e+02	7.143767e-05
3.578254e+02	7.189678e-05
3.639948e+02	7.235830e-05
3.701642e+02	7.282224e-05
3.763336e+02	7.328860e-05
3.825030e+02	7.375740e-05
3.886724e+02	7.422863e-05
3.948418e+02	7.470231e-05
4.010112e+02	7.517846e-05
4.071806e+02	7.565707e-05
4.133500e+02	7.613815e-05
4.195194e+02	7.662172e-05
4.256888e+02	7.710778e-05
4.318582e+02	7.759634e-05
4.380276e+02	7.808740e-05
4.441970e+02	7.858099e-05
4.503664e+02	7.907710e-05
4.565359e+02	7.957575e-05
4.627053e+02	8.007694e-05
4.688747e+02	8.058068e-05
4.750441e+02	8.108698e-05
4.812135e+02	8.159585e-05
4.873829e+02	8.210729e-05
4.935523e+02	8.262132e-05
4.997217e+02	8.313794e-05
5.058911e+02	8.365717e-05
5.120605e+02	8.417900e-05
5.182299e+02	8.470346e-05
5.243993e+02	8.523054e-05
5.305687e+02	8.576025e-05
5.367381e+02	8.629262e-05
5.429075e+02	8.682763e-05
5.490769e+02	8.736530e-05
5.552463e+02	8.790565e-05
5.614157e+02	8.844867e-05
5.675851e+02	8.899437e-05
5.737545e+02	8.954277e-05
5.799239e+02	9.009387e-05
5.860933e+02	9.064769e-05
5.922627e+02	9.120422e-05
5.984321e+02	9.176348e-05
6.046015e+02	9.232548e-05
6.107709e+02	9.289022e-05
6.169403e+02	9.345771e-05
6.231097e+02	9.402796e-05
6.292791e+02	9.460099e-05
6.354485e+02	9.517678e-05
6.416180e+02	9.575537e-05
6.477874e+02	9.633675e-05
6.539568e+02	9.692092e-05
6.601262e+02	9.750791e-05
6.662956e+02	9.809772e-05
6.724650e+02	9.869035e-05
6.786344e+02	9.928582e-05
6.848038e+02	9.988413e-05
6.909732e+02	1.004853e-04
6.971426e+02	1.010893e-04
7.033120e+02	1.016962e-04
7.094814e+02	1.023060e-04
7.156508e+02	1.029186e-04
7.218202e+02	1.035341e-04
7.279896e+02	1.041526e-04
7.341590e+02	1.047739e-04
7.403284e+02	1.053982e-04
7.464978e+02	1.060253e-04
7.526672e+02	1.066555e-04
7.588366e+02	1.072885e-04
7.650060e+02	1.079245e-04
7.711754e+02	1.085634e-04
7.773448e+02	1.092054e-04
7.835142e+02	1.098502e-04
7.896836e+02	1.104981e-04
7.958530e+02	1.111489e-04
8.020224e+02	1.118028e-04
8.081918e+02	1.124596e-04
8.143612e+02	1.131195e-04
8.205306e+02	1.137823e-04
8.267001e+02	1.144482e-04
8.328695e+02	1.151172e-04
8.390389e+02	1.157891e-04
8.452083e+02	1.164641e-04
8.513777e+02	1.171422e-04
8.575471e+02	1.178233e-04
8.637165e+02	1.185075e-04
8.698859e+02	1.191948e-04
8.760553e+02	1.198852e-04
8.822247e+02	1.205786e-04
8.883941e+02	1.212752e-04
8.945635e+02	1.219748e-04
9.007329e+02	1.226776e-04
9.069023e+02	1.233835e-04
9.130717e+02	1.240925e-04
9.192411e+02	1.248047e-04
9.254105e+02	1.255200e-04
9.315799e+02	1.262385e-04
9.377493e+02	1.269601e-04
9.439187e+02	1.276849e-04
9.500881e+02	1.284128e-04
9.562575e+02	1.291440e-04
9.624269e+02	1.298783e-04
9.685963e+02	1.306158e-04
9.747657e+02	1.313565e-04
9.809351e+02	1.321005e-04
9.871045e+02	1.328476e-04
9.932739e+02	1.335980e-04
9.994433e+02	1.343516e-04
1.005613e+03	1.351084e-04
1.011782e+03	1.358685e-04
1.017952e+03	1.366318e-04
1.024121e+03	1.373984e-04
1.030290e+03	1.381682e-04
1.036460e+03	1.389413e-04
1.042629e+03	1.397177e-04
1.048799e+03	1.404974e-04
1.054968e+03	1.412803e-04
1.061137e+03	1.420666e-04
1.067307e+03	1.428561e-04
1.073476e+03	1.436490e-04
1.079646e+03	1.444452e-04
1.085815e+03	1.452447e-04
1.091984e+03	1.460475e-04
1.098154e+03	1.468537e-04
1.104323e+03	1.476632e-04
1.110493e+03	1.484760e-04
1.116662e+03	1.492922e-04
1.122831e+03	1.501118e-04
1.129001e+03	1.509347e-04
1.135170e+03	1.517610e-04
1.141340e+03	1.525907e-04
1.147509e+03	1.534238e-04
1.153678e+03	1.542602e-04
1.159848e+03	1.551001e-04
1.166017e+03	1.559433e-04
1.172187e+03	1.567900e-04
1.178356e+03	1.576401e-04
1.184525e+03	1.584935e-04
1.190695e+03	1.593504e-04
1.196864e+03	1.602108e-04
1.203034e+03	1.610746e-04
1.209203e+03	1.619418e-04
1.215372e+03	1.628124e-04
1.221542e+03	1.636865e-04
1.227711e+03	1.645641e-04
1.233881e+03	1.654451e-04
1.240050e+03	1.663296e-04
1.246219e+03	1.672176e-04
1.252389e+03	1.681090e-04
1.258558e+03	1.690040e-04
1.264728e+03	1.699024e-04
1.270897e+03	1.708043e-04
1.277066e+03	1.717097e-04
1.283236e+03	1.726186e-04
1.289405e+03	1.735310e-04
1.295575e+03	1.744470e-04
1.301744e+03	1.753664e-04
1.307914e+03	1.762894e-04
1.314083e+03	1.772159e-04
1.320252e+03	1.781459e-04
1.326422e+03	1.790794e-04
1.332591e+03	1.800165e-04
1.338761e+03	1.809572e-04
1.344930e+03	1.819014e-04
1.351099e+03	1.828491e-04
1.357269e+03	1.838004e-04
1.363438e+03	1.847553e-04
1.369608e+03	1.857137e-04
1.375777e+03	1.866757e-04
1.381946e+03	1.876413e-04
1.388116e+03	1.886104e-04
1.394285e+03	1.895832e-04
1.400455e+03	1.905595e-04
1.406624e+03	1.915394e-04
1.412793e+03	1.925229e-04
1.418963e+03	1.935100e-04
1.425132e+03	1.945007e-04
1.431302e+03	1.954950e-04
1.437471e+03	1.964929e-04
1.443640e+03	1.974944e-04
1.449810e+03	1.984995e-04
1.455979e+03	1.995083e-04
1.462149e+03	2.005206e-04
1.468318e+03	2.015366e-04
1.474487e+03	2.025562e-04
1.480657e+03	2.035795e-04
1.486826e+03	2.046063e-04
1.492996e+03	2.056369e-04
1.499165e+03	2.066710e-04
1.505334e+03	2.077088e-04
1.511504e+03	2.087502e-04
1.517673e+03	2.097953e-04
1.523843e+03	2.108440e-04
1.530012e+03	2.118964e-04
1.536181e+03	2.129524e-04
1.542351e+03	2.140121e-04
1.548520e+03	2.150754e-04
1.554690e+03	2.161424e-04
1.560859e+03	2.172131e-04
1.567028e+03	2.182874e-04
1.573198e+03	2.193654e-04
1.579367e+03	2.204470e-04
1.585537e+03	2.215324e-04
1.591706e+03	2.226214e-04
1.597875e+03	2.237140e-04
1.604045e+03	2.248104e-04
1.610214e+03	2.259104e-04
1.616384e+03	2.270141e-04
1.622553e+03	2.281215e-04
1.628722e+03	2.292325e-04
1.634892e+03	2.303472e-04
1.641061e+03	2.314657e-04
1.647231e+03	2.325878e-04
1.653400e+03	2.337135e-04
1.659570e+03	2.348430e-04
1.665739e+03	2.359762e-04
1.671908e+03	2.371130e-04
1.678078e+03	2.382535e-04
1.684247e+03	2.393977e-04
1.690417e+03	2.405456e-04
1.696586e+03	2.416972e-04
1.702755e+03	2.428525e-04
1.708925e+03	2.440115e-04
1.715094e+03	2.451741e-04
1.721264e+03	2.463405e-04
1.727433e+03	2.475105e-04
1.733602e+03	2.486842e-04
1.739772e+03	2.498616e-04
1.745941e+03	2.510427e-04
1.752111e+03	2.522275e-04
1.758280e+03	2.534160e-04
1.764449e+03	2.546082e-04
1.770619e+03	2.558040e-04
1.776788e+03	2.570036e-04
1.782958e+03	2.582068e-04
1.789127e+03	2.594137e-04
1.795296e+03	2.606243e-04
1.801466e+03	2.618385e-04
1.807635e+03	2.630565e-04
1.813805e+03	2.642781e-04
1.819974e+03	2.655034e-04
1.826143e+03	2.667324e-04
1.832313e+03	2.679651e-04
1.838482e+03	2.692014e-04
1.844652e+03	2.704414e-04
1.850821e+03	2.716851e-04
1.856990e+03	2.729325e-04
1.863160e+03	2.741835e-04
1.869329e+03	2.754382e-04
1.875499e+03	2.766965e-04
1.881668e+03	2.779585e-04
1.887837e+03	2.792242e-04
1.894007e+03	2.804935e-04
1.900176e+03	2.817665e-04
1.906346e+03	2.830431e-04
1.912515e+03	2.843234e-04
1.918684e+03	2.856073e-04
1.924854e+03	2.868948e-04
1.931023e+03	2.881860e-04
1.937193e+03	2.894809e-04
1.943362e+03	2.907793e-04
1.949531e+03	2.920814e-04
1.955701e+03	2.933872e-04
1.961870e+03	2.946965e-04
1.968040e+03	2.960095e-04
1.974209e+03	2.973261e-04
1.980378e+03	2.986463e-04
1.986548e+03	2.999701e-04
1.992717e+03	3.012975e-04
1.998887e+03	3.026285e-04
2.005056e+03	3.039631e-04
2.011226e+03	3.053013e-04
2.017395e+03	3.066431e-04
2.023564e+03	3.079884e-04
2.029734e+03	3.093374e-04
2.035903e+03	3.106899e-04
2.042073e+03	3.120460e-04
2.048242e+03	3.134057e-04
2.054411e+03	3.147689e-04
2.060581e+03	3.161356e-04
2.066750e+03	3.175060e-04
2.072920e+03	3.188798e-04
2.079089e+03	3.202572e-04
2.085258e+03	3.216382e-04
2.091428e+03	3.230226e-04
2.097597e+03	3.244106e-04
2.103767e+03	3.258021e-04
2.109936e+03	3.271971e-04
2.116105e+03	3.285956e-04
2.122275e+03	3.299977e-04
2.128444e+03	3.314032e-04
2.134614e+03	3.328121e-04
2.140783e+03	3.342246e-04
2.146952e+03	3.356406e-04
2.153122e+03	3.370600e-04
2.159291e+03	3.384828e-04
2.165461e+03	3.399092e-04
2.171630e+03	3.413389e-04
2.177799e+03	3.427722e-04
2.183969e+03	3.442088e-04
2.190138e+03	3.456489e-04
2.196308e+03	3.470923e-04
2.202477e+03	3.485392e-04
2.208646e+03	3.499895e-04
2.214816e+03	3.514432e-04
2.220985e+03	3.529003e-04
2.227155e+03	3.543607e-04
2.233324e+03	3.558246e-04
2.239493e+03	3.572918e-04
2.245663e+03	3.587623e-04
2.251832e+03	3.602362e-04
2.258002e+03	3.617134e-04
2.264171e+03	3.631940e-04
2.270340e+03	3.646779e-04
2.276510e+03	3.661650e-04
2.282679e+03	3.676555e-04
2.288849e+03	3.691493e-04
2.295018e+03	3.706464e-04
2.301187e+03	3.721467e-04
2.307357e+03	3.736503e-04
2.313526e+03	3.751572e-04
2.319696e+03	3.766673e-04
2.325865e+03	3.781807e-04
2.332034e+03	3.796973e-04
2.338204e+03	3.812170e-04
2.344373e+03	3.827401e-04
2.350543e+03	3.842663e-04
2.356712e+03	3.857956e-04
2.362881e+03	3.873282e-04
2.369051e+03	3.888639e-04
2.375220e+03	3.904028e-04
2.381390e+03	3.919449e-04
2.387559e+03	3.934900e-04
2.393729e+03	3.950383e-04
2.399898e+03	3.965897e-04
2.406067e+03	3.981443e-04
2.412237e+03	3.997019e-04
2.418406e+03	4.012625e-04
2.424576e+03	4.028263e-04
2.430745e+03	4.043931e-04
2.436914e+03	4.059629e-04
2.443084e+03	4.075358e-04
2.449253e+03	4.091117e-04
2.455423e+03	4.106906e-04
2.461592e+03	4.122725e-04
2.467761e+03	4.138574e-04
2.473931e+03	4.154453e-04
2.480100e+03	4.170361e-04
2.486270e+03	4.186298e-04
2.492439e+03	4.202265e-04
2.498608e+03	4.218262e-04
2.504778e+03	4.234287e-04
2.510947e+03	4.250341e-04
2.517117e+03	4.266424e-04
2.523286e+03	4.282536e-04
2.529455e+03	4.298676e-04
2.535625e+03	4.314845e-04
2.541794e+03	4.331042e-04
2.547964e+03	4.347267e-04
2.554133e+03	4.363520e-04
2.560302e+03	4.379801e-04
2.566472e+03	4.396110e-04
2.572641e+03	4.412446e-04
2.578811e+03	4.428810e-04
2.584980e+03	4.445201e-04
2.591149e+03	4.461619e-04
2.597319e+03	4.478064e-04
2.603488e+03	4.494536e-04
2.609658e+03	4.511035e-04
2.615827e+03	4.527560e-04
2.621996e+03	4.544111e-04
2.628166e+03	4.560689e-04
2.634335e+03	4.577293e-04
2.640505e+03	4.593923e-04
2.646674e+03	4.610579e-04
2.652843e+03	4.627260e-04
2.659013e+03	4.643967e-04
2.665182e+03	4.660699e-04
2.671352e+03	4.677456e-04
2.677521e+03	4.694239e-04
2.683690e+03	4.711046e-04
2.689860e+03	4.727877e-04
2.696029e+03	4.744733e-04
2.702199e+03	4.761614e-04
2.708368e+03	4.778519e-04
2.714537e+03	4.795447e-04
2.720707e+03	4.812400e-04
2.726876e+03	4.829376e-04
2.733046e+03	4.846375e-04
2.739215e+03	4.863398e-04
2.745385e+03	4.880444e-04
2.751554e+03	4.897513e-04
2.757723e+03	4.914605e-04
2.763893e+03	4.931719e-04
2.770062e+03	4.948856e-04
2.776232e+03	4.966015e-04
2.782401e+03	4.983196e-04
2.788570e+03	5.000399e-04
2.794740e+03	5.017624e-04
2.800909e+03	5.034870e-04
2.807079e+03	5.052137e-04
2.813248e+03	5.069426e-04
2.819417e+03	5.086735e-04
2.825587e+03	5.104066e-04
2.831756e+03	5.121417e-04
2.837926e+03	5.138788e-04
2.844095e+03	5.156179e-04
2.850264e+03	5.173591e-04
2.856434e+03	5.191022e-04
2.862603e+03	5.208473e-04
2.868773e+03	5.225943e-04
2.874942e+03	5.243432e-04
2.881111e+03	5.260941e-04
2.887281e+03	5.278468e-04
2.893450e+03	5.296014e-04
2.899620e+03	5.313578e-04
2.905789e+03	5.331161e-04
2.911958e+03	5.348761e-04
2.918128e+03	5.366379e-04
2.924297e+03	5.384015e-04
2.930467e+03	5.401668e-04
2.936636e+03	5.419339e-04
2.942805e+03	5.437026e-04
2.948975e+03	5.454730e-04
2.955144e+03	5.472451e-04
2.961314e+03	5.490188e-04
2.967483e+03	5.507941e-04
2.973652e+03	5.525710e-04
2.979822e+03	5.543494e-04
2.985991e+03	5.561294e-04
2.992161e+03	5.579110e-04
2.998330e+03	5.596940e-04
3.004499e+03	5.614785e-04
3.010669e+03	5.632645e-04
3.016838e+03	5.650519e-04
3.023008e+03	5.668407e-04
3.029177e+03	5.686309e-04
3.035346e+03	5.704225e-04
3.041516e+03	5.722154e-04
3.047685e+03	5.740097e-04
3.053855e+03	5.758052e-04
3.060024e+03	5.776020e-04
3.066193e+03	5.794001e-04
3.072363e+03	5.811994e-04
3.078532e+03	5.830000e-04
3.084702e+03	5.848017e-04
3.090871e+03	5.866045e-04
3.097040e+03	5.884085e-04
3.103210e+03	5.902136e-04
3.109379e+03	5.920199e-04
3.115549e+03	5.938271e-04
3.121718e+03	5.956354e-04
3.127888e+03	5.974448e-04
3.134057e+03	5.992551e-04
3.140226e+03	6.010664e-04
3.146396e+03	6.028786e-04
3.152565e+03	6.046918e-04
3.158735e+03	6.065059e-04
3.164904e+03	6.083208e-04
3.171073e+03	6.101366e-04
3.177243e+03	6.119532e-04
3.183412e+03	6.137706e-04
3.189582e+03	6.155888e-04
3.195751e+03	6.174077e-04
3.201920e+03	6.192273e-04
3.208090e+03	6.210477e-04
3.214259e+03	6.228687e-04
3.220429e+03	6.246903e-04
3.226598e+03	6.265126e-04
3.232767e+03	6.283355e-04
3.238937e+03	6.301589e-04
3.245106e+03	6.319829e-04
3.251276e+03	6.338074e-04
3.257445e+03	6.356324e-04
3.263614e+03	6.374579e-04
3.269784e+03	6.392838e-04
3.275953e+03	6.411101e-04
3.282123e+03	6.429368e-04
3.288292e+03	6.447639e-04
3.294461e+03	6.465913e-04
3.300631e+03	6.484190e-04
3.306800e+03	6.502470e-04
3.312970e+03	6.520752e-04
3.319139e+03	6.539037e-04
3.325308e+03	6.557324e-04
3.331478e+03	6.575612e-04
3.337647e+03	6.593902e-04
3.343817e+03	6.612193e-04
3.349986e+03	6.630485e-04
3.356155e+03	6.648778e-04
3.362325e+03	6.667071e-04
3.368494e+03	6.685364e-04
3.374664e+03	6.703657e-04
3.380833e+03	6.721950e-04
3.387002e+03	6.740242e-04
3.393172e+03	6.758533e-04
3.399341e+03	6.776822e-04
3.405511e+03	6.795110e-04
3.411680e+03	6.813396e-04
3.417849e+03	6.831680e-04
3.424019e+03	6.849962e-04
3.430188e+03	6.868241e-04
3.436358e+03	6.886517e-04
3.442527e+03	6.904790e-04
3.448696e+03	6.923059e-04
3.454866e+03	6.941325e-04
3.461035e+03	6.959586e-04
3.467205e+03	6.977843e-04
3.473374e+03	6.996095e-04
3.479544e+03	7.014343e-04
3.485713e+03	7.032585e-04
3.491882e+03	7.050822e-04
3.498052e+03	7.069052e-04
3.504221e+03	7.087277e-04
3.510391e+03	7.105495e-04
3.516560e+03	7.123707e-04
3.522729e+03	7.141912e-04
3.528899e+03	7.160109e-04
3.535068e+03	7.178299e-04
3.541238e+03	7.196481e-04
3.547407e+03	7.214654e-04
3.553576e+03	7.232820e-04
3.559746e+03	7.250976e-04
3.565915e+03	7.269124e-04
3.572085e+03	7.287262e-04
3.578254e+03	7.305391e-04
3.584423e+03	7.323510e-04
3.590593e+03	7.341618e-04
3.596762e+03	7.359716e-04
3.602932e+03	7.377803e-04
3.609101e+03	7.395879e-04
3.615270e+03	7.413944e-04
3.621440e+03	7.431997e-04
3.627609e+03	7.450038e-04
3.633779e+03	7.468066e-04
3.639948e+03	7.486082e-04
3.646117e+03	7.504085e-04
3.652287e+03	7.522075e-04
3.658456e+03	7.540052e-04
3.664626e+03	7.558014e-04
3.670795e+03	7.575963e-04
3.676964e+03	7.593897e-04
3.683134e+03	7.611816e-04
3.689303e+03	7.629720e-04
3.695473e+03	7.647609e-04
3.701642e+03	7.665482e-04
3.707811e+03	7.683339e-04
3.713981e+03	7.701180e-04
3.720150e+03	7.719005e-04
3.726320e+03	7.736812e-04
3.732489e+03	7.754603e-04
3.738658e+03	7.772376e-04
3.744828e+03	7.790131e-04
3.750997e+03	7.807868e-04
3.757167e+03	7.825587e-04
3.763336e+03	7.843286e-04
3.769505e+03	7.860967e-04
3.775675e+03	7.878629e-04
3.781844e+03	7.896271e-04
3.788014e+03	7.913893e-04
3.794183e+03	7.931495e-04
3.800352e+03	7.949076e-04
3.806522e+03	7.966636e-04
3.812691e+03	7.984175e-04
3.818861e+03	8.001693e-04
3.825030e+03	8.019188e-04
3.831199e+03	8.036662e-04
3.837369e+03	8.054113e-04
3.843538e+03	8.071542e-04
3.849708e+03	8.088947e-04
3.855877e+03	8.106329e-04
3.862047e+03	8.123687e-04
3.868216e+03	8.141022e-04
3.874385e+03	8.158332e-04
3.880555e+03	8.175617e-04
3.886724e+03	8.192878e-04
3.892894e+03	8.210113e-04
3.899063e+03	8.227323e-04
3.905232e+03	8.244507e-04
3.911402e+03	8.261664e-04
3.917571e+03	8.278796e-04
3.923741e+03	8.295900e-04
3.929910e+03	8.312977e-04
3.936079e+03	8.330027e-04
3.942249e+03	8.347049e-04
3.948418e+03	8.364043e-04
3.954588e+03	8.381009e-04
3.960757e+03	8.397946e-04
3.966926e+03	8.414854e-04
3.973096e+03	8.431733e-04
3.979265e+03	8.448582e-04
3.985435e+03	8.465401e-04
3.991604e+03	8.482190e-04
3.997773e+03	8.498948e-04
4.003943e+03	8.515676e-04
4.010112e+03	8.532372e-04
4.016282e+03	8.549037e-04
4.022451e+03	8.565670e-04
4.028620e+03	8.582271e-04
4.034790e+03	8.598840e-04
4.040959e+03	8.615375e-04
4.047129e+03	8.631878e-04
4.053298e+03	8.648347e-04
4.059467e+03	8.664783e-04
4.065637e+03	8.681185e-04
4.071806e+03	8.697552e-04
4.077976e+03	8.713885e-04
4.084145e+03	8.730183e-04
4.090314e+03	8.746446e-04
4.096484e+03	8.762673e-04
4.102653e+03	8.778864e-04
4.108823e+03	8.795019e-04
4.114992e+03	8.811138e-04
4.121161e+03	8.827220e-04
4.127331e+03	8.843264e-04
4.133500e+03	8.859272e-04
4.139670e+03	8.875242e-04
4.145839e+03	8.891173e-04
4.152008e+03	8.907067e-04
4.158178e+03	8.922921e-04
4.164347e+03	8.938737e-04
4.170517e+03	8.954514e-04
4.176686e+03	8.970251e-04
4.182855e+03	8.985948e-04
4.189025e+03	9.001605e-04
4.195194e+03	9.017222e-04
4.201364e+03	9.032797e-04
4.207533e+03	9.048332e-04
4.213703e+03	9.063825e-04
4.219872e+03	9.079277e-04
4.226041e+03	9.094687e-04
4.232211e+03	9.110054e-04
4.238380e+03	9.125379e-04
4.244550e+03	9.140661e-04
4.250719e+03	9.155900e-04
4.256888e+03	9.171095e-04
4.263058e+03	9.186246e-04
4.269227e+03	9.201354e-04
4.275397e+03	9.216417e-04
4.281566e+03	9.231435e-04
4.287735e+03	9.246408e-04
4.293905e+03	9.261336e-04
4.300074e+03	9.276218e-04
4.306244e+03	9.291055e-04
4.312413e+03	9.305845e-04
4.318582e+03	9.320589e-04
4.324752e+03	9.335286e-04
4.330921e+03	9.349936e-04
4.337091e+03	9.364539e-04
4.343260e+03	9.379094e-04
4.349429e+03	9.393601e-04
4.355599e+03	9.408059e-04
4.361768e+03	9.422470e-04
4.367938e+03	9.436831e-04
4.374107e+03	9.451143e-04
4.380276e+03	9.465406e-04
4.386446e+03	9.479619e-04
4.392615e+03	9.493783e-04
4.398785e+03	9.507896e-04
4.404954e+03	9.521958e-04
4.411123e+03	9.535970e-04
4.417293e+03	9.549930e-04
4.423462e+03	9.563839e-04
4.429632e+03	9.577696e-04
4.435801e+03	9.591502e-04
4.441970e+03	9.605255e-04
4.448140e+03	9.618955e-04
4.454309e+03	9.632603e-04
4.460479e+03	9.646198e-04
4.466648e+03	9.659739e-04
4.472817e+03	9.673227e-04
4.478987e+03	9.686660e-04
4.485156e+03	9.700040e-04
4.491326e+03	9.713364e-04
4.497495e+03	9.726635e-04
4.503664e+03	9.739850e-04
4.509834e+03	9.753010e-04
4.516003e+03	9.766114e-04
4.522173e+03	9.779162e-04
4.528342e+03	9.792154e-04
4.534511e+03	9.805090e-04
4.540681e+03	9.817969e-04
4.546850e+03	9.830791e-04
4.553020e+03	9.843556e-04
4.559189e+03	9.856264e-04
4.565359e+03	9.868914e-04
4.571528e+03	9.881505e-04
4.577697e+03	9.894039e-04
4.583867e+03	9.906514e-04
4.590036e+03	9.918930e-04
4.596206e+03	9.931287e-04
4.602375e+03	9.943585e-04
4.608544e+03	9.955823e-04
4.614714e+03	9.968002e-04
4.620883e+03	9.980120e-04
4.627053e+03	9.992178e-04
4.633222e+03	1.000418e-03
4.639391e+03	1.001611e-03
4.645561e+03	1.002799e-03
4.651730e+03	1.003980e-03
4.657900e+03	1.005155e-03
4.664069e+03	1.006325e-03
4.670238e+03	1.007487e-03
4.676408e+03	1.008644e-03
4.682577e+03	1.009794e-03
4.688747e+03	1.010938e-03
4.694916e+03	1.012076e-03
4.701085e+03	1.013208e-03
4.707255e+03	1.014333e-03
4.713424e+03	1.015452e-03
4.719594e+03	1.016564e-03
4.725763e+03	1.017670e-03
4.731932e+03	1.018769e-03
4.738102e+03	1.019862e-03
4.744271e+03	1.020949e-03
4.750441e+03	1.022029e-03
4.756610e+03	1.023102e-03
4.762779e+03	1.024169e-03
4.768949e+03	1.025229e-03
4.775118e+03	1.026283e-03
4.781288e+03	1.027330e-03
4.787457e+03	1.028370e-03
4.793626e+03	1.029404e-03
4.799796e+03	1.030431e-03
4.805965e+03	1.031451e-03
4.812135e+03	1.032464e-03
4.818304e+03	1.033471e-03
4.824473e+03	1.034471e-03
4.830643e+03	1.035464e-03
4.836812e+03	1.036450e-03
4.842982e+03	1.037430e-03
4.849151e+03	1.038402e-03
4.855320e+03	1.039368e-03
4.861490e+03	1.040327e-03
4.867659e+03	1.041278e-03
4.873829e+03	1.042223e-03
4.879998e+03	1.043161e-03
4.886167e+03	1.044092e-03
4.892337e+03	1.045016e-03
4.898506e+03	1.045933e-03
4.904676e+03	1.046842e-03
4.910845e+03	1.047745e-03
4.917014e+03	1.048641e-03
4.923184e+03	1.049529e-03
4.929353e+03	1.050410e-03
4.935523e+03	1.051284e-03
4.941692e+03	1.052151e-03
4.947862e+03	1.053011e-03
4.954031e+03	1.053864e-03
4.960200e+03	1.054709e-03
4.966370e+03	1.055547e-03
4.972539e+03	1.056378e-03
4.978709e+03	1.057201e-03
4.984878e+03	1.058018e-03
4.991047e+03	1.058827e-03
4.997217e+03	1.059628e-03
5.003386e+03	1.060422e-03
5.009556e+03	1.061209e-03
5.015725e+03	1.061988e-03
5.021894e+03	1.062760e-03
5.028064e+03	1.063525e-03
5.034233e+03	1.064282e-03
5.040403e+03	1.065032e-03
5.046572e+03	1.065774e-03
5.052741e+03	1.066509e-03
5.058911e+03	1.067236e-03
5.065080e+03	1.067955e-03
5.071250e+03	1.068668e-03
5.077419e+03	1.069372e-03
5.083588e+03	1.070069e-03
5.089758e+03	1.070758e-03
5.095927e+03	1.071440e-03
5.102097e+03	1.072114e-03
5.108266e+03	1.072781e-03
5.114435e+03	1.073440e-03
5.120605e+03	1.074091e-03
5.126774e+03	1.074734e-03
5.132944e+03	1.075370e-03
5.139113e+03	1.075998e-03
5.145282e+03	1.076619e-03
5.151452e+03	1.077231e-03
5.157621e+03	1.077836e-03
5.163791e+03	1.078434e-03
5.169960e+03	1.079023e-03
5.176129e+03	1.079604e-03
5.182299e+03	1.080178e-03
5.188468e+03	1.080744e-03
5.194638e+03	1.081302e-03
5.200807e+03	1.081853e-03
5.206976e+03	1.082395e-03
5.213146e+03	1.082930e-03
5.219315e+03	1.083456e-03
5.225485e+03	1.083975e-03
5.231654e+03	1.084486e-03
5.237823e+03	1.084989e-03
5.243993e+03	1.085484e-03
5.250162e+03	1.085972e-03
5.256332e+03	1.086451e-03
5.262501e+03	1.086922e-03
5.268670e+03	1.087385e-03
5.274840e+03	1.087841e-03
5.281009e+03	1.088288e-03
5.287179e+03	1.088727e-03
5.293348e+03	1.089159e-03
5.299518e+03	1.089582e-03
5.305687e+03	1.089997e-03
5.311856e+03	1.090405e-03
5.318026e+03	1.090804e-03
5.324195e+03	1.091195e-03
5.330365e+03	1.091578e-03
5.336534e+03	1.091953e-03
5.342703e+03	1.092320e-03
5.348873e+03	1.092679e-03
5.355042e+03	1.093030e-03
5.361212e+03	1.093372e-03
5.367381e+03	1.093707e-03
5.373550e+03	1.094033e-03
5.379720e+03	1.094352e-03
5.385889e+03	1.094662e-03
5.392059e+03	1.094964e-03
5.398228e+03	1.095258e-03
5.404397e+03	1.095544e-03
5.410567e+03	1.095821e-03
5.416736e+03	1.096091e-03
5.422906e+03	1.096352e-03
5.429075e+03	1.096605e-03
5.435244e+03	1.096850e-03
5.441414e+03	1.097087e-03
5.447583e+03	1.097315e-03
5.453753e+03	1.097536e-03
5.459922e+03	1.097748e-03
5.466091e+03	1.097952e-03
5.472261e+03	1.098148e-03
5.478430e+03	1.098335e-03
5.484600e+03	1.098514e-03
5.490769e+03	1.098685e-03
5.496938e+03	1.098848e-03
5.503108e+03	1.099003e-03
5.509277e+03	1.099149e-03
5.515447e+03	1.099287e-03
5.521616e+03	1.099417e-03
5.527785e+03	1.099539e-03
5.533955e+03	1.099652e-03
5.540124e+03	1.099757e-03
5.546294e+03	1.099854e-03
5.552463e+03	1.099943e-03
5.558632e+03	1.100023e-03
5.564802e+03	1.100095e-03
5.570971e+03	1.100159e-03
5.577141e+03	1.100215e-03
5.583310e+03	1.100262e-03
5.589479e+03	1.100301e-03
5.595649e+03	1.100332e-03
5.601818e+03	1.100355e-03
5.607988e+03	1.100369e-03
5.614157e+03	1.100375e-03
5.620326e+03	1.100373e-03
5.626496e+03	1.100362e-03
5.632665e+03	1.100343e-03
5.638835e+03	1.100316e-03
5.645004e+03	1.100281e-03
5.651173e+03	1.100237e-03
5.657343e+03	1.100185e-03
5.663512e+03	1.100125e-03
5.669682e+03	1.100057e-03
5.675851e+03	1.099980e-03
5.682021e+03	1.099895e-03
5.688190e+03	1.099802e-03
5.694359e+03	1.099701e-03
5.700529e+03	1.099591e-03
5.706698e+03	1.099473e-03
5.712868e+03	1.099347e-03
5.719037e+03	1.099213e-03
5.725206e+03	1.099070e-03
5.731376e+03	1.098919e-03
5.737545e+03	1.098760e-03
5.743715e+03	1.098593e-03
5.749884e+03	1.098417e-03
5.756053e+03	1.098233e-03
5.762223e+03	1.098041e-03
5.768392e+03	1.097841e-03
5.774562e+03	1.097633e-03
5.780731e+03	1.097416e-03
5.786900e+03	1.097191e-03
5.793070e+03	1.096958e-03
5.799239e+03	1.096717e-03
5.805409e+03	1.096467e-03
5.811578e+03	1.096210e-03
5.817747e+03	1.095944e-03
5.823917e+03	1.095670e-03
5.830086e+03	1.095388e-03
5.836256e+03	1.095098e-03
5.842425e+03	1.094799e-03
5.848594e+03	1.094493e-03
5.854764e+03	1.094178e-03
5.860933e+03	1.093855e-03
5.867103e+03	1.093525e-03
5.873272e+03	1.093186e-03
5.879441e+03	1.092838e-03
5.885611e+03	1.092483e-03
5.891780e+03	1.092120e-03
5.897950e+03	1.091748e-03
5.904119e+03	1.091369e-03
5.910288e+03	1.090981e-03
5.916458e+03	1.090586e-03
5.922627e+03	1.090182e-03
5.928797e+03	1.089771e-03
5.934966e+03	1.089351e-03
5.941135e+03	1.088923e-03
5.947305e+03	1.088487e-03
5.953474e+03	1.088044e-03
5.959644e+03	1.087592e-03
5.965813e+03	1.087132e-03
5.971982e+03	1.086665e-03
5.978152e+03	1.086189e-03
5.984321e+03	1.085705e-03
5.990491e+03	1.085214e-03
5.996660e+03	1.084714e-03
6.002829e+03	1.084207e-03
6.008999e+03	1.083692e-03
6.015168e+03	1.083169e-03
6.021338e+03	1.082638e-03
6.027507e+03	1.082099e-03
6.033677e+03	1.081552e-03
6.039846e+03	1.080997e-03
6.046015e+03	1.080435e-03
6.052185e+03	1.079865e-03
6.058354e+03	1.079287e-03
6.064524e+03	1.078701e-03
6.070693e+03	1.078107e-03
6.076862e+03	1.077506e-03
6.083032e+03	1.076896e-03
6.089201e+03	1.076280e-03
6.095371e+03	1.075655e-03
6.101540e+03	1.075023e-03
6.107709e+03	1.074383e-03
6.113879e+03	1.073735e-03
6.120048e+03	1.073079e-03
6.126218e+03	1.072416e-03
6.132387e+03	1.071746e-03
6.138556e+03	1.071067e-03
6.144726e+03	1.070381e-03
6.150895e+03	1.069688e-03
6.157065e+03	1.068987e-03
6.163234e+03	1.068278e-03
6.169403e+03	1.067562e-03
6.175573e+03	1.066838e-03
6.181742e+03	1.066107e-03
6.187912e+03	1.065368e-03
6.194081e+03	1.064622e-03
6.200250e+03	1.063868e-03
6.206420e+03	1.063107e-03
6.212589e+03	1.062338e-03
6.218759e+03	1.061562e-03
6.224928e+03	1.060779e-03
6.231097e+03	1.059988e-03
6.237267e+03	1.059189e-03
6.243436e+03	1.058384e-03
6.249606e+03	1.057571e-03
6.255775e+03	1.056751e-03
6.261944e+03	1.055923e-03
6.268114e+03	1.055089e-03
6.274283e+03	1.054246e-03
6.280453e+03	1.053397e-03
6.286622e+03	1.052541e-03
6.292791e+03	1.051677e-03
6.298961e+03	1.050806e-03
6.305130e+03	1.049928e-03
6.311300e+03	1.049043e-03
6.317469e+03	1.048150e-03
6.323638e+03	1.047251e-03
6.329808e+03	1.046344e-03
6.335977e+03	1.045431e-03
6.342147e+03	1.044510e-03
6.348316e+03	1.043582e-03
6.354485e+03	1.042648e-03
6.360655e+03	1.041706e-03
6.366824e+03	1.040757e-03
6.372994e+03	1.039802e-03
6.379163e+03	1.038839e-03
6.385332e+03	1.037870e-03
6.391502e+03	1.036894e-03
6.397671e+03	1.035910e-03
6.403841e+03	1.034920e-03
6.410010e+03	1.033923e-03
6.416180e+03	1.032920e-03
6.422349e+03	1.031909e-03
6.428518e+03	1.030892e-03
6.434688e+03	1.029868e-03
6.440857e+03	1.028838e-03
6.447027e+03	1.027800e-03
6.453196e+03	1.026756e-03
6.459365e+03	1.025706e-03
6.465535e+03	1.024648e-03
6.471704e+03	1.023585e-03
6.477874e+03	1.022514e-03
6.484043e+03	1.021437e-03
6.490212e+03	1.020354e-03
6.496382e+03	1.019264e-03
6.502551e+03	1.018167e-03
6.508721e+03	1.017064e-03
6.514890e+03	1.015955e-03
6.521059e+03	1.014839e-03
6.527229e+03	1.013717e-03
6.533398e+03	1.012588e-03
6.539568e+03	1.011453e-03
6.545737e+03	1.010312e-03
6.551906e+03	1.009164e-03
6.558076e+03	1.008011e-03
6.564245e+03	1.006851e-03
6.570415e+03	1.005684e-03
6.576584e+03	1.004512e-03
6.582753e+03	1.003333e-03
6.588923e+03	1.002148e-03
6.595092e+03	1.000958e-03
6.601262e+03	9.997605e-04
6.607431e+03	9.985575e-04
6.613600e+03	9.973483e-04
6.619770e+03	9.961332e-04
6.625939e+03	9.949121e-04
6.632109e+03	9.936850e-04
6.638278e+03	9.924519e-04
6.644447e+03	9.912130e-04
6.650617e+03	9.899681e-04
6.656786e+03	9.887174e-04
6.662956e+03	9.874609e-04
6.669125e+03	9.861985e-04
6.675294e+03	9.849304e-04
6.681464e+03	9.836565e-04
6.687633e+03	9.823768e-04
6.693803e+03	9.810915e-04
6.699972e+03	9.798005e-04
6.706141e+03	9.785038e-04
6.712311e+03	9.772015e-04
6.718480e+03	9.758936e-04
6.724650e+03	9.745801e-04
6.730819e+03	9.732611e-04
6.736988e+03	9.719366e-04
6.743158e+03	9.706066e-04
6.749327e+03	9.692711e-04
6.755497e+03	9.679302e-04
6.761666e+03	9.665838e-04
6.767836e+03	9.652321e-04
6.774005e+03	9.638751e-04
6.780174e+03	9.625127e-04
6.786344e+03	9.611450e-04
6.792513e+03	9.597721e-04
6.798683e+03	9.583939e-04
6.804852e+03	9.570105e-04
6.811021e+03	9.556220e-04
6.817191e+03	9.542282e-04
6.823360e+03	9.528294e-04
6.829530e+03	9.514254e-04
6.835699e+03	9.500164e-04
6.841868e+03	9.486024e-04
6.848038e+03	9.471833e-04
6.854207e+03	9.457592e-04
6.860377e+03	9.443302e-04
6.866546e+03	9.428963e-04
6.872715e+03	9.414575e-04
6.878885e+03	9.400138e-04
6.885054e+03	9.385653e-04
6.891224e+03	9.371119e-04
6.897393e+03	9.356538e-04
6.903562e+03	9.341910e-04
6.909732e+03	9.327234e-04
6.915901e+03	9.312511e-04
6.922071e+03	9.297742e-04
6.928240e+03	9.282926e-04
6.934409e+03	9.268064e-04
6.940579e+03	9.253157e-04
6.946748e+03	9.238204e-04
6.952918e+03	9.223206e-04
6.959087e+03	9.208163e-04
6.965256e+03	9.193076e-04
6.971426e+03	9.177945e-04
6.977595e+03	9.162769e-04
6.983765e+03	9.147550e-04
6.989934e+03	9.132287e-04
6.996103e+03	9.116982e-04
7.002273e+03	9.101634e-04
7.008442e+03	9.086243e-04
7.014612e+03	9.070810e-04
7.020781e+03	9.055336e-04
7.026950e+03	9.039820e-04
7.033120e+03	9.024263e-04
7.039289e+03	9.008664e-04
7.045459e+03	8.993026e-04
7.051628e+03	8.977347e-04
7.057797e+03	8.961627e-04
7.063967e+03	8.945869e-04
7.070136e+03	8.930071e-04
7.076306e+03	8.914233e-04
7.082475e+03	8.898357e-04
7.088644e+03	8.882443e-04
7.094814e+03	8.866490e-04
7.100983e+03	8.850500e-04
7.107153e+03	8.834472e-04
7.113322e+03	8.818407e-04
7.119492e+03	8.802305e-04
7.125661e+03	8.786166e-04
7.131830e+03	8.769991e-04
7.138000e+03	8.753780e-04
7.144169e+03	8.737534e-04
7.150339e+03	8.721251e-04
7.156508e+03	8.704934e-04
7.162677e+03	8.688583e-04
7.168847e+03	8.672196e-04
7.175016e+03	8.655776e-04
7.181186e+03	8.639322e-04
7.187355e+03	8.622834e-04
7.193524e+03	8.606313e-04
7.199694e+03	8.589759e-04
7.205863e+03	8.573173e-04
7.212033e+03	8.556555e-04
7.218202e+03	8.539904e-04
7.224371e+03	8.523222e-04
7.230541e+03	8.506508e-04
7.236710e+03	8.489764e-04
7.242880e+03	8.472989e-04
7.249049e+03	8.456183e-04
7.255218e+03	8.439348e-04
7.261388e+03	8.422482e-04
7.267557e+03	8.405587e-04
7.273727e+03	8.388663e-04
7.279896e+03	8.371711e-04
7.286065e+03	8.354729e-04
7.292235e+03	8.337720e-04
7.298404e+03	8.320682e-04
7.304574e+03	8.303617e-04
7.310743e+03	8.286525e-04
7.316912e+03	8.269406e-04
7.323082e+03	8.252260e-04
7.329251e+03	8.235088e-04
7.335421e+03	8.217890e-04
7.341590e+03	8.200666e-04
7.347759e+03	8.183417e-04
7.353929e+03	8.166143e-04
7.360098e+03	8.148844e-04
7.366268e+03	8.131521e-04
7.372437e+03	8.114173e-04
7.378606e+03	8.096802e-04
7.384776e+03	8.079407e-04
7.390945e+03	8.061989e-04
7.397115e+03	8.044548e-04
7.403284e+03	8.027084e-04
7.409453e+03	8.009599e-04
7.415623e+03	7.992091e-04
7.421792e+03	7.974561e-04
7.427962e+03	7.957011e-04
7.434131e+03	7.939439e-04
7.440300e+03	7.921846e-04
7.446470e+03	7.904234e-04
7.452639e+03	7.886601e-04
7.458809e+03	7.868948e-04
7.464978e+03	7.851276e-04
7.471147e+03	7.833584e-04
7.477317e+03	7.815874e-04
7.483486e+03	7.798145e-04
7.489656e+03	7.780398e-04
7.495825e+03	7.762633e-04
7.501995e+03	7.744851e-04
7.508164e+03	7.727051e-04
7.514333e+03	7.709234e-04
7.520503e+03	7.691401e-04
7.526672e+03	7.673551e-04
7.532842e+03	7.655685e-04
7.539011e+03	7.637803e-04
7.545180e+03	7.619905e-04
7.551350e+03	7.601993e-04
7.557519e+03	7.584066e-04
7.563689e+03	7.566124e-04
7.569858e+03	7.548168e-04
7.576027e+03	7.530197e-04
7.582197e+03	7.512214e-04
7.588366e+03	7.494216e-04
7.594536e+03	7.476206e-04
7.600705e+03	7.458183e-04
7.606874e+03	7.440148e-04
7.613044e+03	7.422100e-04
7.619213e+03	7.404041e-04
7.625383e+03	7.385970e-04
7.631552e+03	7.367888e-04
7.637721e+03	7.349795e-04
7.643891e+03	7.331691e-04
7.650060e+03	7.313577e-04
7.656230e+03	7.295453e-04
7.662399e+03	7.277319e-04
7.668568e+03	7.259175e-04
7.674738e+03	7.241023e-04
7.680907e+03	7.222861e-04
7.687077e+03	7.204691e-04
7.693246e+03	7.186513e-04
7.699415e+03	7.168327e-04
7.705585e+03	7.150133e-04
7.711754e+03	7.131931e-04
7.717924e+03	7.113723e-04
7.724093e+03	7.095508e-04
7.730262e+03	7.077286e-04
7.736432e+03	7.059058e-04
7.742601e+03	7.040824e-04
7.748771e+03	7.022584e-04
7.754940e+03	7.004339e-04
7.761109e+03	6.986089e-04
7.767279e+03	6.967834e-04
7.773448e+03	6.949574e-04
7.779618e+03	6.931311e-04
7.785787e+03	6.913043e-04
7.791956e+03	6.894772e-04
7.798126e+03	6.876497e-04
7.804295e+03	6.858220e-04
7.810465e+03	6.839939e-04
7.816634e+03	6.821656e-04
7.822803e+03	6.803371e-04
7.828973e+03	6.785084e-04
7.835142e+03	6.766795e-04
7.841312e+03	6.748504e-04
7.847481e+03	6.730213e-04
7.853651e+03	6.711921e-04
7.859820e+03	6.693628e-04
7.865989e+03	6.675335e-04
7.872159e+03	6.657041e-04
7.878328e+03	6.638748e-04
7.884498e+03	6.620456e-04
7.890667e+03	6.602164e-04
7.896836e+03	6.583874e-04
7.903006e+03	6.565585e-04
7.909175e+03	6.547297e-04
7.915345e+03	6.529012e-04
7.921514e+03	6.510728e-04
7.927683e+03	6.492447e-04
7.933853e+03	6.474169e-04
7.940022e+03	6.455893e-04
7.946192e+03	6.437621e-04
7.952361e+03	6.419352e-04
7.958530e+03	6.401087e-04
7.964700e+03	6.382826e-04
7.970869e+03	6.364570e-04
7.977039e+03	6.346318e-04
7.983208e+03	6.328070e-04
7.989377e+03	6.309828e-04
7.995547e+03	6.291591e-04
8.001716e+03	6.273360e-04
8.007886e+03	6.255134e-04
8.014055e+03	6.236915e-04
8.020224e+03	6.218702e-04
8.026394e+03	6.200495e-04
8.032563e+03	6.182296e-04
8.038733e+03	6.164103e-04
8.044902e+03	6.145918e-04
8.051071e+03	6.127741e-04
8.057241e+03	6.109571e-04
8.063410e+03	6.091409e-04
8.069580e+03	6.073256e-04
8.075749e+03	6.055112e-04
8.081918e+03	6.036976e-04
8.088088e+03	6.018849e-04
8.094257e+03	6.000732e-04
8.100427e+03	5.982624e-04
8.106596e+03	5.964526e-04
8.112765e+03	5.946439e-04
8.118935e+03	5.928361e-04
8.125104e+03	5.910294e-04
8.131274e+03	5.892238e-04
8.137443e+03	5.874193e-04
8.143612e+03	5.856159e-04
8.149782e+03	5.838137e-04
8.155951e+03	5.820126e-04
8.162121e+03	5.802128e-04
8.168290e+03	5.784141e-04
8.174459e+03	5.766167e-04
8.180629e+03	5.748206e-04
8.186798e+03	5.730258e-04
8.192968e+03	5.712322e-04
8.199137e+03	5.694400e-04
8.205306e+03	5.676492e-04
8.211476e+03	5.658598e-04
8.217645e+03	5.640717e-04
8.223815e+03	5.622851e-04
8.229984e+03	5.604999e-04
8.236154e+03	5.587162e-04
8.242323e+03	5.569340e-04
8.248492e+03	5.551533e-04
8.254662e+03	5.533741e-04
8.260831e+03	5.515965e-04
8.267001e+03	5.498205e-04
8.273170e+03	5.480461e-04
8.279339e+03	5.462733e-04
8.285509e+03	5.445021e-04
8.291678e+03	5.427326e-04
8.297848e+03	5.409648e-04
8.304017e+03	5.391987e-04
8.310186e+03	5.374344e-04
8.316356e+03	5.356717e-04
8.322525e+03	5.339109e-04
8.328695e+03	5.321518e-04
8.334864e+03	5.303946e-04
8.341033e+03	5.286392e-04
8.347203e+03	5.268856e-04
8.353372e+03	5.251339e-04
8.359542e+03	5.233841e-04
8.365711e+03	5.216362e-04
8.371880e+03	5.198902e-04
8.378050e+03	5.181462e-04
8.384219e+03	5.164042e-04
8.390389e+03	5.146641e-04
8.396558e+03	5.129261e-04
8.402727e+03	5.111901e-04
8.408897e+03	5.094561e-04
8.415066e+03	5.077242e-04
8.421236e+03	5.059944e-04
8.427405e+03	5.042667e-04
8.433574e+03	5.025412e-04
8.439744e+03	5.008177e-04
8.445913e+03	4.990964e-04
8.452083e+03	4.973773e-04
8.458252e+03	4.956605e-04
8.464421e+03	4.939458e-04
8.470591e+03	4.922333e-04
8.476760e+03	4.905231e-04
8.482930e+03	4.888152e-04
8.489099e+03	4.871096e-04
8.495268e+03	4.854062e-04
8.501438e+03	4.837052e-04
8.507607e+03	4.820065e-04
8.513777e+03	4.803102e-04
8.519946e+03	4.786163e-04
8.526115e+03	4.769247e-04
8.532285e+03	4.752356e-04
8.538454e+03	4.735489e-04
8.544624e+03	4.718646e-04
8.550793e+03	4.701828e-04
8.556962e+03	4.685034e-04
8.563132e+03	4.668266e-04
8.569301e+03	4.651522e-04
8.575471e+03	4.634804e-04
8.581640e+03	4.618111e-04
8.587810e+03	4.601444e-04
8.593979e+03	4.584802e-04
8.600148e+03	4.568187e-04
8.606318e+03	4.551597e-04
8.612487e+03	4.535033e-04
8.618657e+03	4.518496e-04
8.624826e+03	4.501985e-04
8.630995e+03	4.485501e-04
8.637165e+03	4.469044e-04
8.643334e+03	4.452614e-04
8.649504e+03	4.436210e-04
8.655673e+03	4.419834e-04
8.661842e+03	4.403486e-04
8.668012e+03	4.387165e-04
8.674181e+03	4.370871e-04
8.680351e+03	4.354605e-04
8.686520e+03	4.338368e-04
8.692689e+03	4.322158e-04
8.698859e+03	4.305976e-04
8.705028e+03	4.289823e-04
8.711198e+03	4.273699e-04
8.717367e+03	4.257603e-04
8.723536e+03	4.241535e-04
8.729706e+03	4.225497e-04
8.735875e+03	4.209488e-04
8.742045e+03	4.193507e-04
8.748214e+03	4.177557e-04
8.754383e+03	4.161635e-04
8.760553e+03	4.145743e-04
8.766722e+03	4.129881e-04
8.772892e+03	4.114048e-04
8.779061e+03	4.098246e-04
8.785230e+03	4.082473e-04
8.791400e+03	4.066731e-04
8.797569e+03	4.051018e-04
8.803739e+03	4.035337e-04
8.809908e+03	4.019685e-04
8.816077e+03	4.004065e-04
8.822247e+03	3.988475e-04
8.828416e+03	3.972916e-04
8.834586e+03	3.957388e-04
8.840755e+03	3.941891e-04
8.846924e+03	3.926425e-04
8.853094e+03	3.910990e-04
8.859263e+03	3.895587e-04
8.865433e+03	3.880216e-04
8.871602e+03	3.864876e-04
8.877771e+03	3.849567e-04
8.883941e+03	3.834291e-04
8.890110e+03	3.819046e-04
8.896280e+03	3.803834e-04
8.902449e+03	3.788653e-04
8.908618e+03	3.773505e-04
8.914788e+03	3.758390e-04
8.920957e+03	3.743306e-04
8.927127e+03	3.728255e-04
8.933296e+03	3.713237e-04
8.939465e+03	3.698252e-04
8.945635e+03	3.683299e-04
8.951804e+03	3.668379e-04
8.957974e+03	3.653492e-04
8.964143e+03	3.638639e-04
8.970313e+03	3.623818e-04
8.976482e+03	3.609031e-04
8.982651e+03	3.594277e-04
8.988821e+03	3.579556e-04
8.994990e+03	3.564869e-04
9.001160e+03	3.550216e-04
9.007329e+03	3.535596e-04
9.013498e+03	3.521010e-04
9.019668e+03	3.506458e-04
9.025837e+03	3.491939e-04
9.032007e+03	3.477455e-04
9.038176e+03	3.463005e-04
9.044345e+03	3.448589e-04
9.050515e+03	3.434207e-04
9.056684e+03	3.419859e-04
9.062854e+03	3.405546e-04
9.069023e+03	3.391267e-04
9.075192e+03	3.377023e-04
9.081362e+03	3.362813e-04
9.087531e+03	3.348638e-04
9.093701e+03	3.334498e-04
9.099870e+03	3.320392e-04
9.106039e+03	3.306321e-04
9.112209e+03	3.292285e-04
9.118378e+03	3.278284e-04
9.124548e+03	3.264318e-04
9.130717e+03	3.250387e-04
9.136886e+03	3.236492e-04
9.143056e+03	3.222631e-04
9.149225e+03	3.208806e-04
9.155395e+03	3.195016e-04
9.161564e+03	3.181261e-04
9.167733e+03	3.167542e-04
9.173903e+03	3.153858e-04
9.180072e+03	3.140210e-04
9.186242e+03	3.126598e-04
9.192411e+03	3.113020e-04
9.198580e+03	3.099479e-04
9.204750e+03	3.085974e-04
9.210919e+03	3.072504e-04
9.217089e+03	3.059070e-04
9.223258e+03	3.045671e-04
9.229427e+03	3.032309e-04
9.235597e+03	3.018983e-04
9.241766e+03	3.005692e-04
9.247936e+03	2.992438e-04
9.254105e+03	2.979220e-04
9.260274e+03	2.966038e-04
9.266444e+03	2.952892e-04
9.272613e+03	2.939782e-04
9.278783e+03	2.926708e-04
9.284952e+03	2.913671e-04
9.291121e+03	2.900670e-04
9.297291e+03	2.887705e-04
9.303460e+03	2.874777e-04
9.309630e+03	2.861885e-04
9.315799e+03	2.849029e-04
9.321969e+03	2.836210e-04
9.328138e+03	2.823427e-04
9.334307e+03	2.810681e-04
9.340477e+03	2.797971e-04
9.346646e+03	2.785298e-04
9.352816e+03	2.772661e-04
9.358985e+03	2.760061e-04
9.365154e+03	2.747498e-04
9.371324e+03	2.734971e-04
9.377493e+03	2.722481e-04
9.383663e+03	2.710028e-04
9.389832e+03	2.697611e-04
9.396001e+03	2.685231e-04
9.402171e+03	2.672888e-04
9.408340e+03	2.660582e-04
9.414510e+03	2.648312e-04
9.420679e+03	2.636079e-04
9.426848e+03	2.623883e-04
9.433018e+03	2.611723e-04
9.439187e+03	2.599601e-04
9.445357e+03	2.587515e-04
9.451526e+03	2.575466e-04
9.457695e+03	2.563454e-04
9.463865e+03	2.551479e-04
9.470034e+03	2.539541e-04
9.476204e+03	2.527639e-04
9.482373e+03	2.515775e-04
9.488542e+03	2.503947e-04
9.494712e+03	2.492156e-04
9.500881e+03	2.480403e-04
9.507051e+03	2.468686e-04
9.513220e+03	2.457005e-04
9.519389e+03	2.445362e-04
9.525559e+03	2.433756e-04
9.531728e+03	2.422186e-04
9.537898e+03	2.410654e-04
9.544067e+03	2.399158e-04
9.550236e+03	2.387699e-04
9.556406e+03	2.376277e-04
9.562575e+03	2.364892e-04
9.568745e+03	2.353544e-04
9.574914e+03	2.342233e-04
9.581083e+03	2.330958e-04
9.587253e+03	2.319721e-04
9.593422e+03	2.308520e-04
9.599592e+03	2.297356e-04
9.605761e+03	2.286229e-04
9.611930e+03	2.275139e-04
9.618100e+03	2.264085e-04
9.624269e+03	2.253068e-04
9.630439e+03	2.242088e-04
9.636608e+03	2.231145e-04
9.642777e+03	2.220238e-04
9.648947e+03	2.209369e-04
9.655116e+03	2.198535e-04
9.661286e+03	2.187739e-04
9.667455e+03	2.176979e-04
9.673625e+03	2.166256e-04
9.679794e+03	2.155570e-04
9.685963e+03	2.144920e-04
9.692133e+03	2.134306e-04
9.698302e+03	2.123730e-04
9.704472e+03	2.113189e-04
9.710641e+03	2.102686e-04
9.716810e+03	2.092218e-04
9.722980e+03	2.081788e-04
9.729149e+03	2.071393e-04
9.735319e+03	2.061035e-04
9.741488e+03	2.050714e-04
9.747657e+03	2.040429e-04
9.753827e+03	2.030180e-04
9.759996e+03	2.019968e-04
9.766166e+03	2.009791e-04
9.772335e+03	1.999651e-04
9.778504e+03	1.989547e-04
9.784674e+03	1.979480e-04
9.790843e+03	1.969448e-04
9.797013e+03	1.959453e-04
9.803182e+03	1.949494e-04
9.809351e+03	1.939571e-04
9.815521e+03	1.929683e-04
9.821690e+03	1.919832e-04
9.827860e+03	1.910017e-04
9.834029e+03	1.900238e-04
9.840198e+03	1.890494e-04
9.846368e+03	1.880786e-04
9.852537e+03	1.871115e-04
9.858707e+03	1.861478e-04
9.864876e+03	1.851878e-04
9.871045e+03	1.842313e-04
9.877215e+03	1.832784e-04
9.883384e+03	1.823291e-04
9.889554e+03	1.813833e-04
9.895723e+03	1.804410e-04
9.901892e+03	1.795023e-04
9.908062e+03	1.785672e-04
9.914231e+03	1.776355e-04
9.920401e+03	1.767075e-04
9.926570e+03	1.757829e-04
9.932739e+03	1.748619e-04
9.938909e+03	1.739443e-04
9.945078e+03	1.730303e-04
9.951248e+03	1.721198e-04
9.957417e+03	1.712129e-04
9.963586e+03	1.703094e-04
9.969756e+03	1.694094e-04
9.975925e+03	1.685129e-04
9.982095e+03	1.676199e-04
9.988264e+03	1.667303e-04
9.994433e+03	1.658443e-04
1.000060e+04	1.649617e-04
1.000677e+04	1.640825e-04
1.001294e+04	1.632069e-04
1.001911e+04	1.623346e-04
1.002528e+04	1.614659e-04
1.003145e+04	1.606005e-04
1.003762e+04	1.597387e-04
1.004379e+04	1.588802e-04
1.004996e+04	1.580252e-04
1.005613e+04	1.571736e-04
1.006230e+04	1.563254e-04
1.006847e+04	1.554806e-04
1.007464e+04	1.546392e-04
1.008081e+04	1.538012e-04
1.008697e+04	1.529666e-04
1.009314e+04	1.521354e-04
1.009931e+04	1.513076e-04
1.010548e+04	1.504831e-04
1.011165e+04	1.496620e-04
1.011782e+04	1.488443e-04
1.012399e+04	1.480300e-04
1.013016e+04	1.472189e-04
1.013633e+04	1.464113e-04
1.014250e+04	1.456069e-04
1.014867e+04	1.448059e-04
1.015484e+04	1.440082e-04
1.016101e+04	1.432139e-04
1.016718e+04	1.424228e-04
1.017335e+04	1.416351e-04
1.017952e+04	1.408506e-04
1.018568e+04	1.400695e-04
1.019185e+04	1.392916e-04
1.019802e+04	1.385170e-04
1.020419e+04	1.377457e-04
1.021036e+04	1.369777e-04
1.021653e+04	1.362129e-04
1.022270e+04	1.354513e-04
1.022887e+04	1.346930e-04
1.023504e+04	1.339380e-04
1.024121e+04	1.331862e-04
1.024738e+04	1.324376e-04
1.025355e+04	1.316922e-04
1.025972e+04	1.309500e-04
1.026589e+04	1.302110e-04
1.027206e+04	1.294753e-04
1.027823e+04	1.287427e-04
1.028440e+04	1.280133e-04
1.029056e+04	1.272871e-04
1.029673e+04	1.265640e-04
1.030290e+04	1.258442e-04
1.030907e+04	1.251274e-04
1.031524e+04	1.244138e-04
1.032141e+04	1.237034e-04
1.032758e+04	1.229961e-04
1.033375e+04	1.222919e-04
1.033992e+04	1.215908e-04
1.034609e+04	1.208929e-04
1.035226e+04	1.201980e-04
1.035843e+04	1.195063e-04
1.036460e+04	1.188176e-04
1.037077e+04	1.181320e-04
1.037694e+04	1.174495e-04
1.038311e+04	1.167701e-04
1.038928e+04	1.160937e-04
1.039544e+04	1.154203e-04
1.040161e+04	1.147500e-04
1.040778e+04	1.140828e-04
1.041395e+04	1.134185e-04
1.042012e+04	1.127573e-04
1.042629e+04	1.120991e-04
1.043246e+04	1.114439e-04
1.043863e+04	1.107917e-04
1.044480e+04	1.101425e-04
1.045097e+04	1.094963e-04
1.045714e+04	1.088530e-04
1.046331e+04	1.082128e-04
1.046948e+04	1.075754e-04
1.047565e+04	1.069411e-04
1.048182e+04	1.063096e-04
1.048799e+04	1.056811e-04
1.049416e+04	1.050555e-04
1.050032e+04	1.044329e-04
1.050649e+04	1.038131e-04
1.051266e+04	1.031963e-04
1.051883e+04	1.025823e-04
1.052500e+04	1.019713e-04
1.053117e+04	1.013631e-04
1.053734e+04	1.007578e-04
1.054351e+04	1.001553e-04
1.054968e+04	9.955574e-05
1.055585e+04	9.895899e-05
1.056202e+04	9.836508e-05
1.056819e+04	9.777399e-05
1.057436e+04	9.718573e-05
1.058053e+04	9.660029e-05
1.058670e+04	9.601764e-05
1.059287e+04	9.543780e-05
1.059904e+04	9.486074e-05
1.060520e+04	9.428647e-05
1.061137e+04	9.371496e-05
1.061754e+04	9.314623e-05
1.062371e+04	9.258024e-05
1.062988e+04	9.201701e-05
1.063605e+04	9.145651e-05
1.064222e+04	9.089875e-05
1.064839e+04	9.034371e-05
1.065456e+04	8.979138e-05
1.066073e+04	8.924176e-05
1.066690e+04	8.869484e-05
1.067307e+04	8.815061e-05
1.067924e+04	8.760906e-05
1.068541e+04	8.707018e-05
1.069158e+04	8.653396e-05
1.069775e+04	8.600041e-05
1.070391e+04	8.546950e-05
1.071008e+04	8.494123e-05
1.071625e+04	8.441559e-05
1.072242e+04	8.389257e-05
1.072859e+04	8.337217e-05
1.073476e+04	8.285437e-05
1.074093e+04	8.233917e-05
1.074710e+04	8.182656e-05
1.075327e+04	8.131653e-05
1.075944e+04	8.080907e-05
1.076561e+04	8.030417e-05
1.077178e+04	7.980183e-05
1.077795e+04	7.930204e-05
1.078412e+04	7.880478e-05
1.079029e+04	7.831006e-05
1.079646e+04	7.781785e-05
1.080263e+04	7.732816e-05
1.080879e+04	7.684097e-05
1.081496e+04	7.635628e-05
1.082113e+04	7.587408e-05
1.082730e+04	7.539435e-05
1.083347e+04	7.491709e-05
1.083964e+04	7.444230e-05
1.084581e+04	7.396996e-05
1.085198e+04	7.350006e-05
1.085815e+04	7.303261e-05
1.086432e+04	7.256757e-05
1.087049e+04	7.210496e-05
1.087666e+04	7.164476e-05
1.088283e+04	7.118696e-05
1.088900e+04	7.073156e-05
1.089517e+04	7.027854e-05
1.090134e+04	6.982790e-05
1.090751e+04	6.937962e-05
1.091367e+04	6.893371e-05
1.091984e+04	6.849014e-05
1.092601e+04	6.804892e-05
1.093218e+04	6.761004e-05
1.093835e+04	6.717348e-05
1.094452e+04	6.673924e-05
1.095069e+04	6.630730e-05
1.095686e+04	6.587767e-05
1.096303e+04	6.545033e-05
1.096920e+04	6.502528e-05
1.097537e+04	6.460249e-05
1.098154e+04	6.418198e-05
1.098771e+04	6.376372e-05
1.099388e+04	6.334771e-05
1.100005e+04	6.293395e-05
1.100622e+04	6.252242e-05
1.101239e+04	6.211311e-05
1.101855e+04	6.170602e-05
1.102472e+04	6.130113e-05
1.103089e+04	6.089844e-05
1.103706e+04	6.049795e-05
1.104323e+04	6.009964e-05
1.104940e+04	5.970350e-05
1.105557e+04	5.930953e-05
1.106174e+04	5.891771e-05
1.106791e+04	5.852804e-05
1.107408e+04	5.814051e-05
1.108025e+04	5.775512e-05
1.108642e+04	5.737185e-05
1.109259e+04	5.699069e-05
1.109876e+04	5.661164e-05
1.110493e+04	5.623469e-05
1.111110e+04	5.585983e-05
1.111726e+04	5.548705e-05
1.112343e+04	5.511635e-05
1.112960e+04	5.474771e-05
1.113577e+04	5.438113e-05
1.114194e+04	5.401660e-05
1.114811e+04	5.365410e-05
1.115428e+04	5.329364e-05
1.116045e+04	5.293520e-05
1.116662e+04	5.257878e-05
1.117279e+04	5.222437e-05
1.117896e+04	5.187196e-05
1.118513e+04	5.152153e-05
1.119130e+04	5.117309e-05
1.119747e+04	5.082663e-05
1.120364e+04	5.048213e-05
1.120981e+04	5.013959e-05
1.121598e+04	4.979900e-05
1.122214e+04	4.946035e-05
1.122831e+04	4.912363e-05
1.123448e+04	4.878884e-05
1.124065e+04	4.845597e-05
1.124682e+04	4.812501e-05
1.125299e+04	4.779595e-05
1.125916e+04	4.746878e-05
1.126533e+04	4.714350e-05
1.127150e+04	4.682010e-05
1.127767e+04	4.649856e-05
1.128384e+04	4.617889e-05
1.129001e+04	4.586107e-05
1.129618e+04	4.554509e-05
1.130235e+04	4.523095e-05
1.130852e+04	4.491864e-05
1.131469e+04	4.460815e-05
1.132086e+04	4.429948e-05
1.132702e+04	4.399261e-05
1.133319e+04	4.368754e-05
1.133936e+04	4.338426e-05
1.134553e+04	4.308276e-05
1.135170e+04	4.278303e-05
1.135787e+04	4.248507e-05
1.136404e+04	4.218887e-05
1.137021e+04	4.189442e-05
1.137638e+04	4.160171e-05
1.138255e+04	4.131073e-05
1.138872e+04	4.102148e-05
1.139489e+04	4.073396e-05
1.140106e+04	4.044814e-05
1.140723e+04	4.016403e-05
1.141340e+04	3.988161e-05
1.141957e+04	3.960088e-05
1.142574e+04	3.932183e-05
1.143190e+04	3.904446e-05
1.143807e+04	3.876875e-05
1.144424e+04	3.849469e-05
1.145041e+04	3.822229e-05
1.145658e+04	3.795153e-05
1.146275e+04	3.768241e-05
1.146892e+04	3.741491e-05
1.147509e+04	3.714903e-05
1.148126e+04	3.688477e-05
1.148743e+04	3.662211e-05
1.149360e+04	3.636105e-05
1.149977e+04	3.610157e-05
1.150594e+04	3.584368e-05
1.151211e+04	3.558736e-05
1.151828e+04	3.533262e-05
1.152445e+04	3.507943e-05
1.153061e+04	3.482779e-05
1.153678e+04	3.457770e-05
1.154295e+04	3.432915e-05
1.154912e+04	3.408213e-05
1.155529e+04	3.383663e-05
1.156146e+04	3.359264e-05
1.156763e+04	3.335017e-05
1.157380e+04	3.310920e-05
1.157997e+04	3.286972e-05
1.158614e+04	3.263173e-05
1.159231e+04	3.239522e-05
1.159848e+04	3.216018e-05
1.160465e+04	3.192660e-05
1.161082e+04	3.169449e-05
1.161699e+04	3.146382e-05
1.162316e+04	3.123460e-05
1.162933e+04	3.100682e-05
1.163549e+04	3.078047e-05
1.164166e+04	3.055554e-05
1.164783e+04	3.033202e-05
1.165400e+04	3.010992e-05
1.166017e+04	2.988921e-05
1.166634e+04	2.966990e-05
1.167251e+04	2.945198e-05
1.167868e+04	2.923544e-05
1.168485e+04	2.902028e-05
1.169102e+04	2.880648e-05
1.169719e+04	2.859404e-05
1.170336e+04	2.838295e-05
1.170953e+04	2.817321e-05
1.171570e+04	2.796482e-05
1.172187e+04	2.775775e-05
1.172804e+04	2.755201e-05
1.173421e+04	2.734759e-05
1.174037e+04	2.714448e-05
1.174654e+04	2.694268e-05
1.175271e+04	2.674218e-05
1.175888e+04	2.654297e-05
1.176505e+04	2.634505e-05
1.177122e+04	2.614840e-05
1.177739e+04	2.595303e-05
1.178356e+04	2.575893e-05
1.178973e+04	2.556608e-05
1.179590e+04	2.537449e-05
1.180207e+04	2.518414e-05
1.180824e+04	2.499504e-05
1.181441e+04	2.480717e-05
1.182058e+04	2.462052e-05
1.182675e+04	2.443510e-05
1.183292e+04	2.425089e-05
1.183909e+04	2.406789e-05
1.184525e+04	2.388609e-05
1.185142e+04	2.370548e-05
1.185759e+04	2.352607e-05
1.186376e+04	2.334783e-05
1.186993e+04	2.317077e-05
1.187610e+04	2.299489e-05
1.188227e+04	2.282016e-05
1.188844e+04	2.264660e-05
1.189461e+04	2.247418e-05
1.190078e+04	2.230291e-05
1.190695e+04	2.213278e-05
1.191312e+04	2.196378e-05
1.191929e+04	2.179591e-05
1.192546e+04	2.162916e-05
1.193163e+04	2.146352e-05
1.193780e+04	2.129899e-05
1.194396e+04	2.113557e-05
1.195013e+04	2.097324e-05
1.195630e+04	2.081200e-05
1.196247e+04	2.065185e-05
1.196864e+04	2.049277e-05
1.197481e+04	2.033477e-05
1.198098e+04	2.017783e-05
1.198715e+04	2.002195e-05
1.199332e+04	1.986713e-05
1.199949e+04	1.971336e-05
1.200566e+04	1.956063e-05
1.201183e+04	1.940894e-05
1.201800e+04	1.925828e-05
1.202417e+04	1.910865e-05
1.203034e+04	1.896003e-05
1.203651e+04	1.881243e-05
1.204268e+04	1.866584e-05
1.204884e+04	1.852026e-05
1.205501e+04	1.837567e-05
1.206118e+04	1.823207e-05
1.206735e+04	1.808946e-05
1.207352e+04	1.794783e-05
1.207969e+04	1.780717e-05
1.208586e+04	1.766748e-05
1.209203e+04	1.752876e-05
1.209820e+04	1.739100e-05
1.210437e+04	1.725419e-05
1.211054e+04	1.711833e-05
1.211671e+04	1.698341e-05
1.212288e+04	1.684942e-05
1.212905e+04	1.671637e-05
1.213522e+04	1.658424e-05
1.214139e+04	1.645304e-05
1.214756e+04	1.632275e-05
1.215372e+04	1.619337e-05
1.215989e+04	1.606489e-05
1.216606e+04	1.593732e-05
1.217223e+04	1.581063e-05
1.217840e+04	1.568484e-05
1.218457e+04	1.555993e-05
1.219074e+04	1.543590e-05
1.219691e+04	1.531275e-05
1.220308e+04	1.519046e-05
1.220925e+04	1.506904e-05
1.221542e+04	1.494847e-05
1.222159e+04	1.482876e-05
1.222776e+04	1.470989e-05
1.223393e+04	1.459187e-05
1.224010e+04	1.447469e-05
1.224627e+04	1.435834e-05
1.225244e+04	1.424282e-05
1.225860e+04	1.412812e-05
1.226477e+04	1.401424e-05
1.227094e+04	1.390117e-05
1.227711e+04	1.378892e-05
1.228328e+04	1.367746e-05
1.228945e+04	1.356681e-05
1.229562e+04	1.345695e-05
1.230179e+04	1.334787e-05
1.230796e+04	1.323959e-05
1.231413e+04	1.313208e-05
1.232030e+04	1.302535e-05
1.232647e+04	1.291939e-05
1.233264e+04	1.281419e-05
1.233881e+04	1.270976e-05
1.234498e+04	1.260608e-05
1.235115e+04	1.250315e-05
1.235731e+04	1.240097e-05
1.236348e+04	1.229953e-05
1.236965e+04	1.219884e-05
1.237582e+04	1.209887e-05
1.238199e+04	1.199963e-05
1.238816e+04	1.190112e-05
1.239433e+04	1.180333e-05
1.240050e+04	1.170626e-05
1.240667e+04	1.160989e-05
1.241284e+04	1.151423e-05
1.241901e+04	1.141928e-05
1.242518e+04	1.132502e-05
1.243135e+04	1.123146e-05
1.243752e+04	1.113858e-05
1.244369e+04	1.104639e-05
1.244986e+04	1.095488e-05
1.245603e+04	1.086405e-05
1.246219e+04	1.077389e-05
1.246836e+04	1.068440e-05
1.247453e+04	1.059557e-05
1.248070e+04	1.050740e-05
1.248687e+04	1.041989e-05
1.249304e+04	1.033302e-05
1.249921e+04	1.024681e-05
1.250538e+04	1.016124e-05
1.251155e+04	1.007630e-05
1.251772e+04	9.992006e-06
1.252389e+04	9.908338e-06
1.253006e+04	9.825297e-06
1.253623e+04	9.742879e-06
1.254240e+04	9.661080e-06
1.254857e+04	9.579895e-06
1.255474e+04	9.499322e-06
1.256091e+04	9.419355e-06
1.256707e+04	9.339991e-06
1.257324e+04	9.261227e-06
1.257941e+04	9.183057e-06
1.258558e+04	9.105479e-06
1.259175e+04	9.028489e-06
1.259792e+04	8.952082e-06
1.260409e+04	8.876255e-06
1.261026e+04	8.801005e-06
1.261643e+04	8.726327e-06
1.262260e+04	8.652217e-06
1.262877e+04	8.578672e-06
1.263494e+04	8.505689e-06
1.264111e+04	8.433263e-06
1.264728e+04	8.361391e-06
1.265345e+04	8.290069e-06
1.265962e+04	8.219294e-06
1.266579e+04	8.149062e-06
1.267195e+04	8.079370e-06
1.267812e+04	8.010213e-06
1.268429e+04	7.941588e-06
1.269046e+04	7.873493e-06
1.269663e+04	7.805922e-06
1.270280e+04	7.738873e-06
1.270897e+04	7.672343e-06
1.271514e+04	7.606327e-06
1.272131e+04	7.540823e-06
1.272748e+04	7.475827e-06
1.273365e+04	7.411335e-06
1.273982e+04	7.347344e-06
1.274599e+04	7.283851e-06
1.275216e+04	7.220853e-06
1.275833e+04	7.158345e-06
1.276450e+04	7.096326e-06
1.277066e+04	7.034791e-06
1.277683e+04	6.973737e-06
1.278300e+04	6.913161e-06
1.278917e+04	6.853060e-06
1.279534e+04	6.793430e-06
1.280151e+04	6.734269e-06
1.280768e+04	6.675572e-06
1.281385e+04	6.617338e-06
1.282002e+04	6.559562e-06
1.282619e+04	6.502242e-06
1.283236e+04	6.445374e-06
1.283853e+04	6.388955e-06
1.284470e+04	6.332983e-06
1.285087e+04	6.277454e-06
1.285704e+04	6.222366e-06
1.286321e+04	6.167714e-06
1.286938e+04	6.113496e-06
1.287554e+04	6.059710e-06
1.288171e+04	6.006351e-06
1.288788e+04	5.953418e-06
1.289405e+04	5.900907e-06
1.290022e+04	5.848815e-06
1.290639e+04	5.797139e-06
1.291256e+04	5.745877e-06
1.291873e+04	5.695025e-06
1.292490e+04	5.644581e-06
1.293107e+04	5.594542e-06
1.293724e+04	5.544905e-06
1.294341e+04	5.495666e-06
1.294958e+04	5.446824e-06
1.295575e+04	5.398376e-06
1.296192e+04	5.350318e-06
1.296809e+04	5.302649e-06
1.297426e+04	5.255364e-06
1.298042e+04	5.208462e-06
1.298659e+04	5.161940e-06
1.299276e+04	5.115795e-06
1.299893e+04	5.070025e-06
1.300510e+04	5.024626e-06
1.301127e+04	4.979596e-06
1.301744e+04	4.934933e-06
1.302361e+04	4.890633e-06
1.302978e+04	4.846695e-06
1.303595e+04	4.803116e-06
1.304212e+04	4.759892e-06
1.304829e+04	4.717023e-06
1.305446e+04	4.674504e-06
1.306063e+04	4.632333e-06
1.306680e+04	4.590509e-06
1.307297e+04	4.549028e-06
1.307914e+04	4.507888e-06
1.308530e+04	4.467086e-06
1.309147e+04	4.426621e-06
1.309764e+04	4.386489e-06
1.310381e+04	4.346688e-06
1.310998e+04	4.307216e-06
1.311615e+04	4.268070e-06
1.312232e+04	4.229249e-06
1.312849e+04	4.190749e-06
1.313466e+04	4.152568e-06
1.314083e+04	4.114705e-06
1.314700e+04	4.077155e-06
1.315317e+04	4.039919e-06
1.315934e+04	4.002992e-06
1.316551e+04	3.966373e-06
1.317168e+04	3.930059e-06
1.317785e+04	3.894049e-06
1.318402e+04	3.858339e-06
1.319018e+04	3.822929e-06
1.319635e+04	3.787815e-06
1.320252e+04	3.752995e-06
1.320869e+04	3.718467e-06
1.321486e+04	3.684229e-06
1.322103e+04	3.650280e-06
1.322720e+04	3.616615e-06
1.323337e+04	3.583235e-06
1.323954e+04	3.550135e-06
1.324571e+04	3.517316e-06
1.325188e+04	3.484773e-06
1.325805e+04	3.452505e-06
1.326422e+04	3.420511e-06
1.327039e+04	3.388788e-06
1.327656e+04	3.357333e-06
1.328273e+04	3.326146e-06
1.328889e+04	3.295223e-06
1.329506e+04	3.264564e-06
1.330123e+04	3.234165e-06
1.330740e+04	3.204026e-06
1.331357e+04	3.174143e-06
1.331974e+04	3.144516e-06
1.332591e+04	3.115141e-06
1.333208e+04	3.086018e-06
1.333825e+04	3.057144e-06
1.334442e+04	3.028518e-06
1.335059e+04	3.000137e-06
1.335676e+04	2.972000e-06
1.336293e+04	2.944104e-06
1.336910e+04	2.916449e-06
1.337527e+04	2.889031e-06
1.338144e+04	2.861850e-06
1.338761e+04	2.834903e-06
1.339377e+04	2.808189e-06
1.339994e+04	2.781706e-06
1.340611e+04	2.755451e-06
1.341228e+04	2.729424e-06
1.341845e+04	2.703623e-06
1.342462e+04	2.678045e-06
1.343079e+04	2.652690e-06
1.343696e+04	2.627554e-06
1.344313e+04	2.602638e-06
1.344930e+04	2.577938e-06
1.345547e+04	2.553453e-06
1.346164e+04	2.529182e-06
1.346781e+04	2.505123e-06
1.347398e+04	2.481274e-06
1.348015e+04	2.457634e-06
1.348632e+04	2.434201e-06
1.349249e+04	2.410973e-06
1.349865e+04	2.387948e-06
1.350482e+04	2.365126e-06
1.351099e+04	2.342504e-06
1.351716e+04	2.320082e-06
1.352333e+04	2.297856e-06
1.352950e+04	2.275827e-06
1.353567e+04	2.253991e-06
1.354184e+04	2.232349e-06
1.354801e+04	2.210897e-06
1.355418e+04	2.189636e-06
1.356035e+04	2.168562e-06
1.356652e+04	2.147675e-06
1.357269e+04	2.126974e-06
1.357886e+04	2.106456e-06
1.358503e+04	2.086120e-06
1.359120e+04	2.065965e-06
1.359737e+04	2.045989e-06
1.360353e+04	2.026192e-06
1.360970e+04	2.006571e-06
1.361587e+04	1.987125e-06
1.362204e+04	1.967852e-06
1.362821e+04	1.948752e-06
1.363438e+04	1.929823e-06
1.364055e+04	1.911063e-06
1.364672e+04	1.892472e-06
1.365289e+04	1.874047e-06
1.365906e+04	1.855788e-06
1.366523e+04	1.837693e-06
1.367140e+04	1.819760e-06
1.367757e+04	1.801989e-06
1.368374e+04	1.784378e-06
1.368991e+04	1.766926e-06
1.369608e+04	1.749632e-06
1.370224e+04	1.732493e-06
1.370841e+04	1.715510e-06
1.371458e+04	1.698681e-06
1.372075e+04	1.682004e-06
1.372692e+04	1.665478e-06
1.373309e+04	1.649102e-06
1.373926e+04	1.632875e-06
1.374543e+04	1.616795e-06
1.375160e+04	1.600862e-06
1.375777e+04	1.585074e-06
1.376394e+04	1.569430e-06
1.377011e+04	1.553928e-06
1.377628e+04	1.538568e-06
1.378245e+04	1.523349e-06
1.378862e+04	1.508268e-06
1.379479e+04	1.493326e-06
1.380096e+04	1.478521e-06
1.380712e+04	1.463851e-06
1.381329e+04	1.449316e-06
1.381946e+04	1.434915e-06
1.382563e+04	1.420646e-06
1.383180e+04	1.406508e-06
1.383797e+04	1.392501e-06
1.384414e+04	1.378623e-06
1.385031e+04	1.364872e-06
1.385648e+04	1.351249e-06
1.386265e+04	1.337752e-06
1.386882e+04	1.324380e-06
1.387499e+04	1.311131e-06
1.388116e+04	1.298005e-06
1.388733e+04	1.285001e-06
1.389350e+04	1.272118e-06
1.389967e+04	1.259354e-06
1.390584e+04	1.246709e-06
1.391200e+04	1.234182e-06
1.391817e+04	1.221772e-06
1.392434e+04	1.209477e-06
1.393051e+04	1.197297e-06
1.393668e+04	1.185230e-06
1.394285e+04	1.173277e-06
1.394902e+04	1.161435e-06
1.395519e+04	1.149704e-06
1.396136e+04	1.138083e-06
1.396753e+04	1.126571e-06
1.397370e+04	1.115168e-06
1.397987e+04	1.103871e-06
1.398604e+04	1.092681e-06
1.399221e+04	1.081595e-06
1.399838e+04	1.070615e-06
1.400455e+04	1.059737e-06
1.401072e+04	1.048963e-06
1.401688e+04	1.038290e-06
1.402305e+04	1.027718e-06
1.402922e+04	1.017246e-06
1.403539e+04	1.006873e-06
1.404156e+04	9.965988e-07
1.404773e+04	9.864217e-07
1.405390e+04	9.763412e-07
1.406007e+04	9.663564e-07
1.406624e+04	9.564666e-07
1.407241e+04	9.466709e-07
1.407858e+04	9.369684e-07
1.408475e+04	9.273585e-07
1.409092e+04	9.178402e-07
1.409709e+04	9.084127e-07
1.410326e+04	8.990754e-07
1.410943e+04	8.898273e-07
1.411559e+04	8.806678e-07
1.412176e+04	8.715960e-07
1.412793e+04	8.626111e-07
1.413410e+04	8.537125e-07
1.414027e+04	8.448993e-07
1.414644e+04	8.361708e-07
1.415261e+04	8.275263e-07
1.415878e+04	8.189650e-07
1.416495e+04	8.104861e-07
1.417112e+04	8.020891e-07
1.417729e+04	7.937730e-07
1.418346e+04	7.855373e-07
1.418963e+04	7.773812e-07
1.419580e+04	7.693040e-07
1.420197e+04	7.613050e-07
1.420814e+04	7.533835e-07
1.421431e+04	7.455388e-07
1.422047e+04	7.377703e-07
1.422664e+04	7.300772e-07
1.423281e+04	7.224590e-07
1.423898e+04	7.149148e-07
1.424515e+04	7.074441e-07
1.425132e+04	7.000463e-07
1.425749e+04	6.927205e-07
1.426366e+04	6.854663e-07
1.426983e+04	6.782830e-07
1.427600e+04	6.711699e-07
1.428217e+04	6.641264e-07
1.428834e+04	6.571519e-07
1.429451e+04	6.502457e-07
1.430068e+04	6.434073e-07
1.430685e+04	6.366360e-07
1.431302e+04	6.299313e-07
1.431919e+04	6.232925e-07
1.432535e+04	6.167190e-07
1.433152e+04	6.102102e-07
1.433769e+04	6.037657e-07
1.434386e+04	5.973846e-07
1.435003e+04	5.910666e-07
1.435620e+04	5.848110e-07
1.436237e+04	5.786173e-07
1.436854e+04	5.724849e-07
1.437471e+04	5.664132e-07
1.438088e+04	5.604017e-07
1.438705e+04	5.544498e-07
1.439322e+04	5.485570e-07
1.439939e+04	5.427228e-07
1.440556e+04	5.369466e-07
1.441173e+04	5.312279e-07
1.441790e+04	5.255661e-07
1.442407e+04	5.199608e-07
1.443023e+04	5.144114e-07
1.443640e+04	5.089173e-07
1.444257e+04	5.034782e-07
1.444874e+04	4.980935e-07
1.445491e+04	4.927627e-07
1.446108e+04	4.874852e-07
1.446725e+04	4.822607e-07
1.447342e+04	4.770885e-07
1.447959e+04	4.719683e-07
1.448576e+04	4.668996e-07
1.449193e+04	4.618817e-07
1.449810e+04	4.569144e-07
1.450427e+04	4.519972e-07
1.451044e+04	4.471294e-07
1.451661e+04	4.423108e-07
1.452278e+04	4.375408e-07
1.452894e+04	4.328190e-07
1.453511e+04	4.281450e-07
1.454128e+04	4.235182e-07
1.454745e+04	4.189383e-07
1.455362e+04	4.144048e-07
1.455979e+04	4.099173e-07
1.456596e+04	4.054753e-07
1.457213e+04	4.010785e-07
1.457830e+04	3.967263e-07
1.458447e+04	3.924185e-07
1.459064e+04	3.881545e-07
1.459681e+04	3.839339e-07
1.460298e+04	3.797564e-07
1.460915e+04	3.756215e-07
1.461532e+04	3.715288e-07
1.462149e+04	3.674780e-07
1.462766e+04	3.634686e-07
1.463382e+04	3.595003e-07
1.463999e+04	3.555726e-07
1.464616e+04	3.516851e-07
1.465233e+04	3.478376e-07
1.465850e+04	3.440296e-07
1.466467e+04	3.402607e-07
1.467084e+04	3.365305e-07
1.467701e+04	3.328388e-07
1.468318e+04	3.291851e-07
1.468935e+04	3.255690e-07
1.469552e+04	3.219903e-07
1.470169e+04	3.184485e-07
1.470786e+04	3.149433e-07
1.471403e+04	3.114743e-07
1.472020e+04	3.080412e-07
1.472637e+04	3.046437e-07
1.473254e+04	3.012814e-07
1.473870e+04	2.979539e-07
1.474487e+04	2.946610e-07
1.475104e+04	2.914023e-07
1.475721e+04	2.881775e-07
1.476338e+04	2.849862e-07
1.476955e+04	2.818281e-07
1.477572e+04	2.787030e-07
1.478189e+04	2.756104e-07
1.478806e+04	2.725501e-07
1.479423e+04	2.695218e-07
1.480040e+04	2.665251e-07
1.480657e+04	2.635597e-07
1.481274e+04	2.606254e-07
1.481891e+04	2.577218e-07
1.482508e+04	2.548486e-07
1.483125e+04	2.520056e-07
1.483742e+04	2.491924e-07
1.484358e+04	2.464088e-07
1.484975e+04	2.436544e-07
1.485592e+04	2.409290e-07
1.486209e+04	2.382323e-07
1.486826e+04	2.355640e-07
1.487443e+04	2.329239e-07
1.488060e+04	2.303116e-07
1.488677e+04	2.277269e-07
1.489294e+04	2.251695e-07
1.489911e+04	2.226392e-07
1.490528e+04	2.201357e-07
1.491145e+04	2.176586e-07
1.491762e+04	2.152078e-07
1.492379e+04	2.127831e-07
1.492996e+04	2.103840e-07
1.493613e+04	2.080105e-07
1.494229e+04	2.056621e-07
1.494846e+04	2.033388e-07
1.495463e+04	2.010402e-07
1.496080e+04	1.987661e-07
1.496697e+04	1.965162e-07
1.497314e+04	1.942903e-07
1.497931e+04	1.920883e-07
1.498548e+04	1.899097e-07
1.499165e+04	1.877544e-07
1.499782e+04	1.856222e-07
1.500399e+04	1.835129e-07
1.501016e+04	1.814261e-07
1.501633e+04	1.793618e-07
1.502250e+04	1.773195e-07
1.502867e+04	1.752993e-07
1.503484e+04	1.733007e-07
1.504101e+04	1.713236e-07
1.504717e+04	1.693678e-07
1.505334e+04	1.674331e-07
1.505951e+04	1.655193e-07
1.506568e+04	1.636261e-07
1.507185e+04	1.617533e-07
1.507802e+04	1.599008e-07
1.508419e+04	1.580683e-07
1.509036e+04	1.562556e-07
1.509653e+04	1.544625e-07
1.510270e+04	1.526889e-07
1.510887e+04	1.509345e-07
1.511504e+04	1.491991e-07
1.512121e+04	1.474826e-07
1.512738e+04	1.457848e-07
1.513355e+04	1.441054e-07
1.513972e+04	1.424443e-07
1.514589e+04	1.408012e-07
1.515205e+04	1.391761e-07
1.515822e+04	1.375687e-07
1.516439e+04	1.359789e-07
1.517056e+04	1.344064e-07
1.517673e+04	1.328511e-07
1.518290e+04	1.313128e-07
1.518907e+04	1.297913e-07
1.519524e+04	1.282865e-07
1.520141e+04	1.267982e-07
1.520758e+04	1.253262e-07
1.521375e+04	1.238704e-07
1.521992e+04	1.224306e-07
1.522609e+04	1.210066e-07
1.523226e+04	1.195983e-07
1.523843e+04	1.182054e-07
1.524460e+04	1.168279e-07
1.525077e+04	1.154656e-07
1.525693e+04	1.141184e-07
1.526310e+04	1.127859e-07
1.526927e+04	1.114683e-07
1.527544e+04	1.101651e-07
1.528161e+04	1.088764e-07
1.528778e+04	1.076020e-07
1.529395e+04	1.063417e-07
1.530012e+04	1.050954e-07
1.530629e+04	1.038628e-07
1.531246e+04	1.026440e-07
1.531863e+04	1.014387e-07
1.532480e+04	1.002468e-07
1.533097e+04	9.906819e-08
1.533714e+04	9.790268e-08
1.534331e+04	9.675015e-08
1.534948e+04	9.561048e-08
1.535565e+04	9.448352e-08
1.536181e+04	9.336914e-08
1.536798e+04	9.226721e-08
1.537415e+04	9.117760e-08
1.538032e+04	9.010019e-08
1.538649e+04	8.903483e-08
1.539266e+04	8.798141e-08
1.539883e+04	8.693981e-08
1.540500e+04	8.590988e-08
1.541117e+04	8.489152e-08
1.541734e+04	8.388461e-08
1.542351e+04	8.288901e-08
1.542968e+04	8.190461e-08
1.543585e+04	8.093130e-08
1.544202e+04	7.996895e-08
1.544819e+04	7.901745e-08
1.545436e+04	7.807669e-08
1.546052e+04	7.714655e-08
1.546669e+04	7.622691e-08
1.547286e+04	7.531767e-08
1.547903e+04	7.441872e-08
1.548520e+04	7.352995e-08
1.549137e+04	7.265124e-08
1.549754e+04	7.178250e-08
1.550371e+04	7.092361e-08
1.550988e+04	7.007447e-08
1.551605e+04	6.923498e-08
1.552222e+04	6.840503e-08
1.552839e+04	6.758452e-08
1.553456e+04	6.677335e-08
1.554073e+04	6.597143e-08
1.554690e+04	6.517864e-08
1.555307e+04	6.439490e-08
1.555924e+04	6.362010e-08
1.556540e+04	6.285415e-08
1.557157e+04	6.209696e-08
1.557774e+04	6.134843e-08
1.558391e+04	6.060847e-08
1.559008e+04	5.987698e-08
1.559625e+04	5.915388e-08
1.560242e+04	5.843907e-08
1.560859e+04	5.773246e-08
1.561476e+04	5.703397e-08
1.562093e+04	5.634351e-08
1.562710e+04	5.566098e-08
1.563327e+04	5.498632e-08
1.563944e+04	5.431942e-08
1.564561e+04	5.366020e-08
1.565178e+04	5.300859e-08
1.565795e+04	5.236450e-08
1.566412e+04	5.172785e-08
1.567028e+04	5.109855e-08
1.567645e+04	5.047653e-08
1.568262e+04	4.986170e-08
1.568879e+04	4.925400e-08
1.569496e+04	4.865333e-08
1.570113e+04	4.805963e-08
1.570730e+04	4.747282e-08
1.571347e+04	4.689282e-08
1.571964e+04	4.631956e-08
1.572581e+04	4.575297e-08
1.573198e+04	4.519296e-08
1.573815e+04	4.463947e-08
1.574432e+04	4.409244e-08
1.575049e+04	4.355177e-08
1.575666e+04	4.301742e-08
1.576283e+04	4.248930e-08
1.576900e+04	4.196735e-08
1.577516e+04	4.145150e-08
1.578133e+04	4.094168e-08
1.578750e+04	4.043783e-08
1.579367e+04	3.993988e-08
1.579984e+04	3.944777e-08
1.580601e+04	3.896142e-08
1.581218e+04	3.848079e-08
1.581835e+04	3.800579e-08
1.582452e+04	3.753638e-08
1.583069e+04	3.707249e-08
1.583686e+04	3.661405e-08
1.584303e+04	3.616102e-08
1.584920e+04	3.571332e-08
1.585537e+04	3.527089e-08
1.586154e+04	3.483369e-08
1.586771e+04	3.440165e-08
1.587387e+04	3.397471e-08
1.588004e+04	3.355282e-08
1.588621e+04	3.313591e-08
1.589238e+04	3.272395e-08
1.589855e+04	3.231686e-08
1.590472e+04	3.191459e-08
1.591089e+04	3.151710e-08
1.591706e+04	3.112432e-08
1.592323e+04	3.073621e-08
1.592940e+04	3.035271e-08
1.593557e+04	2.997376e-08
1.594174e+04	2.959933e-08
1.594791e+04	2.922936e-08
1.595408e+04	2.886379e-08
1.596025e+04	2.850258e-08
1.596642e+04	2.814568e-08
1.597259e+04	2.779304e-08
1.597875e+04	2.744461e-08
1.598492e+04	2.710034e-08
1.599109e+04	2.676020e-08
1.599726e+04	2.642412e-08
1.600343e+04	2.609207e-08
1.600960e+04	2.576400e-08
1.601577e+04	2.543986e-08
1.602194e+04	2.511961e-08
1.602811e+04	2.480321e-08
1.603428e+04	2.449060e-08
1.604045e+04	2.418176e-08
1.604662e+04	2.387663e-08
1.605279e+04	2.357518e-08
1.605896e+04	2.327735e-08
1.606513e+04	2.298312e-08
1.607130e+04	2.269243e-08
1.607747e+04	2.240525e-08
1.608363e+04	2.212154e-08
1.608980e+04	2.184126e-08
1.609597e+04	2.156437e-08
1.610214e+04	2.129083e-08
1.610831e+04	2.102060e-08
1.611448e+04	2.075364e-08
1.612065e+04	2.048992e-08
1.612682e+04	2.022940e-08
1.613299e+04	1.997204e-08
1.613916e+04	1.971781e-08
1.614533e+04	1.946667e-08
1.615150e+04	1.921858e-08
1.615767e+04	1.897351e-08
1.616384e+04	1.873143e-08
1.617001e+04	1.849229e-08
1.617618e+04	1.825607e-08
1.618235e+04	1.802274e-08
1.618851e+04	1.779225e-08
1.619468e+04	1.756458e-08
1.620085e+04	1.733969e-08
1.620702e+04	1.711755e-08
1.621319e+04	1.689813e-08
1.621936e+04	1.668140e-08
1.622553e+04	1.646732e-08
1.623170e+04	1.625587e-08
1.623787e+04	1.604701e-08
1.624404e+04	1.584072e-08
1.625021e+04	1.563696e-08
1.625638e+04	1.543571e-08
1.626255e+04	1.523693e-08
1.626872e+04	1.504060e-08
1.627489e+04	1.484669e-08
1.628106e+04	1.465517e-08
1.628722e+04	1.446601e-08
1.629339e+04	1.427918e-08
1.629956e+04	1.409466e-08
1.630573e+04	1.391243e-08
1.631190e+04	1.373244e-08
1.631807e+04	1.355468e-08
1.632424e+04	1.337912e-08
1.633041e+04	1.320574e-08
1.633658e+04	1.303450e-08
1.634275e+04	1.286539e-08
1.634892e+04	1.269838e-08
1.635509e+04	1.253344e-08
1.636126e+04	1.237055e-08
1.636743e+04	1.220969e-08
1.637360e+04	1.205082e-08
1.637977e+04	1.189394e-08
1.638594e+04	1.173901e-08
1.639210e+04	1.158601e-08
1.639827e+04	1.143492e-08
1.640444e+04	1.128571e-08
1.641061e+04	1.113837e-08
1.641678e+04	1.099287e-08
1.642295e+04	1.084918e-08
1.642912e+04	1.070730e-08
1.643529e+04	1.056719e-08
1.644146e+04	1.042884e-08
1.644763e+04	1.029222e-08
1.645380e+04	1.015731e-08
1.645997e+04	1.002410e-08
1.646614e+04	9.892556e-09
1.647231e+04	9.762668e-09
1.647848e+04	9.634413e-09
1.648465e+04	9.507772e-09
1.649082e+04	9.382725e-09
1.649698e+04	9.259253e-09
1.650315e+04	9.137337e-09
1.650932e+04	9.016959e-09
1.651549e+04	8.898100e-09
1.652166e+04	8.780742e-09
1.652783e+04	8.664866e-09
1.653400e+04	8.550455e-09
1.654017e+04	8.437492e-09
1.654634e+04	8.325958e-09
1.655251e+04	8.215837e-09
1.655868e+04	8.107112e-09
1.656485e+04	7.999765e-09
1.657102e+04	7.893781e-09
1.657719e+04	7.789142e-09
1.658336e+04	7.685832e-09
1.658953e+04	7.583836e-09
1.659570e+04	7.483137e-09
1.660186e+04	7.383720e-09
1.660803e+04	7.285568e-09
1.661420e+04	7.188668e-09
1.662037e+04	7.093003e-09
1.662654e+04	6.998558e-09
1.663271e+04	6.905319e-09
1.663888e+04	6.813271e-09
1.664505e+04	6.722400e-09
1.665122e+04	6.632691e-09
1.665739e+04	6.544129e-09
1.666356e+04	6.456702e-09
1.666973e+04	6.370395e-09
1.667590e+04	6.285194e-09
1.668207e+04	6.201086e-09
1.668824e+04	6.118058e-09
1.669441e+04	6.036096e-09
1.670057e+04	5.955188e-09
1.670674e+04	5.875320e-09
1.671291e+04	5.796479e-09
1.671908e+04	5.718654e-09
1.672525e+04	5.641830e-09
1.673142e+04	5.565998e-09
1.673759e+04	5.491143e-09
1.674376e+04	5.417254e-09
1.674993e+04	5.344319e-09
1.675610e+04	5.272327e-09
1.676227e+04	5.201265e-09
1.676844e+04	5.131123e-09
1.677461e+04	5.061888e-09
1.678078e+04	4.993550e-09
1.678695e+04	4.926098e-09
1.679312e+04	4.859520e-09
1.679929e+04	4.793806e-09
1.680545e+04	4.728946e-09
1.681162e+04	4.664927e-09
1.681779e+04	4.601741e-09
1.682396e+04	4.539377e-09
1.683013e+04	4.477824e-09
1.683630e+04	4.417073e-09
1.684247e+04	4.357113e-09
1.684864e+04	4.297934e-09
1.685481e+04	4.239528e-09
1.686098e+04	4.181884e-09
1.686715e+04	4.124993e-09
1.687332e+04	4.068845e-09
1.687949e+04	4.013431e-09
1.688566e+04	3.958742e-09
1.689183e+04	3.904769e-09
1.689800e+04	3.851503e-09
1.690417e+04	3.798935e-09
1.691033e+04	3.747057e-09
1.691650e+04	3.695859e-09
1.692267e+04	3.645333e-09
1.692884e+04	3.595471e-09
1.693501e+04	3.546264e-09
1.694118e+04	3.497705e-09
1.694735e+04	3.449784e-09
1.695352e+04	3.402495e-09
1.695969e+04	3.355828e-09
1.696586e+04	3.309777e-09
1.697203e+04	3.264333e-09
1.697820e+04	3.219489e-09
1.698437e+04	3.175237e-09
1.699054e+04	3.131570e-09
1.699671e+04	3.088480e-09
1.700288e+04	3.045960e-09
1.700905e+04	3.004003e-09
1.701521e+04	2.962602e-09
1.702138e+04	2.921749e-09
1.702755e+04	2.881438e-09
1.703372e+04	2.841662e-09
1.703989e+04	2.802414e-09
1.704606e+04	2.763687e-09
1.705223e+04	2.725475e-09
1.705840e+04	2.687771e-09
1.706457e+04	2.650568e-09
1.707074e+04	2.613861e-09
1.707691e+04	2.577643e-09
1.708308e+04	2.541908e-09
1.708925e+04	2.506649e-09
1.709542e+04	2.471861e-09
1.710159e+04	2.437537e-09
1.710776e+04	2.403672e-09
1.711392e+04	2.370260e-09
1.712009e+04	2.337294e-09
1.712626e+04	2.304770e-09
1.713243e+04	2.272681e-09
1.713860e+04	2.241022e-09
1.714477e+04	2.209787e-09
1.715094e+04	2.178972e-09
1.715711e+04	2.148570e-09
1.716328e+04	2.118576e-09
1.716945e+04	2.088985e-09
1.717562e+04	2.059792e-09
1.718179e+04	2.030992e-09
1.718796e+04	2.002580e-09
1.719413e+04	1.974550e-09
1.720030e+04	1.946898e-09
1.720647e+04	1.919618e-09
1.721264e+04	1.892707e-09
1.721880e+04	1.866159e-09
1.722497e+04	1.839969e-09
1.723114e+04	1.814134e-09
1.723731e+04	1.788647e-09
1.724348e+04	1.763506e-09
1.724965e+04	1.738705e-09
1.725582e+04	1.714239e-09
1.726199e+04	1.690106e-09
1.726816e+04	1.666299e-09
1.727433e+04	1.642816e-09
1.728050e+04	1.619651e-09
1.728667e+04	1.596801e-09
1.729284e+04	1.574261e-09
1.729901e+04	1.552028e-09
1.730518e+04	1.530098e-09
1.731135e+04	1.508466e-09
1.731752e+04	1.487129e-09
1.732368e+04	1.466082e-09
1.732985e+04	1.445323e-09
1.733602e+04	1.424846e-09
1.734219e+04	1.404650e-09
1.734836e+04	1.384729e-09
1.735453e+04	1.365080e-09
1.736070e+04	1.345700e-09
1.736687e+04	1.326586e-09
1.737304e+04	1.307733e-09
1.737921e+04	1.289138e-09
1.738538e+04	1.270798e-09
1.739155e+04	1.252710e-09
1.739772e+04	1.234869e-09
1.740389e+04	1.217274e-09
1.741006e+04	1.199920e-09
1.741623e+04	1.182805e-09
1.742240e+04	1.165926e-09
1.742856e+04	1.149278e-09
1.743473e+04	1.132860e-09
1.744090e+04	1.116668e-09
1.744707e+04	1.100699e-09
1.745324e+04	1.084950e-09
1.745941e+04	1.069418e-09
1.746558e+04	1.054101e-09
1.747175e+04	1.038996e-09
1.747792e+04	1.024099e-09
1.748409e+04	1.009409e-09
1.749026e+04	9.949211e-10
1.749643e+04	9.806343e-10
1.750260e+04	9.665453e-10
1.750877e+04	9.526516e-10
1.751494e+04	9.389505e-10
1.752111e+04	9.254396e-10
1.752728e+04	9.121162e-10
1.753344e+04	8.989779e-10
1.753961e+04	8.860221e-10
1.754578e+04	8.732465e-10
1.755195e+04	8.606487e-10
1.755812e+04	8.482262e-10
1.756429e+04	8.359768e-10
1.757046e+04	8.238981e-10
1.757663e+04	8.119877e-10
1.758280e+04	8.002436e-10
1.758897e+04	7.886634e-10
1.759514e+04	7.772449e-10
1.760131e+04	7.659860e-10
1.760748e+04	7.548845e-10
1.761365e+04	7.439383e-10
1.761982e+04	7.331453e-10
1.762599e+04	7.225035e-10
1.763215e+04	7.120108e-10
1.763832e+04	7.016652e-10
1.764449e+04	6.914648e-10
1.765066e+04	6.814075e-10
1.765683e+04	6.714915e-10
1.766300e+04	6.617147e-10
1.766917e+04	6.520755e-10
1.767534e+04	6.425718e-10
1.768151e+04	6.332019e-10
1.768768e+04	6.239639e-10
1.769385e+04	6.148560e-10
1.770002e+04	6.058766e-10
1.770619e+04	5.970238e-10
1.771236e+04	5.882960e-10
1.771853e+04	5.796914e-10
1.772470e+04	5.712083e-10
1.773087e+04	5.628452e-10
1.773703e+04	5.546003e-10
1.774320e+04	5.464721e-10
1.774937e+04	5.384590e-10
1.775554e+04	5.305594e-10
1.776171e+04	5.227718e-10
1.776788e+04	5.150946e-10
1.777405e+04	5.075263e-10
1.778022e+04	5.000655e-10
1.778639e+04	4.927107e-10
1.779256e+04	4.854603e-10
1.779873e+04	4.783131e-10
1.780490e+04	4.712676e-10
1.781107e+04	4.643223e-10
1.781724e+04	4.574760e-10
1.782341e+04	4.507272e-10
1.782958e+04	4.440747e-10
1.783575e+04	4.375171e-10
1.784191e+04	4.310530e-10
1.784808e+04	4.246813e-10
1.785425e+04	4.184006e-10
1.786042e+04	4.122097e-10
1.786659e+04	4.061074e-10
1.787276e+04	4.000923e-10
1.787893e+04	3.941635e-10
1.788510e+04	3.883195e-10
1.789127e+04	3.825593e-10
1.789744e+04	3.768818e-10
1.790361e+04	3.712857e-10
1.790978e+04	3.657700e-10
1.791595e+04	3.603334e-10
1.792212e+04	3.549751e-10
1.792829e+04	3.496938e-10
1.793446e+04	3.444884e-10
1.794063e+04	3.393580e-10
1.794679e+04	3.343015e-10
1.795296e+04	3.293179e-10
1.795913e+04	3.244061e-10
1.796530e+04	3.195652e-10
1.797147e+04	3.147942e-10
1.797764e+04	3.100920e-10
1.798381e+04	3.054578e-10
1.798998e+04	3.008906e-10
1.799615e+04	2.963895e-10
1.800232e+04	2.919535e-10
1.800849e+04	2.875817e-10
1.801466e+04	2.832733e-10
1.802083e+04	2.790273e-10
1.802700e+04	2.748429e-10
1.803317e+04	2.707192e-10
1.803934e+04	2.666554e-10
1.804550e+04	2.626506e-10
1.805167e+04	2.587040e-10
1.805784e+04	2.548148e-10
1.806401e+04	2.509822e-10
1.807018e+04	2.472053e-10
1.807635e+04	2.434835e-10
1.808252e+04	2.398159e-10
1.808869e+04	2.362018e-10
1.809486e+04	2.326404e-10
1.810103e+04	2.291310e-10
1.810720e+04	2.256728e-10
1.811337e+04	2.222651e-10
1.811954e+04	2.189073e-10
1.812571e+04	2.155985e-10
1.813188e+04	2.123382e-10
1.813805e+04	2.091256e-10
1.814422e+04	2.059601e-10
1.815038e+04	2.028410e-10
1.815655e+04	1.997675e-10
1.816272e+04	1.967392e-10
1.816889e+04	1.937554e-10
1.817506e+04	1.908153e-10
1.818123e+04	1.879185e-10
1.818740e+04	1.850642e-10
1.819357e+04	1.822520e-10
1.819974e+04	1.794811e-10
1.820591e+04	1.767510e-10
1.821208e+04	1.740611e-10
1.821825e+04	1.714109e-10
1.822442e+04	1.687998e-10
1.823059e+04	1.662272e-10
1.823676e+04	1.636926e-10
1.824293e+04	1.611954e-10
1.824910e+04	1.587351e-10
1.825526e+04	1.563112e-10
1.826143e+04	1.539231e-10
1.826760e+04	1.515704e-10
1.827377e+04	1.492525e-10
1.827994e+04	1.469690e-10
1.828611e+04	1.447193e-10
1.829228e+04	1.425030e-10
1.829845e+04	1.403196e-10
1.830462e+04	1.381686e-10
1.831079e+04	1.360495e-10
1.831696e+04	1.339620e-10
1.832313e+04	1.319054e-10
1.832930e+04	1.298795e-10
1.833547e+04	1.278838e-10
1.834164e+04	1.259177e-10
1.834781e+04	1.239809e-10
1.835398e+04	1.220731e-10
1.836014e+04	1.201936e-10
1.836631e+04	1.183423e-10
1.837248e+04	1.165185e-10
1.837865e+04	1.147220e-10
1.838482e+04	1.129524e-10
1.839099e+04	1.112092e-10
1.839716e+04	1.094921e-10
1.840333e+04	1.078007e-10
1.840950e+04	1.061346e-10
1.841567e+04	1.044935e-10
1.842184e+04	1.028770e-10
1.842801e+04	1.012848e-10
1.843418e+04	9.971639e-11
1.844035e+04	9.817158e-11
1.844652e+04	9.664997e-11
1.845269e+04	9.515123e-11
1.845885e+04	9.367503e-11
1.846502e+04	9.222104e-11
1.847119e+04	9.078893e-11
1.847736e+04	8.937839e-11
1.848353e+04	8.798911e-11
1.848970e+04	8.662077e-11
1.849587e+04	8.527307e-11
1.850204e+04	8.394570e-11
1.850821e+04	8.263838e-11
1.851438e+04	8.135081e-11
1.852055e+04	8.008269e-11
1.852672e+04	7.883375e-11
1.853289e+04	7.760371e-11
1.853906e+04	7.639228e-11
1.854523e+04	7.519920e-11
1.855140e+04	7.402420e-11
1.855757e+04	7.286701e-11
1.856373e+04	7.172737e-11
1.856990e+04	7.060502e-11
1.857607e+04	6.949972e-11
1.858224e+04	6.841120e-11
1.858841e+04	6.733923e-11
1.859458e+04	6.628355e-11
1.860075e+04	6.524394e-11
1.860692e+04	6.422015e-11
1.861309e+04	6.321194e-11
1.861926e+04	6.221910e-11
1.862543e+04	6.124140e-11
1.863160e+04	6.027860e-11
1.863777e+04	5.933049e-11
1.864394e+04	5.839686e-11
1.865011e+04	5.747749e-11
1.865628e+04	5.657217e-11
1.866245e+04	5.568069e-11
1.866861e+04	5.480284e-11
1.867478e+04	5.393843e-11
1.868095e+04	5.308726e-11
1.868712e+04	5.224912e-11
1.869329e+04	5.142383e-11
1.869946e+04	5.061120e-11
1.870563e+04	4.981103e-11
1.871180e+04	4.902315e-11
1.871797e+04	4.824736e-11
1.872414e+04	4.748350e-11
1.873031e+04	4.673138e-11
1.873648e+04	4.599082e-11
1.874265e+04	4.526167e-11
1.874882e+04	4.454373e-11
1.875499e+04	4.383686e-11
1.876116e+04	4.314088e-11
1.876733e+04	4.245563e-11
1.877349e+04	4.178095e-11
1.877966e+04	4.111668e-11
1.878583e+04	4.046267e-11
1.879200e+04	3.981877e-11
1.879817e+04	3.918482e-11
1.880434e+04	3.856067e-11
1.881051e+04	3.794617e-11
1.881668e+04	3.734119e-11
1.882285e+04	3.674558e-11
1.882902e+04	3.615920e-11
1.883519e+04	3.558190e-11
1.884136e+04	3.501356e-11
1.884753e+04	3.445404e-11
1.885370e+04	3.390321e-11
1.885987e+04	3.336093e-11
1.886604e+04	3.282708e-11
1.887220e+04	3.230153e-11
1.887837e+04	3.178415e-11
1.888454e+04	3.127483e-11
1.889071e+04	3.077343e-11
1.889688e+04	3.027985e-11
1.890305e+04	2.979396e-11
1.890922e+04	2.931565e-11
1.891539e+04	2.884480e-11
1.892156e+04	2.838130e-11
1.892773e+04	2.792503e-11
1.893390e+04	2.747590e-11
1.894007e+04	2.703378e-11
1.894624e+04	2.659858e-11
1.895241e+04	2.617019e-11
1.895858e+04	2.574851e-11
1.896475e+04	2.533343e-11
1.897092e+04	2.492485e-11
1.897708e+04	2.452268e-11
1.898325e+04	2.412682e-11
1.898942e+04	2.373717e-11
1.899559e+04	2.335363e-11
1.900176e+04	2.297612e-11
1.900793e+04	2.260455e-11
1.901410e+04	2.223881e-11
1.902027e+04	2.187883e-11
1.902644e+04	2.152451e-11
1.903261e+04	2.117578e-11
1.903878e+04	2.083253e-11
1.904495e+04	2.049470e-11
1.905112e+04	2.016219e-11
1.905729e+04	1.983493e-11
1.906346e+04	1.951284e-11
1.906963e+04	1.919583e-11
1.907580e+04	1.888383e-11
1.908196e+04	1.857676e-11
1.908813e+04	1.827454e-11
1.909430e+04	1.797711e-11
1.910047e+04	1.768439e-11
1.910664e+04	1.739630e-11
1.911281e+04	1.711277e-11
1.911898e+04	1.683374e-11
1.912515e+04	1.655914e-11
1.913132e+04	1.628889e-11
1.913749e+04	1.602294e-11
1.914366e+04	1.576120e-11
1.914983e+04	1.550363e-11
1.915600e+04	1.525015e-11
1.916217e+04	1.500070e-11
1.916834e+04	1.475522e-11
1.917451e+04	1.451365e-11
1.918068e+04	1.427593e-11
1.918684e+04	1.404200e-11
1.919301e+04	1.381179e-11
1.919918e+04	1.358526e-11
1.920535e+04	1.336234e-11
1.921152e+04	1.314298e-11
1.921769e+04	1.292713e-11
1.922386e+04	1.271472e-11
1.923003e+04	1.250572e-11
1.923620e+04	1.230005e-11
1.924237e+04	1.209768e-11
1.924854e+04	1.189854e-11
1.925471e+04	1.170260e-11
1.926088e+04	1.150979e-11
1.926705e+04	1.132008e-11
