# # p(y | x = 1.300000e+00)
# # y_val	p(y|x)
0.000000e+00	3.234808e-05
6.169403e+00	3.254074e-05
1.233881e+01	3.273436e-05
1.850821e+01	3.292897e-05
2.467761e+01	3.312456e-05
3.084702e+01	3.332113e-05
3.701642e+01	3.351870e-05
4.318582e+01	3.371725e-05
4.935523e+01	3.391681e-05
5.552463e+01	3.411737e-05
6.169403e+01	3.431893e-05
6.786344e+01	3.452150e-05
7.403284e+01	3.472508e-05
8.020224e+01	3.492968e-05
8.637165e+01	3.513530e-05
9.254105e+01	3.534194e-05
9.871045e+01	3.554962e-05
1.048799e+02	3.575832e-05
1.110493e+02	3.596806e-05
1.172187e+02	3.617884e-05
1.233881e+02	3.639066e-05
1.295575e+02	3.660353e-05
1.357269e+02	3.681745e-05
1.418963e+02	3.703243e-05
1.480657e+02	3.724846e-05
1.542351e+02	3.746556e-05
1.604045e+02	3.768373e-05
1.665739e+02	3.790296e-05
1.727433e+02	3.812327e-05
1.789127e+02	3.834466e-05
1.850821e+02	3.856713e-05
1.912515e+02	3.879069e-05
1.974209e+02	3.901533e-05
2.035903e+02	3.924108e-05
2.097597e+02	3.946791e-05
2.159291e+02	3.969586e-05
2.220985e+02	3.992490e-05
2.282679e+02	4.015506e-05
2.344373e+02	4.038633e-05
2.406067e+02	4.061872e-05
2.467761e+02	4.085223e-05
2.529455e+02	4.108687e-05
2.591149e+02	4.132264e-05
2.652843e+02	4.155954e-05
2.714537e+02	4.179758e-05
2.776232e+02	4.203676e-05
2.837926e+02	4.227709e-05
2.899620e+02	4.251856e-05
2.961314e+02	4.276119e-05
3.023008e+02	4.300498e-05
3.084702e+02	4.324993e-05
3.146396e+02	4.349605e-05
3.208090e+02	4.374333e-05
3.269784e+02	4.399179e-05
3.331478e+02	4.424143e-05
3.393172e+02	4.449225e-05
3.454866e+02	4.474426e-05
3.516560e+02	4.499746e-05
3.578254e+02	4.525185e-05
3.639948e+02	4.550744e-05
3.701642e+02	4.576423e-05
3.763336e+02	4.602223e-05
3.825030e+02	4.628144e-05
3.886724e+02	4.654186e-05
3.948418e+02	4.680350e-05
4.010112e+02	4.706637e-05
4.071806e+02	4.733046e-05
4.133500e+02	4.759578e-05
4.195194e+02	4.786234e-05
4.256888e+02	4.813014e-05
4.318582e+02	4.839918e-05
4.380276e+02	4.866947e-05
4.441970e+02	4.894101e-05
4.503664e+02	4.921380e-05
4.565359e+02	4.948786e-05
4.627053e+02	4.976318e-05
4.688747e+02	5.003976e-05
4.750441e+02	5.031762e-05
4.812135e+02	5.059676e-05
4.873829e+02	5.087717e-05
4.935523e+02	5.115887e-05
4.997217e+02	5.144186e-05
5.058911e+02	5.172614e-05
5.120605e+02	5.201172e-05
5.182299e+02	5.229860e-05
5.243993e+02	5.258678e-05
5.305687e+02	5.287628e-05
5.367381e+02	5.316708e-05
5.429075e+02	5.345921e-05
5.490769e+02	5.375266e-05
5.552463e+02	5.404743e-05
5.614157e+02	5.434353e-05
5.675851e+02	5.464097e-05
5.737545e+02	5.493974e-05
5.799239e+02	5.523986e-05
5.860933e+02	5.554133e-05
5.922627e+02	5.584414e-05
5.984321e+02	5.614831e-05
6.046015e+02	5.645384e-05
6.107709e+02	5.676074e-05
6.169403e+02	5.706900e-05
6.231097e+02	5.737863e-05
6.292791e+02	5.768964e-05
6.354485e+02	5.800203e-05
6.416180e+02	5.831580e-05
6.477874e+02	5.863096e-05
6.539568e+02	5.894752e-05
6.601262e+02	5.926547e-05
6.662956e+02	5.958482e-05
6.724650e+02	5.990557e-05
6.786344e+02	6.022774e-05
6.848038e+02	6.055132e-05
6.909732e+02	6.087632e-05
6.971426e+02	6.120274e-05
7.033120e+02	6.153058e-05
7.094814e+02	6.185986e-05
7.156508e+02	6.219056e-05
7.218202e+02	6.252271e-05
7.279896e+02	6.285630e-05
7.341590e+02	6.319134e-05
7.403284e+02	6.352783e-05
7.464978e+02	6.386577e-05
7.526672e+02	6.420518e-05
7.588366e+02	6.454604e-05
7.650060e+02	6.488838e-05
7.711754e+02	6.523218e-05
7.773448e+02	6.557746e-05
7.835142e+02	6.592423e-05
7.896836e+02	6.627247e-05
7.958530e+02	6.662221e-05
8.020224e+02	6.697343e-05
8.081918e+02	6.732616e-05
8.143612e+02	6.768039e-05
8.205306e+02	6.803612e-05
8.267001e+02	6.839336e-05
8.328695e+02	6.875211e-05
8.390389e+02	6.911238e-05
8.452083e+02	6.947417e-05
8.513777e+02	6.983749e-05
8.575471e+02	7.020234e-05
8.637165e+02	7.056872e-05
8.698859e+02	7.093664e-05
8.760553e+02	7.130611e-05
8.822247e+02	7.167712e-05
8.883941e+02	7.204968e-05
8.945635e+02	7.242379e-05
9.007329e+02	7.279947e-05
9.069023e+02	7.317670e-05
9.130717e+02	7.355551e-05
9.192411e+02	7.393588e-05
9.254105e+02	7.431784e-05
9.315799e+02	7.470137e-05
9.377493e+02	7.508648e-05
9.439187e+02	7.547318e-05
9.500881e+02	7.586148e-05
9.562575e+02	7.625137e-05
9.624269e+02	7.664285e-05
9.685963e+02	7.703595e-05
9.747657e+02	7.743065e-05
9.809351e+02	7.782696e-05
9.871045e+02	7.822489e-05
9.932739e+02	7.862444e-05
9.994433e+02	7.902562e-05
1.005613e+03	7.942842e-05
1.011782e+03	7.983285e-05
1.017952e+03	8.023893e-05
1.024121e+03	8.064664e-05
1.030290e+03	8.105599e-05
1.036460e+03	8.146700e-05
1.042629e+03	8.187966e-05
1.048799e+03	8.229397e-05
1.054968e+03	8.270994e-05
1.061137e+03	8.312758e-05
1.067307e+03	8.354689e-05
1.073476e+03	8.396787e-05
1.079646e+03	8.439053e-05
1.085815e+03	8.481486e-05
1.091984e+03	8.524089e-05
1.098154e+03	8.566860e-05
1.104323e+03	8.609800e-05
1.110493e+03	8.652910e-05
1.116662e+03	8.696190e-05
1.122831e+03	8.739640e-05
1.129001e+03	8.783261e-05
1.135170e+03	8.827053e-05
1.141340e+03	8.871017e-05
1.147509e+03	8.915153e-05
1.153678e+03	8.959461e-05
1.159848e+03	9.003942e-05
1.166017e+03	9.048596e-05
1.172187e+03	9.093424e-05
1.178356e+03	9.138426e-05
1.184525e+03	9.183602e-05
1.190695e+03	9.228952e-05
1.196864e+03	9.274478e-05
1.203034e+03	9.320179e-05
1.209203e+03	9.366056e-05
1.215372e+03	9.412109e-05
1.221542e+03	9.458339e-05
1.227711e+03	9.504746e-05
1.233881e+03	9.551330e-05
1.240050e+03	9.598092e-05
1.246219e+03	9.645032e-05
1.252389e+03	9.692150e-05
1.258558e+03	9.739447e-05
1.264728e+03	9.786924e-05
1.270897e+03	9.834580e-05
1.277066e+03	9.882416e-05
1.283236e+03	9.930433e-05
1.289405e+03	9.978630e-05
1.295575e+03	1.002701e-04
1.301744e+03	1.007557e-04
1.307914e+03	1.012431e-04
1.314083e+03	1.017323e-04
1.320252e+03	1.022234e-04
1.326422e+03	1.027163e-04
1.332591e+03	1.032110e-04
1.338761e+03	1.037076e-04
1.344930e+03	1.042060e-04
1.351099e+03	1.047062e-04
1.357269e+03	1.052083e-04
1.363438e+03	1.057122e-04
1.369608e+03	1.062180e-04
1.375777e+03	1.067257e-04
1.381946e+03	1.072352e-04
1.388116e+03	1.077466e-04
1.394285e+03	1.082598e-04
1.400455e+03	1.087749e-04
1.406624e+03	1.092919e-04
1.412793e+03	1.098108e-04
1.418963e+03	1.103316e-04
1.425132e+03	1.108542e-04
1.431302e+03	1.113787e-04
1.437471e+03	1.119051e-04
1.443640e+03	1.124335e-04
1.449810e+03	1.129637e-04
1.455979e+03	1.134958e-04
1.462149e+03	1.140298e-04
1.468318e+03	1.145657e-04
1.474487e+03	1.151036e-04
1.480657e+03	1.156433e-04
1.486826e+03	1.161850e-04
1.492996e+03	1.167286e-04
1.499165e+03	1.172741e-04
1.505334e+03	1.178216e-04
1.511504e+03	1.183710e-04
1.517673e+03	1.189223e-04
1.523843e+03	1.194756e-04
1.530012e+03	1.200308e-04
1.536181e+03	1.205879e-04
1.542351e+03	1.211470e-04
1.548520e+03	1.217080e-04
1.554690e+03	1.222710e-04
1.560859e+03	1.228360e-04
1.567028e+03	1.234029e-04
1.573198e+03	1.239718e-04
1.579367e+03	1.245426e-04
1.585537e+03	1.251154e-04
1.591706e+03	1.256902e-04
1.597875e+03	1.262670e-04
1.604045e+03	1.268457e-04
1.610214e+03	1.274264e-04
1.616384e+03	1.280091e-04
1.622553e+03	1.285938e-04
1.628722e+03	1.291805e-04
1.634892e+03	1.297691e-04
1.641061e+03	1.303598e-04
1.647231e+03	1.309525e-04
1.653400e+03	1.315471e-04
1.659570e+03	1.321438e-04
1.665739e+03	1.327425e-04
1.671908e+03	1.333432e-04
1.678078e+03	1.339459e-04
1.684247e+03	1.345506e-04
1.690417e+03	1.351573e-04
1.696586e+03	1.357661e-04
1.702755e+03	1.363768e-04
1.708925e+03	1.369896e-04
1.715094e+03	1.376045e-04
1.721264e+03	1.382213e-04
1.727433e+03	1.388402e-04
1.733602e+03	1.394612e-04
1.739772e+03	1.400841e-04
1.745941e+03	1.407091e-04
1.752111e+03	1.413362e-04
1.758280e+03	1.419653e-04
1.764449e+03	1.425964e-04
1.770619e+03	1.432296e-04
1.776788e+03	1.438649e-04
1.782958e+03	1.445022e-04
1.789127e+03	1.451416e-04
1.795296e+03	1.457830e-04
1.801466e+03	1.464265e-04
1.807635e+03	1.470720e-04
1.813805e+03	1.477197e-04
1.819974e+03	1.483693e-04
1.826143e+03	1.490211e-04
1.832313e+03	1.496749e-04
1.838482e+03	1.503309e-04
1.844652e+03	1.509889e-04
1.850821e+03	1.516489e-04
1.856990e+03	1.523111e-04
1.863160e+03	1.529753e-04
1.869329e+03	1.536417e-04
1.875499e+03	1.543101e-04
1.881668e+03	1.549806e-04
1.887837e+03	1.556532e-04
1.894007e+03	1.563279e-04
1.900176e+03	1.570047e-04
1.906346e+03	1.576836e-04
1.912515e+03	1.583646e-04
1.918684e+03	1.590477e-04
1.924854e+03	1.597329e-04
1.931023e+03	1.604202e-04
1.937193e+03	1.611096e-04
1.943362e+03	1.618011e-04
1.949531e+03	1.624948e-04
1.955701e+03	1.631905e-04
1.961870e+03	1.638884e-04
1.968040e+03	1.645884e-04
1.974209e+03	1.652905e-04
1.980378e+03	1.659947e-04
1.986548e+03	1.667011e-04
1.992717e+03	1.674095e-04
1.998887e+03	1.681201e-04
2.005056e+03	1.688329e-04
2.011226e+03	1.695477e-04
2.017395e+03	1.702647e-04
2.023564e+03	1.709838e-04
2.029734e+03	1.717050e-04
2.035903e+03	1.724284e-04
2.042073e+03	1.731539e-04
2.048242e+03	1.738816e-04
2.054411e+03	1.746114e-04
2.060581e+03	1.753433e-04
2.066750e+03	1.760773e-04
2.072920e+03	1.768136e-04
2.079089e+03	1.775519e-04
2.085258e+03	1.782924e-04
2.091428e+03	1.790350e-04
2.097597e+03	1.797798e-04
2.103767e+03	1.805267e-04
2.109936e+03	1.812758e-04
2.116105e+03	1.820270e-04
2.122275e+03	1.827804e-04
2.128444e+03	1.835359e-04
2.134614e+03	1.842936e-04
2.140783e+03	1.850534e-04
2.146952e+03	1.858154e-04
2.153122e+03	1.865796e-04
2.159291e+03	1.873459e-04
2.165461e+03	1.881143e-04
2.171630e+03	1.888849e-04
2.177799e+03	1.896577e-04
2.183969e+03	1.904326e-04
2.190138e+03	1.912097e-04
2.196308e+03	1.919889e-04
2.202477e+03	1.927703e-04
2.208646e+03	1.935539e-04
2.214816e+03	1.943396e-04
2.220985e+03	1.951275e-04
2.227155e+03	1.959175e-04
2.233324e+03	1.967097e-04
2.239493e+03	1.975041e-04
2.245663e+03	1.983006e-04
2.251832e+03	1.990993e-04
2.258002e+03	1.999001e-04
2.264171e+03	2.007032e-04
2.270340e+03	2.015083e-04
2.276510e+03	2.023157e-04
2.282679e+03	2.031252e-04
2.288849e+03	2.039369e-04
2.295018e+03	2.047507e-04
2.301187e+03	2.055667e-04
2.307357e+03	2.063849e-04
2.313526e+03	2.072052e-04
2.319696e+03	2.080277e-04
2.325865e+03	2.088524e-04
2.332034e+03	2.096792e-04
2.338204e+03	2.105082e-04
2.344373e+03	2.113393e-04
2.350543e+03	2.121727e-04
2.356712e+03	2.130081e-04
2.362881e+03	2.138458e-04
2.369051e+03	2.146856e-04
2.375220e+03	2.155276e-04
2.381390e+03	2.163717e-04
2.387559e+03	2.172180e-04
2.393729e+03	2.180664e-04
2.399898e+03	2.189170e-04
2.406067e+03	2.197698e-04
2.412237e+03	2.206247e-04
2.418406e+03	2.214818e-04
2.424576e+03	2.223411e-04
2.430745e+03	2.232025e-04
2.436914e+03	2.240660e-04
2.443084e+03	2.249317e-04
2.449253e+03	2.257996e-04
2.455423e+03	2.266696e-04
2.461592e+03	2.275418e-04
2.467761e+03	2.284161e-04
2.473931e+03	2.292926e-04
2.480100e+03	2.301713e-04
2.486270e+03	2.310520e-04
2.492439e+03	2.319350e-04
2.498608e+03	2.328200e-04
2.504778e+03	2.337073e-04
2.510947e+03	2.345966e-04
2.517117e+03	2.354881e-04
2.523286e+03	2.363818e-04
2.529455e+03	2.372776e-04
2.535625e+03	2.381755e-04
2.541794e+03	2.390756e-04
2.547964e+03	2.399778e-04
2.554133e+03	2.408821e-04
2.560302e+03	2.417886e-04
2.566472e+03	2.426972e-04
2.572641e+03	2.436079e-04
2.578811e+03	2.445208e-04
2.584980e+03	2.454358e-04
2.591149e+03	2.463529e-04
2.597319e+03	2.472722e-04
2.603488e+03	2.481935e-04
2.609658e+03	2.491170e-04
2.615827e+03	2.500426e-04
2.621996e+03	2.509703e-04
2.628166e+03	2.519002e-04
2.634335e+03	2.528321e-04
2.640505e+03	2.537662e-04
2.646674e+03	2.547023e-04
2.652843e+03	2.556406e-04
2.659013e+03	2.565810e-04
2.665182e+03	2.575235e-04
2.671352e+03	2.584680e-04
2.677521e+03	2.594147e-04
2.683690e+03	2.603635e-04
2.689860e+03	2.613144e-04
2.696029e+03	2.622673e-04
2.702199e+03	2.632224e-04
2.708368e+03	2.641795e-04
2.714537e+03	2.651387e-04
2.720707e+03	2.661000e-04
2.726876e+03	2.670634e-04
2.733046e+03	2.680288e-04
2.739215e+03	2.689963e-04
2.745385e+03	2.699659e-04
2.751554e+03	2.709376e-04
2.757723e+03	2.719113e-04
2.763893e+03	2.728870e-04
2.770062e+03	2.738649e-04
2.776232e+03	2.748448e-04
2.782401e+03	2.758267e-04
2.788570e+03	2.768107e-04
2.794740e+03	2.777968e-04
2.800909e+03	2.787848e-04
2.807079e+03	2.797750e-04
2.813248e+03	2.807671e-04
2.819417e+03	2.817613e-04
2.825587e+03	2.827575e-04
2.831756e+03	2.837558e-04
2.837926e+03	2.847561e-04
2.844095e+03	2.857584e-04
2.850264e+03	2.867627e-04
2.856434e+03	2.877690e-04
2.862603e+03	2.887773e-04
2.868773e+03	2.897877e-04
2.874942e+03	2.908000e-04
2.881111e+03	2.918144e-04
2.887281e+03	2.928307e-04
2.893450e+03	2.938490e-04
2.899620e+03	2.948693e-04
2.905789e+03	2.958916e-04
2.911958e+03	2.969159e-04
2.918128e+03	2.979422e-04
2.924297e+03	2.989704e-04
2.930467e+03	3.000006e-04
2.936636e+03	3.010327e-04
2.942805e+03	3.020668e-04
2.948975e+03	3.031029e-04
2.955144e+03	3.041409e-04
2.961314e+03	3.051809e-04
2.967483e+03	3.062228e-04
2.973652e+03	3.072666e-04
2.979822e+03	3.083124e-04
2.985991e+03	3.093601e-04
2.992161e+03	3.104098e-04
2.998330e+03	3.114613e-04
3.004499e+03	3.125148e-04
3.010669e+03	3.135702e-04
3.016838e+03	3.146274e-04
3.023008e+03	3.156866e-04
3.029177e+03	3.167477e-04
3.035346e+03	3.178107e-04
3.041516e+03	3.188755e-04
3.047685e+03	3.199423e-04
3.053855e+03	3.210109e-04
3.060024e+03	3.220814e-04
3.066193e+03	3.231537e-04
3.072363e+03	3.242280e-04
3.078532e+03	3.253040e-04
3.084702e+03	3.263820e-04
3.090871e+03	3.274617e-04
3.097040e+03	3.285434e-04
3.103210e+03	3.296268e-04
3.109379e+03	3.307121e-04
3.115549e+03	3.317992e-04
3.121718e+03	3.328881e-04
3.127888e+03	3.339788e-04
3.134057e+03	3.350714e-04
3.140226e+03	3.361657e-04
3.146396e+03	3.372619e-04
3.152565e+03	3.383598e-04
3.158735e+03	3.394595e-04
3.164904e+03	3.405610e-04
3.171073e+03	3.416643e-04
3.177243e+03	3.427693e-04
3.183412e+03	3.438761e-04
3.189582e+03	3.449847e-04
3.195751e+03	3.460950e-04
3.201920e+03	3.472071e-04
3.208090e+03	3.483208e-04
3.214259e+03	3.494364e-04
3.220429e+03	3.505536e-04
3.226598e+03	3.516726e-04
3.232767e+03	3.527932e-04
3.238937e+03	3.539156e-04
3.245106e+03	3.550397e-04
3.251276e+03	3.561655e-04
3.257445e+03	3.572929e-04
3.263614e+03	3.584221e-04
3.269784e+03	3.595529e-04
3.275953e+03	3.606854e-04
3.282123e+03	3.618195e-04
3.288292e+03	3.629553e-04
3.294461e+03	3.640928e-04
3.300631e+03	3.652318e-04
3.306800e+03	3.663725e-04
3.312970e+03	3.675149e-04
3.319139e+03	3.686588e-04
3.325308e+03	3.698044e-04
3.331478e+03	3.709516e-04
3.337647e+03	3.721004e-04
3.343817e+03	3.732507e-04
3.349986e+03	3.744027e-04
3.356155e+03	3.755562e-04
3.362325e+03	3.767113e-04
3.368494e+03	3.778679e-04
3.374664e+03	3.790261e-04
3.380833e+03	3.801859e-04
3.387002e+03	3.813472e-04
3.393172e+03	3.825100e-04
3.399341e+03	3.836744e-04
3.405511e+03	3.848402e-04
3.411680e+03	3.860076e-04
3.417849e+03	3.871765e-04
3.424019e+03	3.883468e-04
3.430188e+03	3.895187e-04
3.436358e+03	3.906920e-04
3.442527e+03	3.918668e-04
3.448696e+03	3.930431e-04
3.454866e+03	3.942208e-04
3.461035e+03	3.953999e-04
3.467205e+03	3.965805e-04
3.473374e+03	3.977625e-04
3.479544e+03	3.989460e-04
3.485713e+03	4.001308e-04
3.491882e+03	4.013171e-04
3.498052e+03	4.025047e-04
3.504221e+03	4.036938e-04
3.510391e+03	4.048842e-04
3.516560e+03	4.060760e-04
3.522729e+03	4.072691e-04
3.528899e+03	4.084636e-04
3.535068e+03	4.096595e-04
3.541238e+03	4.108567e-04
3.547407e+03	4.120552e-04
3.553576e+03	4.132550e-04
3.559746e+03	4.144561e-04
3.565915e+03	4.156586e-04
3.572085e+03	4.168623e-04
3.578254e+03	4.180673e-04
3.584423e+03	4.192736e-04
3.590593e+03	4.204812e-04
3.596762e+03	4.216900e-04
3.602932e+03	4.229000e-04
3.609101e+03	4.241113e-04
3.615270e+03	4.253238e-04
3.621440e+03	4.265376e-04
3.627609e+03	4.277525e-04
3.633779e+03	4.289687e-04
3.639948e+03	4.301860e-04
3.646117e+03	4.314045e-04
3.652287e+03	4.326242e-04
3.658456e+03	4.338451e-04
3.664626e+03	4.350671e-04
3.670795e+03	4.362902e-04
3.676964e+03	4.375145e-04
3.683134e+03	4.387399e-04
3.689303e+03	4.399664e-04
3.695473e+03	4.411940e-04
3.701642e+03	4.424227e-04
3.707811e+03	4.436525e-04
3.713981e+03	4.448834e-04
3.720150e+03	4.461153e-04
3.726320e+03	4.473483e-04
3.732489e+03	4.485824e-04
3.738658e+03	4.498174e-04
3.744828e+03	4.510535e-04
3.750997e+03	4.522906e-04
3.757167e+03	4.535287e-04
3.763336e+03	4.547678e-04
3.769505e+03	4.560079e-04
3.775675e+03	4.572489e-04
3.781844e+03	4.584910e-04
3.788014e+03	4.597339e-04
3.794183e+03	4.609778e-04
3.800352e+03	4.622227e-04
3.806522e+03	4.634684e-04
3.812691e+03	4.647151e-04
3.818861e+03	4.659626e-04
3.825030e+03	4.672111e-04
3.831199e+03	4.684604e-04
3.837369e+03	4.697106e-04
3.843538e+03	4.709616e-04
3.849708e+03	4.722135e-04
3.855877e+03	4.734662e-04
3.862047e+03	4.747198e-04
3.868216e+03	4.759741e-04
3.874385e+03	4.772292e-04
3.880555e+03	4.784852e-04
3.886724e+03	4.797419e-04
3.892894e+03	4.809994e-04
3.899063e+03	4.822576e-04
3.905232e+03	4.835166e-04
3.911402e+03	4.847763e-04
3.917571e+03	4.860367e-04
3.923741e+03	4.872978e-04
3.929910e+03	4.885597e-04
3.936079e+03	4.898222e-04
3.942249e+03	4.910854e-04
3.948418e+03	4.923493e-04
3.954588e+03	4.936138e-04
3.960757e+03	4.948789e-04
3.966926e+03	4.961447e-04
3.973096e+03	4.974111e-04
3.979265e+03	4.986781e-04
3.985435e+03	4.999457e-04
3.991604e+03	5.012138e-04
3.997773e+03	5.024826e-04
4.003943e+03	5.037519e-04
4.010112e+03	5.050217e-04
4.016282e+03	5.062921e-04
4.022451e+03	5.075630e-04
4.028620e+03	5.088344e-04
4.034790e+03	5.101063e-04
4.040959e+03	5.113787e-04
4.047129e+03	5.126515e-04
4.053298e+03	5.139248e-04
4.059467e+03	5.151986e-04
4.065637e+03	5.164728e-04
4.071806e+03	5.177474e-04
4.077976e+03	5.190224e-04
4.084145e+03	5.202979e-04
4.090314e+03	5.215737e-04
4.096484e+03	5.228499e-04
4.102653e+03	5.241264e-04
4.108823e+03	5.254033e-04
4.114992e+03	5.266805e-04
4.121161e+03	5.279581e-04
4.127331e+03	5.292359e-04
4.133500e+03	5.305141e-04
4.139670e+03	5.317925e-04
4.145839e+03	5.330712e-04
4.152008e+03	5.343502e-04
4.158178e+03	5.356294e-04
4.164347e+03	5.369089e-04
4.170517e+03	5.381886e-04
4.176686e+03	5.394684e-04
4.182855e+03	5.407485e-04
4.189025e+03	5.420288e-04
4.195194e+03	5.433092e-04
4.201364e+03	5.445898e-04
4.207533e+03	5.458705e-04
4.213703e+03	5.471513e-04
4.219872e+03	5.484323e-04
4.226041e+03	5.497133e-04
4.232211e+03	5.509945e-04
4.238380e+03	5.522757e-04
4.244550e+03	5.535570e-04
4.250719e+03	5.548383e-04
4.256888e+03	5.561197e-04
4.263058e+03	5.574011e-04
4.269227e+03	5.586825e-04
4.275397e+03	5.599639e-04
4.281566e+03	5.612453e-04
4.287735e+03	5.625266e-04
4.293905e+03	5.638079e-04
4.300074e+03	5.650891e-04
4.306244e+03	5.663703e-04
4.312413e+03	5.676514e-04
4.318582e+03	5.689324e-04
4.324752e+03	5.702132e-04
4.330921e+03	5.714940e-04
4.337091e+03	5.727745e-04
4.343260e+03	5.740550e-04
4.349429e+03	5.753352e-04
4.355599e+03	5.766153e-04
4.361768e+03	5.778952e-04
4.367938e+03	5.791749e-04
4.374107e+03	5.804543e-04
4.380276e+03	5.817335e-04
4.386446e+03	5.830125e-04
4.392615e+03	5.842912e-04
4.398785e+03	5.855696e-04
4.404954e+03	5.868477e-04
4.411123e+03	5.881255e-04
4.417293e+03	5.894030e-04
4.423462e+03	5.906801e-04
4.429632e+03	5.919569e-04
4.435801e+03	5.932333e-04
4.441970e+03	5.945094e-04
4.448140e+03	5.957850e-04
4.454309e+03	5.970602e-04
4.460479e+03	5.983351e-04
4.466648e+03	5.996094e-04
4.472817e+03	6.008834e-04
4.478987e+03	6.021568e-04
4.485156e+03	6.034298e-04
4.491326e+03	6.047023e-04
4.497495e+03	6.059742e-04
4.503664e+03	6.072457e-04
4.509834e+03	6.085166e-04
4.516003e+03	6.097869e-04
4.522173e+03	6.110567e-04
4.528342e+03	6.123259e-04
4.534511e+03	6.135945e-04
4.540681e+03	6.148625e-04
4.546850e+03	6.161298e-04
4.553020e+03	6.173965e-04
4.559189e+03	6.186626e-04
4.565359e+03	6.199280e-04
4.571528e+03	6.211927e-04
4.577697e+03	6.224567e-04
4.583867e+03	6.237200e-04
4.590036e+03	6.249826e-04
4.596206e+03	6.262444e-04
4.602375e+03	6.275054e-04
4.608544e+03	6.287657e-04
4.614714e+03	6.300252e-04
4.620883e+03	6.312839e-04
4.627053e+03	6.325418e-04
4.633222e+03	6.337988e-04
4.639391e+03	6.350550e-04
4.645561e+03	6.363103e-04
4.651730e+03	6.375647e-04
4.657900e+03	6.388183e-04
4.664069e+03	6.400709e-04
4.670238e+03	6.413227e-04
4.676408e+03	6.425734e-04
4.682577e+03	6.438233e-04
4.688747e+03	6.450721e-04
4.694916e+03	6.463200e-04
4.701085e+03	6.475669e-04
4.707255e+03	6.488127e-04
4.713424e+03	6.500576e-04
4.719594e+03	6.513014e-04
4.725763e+03	6.525441e-04
4.731932e+03	6.537857e-04
4.738102e+03	6.550263e-04
4.744271e+03	6.562658e-04
4.750441e+03	6.575041e-04
4.756610e+03	6.587413e-04
4.762779e+03	6.599774e-04
4.768949e+03	6.612122e-04
4.775118e+03	6.624460e-04
4.781288e+03	6.636785e-04
4.787457e+03	6.649098e-04
4.793626e+03	6.661398e-04
4.799796e+03	6.673687e-04
4.805965e+03	6.685963e-04
4.812135e+03	6.698226e-04
4.818304e+03	6.710476e-04
4.824473e+03	6.722713e-04
4.830643e+03	6.734937e-04
4.836812e+03	6.747148e-04
4.842982e+03	6.759345e-04
4.849151e+03	6.771528e-04
4.855320e+03	6.783698e-04
4.861490e+03	6.795854e-04
4.867659e+03	6.807996e-04
4.873829e+03	6.820123e-04
4.879998e+03	6.832236e-04
4.886167e+03	6.844334e-04
4.892337e+03	6.856418e-04
4.898506e+03	6.868487e-04
4.904676e+03	6.880541e-04
4.910845e+03	6.892580e-04
4.917014e+03	6.904603e-04
4.923184e+03	6.916611e-04
4.929353e+03	6.928603e-04
4.935523e+03	6.940580e-04
4.941692e+03	6.952540e-04
4.947862e+03	6.964485e-04
4.954031e+03	6.976413e-04
4.960200e+03	6.988325e-04
4.966370e+03	7.000220e-04
4.972539e+03	7.012099e-04
4.978709e+03	7.023960e-04
4.984878e+03	7.035805e-04
4.991047e+03	7.047633e-04
4.997217e+03	7.059443e-04
5.003386e+03	7.071235e-04
5.009556e+03	7.083011e-04
5.015725e+03	7.094768e-04
5.021894e+03	7.106507e-04
5.028064e+03	7.118228e-04
5.034233e+03	7.129931e-04
5.040403e+03	7.141616e-04
5.046572e+03	7.153282e-04
5.052741e+03	7.164930e-04
5.058911e+03	7.176558e-04
5.065080e+03	7.188168e-04
5.071250e+03	7.199758e-04
5.077419e+03	7.211329e-04
5.083588e+03	7.222881e-04
5.089758e+03	7.234413e-04
5.095927e+03	7.245925e-04
5.102097e+03	7.257417e-04
5.108266e+03	7.268889e-04
5.114435e+03	7.280341e-04
5.120605e+03	7.291773e-04
5.126774e+03	7.303184e-04
5.132944e+03	7.314574e-04
5.139113e+03	7.325943e-04
5.145282e+03	7.337292e-04
5.151452e+03	7.348619e-04
5.157621e+03	7.359925e-04
5.163791e+03	7.371210e-04
5.169960e+03	7.382473e-04
5.176129e+03	7.393714e-04
5.182299e+03	7.404933e-04
5.188468e+03	7.416130e-04
5.194638e+03	7.427305e-04
5.200807e+03	7.438458e-04
5.206976e+03	7.449588e-04
5.213146e+03	7.460696e-04
5.219315e+03	7.471780e-04
5.225485e+03	7.482842e-04
5.231654e+03	7.493880e-04
5.237823e+03	7.504896e-04
5.243993e+03	7.515888e-04
5.250162e+03	7.526856e-04
5.256332e+03	7.537801e-04
5.262501e+03	7.548721e-04
5.268670e+03	7.559618e-04
5.274840e+03	7.570491e-04
5.281009e+03	7.581339e-04
5.287179e+03	7.592163e-04
5.293348e+03	7.602962e-04
5.299518e+03	7.613736e-04
5.305687e+03	7.624486e-04
5.311856e+03	7.635210e-04
5.318026e+03	7.645909e-04
5.324195e+03	7.656583e-04
5.330365e+03	7.667231e-04
5.336534e+03	7.677854e-04
5.342703e+03	7.688451e-04
5.348873e+03	7.699022e-04
5.355042e+03	7.709567e-04
5.361212e+03	7.720085e-04
5.367381e+03	7.730577e-04
5.373550e+03	7.741043e-04
5.379720e+03	7.751482e-04
5.385889e+03	7.761894e-04
5.392059e+03	7.772279e-04
5.398228e+03	7.782637e-04
5.404397e+03	7.792968e-04
5.410567e+03	7.803271e-04
5.416736e+03	7.813547e-04
5.422906e+03	7.823795e-04
5.429075e+03	7.834016e-04
5.435244e+03	7.844208e-04
5.441414e+03	7.854372e-04
5.447583e+03	7.864508e-04
5.453753e+03	7.874615e-04
5.459922e+03	7.884694e-04
5.466091e+03	7.894744e-04
5.472261e+03	7.904766e-04
5.478430e+03	7.914758e-04
5.484600e+03	7.924721e-04
5.490769e+03	7.934655e-04
5.496938e+03	7.944560e-04
5.503108e+03	7.954434e-04
5.509277e+03	7.964280e-04
5.515447e+03	7.974095e-04
5.521616e+03	7.983881e-04
5.527785e+03	7.993636e-04
5.533955e+03	8.003361e-04
5.540124e+03	8.013056e-04
5.546294e+03	8.022720e-04
5.552463e+03	8.032353e-04
5.558632e+03	8.041956e-04
5.564802e+03	8.051527e-04
5.570971e+03	8.061068e-04
5.577141e+03	8.070577e-04
5.583310e+03	8.080055e-04
5.589479e+03	8.089502e-04
5.595649e+03	8.098917e-04
5.601818e+03	8.108300e-04
5.607988e+03	8.117651e-04
5.614157e+03	8.126970e-04
5.620326e+03	8.136257e-04
5.626496e+03	8.145511e-04
5.632665e+03	8.154734e-04
5.638835e+03	8.163923e-04
5.645004e+03	8.173080e-04
5.651173e+03	8.182204e-04
5.657343e+03	8.191295e-04
5.663512e+03	8.200353e-04
5.669682e+03	8.209378e-04
5.675851e+03	8.218369e-04
5.682021e+03	8.227327e-04
5.688190e+03	8.236251e-04
5.694359e+03	8.245141e-04
5.700529e+03	8.253998e-04
5.706698e+03	8.262820e-04
5.712868e+03	8.271608e-04
5.719037e+03	8.280362e-04
5.725206e+03	8.289082e-04
5.731376e+03	8.297767e-04
5.737545e+03	8.306417e-04
5.743715e+03	8.315032e-04
5.749884e+03	8.323613e-04
5.756053e+03	8.332159e-04
5.762223e+03	8.340669e-04
5.768392e+03	8.349144e-04
5.774562e+03	8.357583e-04
5.780731e+03	8.365987e-04
5.786900e+03	8.374356e-04
5.793070e+03	8.382688e-04
5.799239e+03	8.390985e-04
5.805409e+03	8.399246e-04
5.811578e+03	8.407470e-04
5.817747e+03	8.415658e-04
5.823917e+03	8.423810e-04
5.830086e+03	8.431925e-04
5.836256e+03	8.440003e-04
5.842425e+03	8.448045e-04
5.848594e+03	8.456050e-04
5.854764e+03	8.464017e-04
5.860933e+03	8.471948e-04
5.867103e+03	8.479841e-04
5.873272e+03	8.487697e-04
5.879441e+03	8.495516e-04
5.885611e+03	8.503297e-04
5.891780e+03	8.511040e-04
5.897950e+03	8.518745e-04
5.904119e+03	8.526412e-04
5.910288e+03	8.534042e-04
5.916458e+03	8.541633e-04
5.922627e+03	8.549185e-04
5.928797e+03	8.556700e-04
5.934966e+03	8.564176e-04
5.941135e+03	8.571613e-04
5.947305e+03	8.579011e-04
5.953474e+03	8.586371e-04
5.959644e+03	8.593691e-04
5.965813e+03	8.600973e-04
5.971982e+03	8.608215e-04
5.978152e+03	8.615418e-04
5.984321e+03	8.622582e-04
5.990491e+03	8.629706e-04
5.996660e+03	8.636790e-04
6.002829e+03	8.643835e-04
6.008999e+03	8.650839e-04
6.015168e+03	8.657804e-04
6.021338e+03	8.664729e-04
6.027507e+03	8.671614e-04
6.033677e+03	8.678458e-04
6.039846e+03	8.685262e-04
6.046015e+03	8.692026e-04
6.052185e+03	8.698749e-04
6.058354e+03	8.705431e-04
6.064524e+03	8.712072e-04
6.070693e+03	8.718673e-04
6.076862e+03	8.725233e-04
6.083032e+03	8.731751e-04
6.089201e+03	8.738229e-04
6.095371e+03	8.744665e-04
6.101540e+03	8.751059e-04
6.107709e+03	8.757413e-04
6.113879e+03	8.763724e-04
6.120048e+03	8.769994e-04
6.126218e+03	8.776223e-04
6.132387e+03	8.782409e-04
6.138556e+03	8.788553e-04
6.144726e+03	8.794656e-04
6.150895e+03	8.800716e-04
6.157065e+03	8.806734e-04
6.163234e+03	8.812710e-04
6.169403e+03	8.818643e-04
6.175573e+03	8.824533e-04
6.181742e+03	8.830382e-04
6.187912e+03	8.836187e-04
6.194081e+03	8.841950e-04
6.200250e+03	8.847669e-04
6.206420e+03	8.853346e-04
6.212589e+03	8.858980e-04
6.218759e+03	8.864571e-04
6.224928e+03	8.870118e-04
6.231097e+03	8.875622e-04
6.237267e+03	8.881083e-04
6.243436e+03	8.886500e-04
6.249606e+03	8.891874e-04
6.255775e+03	8.897204e-04
6.261944e+03	8.902490e-04
6.268114e+03	8.907733e-04
6.274283e+03	8.912931e-04
6.280453e+03	8.918086e-04
6.286622e+03	8.923196e-04
6.292791e+03	8.928263e-04
6.298961e+03	8.933285e-04
6.305130e+03	8.938263e-04
6.311300e+03	8.943197e-04
6.317469e+03	8.948086e-04
6.323638e+03	8.952931e-04
6.329808e+03	8.957731e-04
6.335977e+03	8.962486e-04
6.342147e+03	8.967197e-04
6.348316e+03	8.971863e-04
6.354485e+03	8.976484e-04
6.360655e+03	8.981060e-04
6.366824e+03	8.985591e-04
6.372994e+03	8.990077e-04
6.379163e+03	8.994518e-04
6.385332e+03	8.998913e-04
6.391502e+03	9.003264e-04
6.397671e+03	9.007569e-04
6.403841e+03	9.011828e-04
6.410010e+03	9.016042e-04
6.416180e+03	9.020210e-04
6.422349e+03	9.024333e-04
6.428518e+03	9.028410e-04
6.434688e+03	9.032442e-04
6.440857e+03	9.036427e-04
6.447027e+03	9.040367e-04
6.453196e+03	9.044260e-04
6.459365e+03	9.048108e-04
6.465535e+03	9.051909e-04
6.471704e+03	9.055665e-04
6.477874e+03	9.059374e-04
6.484043e+03	9.063037e-04
6.490212e+03	9.066654e-04
6.496382e+03	9.070224e-04
6.502551e+03	9.073748e-04
6.508721e+03	9.077226e-04
6.514890e+03	9.080657e-04
6.521059e+03	9.084041e-04
6.527229e+03	9.087379e-04
6.533398e+03	9.090670e-04
6.539568e+03	9.093914e-04
6.545737e+03	9.097112e-04
6.551906e+03	9.100262e-04
6.558076e+03	9.103366e-04
6.564245e+03	9.106423e-04
6.570415e+03	9.109433e-04
6.576584e+03	9.112396e-04
6.582753e+03	9.115312e-04
6.588923e+03	9.118180e-04
6.595092e+03	9.121002e-04
6.601262e+03	9.123776e-04
6.607431e+03	9.126503e-04
6.613600e+03	9.129183e-04
6.619770e+03	9.131815e-04
6.625939e+03	9.134400e-04
6.632109e+03	9.136938e-04
6.638278e+03	9.139428e-04
6.644447e+03	9.141870e-04
6.650617e+03	9.144266e-04
6.656786e+03	9.146613e-04
6.662956e+03	9.148913e-04
6.669125e+03	9.151165e-04
6.675294e+03	9.153370e-04
6.681464e+03	9.155527e-04
6.687633e+03	9.157636e-04
6.693803e+03	9.159697e-04
6.699972e+03	9.161711e-04
6.706141e+03	9.163676e-04
6.712311e+03	9.165594e-04
6.718480e+03	9.167464e-04
6.724650e+03	9.169286e-04
6.730819e+03	9.171060e-04
6.736988e+03	9.172786e-04
6.743158e+03	9.174463e-04
6.749327e+03	9.176093e-04
6.755497e+03	9.177675e-04
6.761666e+03	9.179209e-04
6.767836e+03	9.180694e-04
6.774005e+03	9.182132e-04
6.780174e+03	9.183521e-04
6.786344e+03	9.184862e-04
6.792513e+03	9.186155e-04
6.798683e+03	9.187399e-04
6.804852e+03	9.188595e-04
6.811021e+03	9.189744e-04
6.817191e+03	9.190843e-04
6.823360e+03	9.191895e-04
6.829530e+03	9.192898e-04
6.835699e+03	9.193853e-04
6.841868e+03	9.194759e-04
6.848038e+03	9.195617e-04
6.854207e+03	9.196427e-04
6.860377e+03	9.197188e-04
6.866546e+03	9.197901e-04
6.872715e+03	9.198565e-04
6.878885e+03	9.199181e-04
6.885054e+03	9.199748e-04
6.891224e+03	9.200268e-04
6.897393e+03	9.200738e-04
6.903562e+03	9.201160e-04
6.909732e+03	9.201534e-04
6.915901e+03	9.201859e-04
6.922071e+03	9.202136e-04
6.928240e+03	9.202364e-04
6.934409e+03	9.202544e-04
6.940579e+03	9.202675e-04
6.946748e+03	9.202758e-04
6.952918e+03	9.202792e-04
6.959087e+03	9.202778e-04
6.965256e+03	9.202715e-04
6.971426e+03	9.202604e-04
6.977595e+03	9.202444e-04
6.983765e+03	9.202236e-04
6.989934e+03	9.201979e-04
6.996103e+03	9.201674e-04
7.002273e+03	9.201320e-04
7.008442e+03	9.200918e-04
7.014612e+03	9.200467e-04
7.020781e+03	9.199968e-04
7.026950e+03	9.199420e-04
7.033120e+03	9.198824e-04
7.039289e+03	9.198180e-04
7.045459e+03	9.197487e-04
7.051628e+03	9.196745e-04
7.057797e+03	9.195956e-04
7.063967e+03	9.195118e-04
7.070136e+03	9.194231e-04
7.076306e+03	9.193296e-04
7.082475e+03	9.192313e-04
7.088644e+03	9.191281e-04
7.094814e+03	9.190202e-04
7.100983e+03	9.189073e-04
7.107153e+03	9.187897e-04
7.113322e+03	9.186672e-04
7.119492e+03	9.185399e-04
7.125661e+03	9.184078e-04
7.131830e+03	9.182709e-04
7.138000e+03	9.181291e-04
7.144169e+03	9.179825e-04
7.150339e+03	9.178311e-04
7.156508e+03	9.176749e-04
7.162677e+03	9.175139e-04
7.168847e+03	9.173481e-04
7.175016e+03	9.171775e-04
7.181186e+03	9.170021e-04
7.187355e+03	9.168219e-04
7.193524e+03	9.166369e-04
7.199694e+03	9.164471e-04
7.205863e+03	9.162525e-04
7.212033e+03	9.160531e-04
7.218202e+03	9.158489e-04
7.224371e+03	9.156400e-04
7.230541e+03	9.154262e-04
7.236710e+03	9.152078e-04
7.242880e+03	9.149845e-04
7.249049e+03	9.147565e-04
7.255218e+03	9.145237e-04
7.261388e+03	9.142861e-04
7.267557e+03	9.140438e-04
7.273727e+03	9.137967e-04
7.279896e+03	9.135449e-04
7.286065e+03	9.132884e-04
7.292235e+03	9.130271e-04
7.298404e+03	9.127611e-04
7.304574e+03	9.124903e-04
7.310743e+03	9.122148e-04
7.316912e+03	9.119346e-04
7.323082e+03	9.116497e-04
7.329251e+03	9.113600e-04
7.335421e+03	9.110657e-04
7.341590e+03	9.107666e-04
7.347759e+03	9.104629e-04
7.353929e+03	9.101544e-04
7.360098e+03	9.098413e-04
7.366268e+03	9.095235e-04
7.372437e+03	9.092009e-04
7.378606e+03	9.088738e-04
7.384776e+03	9.085419e-04
7.390945e+03	9.082054e-04
7.397115e+03	9.078642e-04
7.403284e+03	9.075184e-04
7.409453e+03	9.071679e-04
7.415623e+03	9.068128e-04
7.421792e+03	9.064530e-04
7.427962e+03	9.060886e-04
7.434131e+03	9.057196e-04
7.440300e+03	9.053459e-04
7.446470e+03	9.049677e-04
7.452639e+03	9.045848e-04
7.458809e+03	9.041973e-04
7.464978e+03	9.038053e-04
7.471147e+03	9.034086e-04
7.477317e+03	9.030073e-04
7.483486e+03	9.026015e-04
7.489656e+03	9.021911e-04
7.495825e+03	9.017762e-04
7.501995e+03	9.013566e-04
7.508164e+03	9.009326e-04
7.514333e+03	9.005039e-04
7.520503e+03	9.000708e-04
7.526672e+03	8.996331e-04
7.532842e+03	8.991909e-04
7.539011e+03	8.987441e-04
7.545180e+03	8.982929e-04
7.551350e+03	8.978371e-04
7.557519e+03	8.973769e-04
7.563689e+03	8.969121e-04
7.569858e+03	8.964429e-04
7.576027e+03	8.959692e-04
7.582197e+03	8.954910e-04
7.588366e+03	8.950084e-04
7.594536e+03	8.945213e-04
7.600705e+03	8.940297e-04
7.606874e+03	8.935337e-04
7.613044e+03	8.930333e-04
7.619213e+03	8.925285e-04
7.625383e+03	8.920193e-04
7.631552e+03	8.915056e-04
7.637721e+03	8.909875e-04
7.643891e+03	8.904651e-04
7.650060e+03	8.899383e-04
7.656230e+03	8.894071e-04
7.662399e+03	8.888715e-04
7.668568e+03	8.883316e-04
7.674738e+03	8.877873e-04
7.680907e+03	8.872386e-04
7.687077e+03	8.866857e-04
7.693246e+03	8.861284e-04
7.699415e+03	8.855668e-04
7.705585e+03	8.850009e-04
7.711754e+03	8.844307e-04
7.717924e+03	8.838562e-04
7.724093e+03	8.832774e-04
7.730262e+03	8.826943e-04
7.736432e+03	8.821070e-04
7.742601e+03	8.815154e-04
7.748771e+03	8.809196e-04
7.754940e+03	8.803196e-04
7.761109e+03	8.797153e-04
7.767279e+03	8.791068e-04
7.773448e+03	8.784941e-04
7.779618e+03	8.778771e-04
7.785787e+03	8.772560e-04
7.791956e+03	8.766308e-04
7.798126e+03	8.760013e-04
7.804295e+03	8.753677e-04
7.810465e+03	8.747299e-04
7.816634e+03	8.740880e-04
7.822803e+03	8.734420e-04
7.828973e+03	8.727918e-04
7.835142e+03	8.721375e-04
7.841312e+03	8.714792e-04
7.847481e+03	8.708167e-04
7.853651e+03	8.701501e-04
7.859820e+03	8.694795e-04
7.865989e+03	8.688048e-04
7.872159e+03	8.681261e-04
7.878328e+03	8.674433e-04
7.884498e+03	8.667565e-04
7.890667e+03	8.660657e-04
7.896836e+03	8.653708e-04
7.903006e+03	8.646720e-04
7.909175e+03	8.639692e-04
7.915345e+03	8.632623e-04
7.921514e+03	8.625516e-04
7.927683e+03	8.618368e-04
7.933853e+03	8.611182e-04
7.940022e+03	8.603955e-04
7.946192e+03	8.596690e-04
7.952361e+03	8.589386e-04
7.958530e+03	8.582042e-04
7.964700e+03	8.574660e-04
7.970869e+03	8.567238e-04
7.977039e+03	8.559778e-04
7.983208e+03	8.552280e-04
7.989377e+03	8.544743e-04
7.995547e+03	8.537168e-04
8.001716e+03	8.529554e-04
8.007886e+03	8.521902e-04
8.014055e+03	8.514213e-04
8.020224e+03	8.506485e-04
8.026394e+03	8.498720e-04
8.032563e+03	8.490917e-04
8.038733e+03	8.483076e-04
8.044902e+03	8.475198e-04
8.051071e+03	8.467283e-04
8.057241e+03	8.459330e-04
8.063410e+03	8.451341e-04
8.069580e+03	8.443314e-04
8.075749e+03	8.435251e-04
8.081918e+03	8.427151e-04
8.088088e+03	8.419014e-04
8.094257e+03	8.410841e-04
8.100427e+03	8.402632e-04
8.106596e+03	8.394386e-04
8.112765e+03	8.386104e-04
8.118935e+03	8.377786e-04
8.125104e+03	8.369433e-04
8.131274e+03	8.361043e-04
8.137443e+03	8.352618e-04
8.143612e+03	8.344158e-04
8.149782e+03	8.335662e-04
8.155951e+03	8.327131e-04
8.162121e+03	8.318565e-04
8.168290e+03	8.309964e-04
8.174459e+03	8.301328e-04
8.180629e+03	8.292657e-04
8.186798e+03	8.283952e-04
8.192968e+03	8.275212e-04
8.199137e+03	8.266438e-04
8.205306e+03	8.257629e-04
8.211476e+03	8.248787e-04
8.217645e+03	8.239910e-04
8.223815e+03	8.231000e-04
8.229984e+03	8.222056e-04
8.236154e+03	8.213079e-04
8.242323e+03	8.204068e-04
8.248492e+03	8.195024e-04
8.254662e+03	8.185946e-04
8.260831e+03	8.176836e-04
8.267001e+03	8.167692e-04
8.273170e+03	8.158516e-04
8.279339e+03	8.149307e-04
8.285509e+03	8.140066e-04
8.291678e+03	8.130792e-04
8.297848e+03	8.121487e-04
8.304017e+03	8.112149e-04
8.310186e+03	8.102779e-04
8.316356e+03	8.093377e-04
8.322525e+03	8.083943e-04
8.328695e+03	8.074478e-04
8.334864e+03	8.064982e-04
8.341033e+03	8.055454e-04
8.347203e+03	8.045895e-04
8.353372e+03	8.036305e-04
8.359542e+03	8.026685e-04
8.365711e+03	8.017033e-04
8.371880e+03	8.007351e-04
8.378050e+03	7.997638e-04
8.384219e+03	7.987896e-04
8.390389e+03	7.978122e-04
8.396558e+03	7.968319e-04
8.402727e+03	7.958486e-04
8.408897e+03	7.948624e-04
8.415066e+03	7.938731e-04
8.421236e+03	7.928809e-04
8.427405e+03	7.918858e-04
8.433574e+03	7.908878e-04
8.439744e+03	7.898868e-04
8.445913e+03	7.888830e-04
8.452083e+03	7.878763e-04
8.458252e+03	7.868667e-04
8.464421e+03	7.858543e-04
8.470591e+03	7.848391e-04
8.476760e+03	7.838210e-04
8.482930e+03	7.828001e-04
8.489099e+03	7.817764e-04
8.495268e+03	7.807500e-04
8.501438e+03	7.797208e-04
8.507607e+03	7.786888e-04
8.513777e+03	7.776542e-04
8.519946e+03	7.766168e-04
8.526115e+03	7.755767e-04
8.532285e+03	7.745339e-04
8.538454e+03	7.734884e-04
8.544624e+03	7.724403e-04
8.550793e+03	7.713895e-04
8.556962e+03	7.703361e-04
8.563132e+03	7.692801e-04
8.569301e+03	7.682214e-04
8.575471e+03	7.671602e-04
8.581640e+03	7.660965e-04
8.587810e+03	7.650301e-04
8.593979e+03	7.639612e-04
8.600148e+03	7.628898e-04
8.606318e+03	7.618159e-04
8.612487e+03	7.607395e-04
8.618657e+03	7.596606e-04
8.624826e+03	7.585792e-04
8.630995e+03	7.574954e-04
8.637165e+03	7.564092e-04
8.643334e+03	7.553205e-04
8.649504e+03	7.542294e-04
8.655673e+03	7.531359e-04
8.661842e+03	7.520401e-04
8.668012e+03	7.509418e-04
8.674181e+03	7.498413e-04
8.680351e+03	7.487384e-04
8.686520e+03	7.476332e-04
8.692689e+03	7.465256e-04
8.698859e+03	7.454158e-04
8.705028e+03	7.443037e-04
8.711198e+03	7.431894e-04
8.717367e+03	7.420728e-04
8.723536e+03	7.409540e-04
8.729706e+03	7.398330e-04
8.735875e+03	7.387098e-04
8.742045e+03	7.375843e-04
8.748214e+03	7.364568e-04
8.754383e+03	7.353271e-04
8.760553e+03	7.341952e-04
8.766722e+03	7.330612e-04
8.772892e+03	7.319251e-04
8.779061e+03	7.307870e-04
8.785230e+03	7.296467e-04
8.791400e+03	7.285044e-04
8.797569e+03	7.273600e-04
8.803739e+03	7.262137e-04
8.809908e+03	7.250653e-04
8.816077e+03	7.239149e-04
8.822247e+03	7.227625e-04
8.828416e+03	7.216081e-04
8.834586e+03	7.204518e-04
8.840755e+03	7.192936e-04
8.846924e+03	7.181334e-04
8.853094e+03	7.169713e-04
8.859263e+03	7.158074e-04
8.865433e+03	7.146415e-04
8.871602e+03	7.134738e-04
8.877771e+03	7.123043e-04
8.883941e+03	7.111329e-04
8.890110e+03	7.099597e-04
8.896280e+03	7.087847e-04
8.902449e+03	7.076079e-04
8.908618e+03	7.064294e-04
8.914788e+03	7.052491e-04
8.920957e+03	7.040671e-04
8.927127e+03	7.028833e-04
8.933296e+03	7.016978e-04
8.939465e+03	7.005107e-04
8.945635e+03	6.993218e-04
8.951804e+03	6.981313e-04
8.957974e+03	6.969392e-04
8.964143e+03	6.957454e-04
8.970313e+03	6.945500e-04
8.976482e+03	6.933530e-04
8.982651e+03	6.921544e-04
8.988821e+03	6.909543e-04
8.994990e+03	6.897526e-04
9.001160e+03	6.885493e-04
9.007329e+03	6.873445e-04
9.013498e+03	6.861383e-04
9.019668e+03	6.849305e-04
9.025837e+03	6.837213e-04
9.032007e+03	6.825105e-04
9.038176e+03	6.812984e-04
9.044345e+03	6.800848e-04
9.050515e+03	6.788698e-04
9.056684e+03	6.776534e-04
9.062854e+03	6.764356e-04
9.069023e+03	6.752165e-04
9.075192e+03	6.739960e-04
9.081362e+03	6.727741e-04
9.087531e+03	6.715509e-04
9.093701e+03	6.703264e-04
9.099870e+03	6.691007e-04
9.106039e+03	6.678736e-04
9.112209e+03	6.666453e-04
9.118378e+03	6.654157e-04
9.124548e+03	6.641849e-04
9.130717e+03	6.629529e-04
9.136886e+03	6.617197e-04
9.143056e+03	6.604853e-04
9.149225e+03	6.592497e-04
9.155395e+03	6.580130e-04
9.161564e+03	6.567751e-04
9.167733e+03	6.555361e-04
9.173903e+03	6.542960e-04
9.180072e+03	6.530548e-04
9.186242e+03	6.518125e-04
9.192411e+03	6.505691e-04
9.198580e+03	6.493247e-04
9.204750e+03	6.480793e-04
9.210919e+03	6.468328e-04
9.217089e+03	6.455854e-04
9.223258e+03	6.443369e-04
9.229427e+03	6.430875e-04
9.235597e+03	6.418371e-04
9.241766e+03	6.405858e-04
9.247936e+03	6.393335e-04
9.254105e+03	6.380803e-04
9.260274e+03	6.368262e-04
9.266444e+03	6.355713e-04
9.272613e+03	6.343154e-04
9.278783e+03	6.330587e-04
9.284952e+03	6.318012e-04
9.291121e+03	6.305429e-04
9.297291e+03	6.292837e-04
9.303460e+03	6.280237e-04
9.309630e+03	6.267630e-04
9.315799e+03	6.255015e-04
9.321969e+03	6.242392e-04
9.328138e+03	6.229763e-04
9.334307e+03	6.217125e-04
9.340477e+03	6.204481e-04
9.346646e+03	6.191830e-04
9.352816e+03	6.179172e-04
9.358985e+03	6.166508e-04
9.365154e+03	6.153837e-04
9.371324e+03	6.141159e-04
9.377493e+03	6.128476e-04
9.383663e+03	6.115786e-04
9.389832e+03	6.103091e-04
9.396001e+03	6.090390e-04
9.402171e+03	6.077683e-04
9.408340e+03	6.064971e-04
9.414510e+03	6.052253e-04
9.420679e+03	6.039531e-04
9.426848e+03	6.026803e-04
9.433018e+03	6.014070e-04
9.439187e+03	6.001333e-04
9.445357e+03	5.988591e-04
9.451526e+03	5.975845e-04
9.457695e+03	5.963094e-04
9.463865e+03	5.950340e-04
9.470034e+03	5.937581e-04
9.476204e+03	5.924818e-04
9.482373e+03	5.912052e-04
9.488542e+03	5.899282e-04
9.494712e+03	5.886508e-04
9.500881e+03	5.873732e-04
9.507051e+03	5.860952e-04
9.513220e+03	5.848169e-04
9.519389e+03	5.835383e-04
9.525559e+03	5.822595e-04
9.531728e+03	5.809804e-04
9.537898e+03	5.797010e-04
9.544067e+03	5.784214e-04
9.550236e+03	5.771416e-04
9.556406e+03	5.758616e-04
9.562575e+03	5.745814e-04
9.568745e+03	5.733011e-04
9.574914e+03	5.720205e-04
9.581083e+03	5.707399e-04
9.587253e+03	5.694591e-04
9.593422e+03	5.681781e-04
9.599592e+03	5.668971e-04
9.605761e+03	5.656160e-04
9.611930e+03	5.643347e-04
9.618100e+03	5.630535e-04
9.624269e+03	5.617721e-04
9.630439e+03	5.604908e-04
9.636608e+03	5.592094e-04
9.642777e+03	5.579280e-04
9.648947e+03	5.566466e-04
9.655116e+03	5.553652e-04
9.661286e+03	5.540839e-04
9.667455e+03	5.528026e-04
9.673625e+03	5.515213e-04
9.679794e+03	5.502401e-04
9.685963e+03	5.489590e-04
9.692133e+03	5.476780e-04
9.698302e+03	5.463971e-04
9.704472e+03	5.451164e-04
9.710641e+03	5.438357e-04
9.716810e+03	5.425552e-04
9.722980e+03	5.412749e-04
9.729149e+03	5.399948e-04
9.735319e+03	5.387148e-04
9.741488e+03	5.374351e-04
9.747657e+03	5.361555e-04
9.753827e+03	5.348762e-04
9.759996e+03	5.335971e-04
9.766166e+03	5.323183e-04
9.772335e+03	5.310397e-04
9.778504e+03	5.297615e-04
9.784674e+03	5.284835e-04
9.790843e+03	5.272058e-04
9.797013e+03	5.259284e-04
9.803182e+03	5.246514e-04
9.809351e+03	5.233747e-04
9.815521e+03	5.220984e-04
9.821690e+03	5.208224e-04
9.827860e+03	5.195468e-04
9.834029e+03	5.182716e-04
9.840198e+03	5.169968e-04
9.846368e+03	5.157225e-04
9.852537e+03	5.144485e-04
9.858707e+03	5.131750e-04
9.864876e+03	5.119020e-04
9.871045e+03	5.106294e-04
9.877215e+03	5.093573e-04
9.883384e+03	5.080857e-04
9.889554e+03	5.068146e-04
9.895723e+03	5.055440e-04
9.901892e+03	5.042739e-04
9.908062e+03	5.030044e-04
9.914231e+03	5.017355e-04
9.920401e+03	5.004671e-04
9.926570e+03	4.991992e-04
9.932739e+03	4.979320e-04
9.938909e+03	4.966653e-04
9.945078e+03	4.953993e-04
9.951248e+03	4.941339e-04
9.957417e+03	4.928691e-04
9.963586e+03	4.916050e-04
9.969756e+03	4.903415e-04
9.975925e+03	4.890787e-04
9.982095e+03	4.878166e-04
9.988264e+03	4.865552e-04
9.994433e+03	4.852945e-04
1.000060e+04	4.840345e-04
1.000677e+04	4.827752e-04
1.001294e+04	4.815167e-04
1.001911e+04	4.802589e-04
1.002528e+04	4.790018e-04
1.003145e+04	4.777456e-04
1.003762e+04	4.764901e-04
1.004379e+04	4.752354e-04
1.004996e+04	4.739816e-04
1.005613e+04	4.727285e-04
1.006230e+04	4.714763e-04
1.006847e+04	4.702249e-04
1.007464e+04	4.689744e-04
1.008081e+04	4.677247e-04
1.008697e+04	4.664759e-04
1.009314e+04	4.652279e-04
1.009931e+04	4.639809e-04
1.010548e+04	4.627348e-04
1.011165e+04	4.614896e-04
1.011782e+04	4.602453e-04
1.012399e+04	4.590019e-04
1.013016e+04	4.577595e-04
1.013633e+04	4.565181e-04
1.014250e+04	4.552776e-04
1.014867e+04	4.540381e-04
1.015484e+04	4.527996e-04
1.016101e+04	4.515621e-04
1.016718e+04	4.503256e-04
1.017335e+04	4.490901e-04
1.017952e+04	4.478556e-04
1.018568e+04	4.466222e-04
1.019185e+04	4.453898e-04
1.019802e+04	4.441585e-04
1.020419e+04	4.429283e-04
1.021036e+04	4.416991e-04
1.021653e+04	4.404711e-04
1.022270e+04	4.392441e-04
1.022887e+04	4.380182e-04
1.023504e+04	4.367935e-04
1.024121e+04	4.355699e-04
1.024738e+04	4.343474e-04
1.025355e+04	4.331261e-04
1.025972e+04	4.319059e-04
1.026589e+04	4.306869e-04
1.027206e+04	4.294691e-04
1.027823e+04	4.282524e-04
1.028440e+04	4.270370e-04
1.029056e+04	4.258228e-04
1.029673e+04	4.246097e-04
1.030290e+04	4.233979e-04
1.030907e+04	4.221874e-04
1.031524e+04	4.209781e-04
1.032141e+04	4.197700e-04
1.032758e+04	4.185632e-04
1.033375e+04	4.173577e-04
1.033992e+04	4.161534e-04
1.034609e+04	4.149504e-04
1.035226e+04	4.137487e-04
1.035843e+04	4.125484e-04
1.036460e+04	4.113493e-04
1.037077e+04	4.101516e-04
1.037694e+04	4.089552e-04
1.038311e+04	4.077601e-04
1.038928e+04	4.065664e-04
1.039544e+04	4.053741e-04
1.040161e+04	4.041831e-04
1.040778e+04	4.029935e-04
1.041395e+04	4.018053e-04
1.042012e+04	4.006184e-04
1.042629e+04	3.994330e-04
1.043246e+04	3.982490e-04
1.043863e+04	3.970664e-04
1.044480e+04	3.958852e-04
1.045097e+04	3.947054e-04
1.045714e+04	3.935271e-04
1.046331e+04	3.923503e-04
1.046948e+04	3.911749e-04
1.047565e+04	3.900010e-04
1.048182e+04	3.888285e-04
1.048799e+04	3.876575e-04
1.049416e+04	3.864880e-04
1.050032e+04	3.853201e-04
1.050649e+04	3.841536e-04
1.051266e+04	3.829886e-04
1.051883e+04	3.818251e-04
1.052500e+04	3.806632e-04
1.053117e+04	3.795028e-04
1.053734e+04	3.783440e-04
1.054351e+04	3.771867e-04
1.054968e+04	3.760310e-04
1.055585e+04	3.748768e-04
1.056202e+04	3.737242e-04
1.056819e+04	3.725732e-04
1.057436e+04	3.714238e-04
1.058053e+04	3.702759e-04
1.058670e+04	3.691297e-04
1.059287e+04	3.679851e-04
1.059904e+04	3.668421e-04
1.060520e+04	3.657007e-04
1.061137e+04	3.645609e-04
1.061754e+04	3.634228e-04
1.062371e+04	3.622863e-04
1.062988e+04	3.611515e-04
1.063605e+04	3.600184e-04
1.064222e+04	3.588869e-04
1.064839e+04	3.577570e-04
1.065456e+04	3.566289e-04
1.066073e+04	3.555024e-04
1.066690e+04	3.543776e-04
1.067307e+04	3.532546e-04
1.067924e+04	3.521332e-04
1.068541e+04	3.510135e-04
1.069158e+04	3.498956e-04
1.069775e+04	3.487793e-04
1.070391e+04	3.476648e-04
1.071008e+04	3.465521e-04
1.071625e+04	3.454410e-04
1.072242e+04	3.443318e-04
1.072859e+04	3.432242e-04
1.073476e+04	3.421185e-04
1.074093e+04	3.410145e-04
1.074710e+04	3.399122e-04
1.075327e+04	3.388118e-04
1.075944e+04	3.377131e-04
1.076561e+04	3.366162e-04
1.077178e+04	3.355212e-04
1.077795e+04	3.344279e-04
1.078412e+04	3.333364e-04
1.079029e+04	3.322467e-04
1.079646e+04	3.311589e-04
1.080263e+04	3.300728e-04
1.080879e+04	3.289886e-04
1.081496e+04	3.279063e-04
1.082113e+04	3.268257e-04
1.082730e+04	3.257471e-04
1.083347e+04	3.246702e-04
1.083964e+04	3.235952e-04
1.084581e+04	3.225221e-04
1.085198e+04	3.214509e-04
1.085815e+04	3.203815e-04
1.086432e+04	3.193140e-04
1.087049e+04	3.182483e-04
1.087666e+04	3.171846e-04
1.088283e+04	3.161227e-04
1.088900e+04	3.150627e-04
1.089517e+04	3.140047e-04
1.090134e+04	3.129485e-04
1.090751e+04	3.118943e-04
1.091367e+04	3.108419e-04
1.091984e+04	3.097915e-04
1.092601e+04	3.087430e-04
1.093218e+04	3.076964e-04
1.093835e+04	3.066518e-04
1.094452e+04	3.056091e-04
1.095069e+04	3.045683e-04
1.095686e+04	3.035295e-04
1.096303e+04	3.024926e-04
1.096920e+04	3.014577e-04
1.097537e+04	3.004247e-04
1.098154e+04	2.993937e-04
1.098771e+04	2.983647e-04
1.099388e+04	2.973376e-04
1.100005e+04	2.963126e-04
1.100622e+04	2.952894e-04
1.101239e+04	2.942683e-04
1.101855e+04	2.932492e-04
1.102472e+04	2.922320e-04
1.103089e+04	2.912169e-04
1.103706e+04	2.902037e-04
1.104323e+04	2.891925e-04
1.104940e+04	2.881834e-04
1.105557e+04	2.871762e-04
1.106174e+04	2.861711e-04
1.106791e+04	2.851680e-04
1.107408e+04	2.841669e-04
1.108025e+04	2.831678e-04
1.108642e+04	2.821707e-04
1.109259e+04	2.811757e-04
1.109876e+04	2.801827e-04
1.110493e+04	2.791917e-04
1.111110e+04	2.782028e-04
1.111726e+04	2.772159e-04
1.112343e+04	2.762311e-04
1.112960e+04	2.752483e-04
1.113577e+04	2.742676e-04
1.114194e+04	2.732889e-04
1.114811e+04	2.723123e-04
1.115428e+04	2.713377e-04
1.116045e+04	2.703652e-04
1.116662e+04	2.693947e-04
1.117279e+04	2.684264e-04
1.117896e+04	2.674601e-04
1.118513e+04	2.664959e-04
1.119130e+04	2.655337e-04
1.119747e+04	2.645737e-04
1.120364e+04	2.636157e-04
1.120981e+04	2.626598e-04
1.121598e+04	2.617060e-04
1.122214e+04	2.607542e-04
1.122831e+04	2.598046e-04
1.123448e+04	2.588571e-04
1.124065e+04	2.579116e-04
1.124682e+04	2.569683e-04
1.125299e+04	2.560270e-04
1.125916e+04	2.550879e-04
1.126533e+04	2.541509e-04
1.127150e+04	2.532159e-04
1.127767e+04	2.522831e-04
1.128384e+04	2.513524e-04
1.129001e+04	2.504238e-04
1.129618e+04	2.494974e-04
1.130235e+04	2.485730e-04
1.130852e+04	2.476508e-04
1.131469e+04	2.467307e-04
1.132086e+04	2.458127e-04
1.132702e+04	2.448968e-04
1.133319e+04	2.439830e-04
1.133936e+04	2.430714e-04
1.134553e+04	2.421620e-04
1.135170e+04	2.412546e-04
1.135787e+04	2.403494e-04
1.136404e+04	2.394463e-04
1.137021e+04	2.385454e-04
1.137638e+04	2.376465e-04
1.138255e+04	2.367499e-04
1.138872e+04	2.358553e-04
1.139489e+04	2.349629e-04
1.140106e+04	2.340727e-04
1.140723e+04	2.331846e-04
1.141340e+04	2.322986e-04
1.141957e+04	2.314148e-04
1.142574e+04	2.305332e-04
1.143190e+04	2.296537e-04
1.143807e+04	2.287763e-04
1.144424e+04	2.279011e-04
1.145041e+04	2.270280e-04
1.145658e+04	2.261571e-04
1.146275e+04	2.252883e-04
1.146892e+04	2.244217e-04
1.147509e+04	2.235573e-04
1.148126e+04	2.226950e-04
1.148743e+04	2.218349e-04
1.149360e+04	2.209769e-04
1.149977e+04	2.201211e-04
1.150594e+04	2.192674e-04
1.151211e+04	2.184159e-04
1.151828e+04	2.175666e-04
1.152445e+04	2.167194e-04
1.153061e+04	2.158744e-04
1.153678e+04	2.150315e-04
1.154295e+04	2.141908e-04
1.154912e+04	2.133523e-04
1.155529e+04	2.125159e-04
1.156146e+04	2.116817e-04
1.156763e+04	2.108497e-04
1.157380e+04	2.100198e-04
1.157997e+04	2.091921e-04
1.158614e+04	2.083666e-04
1.159231e+04	2.075432e-04
1.159848e+04	2.067219e-04
1.160465e+04	2.059029e-04
1.161082e+04	2.050860e-04
1.161699e+04	2.042713e-04
1.162316e+04	2.034587e-04
1.162933e+04	2.026483e-04
1.163549e+04	2.018401e-04
1.164166e+04	2.010340e-04
1.164783e+04	2.002301e-04
1.165400e+04	1.994283e-04
1.166017e+04	1.986288e-04
1.166634e+04	1.978313e-04
1.167251e+04	1.970361e-04
1.167868e+04	1.962430e-04
1.168485e+04	1.954521e-04
1.169102e+04	1.946633e-04
1.169719e+04	1.938767e-04
1.170336e+04	1.930922e-04
1.170953e+04	1.923100e-04
1.171570e+04	1.915298e-04
1.172187e+04	1.907519e-04
1.172804e+04	1.899761e-04
1.173421e+04	1.892024e-04
1.174037e+04	1.884309e-04
1.174654e+04	1.876616e-04
1.175271e+04	1.868944e-04
1.175888e+04	1.861294e-04
1.176505e+04	1.853665e-04
1.177122e+04	1.846058e-04
1.177739e+04	1.838472e-04
1.178356e+04	1.830908e-04
1.178973e+04	1.823366e-04
1.179590e+04	1.815844e-04
1.180207e+04	1.808345e-04
1.180824e+04	1.800867e-04
1.181441e+04	1.793410e-04
1.182058e+04	1.785975e-04
1.182675e+04	1.778561e-04
1.183292e+04	1.771169e-04
1.183909e+04	1.763798e-04
1.184525e+04	1.756449e-04
1.185142e+04	1.749121e-04
1.185759e+04	1.741814e-04
1.186376e+04	1.734529e-04
1.186993e+04	1.727265e-04
1.187610e+04	1.720022e-04
1.188227e+04	1.712801e-04
1.188844e+04	1.705601e-04
1.189461e+04	1.698423e-04
1.190078e+04	1.691265e-04
1.190695e+04	1.684129e-04
1.191312e+04	1.677015e-04
1.191929e+04	1.669921e-04
1.192546e+04	1.662849e-04
1.193163e+04	1.655798e-04
1.193780e+04	1.648768e-04
1.194396e+04	1.641760e-04
1.195013e+04	1.634772e-04
1.195630e+04	1.627806e-04
1.196247e+04	1.620861e-04
1.196864e+04	1.613937e-04
1.197481e+04	1.607034e-04
1.198098e+04	1.600153e-04
1.198715e+04	1.593292e-04
1.199332e+04	1.586452e-04
1.199949e+04	1.579634e-04
1.200566e+04	1.572836e-04
1.201183e+04	1.566059e-04
1.201800e+04	1.559304e-04
1.202417e+04	1.552569e-04
1.203034e+04	1.545855e-04
1.203651e+04	1.539163e-04
1.204268e+04	1.532491e-04
1.204884e+04	1.525840e-04
1.205501e+04	1.519210e-04
1.206118e+04	1.512600e-04
1.206735e+04	1.506012e-04
1.207352e+04	1.499444e-04
1.207969e+04	1.492897e-04
1.208586e+04	1.486371e-04
1.209203e+04	1.479865e-04
1.209820e+04	1.473381e-04
1.210437e+04	1.466917e-04
1.211054e+04	1.460473e-04
1.211671e+04	1.454051e-04
1.212288e+04	1.447648e-04
1.212905e+04	1.441267e-04
1.213522e+04	1.434906e-04
1.214139e+04	1.428565e-04
1.214756e+04	1.422246e-04
1.215372e+04	1.415946e-04
1.215989e+04	1.409667e-04
1.216606e+04	1.403409e-04
1.217223e+04	1.397171e-04
1.217840e+04	1.390953e-04
1.218457e+04	1.384756e-04
1.219074e+04	1.378579e-04
1.219691e+04	1.372422e-04
1.220308e+04	1.366286e-04
1.220925e+04	1.360170e-04
1.221542e+04	1.354074e-04
1.222159e+04	1.347998e-04
1.222776e+04	1.341943e-04
1.223393e+04	1.335908e-04
1.224010e+04	1.329892e-04
1.224627e+04	1.323897e-04
1.225244e+04	1.317922e-04
1.225860e+04	1.311968e-04
1.226477e+04	1.306033e-04
1.227094e+04	1.300118e-04
1.227711e+04	1.294223e-04
1.228328e+04	1.288348e-04
1.228945e+04	1.282493e-04
1.229562e+04	1.276658e-04
1.230179e+04	1.270842e-04
1.230796e+04	1.265047e-04
1.231413e+04	1.259271e-04
1.232030e+04	1.253515e-04
1.232647e+04	1.247779e-04
1.233264e+04	1.242063e-04
1.233881e+04	1.236366e-04
1.234498e+04	1.230688e-04
1.235115e+04	1.225031e-04
1.235731e+04	1.219393e-04
1.236348e+04	1.213774e-04
1.236965e+04	1.208176e-04
1.237582e+04	1.202596e-04
1.238199e+04	1.197036e-04
1.238816e+04	1.191496e-04
1.239433e+04	1.185974e-04
1.240050e+04	1.180473e-04
1.240667e+04	1.174990e-04
1.241284e+04	1.169527e-04
1.241901e+04	1.164083e-04
1.242518e+04	1.158658e-04
1.243135e+04	1.153253e-04
1.243752e+04	1.147867e-04
1.244369e+04	1.142499e-04
1.244986e+04	1.137151e-04
1.245603e+04	1.131822e-04
1.246219e+04	1.126512e-04
1.246836e+04	1.121222e-04
1.247453e+04	1.115950e-04
1.248070e+04	1.110696e-04
1.248687e+04	1.105462e-04
1.249304e+04	1.100247e-04
1.249921e+04	1.095051e-04
1.250538e+04	1.089873e-04
1.251155e+04	1.084714e-04
1.251772e+04	1.079574e-04
1.252389e+04	1.074452e-04
1.253006e+04	1.069350e-04
1.253623e+04	1.064266e-04
1.254240e+04	1.059200e-04
1.254857e+04	1.054153e-04
1.255474e+04	1.049124e-04
1.256091e+04	1.044114e-04
1.256707e+04	1.039123e-04
1.257324e+04	1.034150e-04
1.257941e+04	1.029195e-04
1.258558e+04	1.024258e-04
1.259175e+04	1.019340e-04
1.259792e+04	1.014440e-04
1.260409e+04	1.009559e-04
1.261026e+04	1.004695e-04
1.261643e+04	9.998501e-05
1.262260e+04	9.950229e-05
1.262877e+04	9.902138e-05
1.263494e+04	9.854228e-05
1.264111e+04	9.806498e-05
1.264728e+04	9.758948e-05
1.265345e+04	9.711577e-05
1.265962e+04	9.664385e-05
1.266579e+04	9.617371e-05
1.267195e+04	9.570536e-05
1.267812e+04	9.523879e-05
1.268429e+04	9.477400e-05
1.269046e+04	9.431097e-05
1.269663e+04	9.384971e-05
1.270280e+04	9.339022e-05
1.270897e+04	9.293249e-05
1.271514e+04	9.247651e-05
1.272131e+04	9.202228e-05
1.272748e+04	9.156981e-05
1.273365e+04	9.111907e-05
1.273982e+04	9.067008e-05
1.274599e+04	9.022283e-05
1.275216e+04	8.977731e-05
1.275833e+04	8.933351e-05
1.276450e+04	8.889145e-05
1.277066e+04	8.845110e-05
1.277683e+04	8.801247e-05
1.278300e+04	8.757556e-05
1.278917e+04	8.714035e-05
1.279534e+04	8.670685e-05
1.280151e+04	8.627506e-05
1.280768e+04	8.584496e-05
1.281385e+04	8.541655e-05
1.282002e+04	8.498984e-05
1.282619e+04	8.456481e-05
1.283236e+04	8.414146e-05
1.283853e+04	8.371979e-05
1.284470e+04	8.329980e-05
1.285087e+04	8.288147e-05
1.285704e+04	8.246481e-05
1.286321e+04	8.204982e-05
1.286938e+04	8.163648e-05
1.287554e+04	8.122480e-05
1.288171e+04	8.081476e-05
1.288788e+04	8.040637e-05
1.289405e+04	7.999963e-05
1.290022e+04	7.959452e-05
1.290639e+04	7.919105e-05
1.291256e+04	7.878921e-05
1.291873e+04	7.838899e-05
1.292490e+04	7.799039e-05
1.293107e+04	7.759342e-05
1.293724e+04	7.719805e-05
1.294341e+04	7.680430e-05
1.294958e+04	7.641215e-05
1.295575e+04	7.602160e-05
1.296192e+04	7.563265e-05
1.296809e+04	7.524530e-05
1.297426e+04	7.485953e-05
1.298042e+04	7.447535e-05
1.298659e+04	7.409275e-05
1.299276e+04	7.371173e-05
1.299893e+04	7.333228e-05
1.300510e+04	7.295439e-05
1.301127e+04	7.257808e-05
1.301744e+04	7.220332e-05
1.302361e+04	7.183012e-05
1.302978e+04	7.145848e-05
1.303595e+04	7.108838e-05
1.304212e+04	7.071982e-05
1.304829e+04	7.035281e-05
1.305446e+04	6.998733e-05
1.306063e+04	6.962338e-05
1.306680e+04	6.926096e-05
1.307297e+04	6.890007e-05
1.307914e+04	6.854069e-05
1.308530e+04	6.818283e-05
1.309147e+04	6.782648e-05
1.309764e+04	6.747163e-05
1.310381e+04	6.711829e-05
1.310998e+04	6.676645e-05
1.311615e+04	6.641610e-05
1.312232e+04	6.606724e-05
1.312849e+04	6.571987e-05
1.313466e+04	6.537398e-05
1.314083e+04	6.502957e-05
1.314700e+04	6.468663e-05
1.315317e+04	6.434516e-05
1.315934e+04	6.400516e-05
1.316551e+04	6.366661e-05
1.317168e+04	6.332953e-05
1.317785e+04	6.299389e-05
1.318402e+04	6.265971e-05
1.319018e+04	6.232697e-05
1.319635e+04	6.199567e-05
1.320252e+04	6.166580e-05
1.320869e+04	6.133737e-05
1.321486e+04	6.101037e-05
1.322103e+04	6.068478e-05
1.322720e+04	6.036062e-05
1.323337e+04	6.003788e-05
1.323954e+04	5.971654e-05
1.324571e+04	5.939661e-05
1.325188e+04	5.907809e-05
1.325805e+04	5.876096e-05
1.326422e+04	5.844522e-05
1.327039e+04	5.813088e-05
1.327656e+04	5.781792e-05
1.328273e+04	5.750635e-05
1.328889e+04	5.719615e-05
1.329506e+04	5.688733e-05
1.330123e+04	5.657987e-05
1.330740e+04	5.627378e-05
1.331357e+04	5.596905e-05
1.331974e+04	5.566568e-05
1.332591e+04	5.536366e-05
1.333208e+04	5.506299e-05
1.333825e+04	5.476366e-05
1.334442e+04	5.446567e-05
1.335059e+04	5.416902e-05
1.335676e+04	5.387370e-05
1.336293e+04	5.357971e-05
1.336910e+04	5.328704e-05
1.337527e+04	5.299570e-05
1.338144e+04	5.270566e-05
1.338761e+04	5.241694e-05
1.339377e+04	5.212952e-05
1.339994e+04	5.184341e-05
1.340611e+04	5.155860e-05
1.341228e+04	5.127508e-05
1.341845e+04	5.099285e-05
1.342462e+04	5.071191e-05
1.343079e+04	5.043224e-05
1.343696e+04	5.015386e-05
1.344313e+04	4.987675e-05
1.344930e+04	4.960091e-05
1.345547e+04	4.932634e-05
1.346164e+04	4.905303e-05
1.346781e+04	4.878097e-05
1.347398e+04	4.851017e-05
1.348015e+04	4.824061e-05
1.348632e+04	4.797231e-05
1.349249e+04	4.770524e-05
1.349865e+04	4.743941e-05
1.350482e+04	4.717481e-05
1.351099e+04	4.691144e-05
1.351716e+04	4.664930e-05
1.352333e+04	4.638837e-05
1.352950e+04	4.612866e-05
1.353567e+04	4.587017e-05
1.354184e+04	4.561288e-05
1.354801e+04	4.535680e-05
1.355418e+04	4.510191e-05
1.356035e+04	4.484823e-05
1.356652e+04	4.459573e-05
1.357269e+04	4.434442e-05
1.357886e+04	4.409430e-05
1.358503e+04	4.384536e-05
1.359120e+04	4.359759e-05
1.359737e+04	4.335099e-05
1.360353e+04	4.310556e-05
1.360970e+04	4.286130e-05
1.361587e+04	4.261819e-05
1.362204e+04	4.237624e-05
1.362821e+04	4.213544e-05
1.363438e+04	4.189579e-05
1.364055e+04	4.165728e-05
1.364672e+04	4.141991e-05
1.365289e+04	4.118368e-05
1.365906e+04	4.094858e-05
1.366523e+04	4.071460e-05
1.367140e+04	4.048175e-05
1.367757e+04	4.025002e-05
1.368374e+04	4.001941e-05
1.368991e+04	3.978990e-05
1.369608e+04	3.956151e-05
1.370224e+04	3.933422e-05
1.370841e+04	3.910802e-05
1.371458e+04	3.888293e-05
1.372075e+04	3.865892e-05
1.372692e+04	3.843601e-05
1.373309e+04	3.821417e-05
1.373926e+04	3.799342e-05
1.374543e+04	3.777374e-05
1.375160e+04	3.755514e-05
1.375777e+04	3.733760e-05
1.376394e+04	3.712113e-05
1.377011e+04	3.690572e-05
1.377628e+04	3.669137e-05
1.378245e+04	3.647807e-05
1.378862e+04	3.626581e-05
1.379479e+04	3.605460e-05
1.380096e+04	3.584444e-05
1.380712e+04	3.563531e-05
1.381329e+04	3.542721e-05
1.381946e+04	3.522015e-05
1.382563e+04	3.501411e-05
1.383180e+04	3.480909e-05
1.383797e+04	3.460509e-05
1.384414e+04	3.440210e-05
1.385031e+04	3.420012e-05
1.385648e+04	3.399915e-05
1.386265e+04	3.379919e-05
1.386882e+04	3.360022e-05
1.387499e+04	3.340225e-05
1.388116e+04	3.320527e-05
1.388733e+04	3.300927e-05
1.389350e+04	3.281427e-05
1.389967e+04	3.262024e-05
1.390584e+04	3.242718e-05
1.391200e+04	3.223510e-05
1.391817e+04	3.204399e-05
1.392434e+04	3.185385e-05
1.393051e+04	3.166466e-05
1.393668e+04	3.147644e-05
1.394285e+04	3.128916e-05
1.394902e+04	3.110284e-05
1.395519e+04	3.091746e-05
1.396136e+04	3.073303e-05
1.396753e+04	3.054954e-05
1.397370e+04	3.036698e-05
1.397987e+04	3.018535e-05
1.398604e+04	3.000465e-05
1.399221e+04	2.982488e-05
1.399838e+04	2.964603e-05
1.400455e+04	2.946809e-05
1.401072e+04	2.929107e-05
1.401688e+04	2.911496e-05
1.402305e+04	2.893975e-05
1.402922e+04	2.876545e-05
1.403539e+04	2.859204e-05
1.404156e+04	2.841954e-05
1.404773e+04	2.824792e-05
1.405390e+04	2.807719e-05
1.406007e+04	2.790735e-05
1.406624e+04	2.773839e-05
1.407241e+04	2.757030e-05
1.407858e+04	2.740309e-05
1.408475e+04	2.723675e-05
1.409092e+04	2.707128e-05
1.409709e+04	2.690667e-05
1.410326e+04	2.674292e-05
1.410943e+04	2.658003e-05
1.411559e+04	2.641799e-05
1.412176e+04	2.625680e-05
1.412793e+04	2.609645e-05
1.413410e+04	2.593695e-05
1.414027e+04	2.577829e-05
1.414644e+04	2.562046e-05
1.415261e+04	2.546347e-05
1.415878e+04	2.530730e-05
1.416495e+04	2.515196e-05
1.417112e+04	2.499744e-05
1.417729e+04	2.484374e-05
1.418346e+04	2.469085e-05
1.418963e+04	2.453878e-05
1.419580e+04	2.438751e-05
1.420197e+04	2.423705e-05
1.420814e+04	2.408739e-05
1.421431e+04	2.393853e-05
1.422047e+04	2.379046e-05
1.422664e+04	2.364318e-05
1.423281e+04	2.349669e-05
1.423898e+04	2.335099e-05
1.424515e+04	2.320607e-05
1.425132e+04	2.306192e-05
1.425749e+04	2.291855e-05
1.426366e+04	2.277595e-05
1.426983e+04	2.263412e-05
1.427600e+04	2.249305e-05
1.428217e+04	2.235275e-05
1.428834e+04	2.221320e-05
1.429451e+04	2.207441e-05
1.430068e+04	2.193637e-05
1.430685e+04	2.179908e-05
1.431302e+04	2.166253e-05
1.431919e+04	2.152672e-05
1.432535e+04	2.139166e-05
1.433152e+04	2.125733e-05
1.433769e+04	2.112373e-05
1.434386e+04	2.099086e-05
1.435003e+04	2.085871e-05
1.435620e+04	2.072729e-05
1.436237e+04	2.059659e-05
1.436854e+04	2.046660e-05
1.437471e+04	2.033733e-05
1.438088e+04	2.020877e-05
1.438705e+04	2.008091e-05
1.439322e+04	1.995376e-05
1.439939e+04	1.982731e-05
1.440556e+04	1.970155e-05
1.441173e+04	1.957650e-05
1.441790e+04	1.945213e-05
1.442407e+04	1.932845e-05
1.443023e+04	1.920545e-05
1.443640e+04	1.908314e-05
1.444257e+04	1.896151e-05
1.444874e+04	1.884055e-05
1.445491e+04	1.872026e-05
1.446108e+04	1.860065e-05
1.446725e+04	1.848170e-05
1.447342e+04	1.836342e-05
1.447959e+04	1.824580e-05
1.448576e+04	1.812883e-05
1.449193e+04	1.801252e-05
1.449810e+04	1.789686e-05
1.450427e+04	1.778185e-05
1.451044e+04	1.766749e-05
1.451661e+04	1.755377e-05
1.452278e+04	1.744069e-05
1.452894e+04	1.732824e-05
1.453511e+04	1.721643e-05
1.454128e+04	1.710526e-05
1.454745e+04	1.699471e-05
1.455362e+04	1.688478e-05
1.455979e+04	1.677548e-05
1.456596e+04	1.666680e-05
1.457213e+04	1.655874e-05
1.457830e+04	1.645128e-05
1.458447e+04	1.634445e-05
1.459064e+04	1.623821e-05
1.459681e+04	1.613259e-05
1.460298e+04	1.602756e-05
1.460915e+04	1.592314e-05
1.461532e+04	1.581931e-05
1.462149e+04	1.571608e-05
1.462766e+04	1.561344e-05
1.463382e+04	1.551139e-05
1.463999e+04	1.540992e-05
1.464616e+04	1.530904e-05
1.465233e+04	1.520873e-05
1.465850e+04	1.510901e-05
1.466467e+04	1.500986e-05
1.467084e+04	1.491128e-05
1.467701e+04	1.481327e-05
1.468318e+04	1.471583e-05
1.468935e+04	1.461895e-05
1.469552e+04	1.452263e-05
1.470169e+04	1.442687e-05
1.470786e+04	1.433167e-05
1.471403e+04	1.423702e-05
1.472020e+04	1.414292e-05
1.472637e+04	1.404937e-05
1.473254e+04	1.395636e-05
1.473870e+04	1.386390e-05
1.474487e+04	1.377197e-05
1.475104e+04	1.368059e-05
1.475721e+04	1.358974e-05
1.476338e+04	1.349942e-05
1.476955e+04	1.340963e-05
1.477572e+04	1.332036e-05
1.478189e+04	1.323163e-05
1.478806e+04	1.314341e-05
1.479423e+04	1.305571e-05
1.480040e+04	1.296853e-05
1.480657e+04	1.288187e-05
1.481274e+04	1.279571e-05
1.481891e+04	1.271007e-05
1.482508e+04	1.262493e-05
1.483125e+04	1.254029e-05
1.483742e+04	1.245616e-05
1.484358e+04	1.237253e-05
1.484975e+04	1.228939e-05
1.485592e+04	1.220675e-05
1.486209e+04	1.212460e-05
1.486826e+04	1.204294e-05
1.487443e+04	1.196177e-05
1.488060e+04	1.188108e-05
1.488677e+04	1.180087e-05
1.489294e+04	1.172114e-05
1.489911e+04	1.164189e-05
1.490528e+04	1.156312e-05
1.491145e+04	1.148481e-05
1.491762e+04	1.140698e-05
1.492379e+04	1.132962e-05
1.492996e+04	1.125272e-05
1.493613e+04	1.117628e-05
1.494229e+04	1.110030e-05
1.494846e+04	1.102479e-05
1.495463e+04	1.094973e-05
1.496080e+04	1.087512e-05
1.496697e+04	1.080096e-05
1.497314e+04	1.072725e-05
1.497931e+04	1.065399e-05
1.498548e+04	1.058118e-05
1.499165e+04	1.050881e-05
1.499782e+04	1.043687e-05
1.500399e+04	1.036538e-05
1.501016e+04	1.029432e-05
1.501633e+04	1.022369e-05
1.502250e+04	1.015349e-05
1.502867e+04	1.008373e-05
1.503484e+04	1.001439e-05
1.504101e+04	9.945471e-06
1.504717e+04	9.876977e-06
1.505334e+04	9.808903e-06
1.505951e+04	9.741247e-06
1.506568e+04	9.674007e-06
1.507185e+04	9.607180e-06
1.507802e+04	9.540765e-06
1.508419e+04	9.474759e-06
1.509036e+04	9.409160e-06
1.509653e+04	9.343966e-06
1.510270e+04	9.279174e-06
1.510887e+04	9.214784e-06
1.511504e+04	9.150792e-06
1.512121e+04	9.087196e-06
1.512738e+04	9.023995e-06
1.513355e+04	8.961186e-06
1.513972e+04	8.898768e-06
1.514589e+04	8.836737e-06
1.515205e+04	8.775093e-06
1.515822e+04	8.713833e-06
1.516439e+04	8.652955e-06
1.517056e+04	8.592457e-06
1.517673e+04	8.532337e-06
1.518290e+04	8.472593e-06
1.518907e+04	8.413223e-06
1.519524e+04	8.354225e-06
1.520141e+04	8.295597e-06
1.520758e+04	8.237337e-06
1.521375e+04	8.179443e-06
1.521992e+04	8.121913e-06
1.522609e+04	8.064746e-06
1.523226e+04	8.007938e-06
1.523843e+04	7.951489e-06
1.524460e+04	7.895396e-06
1.525077e+04	7.839657e-06
1.525693e+04	7.784271e-06
1.526310e+04	7.729236e-06
1.526927e+04	7.674549e-06
1.527544e+04	7.620209e-06
1.528161e+04	7.566214e-06
1.528778e+04	7.512561e-06
1.529395e+04	7.459250e-06
1.530012e+04	7.406278e-06
1.530629e+04	7.353644e-06
1.531246e+04	7.301345e-06
1.531863e+04	7.249380e-06
1.532480e+04	7.197747e-06
1.533097e+04	7.146444e-06
1.533714e+04	7.095469e-06
1.534331e+04	7.044821e-06
1.534948e+04	6.994497e-06
1.535565e+04	6.944496e-06
1.536181e+04	6.894817e-06
1.536798e+04	6.845456e-06
1.537415e+04	6.796414e-06
1.538032e+04	6.747687e-06
1.538649e+04	6.699274e-06
1.539266e+04	6.651173e-06
1.539883e+04	6.603383e-06
1.540500e+04	6.555902e-06
1.541117e+04	6.508727e-06
1.541734e+04	6.461859e-06
1.542351e+04	6.415294e-06
1.542968e+04	6.369031e-06
1.543585e+04	6.323068e-06
1.544202e+04	6.277404e-06
1.544819e+04	6.232036e-06
1.545436e+04	6.186964e-06
1.546052e+04	6.142186e-06
1.546669e+04	6.097700e-06
1.547286e+04	6.053503e-06
1.547903e+04	6.009596e-06
1.548520e+04	5.965976e-06
1.549137e+04	5.922641e-06
1.549754e+04	5.879589e-06
1.550371e+04	5.836820e-06
1.550988e+04	5.794332e-06
1.551605e+04	5.752122e-06
1.552222e+04	5.710190e-06
1.552839e+04	5.668534e-06
1.553456e+04	5.627152e-06
1.554073e+04	5.586042e-06
1.554690e+04	5.545204e-06
1.555307e+04	5.504635e-06
1.555924e+04	5.464334e-06
1.556540e+04	5.424300e-06
1.557157e+04	5.384531e-06
1.557774e+04	5.345025e-06
1.558391e+04	5.305781e-06
1.559008e+04	5.266797e-06
1.559625e+04	5.228072e-06
1.560242e+04	5.189605e-06
1.560859e+04	5.151393e-06
1.561476e+04	5.113436e-06
1.562093e+04	5.075732e-06
1.562710e+04	5.038279e-06
1.563327e+04	5.001076e-06
1.563944e+04	4.964122e-06
1.564561e+04	4.927415e-06
1.565178e+04	4.890953e-06
1.565795e+04	4.854736e-06
1.566412e+04	4.818762e-06
1.567028e+04	4.783029e-06
1.567645e+04	4.747535e-06
1.568262e+04	4.712281e-06
1.568879e+04	4.677263e-06
1.569496e+04	4.642482e-06
1.570113e+04	4.607934e-06
1.570730e+04	4.573620e-06
1.571347e+04	4.539537e-06
1.571964e+04	4.505685e-06
1.572581e+04	4.472061e-06
1.573198e+04	4.438665e-06
1.573815e+04	4.405495e-06
1.574432e+04	4.372550e-06
1.575049e+04	4.339829e-06
1.575666e+04	4.307329e-06
1.576283e+04	4.275051e-06
1.576900e+04	4.242992e-06
1.577516e+04	4.211151e-06
1.578133e+04	4.179527e-06
1.578750e+04	4.148119e-06
1.579367e+04	4.116925e-06
1.579984e+04	4.085944e-06
1.580601e+04	4.055175e-06
1.581218e+04	4.024616e-06
1.581835e+04	3.994267e-06
1.582452e+04	3.964125e-06
1.583069e+04	3.934190e-06
1.583686e+04	3.904461e-06
1.584303e+04	3.874936e-06
1.584920e+04	3.845614e-06
1.585537e+04	3.816494e-06
1.586154e+04	3.787574e-06
1.586771e+04	3.758854e-06
1.587387e+04	3.730331e-06
1.588004e+04	3.702006e-06
1.588621e+04	3.673877e-06
1.589238e+04	3.645941e-06
1.589855e+04	3.618200e-06
1.590472e+04	3.590650e-06
1.591089e+04	3.563291e-06
1.591706e+04	3.536123e-06
1.592323e+04	3.509143e-06
1.592940e+04	3.482350e-06
1.593557e+04	3.455744e-06
1.594174e+04	3.429323e-06
1.594791e+04	3.403086e-06
1.595408e+04	3.377032e-06
1.596025e+04	3.351159e-06
1.596642e+04	3.325468e-06
1.597259e+04	3.299956e-06
1.597875e+04	3.274622e-06
1.598492e+04	3.249466e-06
1.599109e+04	3.224486e-06
1.599726e+04	3.199681e-06
1.600343e+04	3.175051e-06
1.600960e+04	3.150593e-06
1.601577e+04	3.126307e-06
1.602194e+04	3.102193e-06
1.602811e+04	3.078247e-06
1.603428e+04	3.054471e-06
1.604045e+04	3.030862e-06
1.604662e+04	3.007420e-06
1.605279e+04	2.984144e-06
1.605896e+04	2.961032e-06
1.606513e+04	2.938083e-06
1.607130e+04	2.915298e-06
1.607747e+04	2.892673e-06
1.608363e+04	2.870209e-06
1.608980e+04	2.847905e-06
1.609597e+04	2.825758e-06
1.610214e+04	2.803770e-06
1.610831e+04	2.781937e-06
1.611448e+04	2.760261e-06
1.612065e+04	2.738738e-06
1.612682e+04	2.717370e-06
1.613299e+04	2.696153e-06
1.613916e+04	2.675088e-06
1.614533e+04	2.654174e-06
1.615150e+04	2.633410e-06
1.615767e+04	2.612794e-06
1.616384e+04	2.592326e-06
1.617001e+04	2.572004e-06
1.617618e+04	2.551829e-06
1.618235e+04	2.531798e-06
1.618851e+04	2.511912e-06
1.619468e+04	2.492168e-06
1.620085e+04	2.472567e-06
1.620702e+04	2.453107e-06
1.621319e+04	2.433787e-06
1.621936e+04	2.414607e-06
1.622553e+04	2.395565e-06
1.623170e+04	2.376661e-06
1.623787e+04	2.357893e-06
1.624404e+04	2.339262e-06
1.625021e+04	2.320765e-06
1.625638e+04	2.302403e-06
1.626255e+04	2.284174e-06
1.626872e+04	2.266077e-06
1.627489e+04	2.248111e-06
1.628106e+04	2.230277e-06
1.628722e+04	2.212572e-06
1.629339e+04	2.194996e-06
1.629956e+04	2.177549e-06
1.630573e+04	2.160228e-06
1.631190e+04	2.143034e-06
1.631807e+04	2.125966e-06
1.632424e+04	2.109023e-06
1.633041e+04	2.092203e-06
1.633658e+04	2.075507e-06
1.634275e+04	2.058933e-06
1.634892e+04	2.042481e-06
1.635509e+04	2.026150e-06
1.636126e+04	2.009938e-06
1.636743e+04	1.993846e-06
1.637360e+04	1.977872e-06
1.637977e+04	1.962016e-06
1.638594e+04	1.946276e-06
1.639210e+04	1.930653e-06
1.639827e+04	1.915145e-06
1.640444e+04	1.899752e-06
1.641061e+04	1.884472e-06
1.641678e+04	1.869306e-06
1.642295e+04	1.854251e-06
1.642912e+04	1.839309e-06
1.643529e+04	1.824477e-06
1.644146e+04	1.809755e-06
1.644763e+04	1.795142e-06
1.645380e+04	1.780639e-06
1.645997e+04	1.766242e-06
1.646614e+04	1.751954e-06
1.647231e+04	1.737771e-06
1.647848e+04	1.723694e-06
1.648465e+04	1.709723e-06
1.649082e+04	1.695855e-06
1.649698e+04	1.682092e-06
1.650315e+04	1.668431e-06
1.650932e+04	1.654872e-06
1.651549e+04	1.641415e-06
1.652166e+04	1.628059e-06
1.652783e+04	1.614803e-06
1.653400e+04	1.601646e-06
1.654017e+04	1.588588e-06
1.654634e+04	1.575629e-06
1.655251e+04	1.562767e-06
1.655868e+04	1.550001e-06
1.656485e+04	1.537332e-06
1.657102e+04	1.524758e-06
1.657719e+04	1.512280e-06
1.658336e+04	1.499895e-06
1.658953e+04	1.487604e-06
1.659570e+04	1.475406e-06
1.660186e+04	1.463301e-06
1.660803e+04	1.451287e-06
1.661420e+04	1.439364e-06
1.662037e+04	1.427531e-06
1.662654e+04	1.415788e-06
1.663271e+04	1.404135e-06
1.663888e+04	1.392570e-06
1.664505e+04	1.381093e-06
1.665122e+04	1.369703e-06
1.665739e+04	1.358400e-06
1.666356e+04	1.347184e-06
1.666973e+04	1.336053e-06
1.667590e+04	1.325007e-06
1.668207e+04	1.314045e-06
1.668824e+04	1.303167e-06
1.669441e+04	1.292372e-06
1.670057e+04	1.281660e-06
1.670674e+04	1.271031e-06
1.671291e+04	1.260482e-06
1.671908e+04	1.250015e-06
1.672525e+04	1.239628e-06
1.673142e+04	1.229321e-06
1.673759e+04	1.219093e-06
1.674376e+04	1.208943e-06
1.674993e+04	1.198872e-06
1.675610e+04	1.188879e-06
1.676227e+04	1.178963e-06
1.676844e+04	1.169123e-06
1.677461e+04	1.159359e-06
1.678078e+04	1.149671e-06
1.678695e+04	1.140058e-06
1.679312e+04	1.130519e-06
1.679929e+04	1.121054e-06
1.680545e+04	1.111662e-06
1.681162e+04	1.102344e-06
1.681779e+04	1.093097e-06
1.682396e+04	1.083923e-06
1.683013e+04	1.074819e-06
1.683630e+04	1.065787e-06
1.684247e+04	1.056825e-06
1.684864e+04	1.047933e-06
1.685481e+04	1.039110e-06
1.686098e+04	1.030356e-06
1.686715e+04	1.021671e-06
1.687332e+04	1.013053e-06
1.687949e+04	1.004502e-06
1.688566e+04	9.960190e-07
1.689183e+04	9.876020e-07
1.689800e+04	9.792510e-07
1.690417e+04	9.709655e-07
1.691033e+04	9.627450e-07
1.691650e+04	9.545891e-07
1.692267e+04	9.464973e-07
1.692884e+04	9.384691e-07
1.693501e+04	9.305041e-07
1.694118e+04	9.226019e-07
1.694735e+04	9.147619e-07
1.695352e+04	9.069838e-07
1.695969e+04	8.992671e-07
1.696586e+04	8.916113e-07
1.697203e+04	8.840161e-07
1.697820e+04	8.764809e-07
1.698437e+04	8.690054e-07
1.699054e+04	8.615891e-07
1.699671e+04	8.542316e-07
1.700288e+04	8.469325e-07
1.700905e+04	8.396913e-07
1.701521e+04	8.325076e-07
1.702138e+04	8.253811e-07
1.702755e+04	8.183112e-07
1.703372e+04	8.112976e-07
1.703989e+04	8.043399e-07
1.704606e+04	7.974377e-07
1.705223e+04	7.905905e-07
1.705840e+04	7.837980e-07
1.706457e+04	7.770597e-07
1.707074e+04	7.703753e-07
1.707691e+04	7.637444e-07
1.708308e+04	7.571666e-07
1.708925e+04	7.506414e-07
1.709542e+04	7.441686e-07
1.710159e+04	7.377477e-07
1.710776e+04	7.313784e-07
1.711392e+04	7.250602e-07
1.712009e+04	7.187928e-07
1.712626e+04	7.125758e-07
1.713243e+04	7.064089e-07
1.713860e+04	7.002917e-07
1.714477e+04	6.942237e-07
1.715094e+04	6.882048e-07
1.715711e+04	6.822344e-07
1.716328e+04	6.763122e-07
1.716945e+04	6.704380e-07
1.717562e+04	6.646112e-07
1.718179e+04	6.588316e-07
1.718796e+04	6.530988e-07
1.719413e+04	6.474125e-07
1.720030e+04	6.417724e-07
1.720647e+04	6.361780e-07
1.721264e+04	6.306290e-07
1.721880e+04	6.251252e-07
1.722497e+04	6.196661e-07
1.723114e+04	6.142515e-07
1.723731e+04	6.088809e-07
1.724348e+04	6.035542e-07
1.724965e+04	5.982709e-07
1.725582e+04	5.930307e-07
1.726199e+04	5.878333e-07
1.726816e+04	5.826784e-07
1.727433e+04	5.775656e-07
1.728050e+04	5.724947e-07
1.728667e+04	5.674654e-07
1.729284e+04	5.624772e-07
1.729901e+04	5.575300e-07
1.730518e+04	5.526233e-07
1.731135e+04	5.477570e-07
1.731752e+04	5.429306e-07
1.732368e+04	5.381439e-07
1.732985e+04	5.333967e-07
1.733602e+04	5.286885e-07
1.734219e+04	5.240191e-07
1.734836e+04	5.193882e-07
1.735453e+04	5.147955e-07
1.736070e+04	5.102408e-07
1.736687e+04	5.057237e-07
1.737304e+04	5.012439e-07
1.737921e+04	4.968012e-07
1.738538e+04	4.923953e-07
1.739155e+04	4.880258e-07
1.739772e+04	4.836926e-07
1.740389e+04	4.793954e-07
1.741006e+04	4.751338e-07
1.741623e+04	4.709076e-07
1.742240e+04	4.667166e-07
1.742856e+04	4.625604e-07
1.743473e+04	4.584388e-07
1.744090e+04	4.543516e-07
1.744707e+04	4.502984e-07
1.745324e+04	4.462790e-07
1.745941e+04	4.422932e-07
1.746558e+04	4.383406e-07
1.747175e+04	4.344211e-07
1.747792e+04	4.305344e-07
1.748409e+04	4.266801e-07
1.749026e+04	4.228582e-07
1.749643e+04	4.190683e-07
1.750260e+04	4.153102e-07
1.750877e+04	4.115836e-07
1.751494e+04	4.078883e-07
1.752111e+04	4.042240e-07
1.752728e+04	4.005905e-07
1.753344e+04	3.969876e-07
1.753961e+04	3.934151e-07
1.754578e+04	3.898726e-07
1.755195e+04	3.863600e-07
1.755812e+04	3.828771e-07
1.756429e+04	3.794235e-07
1.757046e+04	3.759991e-07
1.757663e+04	3.726036e-07
1.758280e+04	3.692369e-07
1.758897e+04	3.658986e-07
1.759514e+04	3.625886e-07
1.760131e+04	3.593067e-07
1.760748e+04	3.560526e-07
1.761365e+04	3.528261e-07
1.761982e+04	3.496270e-07
1.762599e+04	3.464551e-07
1.763215e+04	3.433102e-07
1.763832e+04	3.401920e-07
1.764449e+04	3.371003e-07
1.765066e+04	3.340350e-07
1.765683e+04	3.309958e-07
1.766300e+04	3.279826e-07
1.766917e+04	3.249950e-07
1.767534e+04	3.220330e-07
1.768151e+04	3.190963e-07
1.768768e+04	3.161847e-07
1.769385e+04	3.132980e-07
1.770002e+04	3.104361e-07
1.770619e+04	3.075986e-07
1.771236e+04	3.047855e-07
1.771853e+04	3.019965e-07
1.772470e+04	2.992315e-07
1.773087e+04	2.964902e-07
1.773703e+04	2.937725e-07
1.774320e+04	2.910782e-07
1.774937e+04	2.884070e-07
1.775554e+04	2.857589e-07
1.776171e+04	2.831336e-07
1.776788e+04	2.805309e-07
1.777405e+04	2.779507e-07
1.778022e+04	2.753928e-07
1.778639e+04	2.728569e-07
1.779256e+04	2.703430e-07
1.779873e+04	2.678509e-07
1.780490e+04	2.653803e-07
1.781107e+04	2.629311e-07
1.781724e+04	2.605032e-07
1.782341e+04	2.580963e-07
1.782958e+04	2.557103e-07
1.783575e+04	2.533450e-07
1.784191e+04	2.510003e-07
1.784808e+04	2.486760e-07
1.785425e+04	2.463719e-07
1.786042e+04	2.440878e-07
1.786659e+04	2.418237e-07
1.787276e+04	2.395793e-07
1.787893e+04	2.373544e-07
1.788510e+04	2.351490e-07
1.789127e+04	2.329629e-07
1.789744e+04	2.307959e-07
1.790361e+04	2.286478e-07
1.790978e+04	2.265185e-07
1.791595e+04	2.244079e-07
1.792212e+04	2.223158e-07
1.792829e+04	2.202420e-07
1.793446e+04	2.181864e-07
1.794063e+04	2.161488e-07
1.794679e+04	2.141292e-07
1.795296e+04	2.121273e-07
1.795913e+04	2.101430e-07
1.796530e+04	2.081761e-07
1.797147e+04	2.062266e-07
1.797764e+04	2.042943e-07
1.798381e+04	2.023790e-07
1.798998e+04	2.004806e-07
1.799615e+04	1.985990e-07
1.800232e+04	1.967340e-07
1.800849e+04	1.948855e-07
1.801466e+04	1.930533e-07
1.802083e+04	1.912374e-07
1.802700e+04	1.894375e-07
1.803317e+04	1.876536e-07
1.803934e+04	1.858855e-07
1.804550e+04	1.841331e-07
1.805167e+04	1.823963e-07
1.805784e+04	1.806748e-07
1.806401e+04	1.789687e-07
1.807018e+04	1.772778e-07
1.807635e+04	1.756019e-07
1.808252e+04	1.739410e-07
1.808869e+04	1.722948e-07
1.809486e+04	1.706633e-07
1.810103e+04	1.690464e-07
1.810720e+04	1.674439e-07
1.811337e+04	1.658558e-07
1.811954e+04	1.642818e-07
1.812571e+04	1.627219e-07
1.813188e+04	1.611760e-07
1.813805e+04	1.596439e-07
1.814422e+04	1.581255e-07
1.815038e+04	1.566208e-07
1.815655e+04	1.551296e-07
1.816272e+04	1.536517e-07
1.816889e+04	1.521872e-07
1.817506e+04	1.507357e-07
1.818123e+04	1.492974e-07
1.818740e+04	1.478720e-07
1.819357e+04	1.464594e-07
1.819974e+04	1.450596e-07
1.820591e+04	1.436724e-07
1.821208e+04	1.422977e-07
1.821825e+04	1.409354e-07
1.822442e+04	1.395854e-07
1.823059e+04	1.382476e-07
1.823676e+04	1.369220e-07
1.824293e+04	1.356083e-07
1.824910e+04	1.343065e-07
1.825526e+04	1.330165e-07
1.826143e+04	1.317382e-07
1.826760e+04	1.304715e-07
1.827377e+04	1.292163e-07
1.827994e+04	1.279725e-07
1.828611e+04	1.267400e-07
1.829228e+04	1.255187e-07
1.829845e+04	1.243086e-07
1.830462e+04	1.231094e-07
1.831079e+04	1.219212e-07
1.831696e+04	1.207438e-07
1.832313e+04	1.195771e-07
1.832930e+04	1.184211e-07
1.833547e+04	1.172757e-07
1.834164e+04	1.161407e-07
1.834781e+04	1.150161e-07
1.835398e+04	1.139018e-07
1.836014e+04	1.127977e-07
1.836631e+04	1.117037e-07
1.837248e+04	1.106197e-07
1.837865e+04	1.095457e-07
1.838482e+04	1.084815e-07
1.839099e+04	1.074271e-07
1.839716e+04	1.063824e-07
1.840333e+04	1.053473e-07
1.840950e+04	1.043217e-07
1.841567e+04	1.033055e-07
1.842184e+04	1.022988e-07
1.842801e+04	1.013012e-07
1.843418e+04	1.003129e-07
1.844035e+04	9.933374e-08
1.844652e+04	9.836359e-08
1.845269e+04	9.740240e-08
1.845885e+04	9.645009e-08
1.846502e+04	9.550659e-08
1.847119e+04	9.457182e-08
1.847736e+04	9.364570e-08
1.848353e+04	9.272817e-08
1.848970e+04	9.181914e-08
1.849587e+04	9.091855e-08
1.850204e+04	9.002631e-08
1.850821e+04	8.914236e-08
1.851438e+04	8.826663e-08
1.852055e+04	8.739903e-08
1.852672e+04	8.653951e-08
1.853289e+04	8.568799e-08
1.853906e+04	8.484440e-08
1.854523e+04	8.400868e-08
1.855140e+04	8.318074e-08
1.855757e+04	8.236054e-08
1.856373e+04	8.154799e-08
1.856990e+04	8.074303e-08
1.857607e+04	7.994559e-08
1.858224e+04	7.915562e-08
1.858841e+04	7.837304e-08
1.859458e+04	7.759778e-08
1.860075e+04	7.682979e-08
1.860692e+04	7.606900e-08
1.861309e+04	7.531535e-08
1.861926e+04	7.456876e-08
1.862543e+04	7.382920e-08
1.863160e+04	7.309658e-08
1.863777e+04	7.237085e-08
1.864394e+04	7.165194e-08
1.865011e+04	7.093981e-08
1.865628e+04	7.023438e-08
1.866245e+04	6.953560e-08
1.866861e+04	6.884341e-08
1.867478e+04	6.815775e-08
1.868095e+04	6.747857e-08
1.868712e+04	6.680580e-08
1.869329e+04	6.613939e-08
1.869946e+04	6.547928e-08
1.870563e+04	6.482542e-08
1.871180e+04	6.417775e-08
1.871797e+04	6.353621e-08
1.872414e+04	6.290076e-08
1.873031e+04	6.227134e-08
1.873648e+04	6.164788e-08
1.874265e+04	6.103035e-08
1.874882e+04	6.041869e-08
1.875499e+04	5.981284e-08
1.876116e+04	5.921275e-08
1.876733e+04	5.861838e-08
1.877349e+04	5.802966e-08
1.877966e+04	5.744656e-08
1.878583e+04	5.686902e-08
1.879200e+04	5.629698e-08
1.879817e+04	5.573041e-08
1.880434e+04	5.516924e-08
1.881051e+04	5.461344e-08
1.881668e+04	5.406296e-08
1.882285e+04	5.351774e-08
1.882902e+04	5.297774e-08
1.883519e+04	5.244291e-08
1.884136e+04	5.191321e-08
1.884753e+04	5.138858e-08
1.885370e+04	5.086899e-08
1.885987e+04	5.035439e-08
1.886604e+04	4.984473e-08
1.887220e+04	4.933998e-08
1.887837e+04	4.884007e-08
1.888454e+04	4.834497e-08
1.889071e+04	4.785465e-08
1.889688e+04	4.736904e-08
1.890305e+04	4.688812e-08
1.890922e+04	4.641183e-08
1.891539e+04	4.594014e-08
1.892156e+04	4.547300e-08
1.892773e+04	4.501038e-08
1.893390e+04	4.455223e-08
1.894007e+04	4.409851e-08
1.894624e+04	4.364918e-08
1.895241e+04	4.320420e-08
1.895858e+04	4.276353e-08
1.896475e+04	4.232713e-08
1.897092e+04	4.189497e-08
1.897708e+04	4.146700e-08
1.898325e+04	4.104318e-08
1.898942e+04	4.062348e-08
1.899559e+04	4.020787e-08
1.900176e+04	3.979629e-08
1.900793e+04	3.938872e-08
1.901410e+04	3.898512e-08
1.902027e+04	3.858545e-08
1.902644e+04	3.818968e-08
1.903261e+04	3.779777e-08
1.903878e+04	3.740968e-08
1.904495e+04	3.702538e-08
1.905112e+04	3.664484e-08
1.905729e+04	3.626801e-08
1.906346e+04	3.589488e-08
1.906963e+04	3.552539e-08
1.907580e+04	3.515952e-08
1.908196e+04	3.479724e-08
1.908813e+04	3.443851e-08
1.909430e+04	3.408329e-08
1.910047e+04	3.373157e-08
1.910664e+04	3.338329e-08
1.911281e+04	3.303844e-08
1.911898e+04	3.269698e-08
1.912515e+04	3.235888e-08
1.913132e+04	3.202410e-08
1.913749e+04	3.169262e-08
1.914366e+04	3.136441e-08
1.914983e+04	3.103943e-08
1.915600e+04	3.071766e-08
1.916217e+04	3.039906e-08
1.916834e+04	3.008361e-08
1.917451e+04	2.977127e-08
1.918068e+04	2.946202e-08
1.918684e+04	2.915584e-08
1.919301e+04	2.885268e-08
1.919918e+04	2.855252e-08
1.920535e+04	2.825534e-08
1.921152e+04	2.796110e-08
1.921769e+04	2.766978e-08
1.922386e+04	2.738135e-08
1.923003e+04	2.709579e-08
1.923620e+04	2.681306e-08
1.924237e+04	2.653314e-08
1.924854e+04	2.625601e-08
1.925471e+04	2.598163e-08
1.926088e+04	2.570999e-08
1.926705e+04	2.544105e-08
