# # p(y | x = 2.000000e+01)
# # y_val	p(y|x)
0.000000e+00	4.761115e-05
6.169403e+00	4.784409e-05
1.233881e+01	4.807798e-05
1.850821e+01	4.831281e-05
2.467761e+01	4.854858e-05
3.084702e+01	4.878529e-05
3.701642e+01	4.902296e-05
4.318582e+01	4.926158e-05
4.935523e+01	4.950115e-05
5.552463e+01	4.974168e-05
6.169403e+01	4.998317e-05
6.786344e+01	5.022562e-05
7.403284e+01	5.046904e-05
8.020224e+01	5.071342e-05
8.637165e+01	5.095878e-05
9.254105e+01	5.120510e-05
9.871045e+01	5.145241e-05
1.048799e+02	5.170069e-05
1.110493e+02	5.194995e-05
1.172187e+02	5.220019e-05
1.233881e+02	5.245142e-05
1.295575e+02	5.270364e-05
1.357269e+02	5.295685e-05
1.418963e+02	5.321106e-05
1.480657e+02	5.346626e-05
1.542351e+02	5.372246e-05
1.604045e+02	5.397966e-05
1.665739e+02	5.423787e-05
1.727433e+02	5.449708e-05
1.789127e+02	5.475731e-05
1.850821e+02	5.501854e-05
1.912515e+02	5.528079e-05
1.974209e+02	5.554406e-05
2.035903e+02	5.580835e-05
2.097597e+02	5.607366e-05
2.159291e+02	5.634000e-05
2.220985e+02	5.660737e-05
2.282679e+02	5.687577e-05
2.344373e+02	5.714520e-05
2.406067e+02	5.741566e-05
2.467761e+02	5.768717e-05
2.529455e+02	5.795972e-05
2.591149e+02	5.823331e-05
2.652843e+02	5.850794e-05
2.714537e+02	5.878363e-05
2.776232e+02	5.906037e-05
2.837926e+02	5.933816e-05
2.899620e+02	5.961701e-05
2.961314e+02	5.989693e-05
3.023008e+02	6.017790e-05
3.084702e+02	6.045994e-05
3.146396e+02	6.074304e-05
3.208090e+02	6.102722e-05
3.269784e+02	6.131247e-05
3.331478e+02	6.159879e-05
3.393172e+02	6.188620e-05
3.454866e+02	6.217468e-05
3.516560e+02	6.246425e-05
3.578254e+02	6.275490e-05
3.639948e+02	6.304664e-05
3.701642e+02	6.333948e-05
3.763336e+02	6.363341e-05
3.825030e+02	6.392843e-05
3.886724e+02	6.422455e-05
3.948418e+02	6.452178e-05
4.010112e+02	6.482011e-05
4.071806e+02	6.511955e-05
4.133500e+02	6.542009e-05
4.195194e+02	6.572175e-05
4.256888e+02	6.602452e-05
4.318582e+02	6.632841e-05
4.380276e+02	6.663342e-05
4.441970e+02	6.693956e-05
4.503664e+02	6.724681e-05
4.565359e+02	6.755520e-05
4.627053e+02	6.786472e-05
4.688747e+02	6.817537e-05
4.750441e+02	6.848715e-05
4.812135e+02	6.880007e-05
4.873829e+02	6.911414e-05
4.935523e+02	6.942934e-05
4.997217e+02	6.974570e-05
5.058911e+02	7.006320e-05
5.120605e+02	7.038185e-05
5.182299e+02	7.070165e-05
5.243993e+02	7.102261e-05
5.305687e+02	7.134473e-05
5.367381e+02	7.166802e-05
5.429075e+02	7.199246e-05
5.490769e+02	7.231807e-05
5.552463e+02	7.264485e-05
5.614157e+02	7.297280e-05
5.675851e+02	7.330193e-05
5.737545e+02	7.363223e-05
5.799239e+02	7.396371e-05
5.860933e+02	7.429637e-05
5.922627e+02	7.463022e-05
5.984321e+02	7.496525e-05
6.046015e+02	7.530147e-05
6.107709e+02	7.563888e-05
6.169403e+02	7.597749e-05
6.231097e+02	7.631729e-05
6.292791e+02	7.665830e-05
6.354485e+02	7.700050e-05
6.416180e+02	7.734391e-05
6.477874e+02	7.768852e-05
6.539568e+02	7.803435e-05
6.601262e+02	7.838138e-05
6.662956e+02	7.872963e-05
6.724650e+02	7.907910e-05
6.786344e+02	7.942978e-05
6.848038e+02	7.978169e-05
6.909732e+02	8.013482e-05
6.971426e+02	8.048918e-05
7.033120e+02	8.084476e-05
7.094814e+02	8.120158e-05
7.156508e+02	8.155963e-05
7.218202e+02	8.191892e-05
7.279896e+02	8.227944e-05
7.341590e+02	8.264121e-05
7.403284e+02	8.300422e-05
7.464978e+02	8.336847e-05
7.526672e+02	8.373397e-05
7.588366e+02	8.410073e-05
7.650060e+02	8.446873e-05
7.711754e+02	8.483800e-05
7.773448e+02	8.520852e-05
7.835142e+02	8.558030e-05
7.896836e+02	8.595334e-05
7.958530e+02	8.632765e-05
8.020224e+02	8.670322e-05
8.081918e+02	8.708007e-05
8.143612e+02	8.745819e-05
8.205306e+02	8.783758e-05
8.267001e+02	8.821825e-05
8.328695e+02	8.860019e-05
8.390389e+02	8.898342e-05
8.452083e+02	8.936793e-05
8.513777e+02	8.975373e-05
8.575471e+02	9.014082e-05
8.637165e+02	9.052920e-05
8.698859e+02	9.091887e-05
8.760553e+02	9.130983e-05
8.822247e+02	9.170210e-05
8.883941e+02	9.209566e-05
8.945635e+02	9.249053e-05
9.007329e+02	9.288670e-05
9.069023e+02	9.328417e-05
9.130717e+02	9.368296e-05
9.192411e+02	9.408306e-05
9.254105e+02	9.448447e-05
9.315799e+02	9.488719e-05
9.377493e+02	9.529124e-05
9.439187e+02	9.569660e-05
9.500881e+02	9.610329e-05
9.562575e+02	9.651130e-05
9.624269e+02	9.692064e-05
9.685963e+02	9.733131e-05
9.747657e+02	9.774330e-05
9.809351e+02	9.815664e-05
9.871045e+02	9.857130e-05
9.932739e+02	9.898731e-05
9.994433e+02	9.940465e-05
1.005613e+03	9.982334e-05
1.011782e+03	1.002434e-04
1.017952e+03	1.006647e-04
1.024121e+03	1.010875e-04
1.030290e+03	1.015115e-04
1.036460e+03	1.019370e-04
1.042629e+03	1.023638e-04
1.048799e+03	1.027919e-04
1.054968e+03	1.032214e-04
1.061137e+03	1.036523e-04
1.067307e+03	1.040845e-04
1.073476e+03	1.045181e-04
1.079646e+03	1.049530e-04
1.085815e+03	1.053894e-04
1.091984e+03	1.058271e-04
1.098154e+03	1.062661e-04
1.104323e+03	1.067066e-04
1.110493e+03	1.071484e-04
1.116662e+03	1.075916e-04
1.122831e+03	1.080362e-04
1.129001e+03	1.084821e-04
1.135170e+03	1.089295e-04
1.141340e+03	1.093782e-04
1.147509e+03	1.098284e-04
1.153678e+03	1.102799e-04
1.159848e+03	1.107328e-04
1.166017e+03	1.111871e-04
1.172187e+03	1.116428e-04
1.178356e+03	1.120999e-04
1.184525e+03	1.125584e-04
1.190695e+03	1.130183e-04
1.196864e+03	1.134796e-04
1.203034e+03	1.139423e-04
1.209203e+03	1.144065e-04
1.215372e+03	1.148720e-04
1.221542e+03	1.153389e-04
1.227711e+03	1.158073e-04
1.233881e+03	1.162771e-04
1.240050e+03	1.167483e-04
1.246219e+03	1.172209e-04
1.252389e+03	1.176949e-04
1.258558e+03	1.181704e-04
1.264728e+03	1.186472e-04
1.270897e+03	1.191256e-04
1.277066e+03	1.196053e-04
1.283236e+03	1.200865e-04
1.289405e+03	1.205690e-04
1.295575e+03	1.210531e-04
1.301744e+03	1.215385e-04
1.307914e+03	1.220254e-04
1.314083e+03	1.225138e-04
1.320252e+03	1.230035e-04
1.326422e+03	1.234948e-04
1.332591e+03	1.239874e-04
1.338761e+03	1.244815e-04
1.344930e+03	1.249771e-04
1.351099e+03	1.254741e-04
1.357269e+03	1.259725e-04
1.363438e+03	1.264724e-04
1.369608e+03	1.269738e-04
1.375777e+03	1.274766e-04
1.381946e+03	1.279809e-04
1.388116e+03	1.284866e-04
1.394285e+03	1.289938e-04
1.400455e+03	1.295024e-04
1.406624e+03	1.300125e-04
1.412793e+03	1.305241e-04
1.418963e+03	1.310371e-04
1.425132e+03	1.315516e-04
1.431302e+03	1.320676e-04
1.437471e+03	1.325850e-04
1.443640e+03	1.331039e-04
1.449810e+03	1.336243e-04
1.455979e+03	1.341461e-04
1.462149e+03	1.346694e-04
1.468318e+03	1.351942e-04
1.474487e+03	1.357205e-04
1.480657e+03	1.362483e-04
1.486826e+03	1.367775e-04
1.492996e+03	1.373082e-04
1.499165e+03	1.378404e-04
1.505334e+03	1.383741e-04
1.511504e+03	1.389093e-04
1.517673e+03	1.394459e-04
1.523843e+03	1.399841e-04
1.530012e+03	1.405237e-04
1.536181e+03	1.410648e-04
1.542351e+03	1.416074e-04
1.548520e+03	1.421515e-04
1.554690e+03	1.426971e-04
1.560859e+03	1.432442e-04
1.567028e+03	1.437928e-04
1.573198e+03	1.443429e-04
1.579367e+03	1.448945e-04
1.585537e+03	1.454476e-04
1.591706e+03	1.460021e-04
1.597875e+03	1.465582e-04
1.604045e+03	1.471158e-04
1.610214e+03	1.476749e-04
1.616384e+03	1.482355e-04
1.622553e+03	1.487976e-04
1.628722e+03	1.493612e-04
1.634892e+03	1.499263e-04
1.641061e+03	1.504930e-04
1.647231e+03	1.510611e-04
1.653400e+03	1.516307e-04
1.659570e+03	1.522019e-04
1.665739e+03	1.527746e-04
1.671908e+03	1.533487e-04
1.678078e+03	1.539244e-04
1.684247e+03	1.545017e-04
1.690417e+03	1.550804e-04
1.696586e+03	1.556606e-04
1.702755e+03	1.562424e-04
1.708925e+03	1.568257e-04
1.715094e+03	1.574105e-04
1.721264e+03	1.579968e-04
1.727433e+03	1.585846e-04
1.733602e+03	1.591740e-04
1.739772e+03	1.597649e-04
1.745941e+03	1.603573e-04
1.752111e+03	1.609512e-04
1.758280e+03	1.615466e-04
1.764449e+03	1.621436e-04
1.770619e+03	1.627421e-04
1.776788e+03	1.633422e-04
1.782958e+03	1.639437e-04
1.789127e+03	1.645468e-04
1.795296e+03	1.651514e-04
1.801466e+03	1.657575e-04
1.807635e+03	1.663652e-04
1.813805e+03	1.669744e-04
1.819974e+03	1.675851e-04
1.826143e+03	1.681974e-04
1.832313e+03	1.688112e-04
1.838482e+03	1.694265e-04
1.844652e+03	1.700433e-04
1.850821e+03	1.706617e-04
1.856990e+03	1.712816e-04
1.863160e+03	1.719031e-04
1.869329e+03	1.725260e-04
1.875499e+03	1.731506e-04
1.881668e+03	1.737766e-04
1.887837e+03	1.744042e-04
1.894007e+03	1.750333e-04
1.900176e+03	1.756639e-04
1.906346e+03	1.762961e-04
1.912515e+03	1.769298e-04
1.918684e+03	1.775651e-04
1.924854e+03	1.782019e-04
1.931023e+03	1.788402e-04
1.937193e+03	1.794801e-04
1.943362e+03	1.801215e-04
1.949531e+03	1.807644e-04
1.955701e+03	1.814089e-04
1.961870e+03	1.820549e-04
1.968040e+03	1.827024e-04
1.974209e+03	1.833515e-04
1.980378e+03	1.840021e-04
1.986548e+03	1.846542e-04
1.992717e+03	1.853079e-04
1.998887e+03	1.859632e-04
2.005056e+03	1.866199e-04
2.011226e+03	1.872782e-04
2.017395e+03	1.879380e-04
2.023564e+03	1.885994e-04
2.029734e+03	1.892623e-04
2.035903e+03	1.899267e-04
2.042073e+03	1.905927e-04
2.048242e+03	1.912602e-04
2.054411e+03	1.919293e-04
2.060581e+03	1.925998e-04
2.066750e+03	1.932719e-04
2.072920e+03	1.939456e-04
2.079089e+03	1.946208e-04
2.085258e+03	1.952975e-04
2.091428e+03	1.959757e-04
2.097597e+03	1.966555e-04
2.103767e+03	1.973368e-04
2.109936e+03	1.980197e-04
2.116105e+03	1.987040e-04
2.122275e+03	1.993899e-04
2.128444e+03	2.000774e-04
2.134614e+03	2.007663e-04
2.140783e+03	2.014568e-04
2.146952e+03	2.021489e-04
2.153122e+03	2.028424e-04
2.159291e+03	2.035375e-04
2.165461e+03	2.042341e-04
2.171630e+03	2.049322e-04
2.177799e+03	2.056319e-04
2.183969e+03	2.063331e-04
2.190138e+03	2.070358e-04
2.196308e+03	2.077400e-04
2.202477e+03	2.084458e-04
2.208646e+03	2.091531e-04
2.214816e+03	2.098619e-04
2.220985e+03	2.105722e-04
2.227155e+03	2.112841e-04
2.233324e+03	2.119974e-04
2.239493e+03	2.127123e-04
2.245663e+03	2.134287e-04
2.251832e+03	2.141466e-04
2.258002e+03	2.148661e-04
2.264171e+03	2.155870e-04
2.270340e+03	2.163095e-04
2.276510e+03	2.170335e-04
2.282679e+03	2.177590e-04
2.288849e+03	2.184860e-04
2.295018e+03	2.192145e-04
2.301187e+03	2.199445e-04
2.307357e+03	2.206760e-04
2.313526e+03	2.214091e-04
2.319696e+03	2.221436e-04
2.325865e+03	2.228797e-04
2.332034e+03	2.236172e-04
2.338204e+03	2.243563e-04
2.344373e+03	2.250968e-04
2.350543e+03	2.258389e-04
2.356712e+03	2.265824e-04
2.362881e+03	2.273275e-04
2.369051e+03	2.280740e-04
2.375220e+03	2.288221e-04
2.381390e+03	2.295716e-04
2.387559e+03	2.303226e-04
2.393729e+03	2.310751e-04
2.399898e+03	2.318291e-04
2.406067e+03	2.325846e-04
2.412237e+03	2.333416e-04
2.418406e+03	2.341001e-04
2.424576e+03	2.348600e-04
2.430745e+03	2.356214e-04
2.436914e+03	2.363843e-04
2.443084e+03	2.371487e-04
2.449253e+03	2.379146e-04
2.455423e+03	2.386819e-04
2.461592e+03	2.394507e-04
2.467761e+03	2.402210e-04
2.473931e+03	2.409927e-04
2.480100e+03	2.417660e-04
2.486270e+03	2.425406e-04
2.492439e+03	2.433168e-04
2.498608e+03	2.440944e-04
2.504778e+03	2.448735e-04
2.510947e+03	2.456540e-04
2.517117e+03	2.464360e-04
2.523286e+03	2.472194e-04
2.529455e+03	2.480043e-04
2.535625e+03	2.487907e-04
2.541794e+03	2.495785e-04
2.547964e+03	2.503677e-04
2.554133e+03	2.511584e-04
2.560302e+03	2.519505e-04
2.566472e+03	2.527441e-04
2.572641e+03	2.535391e-04
2.578811e+03	2.543355e-04
2.584980e+03	2.551334e-04
2.591149e+03	2.559327e-04
2.597319e+03	2.567335e-04
2.603488e+03	2.575357e-04
2.609658e+03	2.583393e-04
2.615827e+03	2.591443e-04
2.621996e+03	2.599507e-04
2.628166e+03	2.607586e-04
2.634335e+03	2.615679e-04
2.640505e+03	2.623786e-04
2.646674e+03	2.631907e-04
2.652843e+03	2.640042e-04
2.659013e+03	2.648191e-04
2.665182e+03	2.656354e-04
2.671352e+03	2.664532e-04
2.677521e+03	2.672723e-04
2.683690e+03	2.680928e-04
2.689860e+03	2.689147e-04
2.696029e+03	2.697380e-04
2.702199e+03	2.705627e-04
2.708368e+03	2.713888e-04
2.714537e+03	2.722163e-04
2.720707e+03	2.730451e-04
2.726876e+03	2.738753e-04
2.733046e+03	2.747069e-04
2.739215e+03	2.755399e-04
2.745385e+03	2.763743e-04
2.751554e+03	2.772100e-04
2.757723e+03	2.780470e-04
2.763893e+03	2.788855e-04
2.770062e+03	2.797253e-04
2.776232e+03	2.805664e-04
2.782401e+03	2.814089e-04
2.788570e+03	2.822528e-04
2.794740e+03	2.830980e-04
2.800909e+03	2.839445e-04
2.807079e+03	2.847924e-04
2.813248e+03	2.856416e-04
2.819417e+03	2.864921e-04
2.825587e+03	2.873440e-04
2.831756e+03	2.881972e-04
2.837926e+03	2.890518e-04
2.844095e+03	2.899076e-04
2.850264e+03	2.907648e-04
2.856434e+03	2.916233e-04
2.862603e+03	2.924831e-04
2.868773e+03	2.933442e-04
2.874942e+03	2.942066e-04
2.881111e+03	2.950703e-04
2.887281e+03	2.959353e-04
2.893450e+03	2.968016e-04
2.899620e+03	2.976692e-04
2.905789e+03	2.985381e-04
2.911958e+03	2.994082e-04
2.918128e+03	3.002797e-04
2.924297e+03	3.011524e-04
2.930467e+03	3.020264e-04
2.936636e+03	3.029016e-04
2.942805e+03	3.037782e-04
2.948975e+03	3.046560e-04
2.955144e+03	3.055350e-04
2.961314e+03	3.064153e-04
2.967483e+03	3.072969e-04
2.973652e+03	3.081797e-04
2.979822e+03	3.090637e-04
2.985991e+03	3.099490e-04
2.992161e+03	3.108355e-04
2.998330e+03	3.117233e-04
3.004499e+03	3.126122e-04
3.010669e+03	3.135025e-04
3.016838e+03	3.143939e-04
3.023008e+03	3.152865e-04
3.029177e+03	3.161804e-04
3.035346e+03	3.170754e-04
3.041516e+03	3.179717e-04
3.047685e+03	3.188691e-04
3.053855e+03	3.197678e-04
3.060024e+03	3.206676e-04
3.066193e+03	3.215687e-04
3.072363e+03	3.224709e-04
3.078532e+03	3.233743e-04
3.084702e+03	3.242789e-04
3.090871e+03	3.251846e-04
3.097040e+03	3.260915e-04
3.103210e+03	3.269996e-04
3.109379e+03	3.279088e-04
3.115549e+03	3.288192e-04
3.121718e+03	3.297307e-04
3.127888e+03	3.306434e-04
3.134057e+03	3.315572e-04
3.140226e+03	3.324721e-04
3.146396e+03	3.333882e-04
3.152565e+03	3.343054e-04
3.158735e+03	3.352237e-04
3.164904e+03	3.361431e-04
3.171073e+03	3.370637e-04
3.177243e+03	3.379853e-04
3.183412e+03	3.389081e-04
3.189582e+03	3.398320e-04
3.195751e+03	3.407569e-04
3.201920e+03	3.416829e-04
3.208090e+03	3.426101e-04
3.214259e+03	3.435383e-04
3.220429e+03	3.444675e-04
3.226598e+03	3.453979e-04
3.232767e+03	3.463293e-04
3.238937e+03	3.472617e-04
3.245106e+03	3.481953e-04
3.251276e+03	3.491298e-04
3.257445e+03	3.500654e-04
3.263614e+03	3.510021e-04
3.269784e+03	3.519398e-04
3.275953e+03	3.528785e-04
3.282123e+03	3.538182e-04
3.288292e+03	3.547590e-04
3.294461e+03	3.557007e-04
3.300631e+03	3.566435e-04
3.306800e+03	3.575873e-04
3.312970e+03	3.585321e-04
3.319139e+03	3.594778e-04
3.325308e+03	3.604246e-04
3.331478e+03	3.613723e-04
3.337647e+03	3.623211e-04
3.343817e+03	3.632707e-04
3.349986e+03	3.642214e-04
3.356155e+03	3.651730e-04
3.362325e+03	3.661256e-04
3.368494e+03	3.670791e-04
3.374664e+03	3.680336e-04
3.380833e+03	3.689889e-04
3.387002e+03	3.699453e-04
3.393172e+03	3.709025e-04
3.399341e+03	3.718607e-04
3.405511e+03	3.728198e-04
3.411680e+03	3.737798e-04
3.417849e+03	3.747407e-04
3.424019e+03	3.757025e-04
3.430188e+03	3.766652e-04
3.436358e+03	3.776288e-04
3.442527e+03	3.785933e-04
3.448696e+03	3.795586e-04
3.454866e+03	3.805248e-04
3.461035e+03	3.814919e-04
3.467205e+03	3.824599e-04
3.473374e+03	3.834286e-04
3.479544e+03	3.843983e-04
3.485713e+03	3.853688e-04
3.491882e+03	3.863401e-04
3.498052e+03	3.873122e-04
3.504221e+03	3.882852e-04
3.510391e+03	3.892589e-04
3.516560e+03	3.902335e-04
3.522729e+03	3.912089e-04
3.528899e+03	3.921851e-04
3.535068e+03	3.931621e-04
3.541238e+03	3.941398e-04
3.547407e+03	3.951184e-04
3.553576e+03	3.960977e-04
3.559746e+03	3.970778e-04
3.565915e+03	3.980586e-04
3.572085e+03	3.990402e-04
3.578254e+03	4.000225e-04
3.584423e+03	4.010056e-04
3.590593e+03	4.019894e-04
3.596762e+03	4.029740e-04
3.602932e+03	4.039592e-04
3.609101e+03	4.049452e-04
3.615270e+03	4.059319e-04
3.621440e+03	4.069193e-04
3.627609e+03	4.079074e-04
3.633779e+03	4.088961e-04
3.639948e+03	4.098856e-04
3.646117e+03	4.108757e-04
3.652287e+03	4.118665e-04
3.658456e+03	4.128580e-04
3.664626e+03	4.138501e-04
3.670795e+03	4.148429e-04
3.676964e+03	4.158363e-04
3.683134e+03	4.168303e-04
3.689303e+03	4.178250e-04
3.695473e+03	4.188203e-04
3.701642e+03	4.198162e-04
3.707811e+03	4.208127e-04
3.713981e+03	4.218098e-04
3.720150e+03	4.228075e-04
3.726320e+03	4.238058e-04
3.732489e+03	4.248047e-04
3.738658e+03	4.258042e-04
3.744828e+03	4.268042e-04
3.750997e+03	4.278047e-04
3.757167e+03	4.288059e-04
3.763336e+03	4.298075e-04
3.769505e+03	4.308098e-04
3.775675e+03	4.318125e-04
3.781844e+03	4.328158e-04
3.788014e+03	4.338195e-04
3.794183e+03	4.348238e-04
3.800352e+03	4.358286e-04
3.806522e+03	4.368339e-04
3.812691e+03	4.378397e-04
3.818861e+03	4.388459e-04
3.825030e+03	4.398527e-04
3.831199e+03	4.408599e-04
3.837369e+03	4.418675e-04
3.843538e+03	4.428756e-04
3.849708e+03	4.438841e-04
3.855877e+03	4.448931e-04
3.862047e+03	4.459025e-04
3.868216e+03	4.469124e-04
3.874385e+03	4.479226e-04
3.880555e+03	4.489332e-04
3.886724e+03	4.499443e-04
3.892894e+03	4.509557e-04
3.899063e+03	4.519675e-04
3.905232e+03	4.529797e-04
3.911402e+03	4.539923e-04
3.917571e+03	4.550052e-04
3.923741e+03	4.560185e-04
3.929910e+03	4.570321e-04
3.936079e+03	4.580461e-04
3.942249e+03	4.590603e-04
3.948418e+03	4.600750e-04
3.954588e+03	4.610899e-04
3.960757e+03	4.621051e-04
3.966926e+03	4.631206e-04
3.973096e+03	4.641364e-04
3.979265e+03	4.651525e-04
3.985435e+03	4.661689e-04
3.991604e+03	4.671855e-04
3.997773e+03	4.682024e-04
4.003943e+03	4.692196e-04
4.010112e+03	4.702370e-04
4.016282e+03	4.712546e-04
4.022451e+03	4.722724e-04
4.028620e+03	4.732905e-04
4.034790e+03	4.743088e-04
4.040959e+03	4.753273e-04
4.047129e+03	4.763459e-04
4.053298e+03	4.773648e-04
4.059467e+03	4.783838e-04
4.065637e+03	4.794031e-04
4.071806e+03	4.804224e-04
4.077976e+03	4.814419e-04
4.084145e+03	4.824616e-04
4.090314e+03	4.834814e-04
4.096484e+03	4.845014e-04
4.102653e+03	4.855214e-04
4.108823e+03	4.865416e-04
4.114992e+03	4.875619e-04
4.121161e+03	4.885822e-04
4.127331e+03	4.896027e-04
4.133500e+03	4.906232e-04
4.139670e+03	4.916438e-04
4.145839e+03	4.926645e-04
4.152008e+03	4.936852e-04
4.158178e+03	4.947060e-04
4.164347e+03	4.957268e-04
4.170517e+03	4.967476e-04
4.176686e+03	4.977685e-04
4.182855e+03	4.987893e-04
4.189025e+03	4.998102e-04
4.195194e+03	5.008311e-04
4.201364e+03	5.018519e-04
4.207533e+03	5.028727e-04
4.213703e+03	5.038935e-04
4.219872e+03	5.049143e-04
4.226041e+03	5.059350e-04
4.232211e+03	5.069556e-04
4.238380e+03	5.079762e-04
4.244550e+03	5.089967e-04
4.250719e+03	5.100171e-04
4.256888e+03	5.110375e-04
4.263058e+03	5.120577e-04
4.269227e+03	5.130778e-04
4.275397e+03	5.140978e-04
4.281566e+03	5.151177e-04
4.287735e+03	5.161374e-04
4.293905e+03	5.171570e-04
4.300074e+03	5.181765e-04
4.306244e+03	5.191958e-04
4.312413e+03	5.202149e-04
4.318582e+03	5.212338e-04
4.324752e+03	5.222525e-04
4.330921e+03	5.232711e-04
4.337091e+03	5.242894e-04
4.343260e+03	5.253075e-04
4.349429e+03	5.263254e-04
4.355599e+03	5.273431e-04
4.361768e+03	5.283605e-04
4.367938e+03	5.293777e-04
4.374107e+03	5.303946e-04
4.380276e+03	5.314112e-04
4.386446e+03	5.324276e-04
4.392615e+03	5.334436e-04
4.398785e+03	5.344594e-04
4.404954e+03	5.354749e-04
4.411123e+03	5.364900e-04
4.417293e+03	5.375049e-04
4.423462e+03	5.385194e-04
4.429632e+03	5.395335e-04
4.435801e+03	5.405473e-04
4.441970e+03	5.415608e-04
4.448140e+03	5.425738e-04
4.454309e+03	5.435865e-04
4.460479e+03	5.445988e-04
4.466648e+03	5.456107e-04
4.472817e+03	5.466222e-04
4.478987e+03	5.476333e-04
4.485156e+03	5.486440e-04
4.491326e+03	5.496542e-04
4.497495e+03	5.506640e-04
4.503664e+03	5.516733e-04
4.509834e+03	5.526822e-04
4.516003e+03	5.536906e-04
4.522173e+03	5.546985e-04
4.528342e+03	5.557059e-04
4.534511e+03	5.567129e-04
4.540681e+03	5.577193e-04
4.546850e+03	5.587252e-04
4.553020e+03	5.597306e-04
4.559189e+03	5.607354e-04
4.565359e+03	5.617397e-04
4.571528e+03	5.627434e-04
4.577697e+03	5.637466e-04
4.583867e+03	5.647492e-04
4.590036e+03	5.657512e-04
4.596206e+03	5.667526e-04
4.602375e+03	5.677535e-04
4.608544e+03	5.687537e-04
4.614714e+03	5.697533e-04
4.620883e+03	5.707522e-04
4.627053e+03	5.717505e-04
4.633222e+03	5.727482e-04
4.639391e+03	5.737452e-04
4.645561e+03	5.747415e-04
4.651730e+03	5.757372e-04
4.657900e+03	5.767322e-04
4.664069e+03	5.777264e-04
4.670238e+03	5.787200e-04
4.676408e+03	5.797129e-04
4.682577e+03	5.807050e-04
4.688747e+03	5.816964e-04
4.694916e+03	5.826870e-04
4.701085e+03	5.836769e-04
4.707255e+03	5.846660e-04
4.713424e+03	5.856544e-04
4.719594e+03	5.866420e-04
4.725763e+03	5.876287e-04
4.731932e+03	5.886147e-04
4.738102e+03	5.895999e-04
4.744271e+03	5.905842e-04
4.750441e+03	5.915677e-04
4.756610e+03	5.925504e-04
4.762779e+03	5.935322e-04
4.768949e+03	5.945132e-04
4.775118e+03	5.954933e-04
4.781288e+03	5.964725e-04
4.787457e+03	5.974508e-04
4.793626e+03	5.984282e-04
4.799796e+03	5.994047e-04
4.805965e+03	6.003803e-04
4.812135e+03	6.013550e-04
4.818304e+03	6.023287e-04
4.824473e+03	6.033015e-04
4.830643e+03	6.042733e-04
4.836812e+03	6.052442e-04
4.842982e+03	6.062141e-04
4.849151e+03	6.071830e-04
4.855320e+03	6.081509e-04
4.861490e+03	6.091178e-04
4.867659e+03	6.100837e-04
4.873829e+03	6.110485e-04
4.879998e+03	6.120123e-04
4.886167e+03	6.129751e-04
4.892337e+03	6.139369e-04
4.898506e+03	6.148975e-04
4.904676e+03	6.158571e-04
4.910845e+03	6.168156e-04
4.917014e+03	6.177730e-04
4.923184e+03	6.187293e-04
4.929353e+03	6.196845e-04
4.935523e+03	6.206386e-04
4.941692e+03	6.215916e-04
4.947862e+03	6.225434e-04
4.954031e+03	6.234940e-04
4.960200e+03	6.244435e-04
4.966370e+03	6.253919e-04
4.972539e+03	6.263390e-04
4.978709e+03	6.272850e-04
4.984878e+03	6.282297e-04
4.991047e+03	6.291733e-04
4.997217e+03	6.301156e-04
5.003386e+03	6.310567e-04
5.009556e+03	6.319966e-04
5.015725e+03	6.329352e-04
5.021894e+03	6.338725e-04
5.028064e+03	6.348086e-04
5.034233e+03	6.357434e-04
5.040403e+03	6.366770e-04
5.046572e+03	6.376092e-04
5.052741e+03	6.385401e-04
5.058911e+03	6.394697e-04
5.065080e+03	6.403980e-04
5.071250e+03	6.413250e-04
5.077419e+03	6.422506e-04
5.083588e+03	6.431748e-04
5.089758e+03	6.440977e-04
5.095927e+03	6.450192e-04
5.102097e+03	6.459393e-04
5.108266e+03	6.468581e-04
5.114435e+03	6.477754e-04
5.120605e+03	6.486913e-04
5.126774e+03	6.496058e-04
5.132944e+03	6.505189e-04
5.139113e+03	6.514305e-04
5.145282e+03	6.523406e-04
5.151452e+03	6.532494e-04
5.157621e+03	6.541566e-04
5.163791e+03	6.550624e-04
5.169960e+03	6.559666e-04
5.176129e+03	6.568694e-04
5.182299e+03	6.577706e-04
5.188468e+03	6.586704e-04
5.194638e+03	6.595686e-04
5.200807e+03	6.604653e-04
5.206976e+03	6.613604e-04
5.213146e+03	6.622540e-04
5.219315e+03	6.631460e-04
5.225485e+03	6.640364e-04
5.231654e+03	6.649252e-04
5.237823e+03	6.658125e-04
5.243993e+03	6.666981e-04
5.250162e+03	6.675821e-04
5.256332e+03	6.684646e-04
5.262501e+03	6.693453e-04
5.268670e+03	6.702244e-04
5.274840e+03	6.711019e-04
5.281009e+03	6.719777e-04
5.287179e+03	6.728519e-04
5.293348e+03	6.737243e-04
5.299518e+03	6.745951e-04
5.305687e+03	6.754642e-04
5.311856e+03	6.763315e-04
5.318026e+03	6.771971e-04
5.324195e+03	6.780611e-04
5.330365e+03	6.789232e-04
5.336534e+03	6.797837e-04
5.342703e+03	6.806423e-04
5.348873e+03	6.814992e-04
5.355042e+03	6.823543e-04
5.361212e+03	6.832077e-04
5.367381e+03	6.840592e-04
5.373550e+03	6.849090e-04
5.379720e+03	6.857569e-04
5.385889e+03	6.866030e-04
5.392059e+03	6.874473e-04
5.398228e+03	6.882897e-04
5.404397e+03	6.891303e-04
5.410567e+03	6.899690e-04
5.416736e+03	6.908059e-04
5.422906e+03	6.916409e-04
5.429075e+03	6.924739e-04
5.435244e+03	6.933051e-04
5.441414e+03	6.941344e-04
5.447583e+03	6.949618e-04
5.453753e+03	6.957872e-04
5.459922e+03	6.966108e-04
5.466091e+03	6.974323e-04
5.472261e+03	6.982519e-04
5.478430e+03	6.990696e-04
5.484600e+03	6.998853e-04
5.490769e+03	7.006990e-04
5.496938e+03	7.015107e-04
5.503108e+03	7.023204e-04
5.509277e+03	7.031281e-04
5.515447e+03	7.039338e-04
5.521616e+03	7.047375e-04
5.527785e+03	7.055392e-04
5.533955e+03	7.063388e-04
5.540124e+03	7.071363e-04
5.546294e+03	7.079318e-04
5.552463e+03	7.087252e-04
5.558632e+03	7.095165e-04
5.564802e+03	7.103058e-04
5.570971e+03	7.110929e-04
5.577141e+03	7.118780e-04
5.583310e+03	7.126609e-04
5.589479e+03	7.134417e-04
5.595649e+03	7.142204e-04
5.601818e+03	7.149969e-04
5.607988e+03	7.157713e-04
5.614157e+03	7.165436e-04
5.620326e+03	7.173136e-04
5.626496e+03	7.180815e-04
5.632665e+03	7.188472e-04
5.638835e+03	7.196107e-04
5.645004e+03	7.203720e-04
5.651173e+03	7.211311e-04
5.657343e+03	7.218880e-04
5.663512e+03	7.226426e-04
5.669682e+03	7.233950e-04
5.675851e+03	7.241452e-04
5.682021e+03	7.248931e-04
5.688190e+03	7.256387e-04
5.694359e+03	7.263821e-04
5.700529e+03	7.271232e-04
5.706698e+03	7.278620e-04
5.712868e+03	7.285985e-04
5.719037e+03	7.293327e-04
5.725206e+03	7.300646e-04
5.731376e+03	7.307941e-04
5.737545e+03	7.315214e-04
5.743715e+03	7.322462e-04
5.749884e+03	7.329688e-04
5.756053e+03	7.336890e-04
5.762223e+03	7.344068e-04
5.768392e+03	7.351223e-04
5.774562e+03	7.358353e-04
5.780731e+03	7.365460e-04
5.786900e+03	7.372543e-04
5.793070e+03	7.379602e-04
5.799239e+03	7.386636e-04
5.805409e+03	7.393647e-04
5.811578e+03	7.400633e-04
5.817747e+03	7.407594e-04
5.823917e+03	7.414532e-04
5.830086e+03	7.421444e-04
5.836256e+03	7.428332e-04
5.842425e+03	7.435196e-04
5.848594e+03	7.442034e-04
5.854764e+03	7.448848e-04
5.860933e+03	7.455637e-04
5.867103e+03	7.462400e-04
5.873272e+03	7.469139e-04
5.879441e+03	7.475852e-04
5.885611e+03	7.482541e-04
5.891780e+03	7.489203e-04
5.897950e+03	7.495841e-04
5.904119e+03	7.502453e-04
5.910288e+03	7.509039e-04
5.916458e+03	7.515600e-04
5.922627e+03	7.522134e-04
5.928797e+03	7.528644e-04
5.934966e+03	7.535127e-04
5.941135e+03	7.541584e-04
5.947305e+03	7.548015e-04
5.953474e+03	7.554420e-04
5.959644e+03	7.560799e-04
5.965813e+03	7.567152e-04
5.971982e+03	7.573478e-04
5.978152e+03	7.579778e-04
5.984321e+03	7.586051e-04
5.990491e+03	7.592298e-04
5.996660e+03	7.598518e-04
6.002829e+03	7.604712e-04
6.008999e+03	7.610878e-04
6.015168e+03	7.617018e-04
6.021338e+03	7.623131e-04
6.027507e+03	7.629217e-04
6.033677e+03	7.635276e-04
6.039846e+03	7.641307e-04
6.046015e+03	7.647312e-04
6.052185e+03	7.653289e-04
6.058354e+03	7.659239e-04
6.064524e+03	7.665161e-04
6.070693e+03	7.671056e-04
6.076862e+03	7.676923e-04
6.083032e+03	7.682762e-04
6.089201e+03	7.688574e-04
6.095371e+03	7.694358e-04
6.101540e+03	7.700114e-04
6.107709e+03	7.705843e-04
6.113879e+03	7.711543e-04
6.120048e+03	7.717215e-04
6.126218e+03	7.722859e-04
6.132387e+03	7.728475e-04
6.138556e+03	7.734063e-04
6.144726e+03	7.739622e-04
6.150895e+03	7.745153e-04
6.157065e+03	7.750655e-04
6.163234e+03	7.756129e-04
6.169403e+03	7.761574e-04
6.175573e+03	7.766991e-04
6.181742e+03	7.772378e-04
6.187912e+03	7.777738e-04
6.194081e+03	7.783068e-04
6.200250e+03	7.788369e-04
6.206420e+03	7.793641e-04
6.212589e+03	7.798884e-04
6.218759e+03	7.804098e-04
6.224928e+03	7.809283e-04
6.231097e+03	7.814439e-04
6.237267e+03	7.819565e-04
6.243436e+03	7.824662e-04
6.249606e+03	7.829730e-04
6.255775e+03	7.834768e-04
6.261944e+03	7.839776e-04
6.268114e+03	7.844755e-04
6.274283e+03	7.849705e-04
6.280453e+03	7.854624e-04
6.286622e+03	7.859514e-04
6.292791e+03	7.864374e-04
6.298961e+03	7.869203e-04
6.305130e+03	7.874003e-04
6.311300e+03	7.878773e-04
6.317469e+03	7.883513e-04
6.323638e+03	7.888223e-04
6.329808e+03	7.892902e-04
6.335977e+03	7.897552e-04
6.342147e+03	7.902170e-04
6.348316e+03	7.906759e-04
6.354485e+03	7.911317e-04
6.360655e+03	7.915845e-04
6.366824e+03	7.920342e-04
6.372994e+03	7.924808e-04
6.379163e+03	7.929244e-04
6.385332e+03	7.933649e-04
6.391502e+03	7.938024e-04
6.397671e+03	7.942367e-04
6.403841e+03	7.946680e-04
6.410010e+03	7.950962e-04
6.416180e+03	7.955212e-04
6.422349e+03	7.959432e-04
6.428518e+03	7.963621e-04
6.434688e+03	7.967778e-04
6.440857e+03	7.971905e-04
6.447027e+03	7.976000e-04
6.453196e+03	7.980064e-04
6.459365e+03	7.984096e-04
6.465535e+03	7.988098e-04
6.471704e+03	7.992067e-04
6.477874e+03	7.996006e-04
6.484043e+03	7.999912e-04
6.490212e+03	8.003788e-04
6.496382e+03	8.007631e-04
6.502551e+03	8.011443e-04
6.508721e+03	8.015223e-04
6.514890e+03	8.018972e-04
6.521059e+03	8.022688e-04
6.527229e+03	8.026373e-04
6.533398e+03	8.030026e-04
6.539568e+03	8.033647e-04
6.545737e+03	8.037236e-04
6.551906e+03	8.040793e-04
6.558076e+03	8.044317e-04
6.564245e+03	8.047810e-04
6.570415e+03	8.051271e-04
6.576584e+03	8.054699e-04
6.582753e+03	8.058095e-04
6.588923e+03	8.061459e-04
6.595092e+03	8.064790e-04
6.601262e+03	8.068089e-04
6.607431e+03	8.071356e-04
6.613600e+03	8.074590e-04
6.619770e+03	8.077792e-04
6.625939e+03	8.080961e-04
6.632109e+03	8.084098e-04
6.638278e+03	8.087202e-04
6.644447e+03	8.090273e-04
6.650617e+03	8.093312e-04
6.656786e+03	8.096318e-04
6.662956e+03	8.099291e-04
6.669125e+03	8.102231e-04
6.675294e+03	8.105139e-04
6.681464e+03	8.108013e-04
6.687633e+03	8.110855e-04
6.693803e+03	8.113664e-04
6.699972e+03	8.116440e-04
6.706141e+03	8.119183e-04
6.712311e+03	8.121892e-04
6.718480e+03	8.124569e-04
6.724650e+03	8.127213e-04
6.730819e+03	8.129823e-04
6.736988e+03	8.132400e-04
6.743158e+03	8.134944e-04
6.749327e+03	8.137455e-04
6.755497e+03	8.139933e-04
6.761666e+03	8.142377e-04
6.767836e+03	8.144788e-04
6.774005e+03	8.147165e-04
6.780174e+03	8.149509e-04
6.786344e+03	8.151820e-04
6.792513e+03	8.154097e-04
6.798683e+03	8.156341e-04
6.804852e+03	8.158551e-04
6.811021e+03	8.160728e-04
6.817191e+03	8.162871e-04
6.823360e+03	8.164981e-04
6.829530e+03	8.167056e-04
6.835699e+03	8.169099e-04
6.841868e+03	8.171107e-04
6.848038e+03	8.173082e-04
6.854207e+03	8.175023e-04
6.860377e+03	8.176931e-04
6.866546e+03	8.178804e-04
6.872715e+03	8.180644e-04
6.878885e+03	8.182450e-04
6.885054e+03	8.184223e-04
6.891224e+03	8.185961e-04
6.897393e+03	8.187665e-04
6.903562e+03	8.189336e-04
6.909732e+03	8.190973e-04
6.915901e+03	8.192575e-04
6.922071e+03	8.194144e-04
6.928240e+03	8.195679e-04
6.934409e+03	8.197180e-04
6.940579e+03	8.198646e-04
6.946748e+03	8.200079e-04
6.952918e+03	8.201478e-04
6.959087e+03	8.202842e-04
6.965256e+03	8.204173e-04
6.971426e+03	8.205469e-04
6.977595e+03	8.206731e-04
6.983765e+03	8.207960e-04
6.989934e+03	8.209153e-04
6.996103e+03	8.210313e-04
7.002273e+03	8.211439e-04
7.008442e+03	8.212530e-04
7.014612e+03	8.213587e-04
7.020781e+03	8.214610e-04
7.026950e+03	8.215599e-04
7.033120e+03	8.216554e-04
7.039289e+03	8.217474e-04
7.045459e+03	8.218360e-04
7.051628e+03	8.219211e-04
7.057797e+03	8.220029e-04
7.063967e+03	8.220812e-04
7.070136e+03	8.221560e-04
7.076306e+03	8.222275e-04
7.082475e+03	8.222955e-04
7.088644e+03	8.223600e-04
7.094814e+03	8.224212e-04
7.100983e+03	8.224789e-04
7.107153e+03	8.225331e-04
7.113322e+03	8.225840e-04
7.119492e+03	8.226314e-04
7.125661e+03	8.226753e-04
7.131830e+03	8.227158e-04
7.138000e+03	8.227529e-04
7.144169e+03	8.227865e-04
7.150339e+03	8.228167e-04
7.156508e+03	8.228434e-04
7.162677e+03	8.228667e-04
7.168847e+03	8.228866e-04
7.175016e+03	8.229030e-04
7.181186e+03	8.229160e-04
7.187355e+03	8.229256e-04
7.193524e+03	8.229317e-04
7.199694e+03	8.229343e-04
7.205863e+03	8.229335e-04
7.212033e+03	8.229293e-04
7.218202e+03	8.229216e-04
7.224371e+03	8.229105e-04
7.230541e+03	8.228959e-04
7.236710e+03	8.228779e-04
7.242880e+03	8.228565e-04
7.249049e+03	8.228316e-04
7.255218e+03	8.228033e-04
7.261388e+03	8.227715e-04
7.267557e+03	8.227363e-04
7.273727e+03	8.226977e-04
7.279896e+03	8.226556e-04
7.286065e+03	8.226101e-04
7.292235e+03	8.225611e-04
7.298404e+03	8.225087e-04
7.304574e+03	8.224529e-04
7.310743e+03	8.223936e-04
7.316912e+03	8.223309e-04
7.323082e+03	8.222647e-04
7.329251e+03	8.221952e-04
7.335421e+03	8.221221e-04
7.341590e+03	8.220457e-04
7.347759e+03	8.219658e-04
7.353929e+03	8.218825e-04
7.360098e+03	8.217958e-04
7.366268e+03	8.217056e-04
7.372437e+03	8.216120e-04
7.378606e+03	8.215150e-04
7.384776e+03	8.214146e-04
7.390945e+03	8.213107e-04
7.397115e+03	8.212034e-04
7.403284e+03	8.210927e-04
7.409453e+03	8.209786e-04
7.415623e+03	8.208611e-04
7.421792e+03	8.207401e-04
7.427962e+03	8.206157e-04
7.434131e+03	8.204879e-04
7.440300e+03	8.203567e-04
7.446470e+03	8.202221e-04
7.452639e+03	8.200841e-04
7.458809e+03	8.199427e-04
7.464978e+03	8.197978e-04
7.471147e+03	8.196496e-04
7.477317e+03	8.194980e-04
7.483486e+03	8.193429e-04
7.489656e+03	8.191845e-04
7.495825e+03	8.190227e-04
7.501995e+03	8.188575e-04
7.508164e+03	8.186888e-04
7.514333e+03	8.185168e-04
7.520503e+03	8.183415e-04
7.526672e+03	8.181627e-04
7.532842e+03	8.179805e-04
7.539011e+03	8.177950e-04
7.545180e+03	8.176061e-04
7.551350e+03	8.174138e-04
7.557519e+03	8.172181e-04
7.563689e+03	8.170191e-04
7.569858e+03	8.168167e-04
7.576027e+03	8.166109e-04
7.582197e+03	8.164018e-04
7.588366e+03	8.161893e-04
7.594536e+03	8.159734e-04
7.600705e+03	8.157542e-04
7.606874e+03	8.155317e-04
7.613044e+03	8.153058e-04
7.619213e+03	8.150765e-04
7.625383e+03	8.148439e-04
7.631552e+03	8.146080e-04
7.637721e+03	8.143687e-04
7.643891e+03	8.141261e-04
7.650060e+03	8.138801e-04
7.656230e+03	8.136309e-04
7.662399e+03	8.133783e-04
7.668568e+03	8.131223e-04
7.674738e+03	8.128631e-04
7.680907e+03	8.126005e-04
7.687077e+03	8.123347e-04
7.693246e+03	8.120655e-04
7.699415e+03	8.117930e-04
7.705585e+03	8.115172e-04
7.711754e+03	8.112381e-04
7.717924e+03	8.109557e-04
7.724093e+03	8.106700e-04
7.730262e+03	8.103810e-04
7.736432e+03	8.100888e-04
7.742601e+03	8.097932e-04
7.748771e+03	8.094944e-04
7.754940e+03	8.091923e-04
7.761109e+03	8.088870e-04
7.767279e+03	8.085783e-04
7.773448e+03	8.082664e-04
7.779618e+03	8.079513e-04
7.785787e+03	8.076329e-04
7.791956e+03	8.073112e-04
7.798126e+03	8.069863e-04
7.804295e+03	8.066581e-04
7.810465e+03	8.063267e-04
7.816634e+03	8.059921e-04
7.822803e+03	8.056543e-04
7.828973e+03	8.053132e-04
7.835142e+03	8.049689e-04
7.841312e+03	8.046213e-04
7.847481e+03	8.042706e-04
7.853651e+03	8.039166e-04
7.859820e+03	8.035595e-04
7.865989e+03	8.031991e-04
7.872159e+03	8.028356e-04
7.878328e+03	8.024688e-04
7.884498e+03	8.020989e-04
7.890667e+03	8.017258e-04
7.896836e+03	8.013495e-04
7.903006e+03	8.009700e-04
7.909175e+03	8.005873e-04
7.915345e+03	8.002015e-04
7.921514e+03	7.998126e-04
7.927683e+03	7.994205e-04
7.933853e+03	7.990252e-04
7.940022e+03	7.986268e-04
7.946192e+03	7.982252e-04
7.952361e+03	7.978205e-04
7.958530e+03	7.974127e-04
7.964700e+03	7.970017e-04
7.970869e+03	7.965877e-04
7.977039e+03	7.961705e-04
7.983208e+03	7.957502e-04
7.989377e+03	7.953268e-04
7.995547e+03	7.949003e-04
8.001716e+03	7.944707e-04
8.007886e+03	7.940380e-04
8.014055e+03	7.936023e-04
8.020224e+03	7.931634e-04
8.026394e+03	7.927215e-04
8.032563e+03	7.922765e-04
8.038733e+03	7.918285e-04
8.044902e+03	7.913773e-04
8.051071e+03	7.909232e-04
8.057241e+03	7.904660e-04
8.063410e+03	7.900057e-04
8.069580e+03	7.895425e-04
8.075749e+03	7.890761e-04
8.081918e+03	7.886068e-04
8.088088e+03	7.881345e-04
8.094257e+03	7.876591e-04
8.100427e+03	7.871807e-04
8.106596e+03	7.866994e-04
8.112765e+03	7.862150e-04
8.118935e+03	7.857276e-04
8.125104e+03	7.852373e-04
8.131274e+03	7.847440e-04
8.137443e+03	7.842477e-04
8.143612e+03	7.837485e-04
8.149782e+03	7.832463e-04
8.155951e+03	7.827411e-04
8.162121e+03	7.822330e-04
8.168290e+03	7.817220e-04
8.174459e+03	7.812080e-04
8.180629e+03	7.806911e-04
8.186798e+03	7.801712e-04
8.192968e+03	7.796485e-04
8.199137e+03	7.791229e-04
8.205306e+03	7.785943e-04
8.211476e+03	7.780628e-04
8.217645e+03	7.775285e-04
8.223815e+03	7.769913e-04
8.229984e+03	7.764512e-04
8.236154e+03	7.759082e-04
8.242323e+03	7.753624e-04
8.248492e+03	7.748137e-04
8.254662e+03	7.742621e-04
8.260831e+03	7.737078e-04
8.267001e+03	7.731505e-04
8.273170e+03	7.725905e-04
8.279339e+03	7.720276e-04
8.285509e+03	7.714619e-04
8.291678e+03	7.708934e-04
8.297848e+03	7.703221e-04
8.304017e+03	7.697480e-04
8.310186e+03	7.691711e-04
8.316356e+03	7.685914e-04
8.322525e+03	7.680090e-04
8.328695e+03	7.674237e-04
8.334864e+03	7.668357e-04
8.341033e+03	7.662450e-04
8.347203e+03	7.656515e-04
8.353372e+03	7.650553e-04
8.359542e+03	7.644563e-04
8.365711e+03	7.638546e-04
8.371880e+03	7.632502e-04
8.378050e+03	7.626431e-04
8.384219e+03	7.620333e-04
8.390389e+03	7.614208e-04
8.396558e+03	7.608056e-04
8.402727e+03	7.601877e-04
8.408897e+03	7.595671e-04
8.415066e+03	7.589439e-04
8.421236e+03	7.583180e-04
8.427405e+03	7.576894e-04
8.433574e+03	7.570582e-04
8.439744e+03	7.564244e-04
8.445913e+03	7.557879e-04
8.452083e+03	7.551488e-04
8.458252e+03	7.545071e-04
8.464421e+03	7.538628e-04
8.470591e+03	7.532159e-04
8.476760e+03	7.525664e-04
8.482930e+03	7.519143e-04
8.489099e+03	7.512596e-04
8.495268e+03	7.506024e-04
8.501438e+03	7.499426e-04
8.507607e+03	7.492802e-04
8.513777e+03	7.486153e-04
8.519946e+03	7.479479e-04
8.526115e+03	7.472779e-04
8.532285e+03	7.466054e-04
8.538454e+03	7.459304e-04
8.544624e+03	7.452529e-04
8.550793e+03	7.445728e-04
8.556962e+03	7.438903e-04
8.563132e+03	7.432053e-04
8.569301e+03	7.425179e-04
8.575471e+03	7.418279e-04
8.581640e+03	7.411355e-04
8.587810e+03	7.404407e-04
8.593979e+03	7.397434e-04
8.600148e+03	7.390437e-04
8.606318e+03	7.383415e-04
8.612487e+03	7.376370e-04
8.618657e+03	7.369300e-04
8.624826e+03	7.362206e-04
8.630995e+03	7.355088e-04
8.637165e+03	7.347947e-04
8.643334e+03	7.340781e-04
8.649504e+03	7.333592e-04
8.655673e+03	7.326379e-04
8.661842e+03	7.319143e-04
8.668012e+03	7.311884e-04
8.674181e+03	7.304601e-04
8.680351e+03	7.297294e-04
8.686520e+03	7.289965e-04
8.692689e+03	7.282612e-04
8.698859e+03	7.275237e-04
8.705028e+03	7.267838e-04
8.711198e+03	7.260417e-04
8.717367e+03	7.252973e-04
8.723536e+03	7.245506e-04
8.729706e+03	7.238016e-04
8.735875e+03	7.230505e-04
8.742045e+03	7.222970e-04
8.748214e+03	7.215414e-04
8.754383e+03	7.207835e-04
8.760553e+03	7.200234e-04
8.766722e+03	7.192611e-04
8.772892e+03	7.184965e-04
8.779061e+03	7.177298e-04
8.785230e+03	7.169610e-04
8.791400e+03	7.161899e-04
8.797569e+03	7.154167e-04
8.803739e+03	7.146413e-04
8.809908e+03	7.138638e-04
8.816077e+03	7.130841e-04
8.822247e+03	7.123024e-04
8.828416e+03	7.115185e-04
8.834586e+03	7.107325e-04
8.840755e+03	7.099443e-04
8.846924e+03	7.091541e-04
8.853094e+03	7.083618e-04
8.859263e+03	7.075675e-04
8.865433e+03	7.067710e-04
8.871602e+03	7.059726e-04
8.877771e+03	7.051720e-04
8.883941e+03	7.043694e-04
8.890110e+03	7.035648e-04
8.896280e+03	7.027582e-04
8.902449e+03	7.019496e-04
8.908618e+03	7.011389e-04
8.914788e+03	7.003263e-04
8.920957e+03	6.995117e-04
8.927127e+03	6.986951e-04
8.933296e+03	6.978766e-04
8.939465e+03	6.970560e-04
8.945635e+03	6.962336e-04
8.951804e+03	6.954092e-04
8.957974e+03	6.945828e-04
8.964143e+03	6.937546e-04
8.970313e+03	6.929244e-04
8.976482e+03	6.920924e-04
8.982651e+03	6.912584e-04
8.988821e+03	6.904226e-04
8.994990e+03	6.895849e-04
9.001160e+03	6.887453e-04
9.007329e+03	6.879039e-04
9.013498e+03	6.870606e-04
9.019668e+03	6.862155e-04
9.025837e+03	6.853685e-04
9.032007e+03	6.845198e-04
9.038176e+03	6.836692e-04
9.044345e+03	6.828168e-04
9.050515e+03	6.819627e-04
9.056684e+03	6.811067e-04
9.062854e+03	6.802490e-04
9.069023e+03	6.793895e-04
9.075192e+03	6.785283e-04
9.081362e+03	6.776653e-04
9.087531e+03	6.768006e-04
9.093701e+03	6.759342e-04
9.099870e+03	6.750661e-04
9.106039e+03	6.741962e-04
9.112209e+03	6.733247e-04
9.118378e+03	6.724515e-04
9.124548e+03	6.715765e-04
9.130717e+03	6.707000e-04
9.136886e+03	6.698217e-04
9.143056e+03	6.689419e-04
9.149225e+03	6.680603e-04
9.155395e+03	6.671772e-04
9.161564e+03	6.662924e-04
9.167733e+03	6.654061e-04
9.173903e+03	6.645181e-04
9.180072e+03	6.636285e-04
9.186242e+03	6.627374e-04
9.192411e+03	6.618446e-04
9.198580e+03	6.609504e-04
9.204750e+03	6.600545e-04
9.210919e+03	6.591571e-04
9.217089e+03	6.582582e-04
9.223258e+03	6.573578e-04
9.229427e+03	6.564558e-04
9.235597e+03	6.555524e-04
9.241766e+03	6.546474e-04
9.247936e+03	6.537410e-04
9.254105e+03	6.528331e-04
9.260274e+03	6.519237e-04
9.266444e+03	6.510129e-04
9.272613e+03	6.501006e-04
9.278783e+03	6.491869e-04
9.284952e+03	6.482717e-04
9.291121e+03	6.473551e-04
9.297291e+03	6.464372e-04
9.303460e+03	6.455178e-04
9.309630e+03	6.445970e-04
9.315799e+03	6.436749e-04
9.321969e+03	6.427514e-04
9.328138e+03	6.418265e-04
9.334307e+03	6.409003e-04
9.340477e+03	6.399727e-04
9.346646e+03	6.390438e-04
9.352816e+03	6.381136e-04
9.358985e+03	6.371821e-04
9.365154e+03	6.362493e-04
9.371324e+03	6.353152e-04
9.377493e+03	6.343798e-04
9.383663e+03	6.334431e-04
9.389832e+03	6.325052e-04
9.396001e+03	6.315660e-04
9.402171e+03	6.306255e-04
9.408340e+03	6.296839e-04
9.414510e+03	6.287410e-04
9.420679e+03	6.277969e-04
9.426848e+03	6.268516e-04
9.433018e+03	6.259051e-04
9.439187e+03	6.249574e-04
9.445357e+03	6.240085e-04
9.451526e+03	6.230585e-04
9.457695e+03	6.221073e-04
9.463865e+03	6.211550e-04
9.470034e+03	6.202015e-04
9.476204e+03	6.192469e-04
9.482373e+03	6.182912e-04
9.488542e+03	6.173344e-04
9.494712e+03	6.163765e-04
9.500881e+03	6.154175e-04
9.507051e+03	6.144574e-04
9.513220e+03	6.134962e-04
9.519389e+03	6.125340e-04
9.525559e+03	6.115708e-04
9.531728e+03	6.106065e-04
9.537898e+03	6.096411e-04
9.544067e+03	6.086748e-04
9.550236e+03	6.077074e-04
9.556406e+03	6.067391e-04
9.562575e+03	6.057697e-04
9.568745e+03	6.047994e-04
9.574914e+03	6.038281e-04
9.581083e+03	6.028558e-04
9.587253e+03	6.018826e-04
9.593422e+03	6.009084e-04
9.599592e+03	5.999333e-04
9.605761e+03	5.989573e-04
9.611930e+03	5.979804e-04
9.618100e+03	5.970025e-04
9.624269e+03	5.960238e-04
9.630439e+03	5.950442e-04
9.636608e+03	5.940637e-04
9.642777e+03	5.930824e-04
9.648947e+03	5.921002e-04
9.655116e+03	5.911171e-04
9.661286e+03	5.901332e-04
9.667455e+03	5.891485e-04
9.673625e+03	5.881629e-04
9.679794e+03	5.871766e-04
9.685963e+03	5.861895e-04
9.692133e+03	5.852015e-04
9.698302e+03	5.842128e-04
9.704472e+03	5.832233e-04
9.710641e+03	5.822331e-04
9.716810e+03	5.812421e-04
9.722980e+03	5.802504e-04
9.729149e+03	5.792579e-04
9.735319e+03	5.782647e-04
9.741488e+03	5.772709e-04
9.747657e+03	5.762763e-04
9.753827e+03	5.752810e-04
9.759996e+03	5.742850e-04
9.766166e+03	5.732884e-04
9.772335e+03	5.722910e-04
9.778504e+03	5.712931e-04
9.784674e+03	5.702945e-04
9.790843e+03	5.692952e-04
9.797013e+03	5.682954e-04
9.803182e+03	5.672949e-04
9.809351e+03	5.662938e-04
9.815521e+03	5.652921e-04
9.821690e+03	5.642898e-04
9.827860e+03	5.632869e-04
9.834029e+03	5.622835e-04
9.840198e+03	5.612795e-04
9.846368e+03	5.602750e-04
9.852537e+03	5.592699e-04
9.858707e+03	5.582642e-04
9.864876e+03	5.572581e-04
9.871045e+03	5.562515e-04
9.877215e+03	5.552443e-04
9.883384e+03	5.542366e-04
9.889554e+03	5.532285e-04
9.895723e+03	5.522199e-04
9.901892e+03	5.512108e-04
9.908062e+03	5.502013e-04
9.914231e+03	5.491913e-04
9.920401e+03	5.481808e-04
9.926570e+03	5.471700e-04
9.932739e+03	5.461587e-04
9.938909e+03	5.451470e-04
9.945078e+03	5.441349e-04
9.951248e+03	5.431224e-04
9.957417e+03	5.421096e-04
9.963586e+03	5.410963e-04
9.969756e+03	5.400827e-04
9.975925e+03	5.390688e-04
9.982095e+03	5.380545e-04
9.988264e+03	5.370398e-04
9.994433e+03	5.360248e-04
1.000060e+04	5.350095e-04
1.000677e+04	5.339939e-04
1.001294e+04	5.329780e-04
1.001911e+04	5.319618e-04
1.002528e+04	5.309453e-04
1.003145e+04	5.299286e-04
1.003762e+04	5.289115e-04
1.004379e+04	5.278942e-04
1.004996e+04	5.268767e-04
1.005613e+04	5.258589e-04
1.006230e+04	5.248409e-04
1.006847e+04	5.238227e-04
1.007464e+04	5.228043e-04
1.008081e+04	5.217857e-04
1.008697e+04	5.207668e-04
1.009314e+04	5.197478e-04
1.009931e+04	5.187286e-04
1.010548e+04	5.177093e-04
1.011165e+04	5.166898e-04
1.011782e+04	5.156701e-04
1.012399e+04	5.146503e-04
1.013016e+04	5.136304e-04
1.013633e+04	5.126103e-04
1.014250e+04	5.115901e-04
1.014867e+04	5.105699e-04
1.015484e+04	5.095495e-04
1.016101e+04	5.085290e-04
1.016718e+04	5.075085e-04
1.017335e+04	5.064879e-04
1.017952e+04	5.054672e-04
1.018568e+04	5.044465e-04
1.019185e+04	5.034257e-04
1.019802e+04	5.024049e-04
1.020419e+04	5.013841e-04
1.021036e+04	5.003632e-04
1.021653e+04	4.993423e-04
1.022270e+04	4.983215e-04
1.022887e+04	4.973006e-04
1.023504e+04	4.962798e-04
1.024121e+04	4.952589e-04
1.024738e+04	4.942382e-04
1.025355e+04	4.932174e-04
1.025972e+04	4.921967e-04
1.026589e+04	4.911761e-04
1.027206e+04	4.901555e-04
1.027823e+04	4.891350e-04
1.028440e+04	4.881146e-04
1.029056e+04	4.870943e-04
1.029673e+04	4.860740e-04
1.030290e+04	4.850539e-04
1.030907e+04	4.840339e-04
1.031524e+04	4.830140e-04
1.032141e+04	4.819943e-04
1.032758e+04	4.809747e-04
1.033375e+04	4.799552e-04
1.033992e+04	4.789359e-04
1.034609e+04	4.779168e-04
1.035226e+04	4.768978e-04
1.035843e+04	4.758791e-04
1.036460e+04	4.748605e-04
1.037077e+04	4.738421e-04
1.037694e+04	4.728239e-04
1.038311e+04	4.718059e-04
1.038928e+04	4.707882e-04
1.039544e+04	4.697707e-04
1.040161e+04	4.687534e-04
1.040778e+04	4.677364e-04
1.041395e+04	4.667196e-04
1.042012e+04	4.657031e-04
1.042629e+04	4.646868e-04
1.043246e+04	4.636708e-04
1.043863e+04	4.626552e-04
1.044480e+04	4.616398e-04
1.045097e+04	4.606247e-04
1.045714e+04	4.596099e-04
1.046331e+04	4.585955e-04
1.046948e+04	4.575813e-04
1.047565e+04	4.565675e-04
1.048182e+04	4.555541e-04
1.048799e+04	4.545409e-04
1.049416e+04	4.535282e-04
1.050032e+04	4.525158e-04
1.050649e+04	4.515038e-04
1.051266e+04	4.504921e-04
1.051883e+04	4.494809e-04
1.052500e+04	4.484700e-04
1.053117e+04	4.474596e-04
1.053734e+04	4.464495e-04
1.054351e+04	4.454399e-04
1.054968e+04	4.444307e-04
1.055585e+04	4.434219e-04
1.056202e+04	4.424135e-04
1.056819e+04	4.414056e-04
1.057436e+04	4.403982e-04
1.058053e+04	4.393912e-04
1.058670e+04	4.383847e-04
1.059287e+04	4.373787e-04
1.059904e+04	4.363731e-04
1.060520e+04	4.353681e-04
1.061137e+04	4.343635e-04
1.061754e+04	4.333594e-04
1.062371e+04	4.323559e-04
1.062988e+04	4.313529e-04
1.063605e+04	4.303504e-04
1.064222e+04	4.293484e-04
1.064839e+04	4.283470e-04
1.065456e+04	4.273461e-04
1.066073e+04	4.263458e-04
1.066690e+04	4.253460e-04
1.067307e+04	4.243468e-04
1.067924e+04	4.233482e-04
1.068541e+04	4.223502e-04
1.069158e+04	4.213528e-04
1.069775e+04	4.203559e-04
1.070391e+04	4.193597e-04
1.071008e+04	4.183641e-04
1.071625e+04	4.173690e-04
1.072242e+04	4.163747e-04
1.072859e+04	4.153809e-04
1.073476e+04	4.143878e-04
1.074093e+04	4.133953e-04
1.074710e+04	4.124035e-04
1.075327e+04	4.114123e-04
1.075944e+04	4.104219e-04
1.076561e+04	4.094320e-04
1.077178e+04	4.084429e-04
1.077795e+04	4.074544e-04
1.078412e+04	4.064667e-04
1.079029e+04	4.054796e-04
1.079646e+04	4.044932e-04
1.080263e+04	4.035076e-04
1.080879e+04	4.025226e-04
1.081496e+04	4.015384e-04
1.082113e+04	4.005550e-04
1.082730e+04	3.995722e-04
1.083347e+04	3.985902e-04
1.083964e+04	3.976090e-04
1.084581e+04	3.966285e-04
1.085198e+04	3.956488e-04
1.085815e+04	3.946698e-04
1.086432e+04	3.936916e-04
1.087049e+04	3.927142e-04
1.087666e+04	3.917376e-04
1.088283e+04	3.907618e-04
1.088900e+04	3.897868e-04
1.089517e+04	3.888125e-04
1.090134e+04	3.878391e-04
1.090751e+04	3.868666e-04
1.091367e+04	3.858948e-04
1.091984e+04	3.849239e-04
1.092601e+04	3.839538e-04
1.093218e+04	3.829845e-04
1.093835e+04	3.820161e-04
1.094452e+04	3.810486e-04
1.095069e+04	3.800819e-04
1.095686e+04	3.791161e-04
1.096303e+04	3.781512e-04
1.096920e+04	3.771871e-04
1.097537e+04	3.762239e-04
1.098154e+04	3.752616e-04
1.098771e+04	3.743002e-04
1.099388e+04	3.733397e-04
1.100005e+04	3.723801e-04
1.100622e+04	3.714215e-04
1.101239e+04	3.704637e-04
1.101855e+04	3.695069e-04
1.102472e+04	3.685510e-04
1.103089e+04	3.675960e-04
1.103706e+04	3.666420e-04
1.104323e+04	3.656889e-04
1.104940e+04	3.647368e-04
1.105557e+04	3.637856e-04
1.106174e+04	3.628354e-04
1.106791e+04	3.618861e-04
1.107408e+04	3.609379e-04
1.108025e+04	3.599906e-04
1.108642e+04	3.590443e-04
1.109259e+04	3.580990e-04
1.109876e+04	3.571546e-04
1.110493e+04	3.562113e-04
1.111110e+04	3.552690e-04
1.111726e+04	3.543277e-04
1.112343e+04	3.533874e-04
1.112960e+04	3.524481e-04
1.113577e+04	3.515099e-04
1.114194e+04	3.505727e-04
1.114811e+04	3.496365e-04
1.115428e+04	3.487014e-04
1.116045e+04	3.477673e-04
1.116662e+04	3.468343e-04
1.117279e+04	3.459023e-04
1.117896e+04	3.449714e-04
1.118513e+04	3.440415e-04
1.119130e+04	3.431127e-04
1.119747e+04	3.421850e-04
1.120364e+04	3.412584e-04
1.120981e+04	3.403329e-04
1.121598e+04	3.394084e-04
1.122214e+04	3.384851e-04
1.122831e+04	3.375628e-04
1.123448e+04	3.366417e-04
1.124065e+04	3.357216e-04
1.124682e+04	3.348027e-04
1.125299e+04	3.338849e-04
1.125916e+04	3.329682e-04
1.126533e+04	3.320527e-04
1.127150e+04	3.311382e-04
1.127767e+04	3.302249e-04
1.128384e+04	3.293128e-04
1.129001e+04	3.284018e-04
1.129618e+04	3.274920e-04
1.130235e+04	3.265833e-04
1.130852e+04	3.256757e-04
1.131469e+04	3.247694e-04
1.132086e+04	3.238641e-04
1.132702e+04	3.229601e-04
1.133319e+04	3.220573e-04
1.133936e+04	3.211556e-04
1.134553e+04	3.202551e-04
1.135170e+04	3.193558e-04
1.135787e+04	3.184577e-04
1.136404e+04	3.175608e-04
1.137021e+04	3.166651e-04
1.137638e+04	3.157706e-04
1.138255e+04	3.148773e-04
1.138872e+04	3.139852e-04
1.139489e+04	3.130943e-04
1.140106e+04	3.122047e-04
1.140723e+04	3.113163e-04
1.141340e+04	3.104291e-04
1.141957e+04	3.095431e-04
1.142574e+04	3.086584e-04
1.143190e+04	3.077749e-04
1.143807e+04	3.068927e-04
1.144424e+04	3.060117e-04
1.145041e+04	3.051320e-04
1.145658e+04	3.042535e-04
1.146275e+04	3.033763e-04
1.146892e+04	3.025004e-04
1.147509e+04	3.016257e-04
1.148126e+04	3.007523e-04
1.148743e+04	2.998801e-04
1.149360e+04	2.990093e-04
1.149977e+04	2.981397e-04
1.150594e+04	2.972714e-04
1.151211e+04	2.964044e-04
1.151828e+04	2.955387e-04
1.152445e+04	2.946743e-04
1.153061e+04	2.938112e-04
1.153678e+04	2.929494e-04
1.154295e+04	2.920889e-04
1.154912e+04	2.912297e-04
1.155529e+04	2.903718e-04
1.156146e+04	2.895152e-04
1.156763e+04	2.886600e-04
1.157380e+04	2.878060e-04
1.157997e+04	2.869534e-04
1.158614e+04	2.861022e-04
1.159231e+04	2.852522e-04
1.159848e+04	2.844036e-04
1.160465e+04	2.835564e-04
1.161082e+04	2.827104e-04
1.161699e+04	2.818659e-04
1.162316e+04	2.810226e-04
1.162933e+04	2.801807e-04
1.163549e+04	2.793402e-04
1.164166e+04	2.785011e-04
1.164783e+04	2.776632e-04
1.165400e+04	2.768268e-04
1.166017e+04	2.759917e-04
1.166634e+04	2.751580e-04
1.167251e+04	2.743256e-04
1.167868e+04	2.734947e-04
1.168485e+04	2.726651e-04
1.169102e+04	2.718369e-04
1.169719e+04	2.710100e-04
1.170336e+04	2.701846e-04
1.170953e+04	2.693605e-04
1.171570e+04	2.685379e-04
1.172187e+04	2.677166e-04
1.172804e+04	2.668967e-04
1.173421e+04	2.660782e-04
1.174037e+04	2.652611e-04
1.174654e+04	2.644454e-04
1.175271e+04	2.636312e-04
1.175888e+04	2.628183e-04
1.176505e+04	2.620068e-04
1.177122e+04	2.611968e-04
1.177739e+04	2.603882e-04
1.178356e+04	2.595810e-04
1.178973e+04	2.587752e-04
1.179590e+04	2.579708e-04
1.180207e+04	2.571678e-04
1.180824e+04	2.563663e-04
1.181441e+04	2.555662e-04
1.182058e+04	2.547676e-04
1.182675e+04	2.539704e-04
1.183292e+04	2.531746e-04
1.183909e+04	2.523802e-04
1.184525e+04	2.515873e-04
1.185142e+04	2.507958e-04
1.185759e+04	2.500058e-04
1.186376e+04	2.492172e-04
1.186993e+04	2.484301e-04
1.187610e+04	2.476444e-04
1.188227e+04	2.468602e-04
1.188844e+04	2.460774e-04
1.189461e+04	2.452961e-04
1.190078e+04	2.445162e-04
1.190695e+04	2.437378e-04
1.191312e+04	2.429609e-04
1.191929e+04	2.421854e-04
1.192546e+04	2.414114e-04
1.193163e+04	2.406389e-04
1.193780e+04	2.398678e-04
1.194396e+04	2.390982e-04
1.195013e+04	2.383300e-04
1.195630e+04	2.375634e-04
1.196247e+04	2.367982e-04
1.196864e+04	2.360345e-04
1.197481e+04	2.352723e-04
1.198098e+04	2.345115e-04
1.198715e+04	2.337523e-04
1.199332e+04	2.329945e-04
1.199949e+04	2.322382e-04
1.200566e+04	2.314834e-04
1.201183e+04	2.307301e-04
1.201800e+04	2.299782e-04
1.202417e+04	2.292279e-04
1.203034e+04	2.284790e-04
1.203651e+04	2.277317e-04
1.204268e+04	2.269858e-04
1.204884e+04	2.262415e-04
1.205501e+04	2.254986e-04
1.206118e+04	2.247572e-04
1.206735e+04	2.240174e-04
1.207352e+04	2.232790e-04
1.207969e+04	2.225421e-04
1.208586e+04	2.218068e-04
1.209203e+04	2.210729e-04
1.209820e+04	2.203406e-04
1.210437e+04	2.196097e-04
1.211054e+04	2.188804e-04
1.211671e+04	2.181526e-04
1.212288e+04	2.174263e-04
1.212905e+04	2.167015e-04
1.213522e+04	2.159782e-04
1.214139e+04	2.152564e-04
1.214756e+04	2.145362e-04
1.215372e+04	2.138174e-04
1.215989e+04	2.131002e-04
1.216606e+04	2.123845e-04
1.217223e+04	2.116703e-04
1.217840e+04	2.109576e-04
1.218457e+04	2.102465e-04
1.219074e+04	2.095369e-04
1.219691e+04	2.088287e-04
1.220308e+04	2.081222e-04
1.220925e+04	2.074171e-04
1.221542e+04	2.067136e-04
1.222159e+04	2.060115e-04
1.222776e+04	2.053111e-04
1.223393e+04	2.046121e-04
1.224010e+04	2.039147e-04
1.224627e+04	2.032187e-04
1.225244e+04	2.025244e-04
1.225860e+04	2.018315e-04
1.226477e+04	2.011402e-04
1.227094e+04	2.004504e-04
1.227711e+04	1.997621e-04
1.228328e+04	1.990754e-04
1.228945e+04	1.983902e-04
1.229562e+04	1.977065e-04
1.230179e+04	1.970244e-04
1.230796e+04	1.963438e-04
1.231413e+04	1.956647e-04
1.232030e+04	1.949871e-04
1.232647e+04	1.943111e-04
1.233264e+04	1.936367e-04
1.233881e+04	1.929637e-04
1.234498e+04	1.922923e-04
1.235115e+04	1.916224e-04
1.235731e+04	1.909541e-04
1.236348e+04	1.902873e-04
1.236965e+04	1.896220e-04
1.237582e+04	1.889583e-04
1.238199e+04	1.882961e-04
1.238816e+04	1.876354e-04
1.239433e+04	1.869763e-04
1.240050e+04	1.863187e-04
1.240667e+04	1.856627e-04
1.241284e+04	1.850082e-04
1.241901e+04	1.843552e-04
1.242518e+04	1.837037e-04
1.243135e+04	1.830538e-04
1.243752e+04	1.824055e-04
1.244369e+04	1.817586e-04
1.244986e+04	1.811133e-04
1.245603e+04	1.804696e-04
1.246219e+04	1.798273e-04
1.246836e+04	1.791866e-04
1.247453e+04	1.785475e-04
1.248070e+04	1.779099e-04
1.248687e+04	1.772738e-04
1.249304e+04	1.766392e-04
1.249921e+04	1.760062e-04
1.250538e+04	1.753747e-04
1.251155e+04	1.747448e-04
1.251772e+04	1.741164e-04
1.252389e+04	1.734895e-04
1.253006e+04	1.728642e-04
1.253623e+04	1.722403e-04
1.254240e+04	1.716181e-04
1.254857e+04	1.709973e-04
1.255474e+04	1.703781e-04
1.256091e+04	1.697604e-04
1.256707e+04	1.691443e-04
1.257324e+04	1.685297e-04
1.257941e+04	1.679166e-04
1.258558e+04	1.673050e-04
1.259175e+04	1.666950e-04
1.259792e+04	1.660865e-04
1.260409e+04	1.654796e-04
1.261026e+04	1.648741e-04
1.261643e+04	1.642702e-04
1.262260e+04	1.636678e-04
1.262877e+04	1.630670e-04
1.263494e+04	1.624676e-04
1.264111e+04	1.618698e-04
1.264728e+04	1.612736e-04
1.265345e+04	1.606788e-04
1.265962e+04	1.600856e-04
1.266579e+04	1.594939e-04
1.267195e+04	1.589037e-04
1.267812e+04	1.583150e-04
1.268429e+04	1.577279e-04
1.269046e+04	1.571423e-04
1.269663e+04	1.565582e-04
1.270280e+04	1.559756e-04
1.270897e+04	1.553945e-04
1.271514e+04	1.548150e-04
1.272131e+04	1.542369e-04
1.272748e+04	1.536604e-04
1.273365e+04	1.530854e-04
1.273982e+04	1.525119e-04
1.274599e+04	1.519399e-04
1.275216e+04	1.513695e-04
1.275833e+04	1.508005e-04
1.276450e+04	1.502331e-04
1.277066e+04	1.496671e-04
1.277683e+04	1.491027e-04
1.278300e+04	1.485398e-04
1.278917e+04	1.479784e-04
1.279534e+04	1.474185e-04
1.280151e+04	1.468601e-04
1.280768e+04	1.463032e-04
1.281385e+04	1.457478e-04
1.282002e+04	1.451939e-04
1.282619e+04	1.446415e-04
1.283236e+04	1.440906e-04
1.283853e+04	1.435412e-04
1.284470e+04	1.429933e-04
1.285087e+04	1.424469e-04
1.285704e+04	1.419020e-04
1.286321e+04	1.413585e-04
1.286938e+04	1.408166e-04
1.287554e+04	1.402762e-04
1.288171e+04	1.397372e-04
1.288788e+04	1.391998e-04
1.289405e+04	1.386638e-04
1.290022e+04	1.381293e-04
1.290639e+04	1.375963e-04
1.291256e+04	1.370648e-04
1.291873e+04	1.365348e-04
1.292490e+04	1.360062e-04
1.293107e+04	1.354791e-04
1.293724e+04	1.349535e-04
1.294341e+04	1.344294e-04
1.294958e+04	1.339068e-04
1.295575e+04	1.333856e-04
1.296192e+04	1.328659e-04
1.296809e+04	1.323477e-04
1.297426e+04	1.318309e-04
1.298042e+04	1.313156e-04
1.298659e+04	1.308018e-04
1.299276e+04	1.302894e-04
1.299893e+04	1.297785e-04
1.300510e+04	1.292691e-04
1.301127e+04	1.287611e-04
1.301744e+04	1.282546e-04
1.302361e+04	1.277496e-04
1.302978e+04	1.272460e-04
1.303595e+04	1.267438e-04
1.304212e+04	1.262432e-04
1.304829e+04	1.257439e-04
1.305446e+04	1.252461e-04
1.306063e+04	1.247498e-04
1.306680e+04	1.242549e-04
1.307297e+04	1.237615e-04
1.307914e+04	1.232695e-04
1.308530e+04	1.227789e-04
1.309147e+04	1.222898e-04
1.309764e+04	1.218021e-04
1.310381e+04	1.213159e-04
1.310998e+04	1.208311e-04
1.311615e+04	1.203477e-04
1.312232e+04	1.198658e-04
1.312849e+04	1.193852e-04
1.313466e+04	1.189062e-04
1.314083e+04	1.184285e-04
1.314700e+04	1.179523e-04
1.315317e+04	1.174775e-04
1.315934e+04	1.170041e-04
1.316551e+04	1.165321e-04
1.317168e+04	1.160616e-04
1.317785e+04	1.155925e-04
1.318402e+04	1.151248e-04
1.319018e+04	1.146585e-04
1.319635e+04	1.141936e-04
1.320252e+04	1.137301e-04
1.320869e+04	1.132680e-04
1.321486e+04	1.128074e-04
1.322103e+04	1.123481e-04
1.322720e+04	1.118902e-04
1.323337e+04	1.114338e-04
1.323954e+04	1.109787e-04
1.324571e+04	1.105250e-04
1.325188e+04	1.100728e-04
1.325805e+04	1.096219e-04
1.326422e+04	1.091724e-04
1.327039e+04	1.087243e-04
1.327656e+04	1.082776e-04
1.328273e+04	1.078322e-04
1.328889e+04	1.073883e-04
1.329506e+04	1.069457e-04
1.330123e+04	1.065045e-04
1.330740e+04	1.060647e-04
1.331357e+04	1.056263e-04
1.331974e+04	1.051892e-04
1.332591e+04	1.047535e-04
1.333208e+04	1.043192e-04
1.333825e+04	1.038862e-04
1.334442e+04	1.034546e-04
1.335059e+04	1.030244e-04
1.335676e+04	1.025955e-04
1.336293e+04	1.021680e-04
1.336910e+04	1.017418e-04
1.337527e+04	1.013170e-04
1.338144e+04	1.008936e-04
1.338761e+04	1.004715e-04
1.339377e+04	1.000507e-04
1.339994e+04	9.963129e-05
1.340611e+04	9.921322e-05
1.341228e+04	9.879649e-05
1.341845e+04	9.838109e-05
1.342462e+04	9.796704e-05
1.343079e+04	9.755432e-05
1.343696e+04	9.714293e-05
1.344313e+04	9.673287e-05
1.344930e+04	9.632414e-05
1.345547e+04	9.591674e-05
1.346164e+04	9.551066e-05
1.346781e+04	9.510590e-05
1.347398e+04	9.470246e-05
1.348015e+04	9.430034e-05
1.348632e+04	9.389953e-05
1.349249e+04	9.350003e-05
1.349865e+04	9.310185e-05
1.350482e+04	9.270497e-05
1.351099e+04	9.230940e-05
1.351716e+04	9.191513e-05
1.352333e+04	9.152216e-05
1.352950e+04	9.113049e-05
1.353567e+04	9.074012e-05
1.354184e+04	9.035104e-05
1.354801e+04	8.996326e-05
1.355418e+04	8.957676e-05
1.356035e+04	8.919155e-05
1.356652e+04	8.880763e-05
1.357269e+04	8.842499e-05
1.357886e+04	8.804363e-05
1.358503e+04	8.766354e-05
1.359120e+04	8.728474e-05
1.359737e+04	8.690720e-05
1.360353e+04	8.653094e-05
1.360970e+04	8.615594e-05
1.361587e+04	8.578222e-05
1.362204e+04	8.540975e-05
1.362821e+04	8.503855e-05
1.363438e+04	8.466861e-05
1.364055e+04	8.429992e-05
1.364672e+04	8.393249e-05
1.365289e+04	8.356631e-05
1.365906e+04	8.320138e-05
1.366523e+04	8.283769e-05
1.367140e+04	8.247525e-05
1.367757e+04	8.211406e-05
1.368374e+04	8.175410e-05
1.368991e+04	8.139538e-05
1.369608e+04	8.103790e-05
1.370224e+04	8.068164e-05
1.370841e+04	8.032662e-05
1.371458e+04	7.997283e-05
1.372075e+04	7.962026e-05
1.372692e+04	7.926891e-05
1.373309e+04	7.891879e-05
1.373926e+04	7.856988e-05
1.374543e+04	7.822219e-05
1.375160e+04	7.787571e-05
1.375777e+04	7.753044e-05
1.376394e+04	7.718638e-05
1.377011e+04	7.684352e-05
1.377628e+04	7.650187e-05
1.378245e+04	7.616141e-05
1.378862e+04	7.582216e-05
1.379479e+04	7.548410e-05
1.380096e+04	7.514723e-05
1.380712e+04	7.481156e-05
1.381329e+04	7.447707e-05
1.381946e+04	7.414376e-05
1.382563e+04	7.381164e-05
1.383180e+04	7.348070e-05
1.383797e+04	7.315094e-05
1.384414e+04	7.282236e-05
1.385031e+04	7.249494e-05
1.385648e+04	7.216870e-05
1.386265e+04	7.184362e-05
1.386882e+04	7.151971e-05
1.387499e+04	7.119696e-05
1.388116e+04	7.087537e-05
1.388733e+04	7.055494e-05
1.389350e+04	7.023567e-05
1.389967e+04	6.991754e-05
1.390584e+04	6.960057e-05
1.391200e+04	6.928474e-05
1.391817e+04	6.897006e-05
1.392434e+04	6.865652e-05
1.393051e+04	6.834412e-05
1.393668e+04	6.803285e-05
1.394285e+04	6.772272e-05
1.394902e+04	6.741373e-05
1.395519e+04	6.710586e-05
1.396136e+04	6.679912e-05
1.396753e+04	6.649350e-05
1.397370e+04	6.618900e-05
1.397987e+04	6.588562e-05
1.398604e+04	6.558336e-05
1.399221e+04	6.528221e-05
1.399838e+04	6.498217e-05
1.400455e+04	6.468325e-05
1.401072e+04	6.438542e-05
1.401688e+04	6.408870e-05
1.402305e+04	6.379308e-05
1.402922e+04	6.349856e-05
1.403539e+04	6.320514e-05
1.404156e+04	6.291280e-05
1.404773e+04	6.262156e-05
1.405390e+04	6.233140e-05
1.406007e+04	6.204233e-05
1.406624e+04	6.175435e-05
1.407241e+04	6.146744e-05
1.407858e+04	6.118160e-05
1.408475e+04	6.089685e-05
1.409092e+04	6.061316e-05
1.409709e+04	6.033055e-05
1.410326e+04	6.004900e-05
1.410943e+04	5.976851e-05
1.411559e+04	5.948909e-05
1.412176e+04	5.921072e-05
1.412793e+04	5.893341e-05
1.413410e+04	5.865715e-05
1.414027e+04	5.838195e-05
1.414644e+04	5.810779e-05
1.415261e+04	5.783468e-05
1.415878e+04	5.756261e-05
1.416495e+04	5.729158e-05
1.417112e+04	5.702159e-05
1.417729e+04	5.675263e-05
1.418346e+04	5.648471e-05
1.418963e+04	5.621781e-05
1.419580e+04	5.595194e-05
1.420197e+04	5.568710e-05
1.420814e+04	5.542328e-05
1.421431e+04	5.516048e-05
1.422047e+04	5.489869e-05
1.422664e+04	5.463792e-05
1.423281e+04	5.437816e-05
1.423898e+04	5.411941e-05
1.424515e+04	5.386166e-05
1.425132e+04	5.360492e-05
1.425749e+04	5.334918e-05
1.426366e+04	5.309443e-05
1.426983e+04	5.284068e-05
1.427600e+04	5.258793e-05
1.428217e+04	5.233616e-05
1.428834e+04	5.208538e-05
1.429451e+04	5.183559e-05
1.430068e+04	5.158678e-05
1.430685e+04	5.133894e-05
1.431302e+04	5.109209e-05
1.431919e+04	5.084621e-05
1.432535e+04	5.060130e-05
1.433152e+04	5.035736e-05
1.433769e+04	5.011439e-05
1.434386e+04	4.987238e-05
1.435003e+04	4.963133e-05
1.435620e+04	4.939124e-05
1.436237e+04	4.915210e-05
1.436854e+04	4.891392e-05
1.437471e+04	4.867669e-05
1.438088e+04	4.844041e-05
1.438705e+04	4.820507e-05
1.439322e+04	4.797067e-05
1.439939e+04	4.773722e-05
1.440556e+04	4.750470e-05
1.441173e+04	4.727312e-05
1.441790e+04	4.704247e-05
1.442407e+04	4.681274e-05
1.443023e+04	4.658395e-05
1.443640e+04	4.635608e-05
1.444257e+04	4.612913e-05
1.444874e+04	4.590310e-05
1.445491e+04	4.567799e-05
1.446108e+04	4.545379e-05
1.446725e+04	4.523050e-05
1.447342e+04	4.500812e-05
1.447959e+04	4.478665e-05
1.448576e+04	4.456608e-05
1.449193e+04	4.434641e-05
1.449810e+04	4.412764e-05
1.450427e+04	4.390977e-05
1.451044e+04	4.369278e-05
1.451661e+04	4.347669e-05
1.452278e+04	4.326149e-05
1.452894e+04	4.304717e-05
1.453511e+04	4.283373e-05
1.454128e+04	4.262118e-05
1.454745e+04	4.240950e-05
1.455362e+04	4.219869e-05
1.455979e+04	4.198876e-05
1.456596e+04	4.177970e-05
1.457213e+04	4.157150e-05
1.457830e+04	4.136417e-05
1.458447e+04	4.115770e-05
1.459064e+04	4.095209e-05
1.459681e+04	4.074734e-05
1.460298e+04	4.054344e-05
1.460915e+04	4.034039e-05
1.461532e+04	4.013820e-05
1.462149e+04	3.993684e-05
1.462766e+04	3.973634e-05
1.463382e+04	3.953667e-05
1.463999e+04	3.933784e-05
1.464616e+04	3.913985e-05
1.465233e+04	3.894269e-05
1.465850e+04	3.874636e-05
1.466467e+04	3.855086e-05
1.467084e+04	3.835619e-05
1.467701e+04	3.816234e-05
1.468318e+04	3.796931e-05
1.468935e+04	3.777710e-05
1.469552e+04	3.758571e-05
1.470169e+04	3.739513e-05
1.470786e+04	3.720536e-05
1.471403e+04	3.701639e-05
1.472020e+04	3.682824e-05
1.472637e+04	3.664088e-05
1.473254e+04	3.645433e-05
1.473870e+04	3.626858e-05
1.474487e+04	3.608362e-05
1.475104e+04	3.589945e-05
1.475721e+04	3.571608e-05
1.476338e+04	3.553349e-05
1.476955e+04	3.535169e-05
1.477572e+04	3.517067e-05
1.478189e+04	3.499043e-05
1.478806e+04	3.481097e-05
1.479423e+04	3.463228e-05
1.480040e+04	3.445437e-05
1.480657e+04	3.427723e-05
1.481274e+04	3.410086e-05
1.481891e+04	3.392525e-05
1.482508e+04	3.375041e-05
1.483125e+04	3.357632e-05
1.483742e+04	3.340300e-05
1.484358e+04	3.323043e-05
1.484975e+04	3.305861e-05
1.485592e+04	3.288754e-05
1.486209e+04	3.271723e-05
1.486826e+04	3.254766e-05
1.487443e+04	3.237883e-05
1.488060e+04	3.221074e-05
1.488677e+04	3.204339e-05
1.489294e+04	3.187678e-05
1.489911e+04	3.171090e-05
1.490528e+04	3.154575e-05
1.491145e+04	3.138133e-05
1.491762e+04	3.121764e-05
1.492379e+04	3.105467e-05
1.492996e+04	3.089243e-05
1.493613e+04	3.073090e-05
1.494229e+04	3.057009e-05
1.494846e+04	3.040999e-05
1.495463e+04	3.025061e-05
1.496080e+04	3.009193e-05
1.496697e+04	2.993396e-05
1.497314e+04	2.977670e-05
1.497931e+04	2.962014e-05
1.498548e+04	2.946428e-05
1.499165e+04	2.930911e-05
1.499782e+04	2.915464e-05
1.500399e+04	2.900087e-05
1.501016e+04	2.884778e-05
1.501633e+04	2.869538e-05
1.502250e+04	2.854367e-05
1.502867e+04	2.839264e-05
1.503484e+04	2.824230e-05
1.504101e+04	2.809263e-05
1.504717e+04	2.794364e-05
1.505334e+04	2.779532e-05
1.505951e+04	2.764767e-05
1.506568e+04	2.750069e-05
1.507185e+04	2.735438e-05
1.507802e+04	2.720874e-05
1.508419e+04	2.706375e-05
1.509036e+04	2.691943e-05
1.509653e+04	2.677576e-05
1.510270e+04	2.663275e-05
1.510887e+04	2.649039e-05
1.511504e+04	2.634868e-05
1.512121e+04	2.620763e-05
1.512738e+04	2.606721e-05
1.513355e+04	2.592744e-05
1.513972e+04	2.578832e-05
1.514589e+04	2.564983e-05
1.515205e+04	2.551198e-05
1.515822e+04	2.537476e-05
1.516439e+04	2.523818e-05
1.517056e+04	2.510222e-05
1.517673e+04	2.496690e-05
1.518290e+04	2.483220e-05
1.518907e+04	2.469812e-05
1.519524e+04	2.456466e-05
1.520141e+04	2.443183e-05
1.520758e+04	2.429961e-05
1.521375e+04	2.416800e-05
1.521992e+04	2.403701e-05
1.522609e+04	2.390662e-05
1.523226e+04	2.377685e-05
1.523843e+04	2.364768e-05
1.524460e+04	2.351911e-05
1.525077e+04	2.339115e-05
1.525693e+04	2.326378e-05
1.526310e+04	2.313701e-05
1.526927e+04	2.301083e-05
1.527544e+04	2.288525e-05
1.528161e+04	2.276026e-05
1.528778e+04	2.263585e-05
1.529395e+04	2.251203e-05
1.530012e+04	2.238880e-05
1.530629e+04	2.226615e-05
1.531246e+04	2.214407e-05
1.531863e+04	2.202257e-05
1.532480e+04	2.190165e-05
1.533097e+04	2.178130e-05
1.533714e+04	2.166152e-05
1.534331e+04	2.154231e-05
1.534948e+04	2.142367e-05
1.535565e+04	2.130559e-05
1.536181e+04	2.118807e-05
1.536798e+04	2.107111e-05
1.537415e+04	2.095471e-05
1.538032e+04	2.083887e-05
1.538649e+04	2.072358e-05
1.539266e+04	2.060884e-05
1.539883e+04	2.049465e-05
1.540500e+04	2.038101e-05
1.541117e+04	2.026792e-05
1.541734e+04	2.015536e-05
1.542351e+04	2.004335e-05
1.542968e+04	1.993188e-05
1.543585e+04	1.982094e-05
1.544202e+04	1.971054e-05
1.544819e+04	1.960068e-05
1.545436e+04	1.949134e-05
1.546052e+04	1.938253e-05
1.546669e+04	1.927425e-05
1.547286e+04	1.916650e-05
1.547903e+04	1.905926e-05
1.548520e+04	1.895255e-05
1.549137e+04	1.884635e-05
1.549754e+04	1.874068e-05
1.550371e+04	1.863551e-05
1.550988e+04	1.853086e-05
1.551605e+04	1.842672e-05
1.552222e+04	1.832309e-05
1.552839e+04	1.821997e-05
1.553456e+04	1.811735e-05
1.554073e+04	1.801523e-05
1.554690e+04	1.791361e-05
1.555307e+04	1.781250e-05
1.555924e+04	1.771188e-05
1.556540e+04	1.761175e-05
1.557157e+04	1.751211e-05
1.557774e+04	1.741297e-05
1.558391e+04	1.731432e-05
1.559008e+04	1.721615e-05
1.559625e+04	1.711847e-05
1.560242e+04	1.702127e-05
1.560859e+04	1.692455e-05
1.561476e+04	1.682831e-05
1.562093e+04	1.673255e-05
1.562710e+04	1.663726e-05
1.563327e+04	1.654245e-05
1.563944e+04	1.644811e-05
1.564561e+04	1.635424e-05
1.565178e+04	1.626083e-05
1.565795e+04	1.616790e-05
1.566412e+04	1.607542e-05
1.567028e+04	1.598341e-05
1.567645e+04	1.589186e-05
1.568262e+04	1.580076e-05
1.568879e+04	1.571013e-05
1.569496e+04	1.561994e-05
1.570113e+04	1.553021e-05
1.570730e+04	1.544093e-05
1.571347e+04	1.535210e-05
1.571964e+04	1.526372e-05
1.572581e+04	1.517578e-05
1.573198e+04	1.508829e-05
1.573815e+04	1.500124e-05
1.574432e+04	1.491462e-05
1.575049e+04	1.482845e-05
1.575666e+04	1.474271e-05
1.576283e+04	1.465741e-05
1.576900e+04	1.457254e-05
1.577516e+04	1.448810e-05
1.578133e+04	1.440408e-05
1.578750e+04	1.432050e-05
1.579367e+04	1.423734e-05
1.579984e+04	1.415461e-05
1.580601e+04	1.407229e-05
1.581218e+04	1.399040e-05
1.581835e+04	1.390893e-05
1.582452e+04	1.382787e-05
1.583069e+04	1.374723e-05
1.583686e+04	1.366700e-05
1.584303e+04	1.358718e-05
1.584920e+04	1.350777e-05
1.585537e+04	1.342877e-05
1.586154e+04	1.335017e-05
1.586771e+04	1.327198e-05
1.587387e+04	1.319419e-05
1.588004e+04	1.311681e-05
1.588621e+04	1.303982e-05
1.589238e+04	1.296323e-05
1.589855e+04	1.288704e-05
1.590472e+04	1.281124e-05
1.591089e+04	1.273583e-05
1.591706e+04	1.266082e-05
1.592323e+04	1.258619e-05
1.592940e+04	1.251195e-05
1.593557e+04	1.243810e-05
1.594174e+04	1.236463e-05
1.594791e+04	1.229154e-05
1.595408e+04	1.221884e-05
1.596025e+04	1.214651e-05
1.596642e+04	1.207456e-05
1.597259e+04	1.200299e-05
1.597875e+04	1.193179e-05
1.598492e+04	1.186096e-05
1.599109e+04	1.179051e-05
1.599726e+04	1.172042e-05
1.600343e+04	1.165071e-05
1.600960e+04	1.158136e-05
1.601577e+04	1.151237e-05
1.602194e+04	1.144375e-05
1.602811e+04	1.137548e-05
1.603428e+04	1.130758e-05
1.604045e+04	1.124004e-05
1.604662e+04	1.117285e-05
1.605279e+04	1.110602e-05
1.605896e+04	1.103954e-05
1.606513e+04	1.097342e-05
1.607130e+04	1.090764e-05
1.607747e+04	1.084221e-05
1.608363e+04	1.077713e-05
1.608980e+04	1.071240e-05
1.609597e+04	1.064801e-05
1.610214e+04	1.058396e-05
1.610831e+04	1.052026e-05
1.611448e+04	1.045689e-05
1.612065e+04	1.039387e-05
1.612682e+04	1.033118e-05
1.613299e+04	1.026882e-05
1.613916e+04	1.020680e-05
1.614533e+04	1.014511e-05
1.615150e+04	1.008375e-05
1.615767e+04	1.002272e-05
1.616384e+04	9.962017e-06
1.617001e+04	9.901641e-06
1.617618e+04	9.841589e-06
1.618235e+04	9.781861e-06
1.618851e+04	9.722455e-06
1.619468e+04	9.663369e-06
1.620085e+04	9.604603e-06
1.620702e+04	9.546153e-06
1.621319e+04	9.488020e-06
1.621936e+04	9.430201e-06
1.622553e+04	9.372695e-06
1.623170e+04	9.315501e-06
1.623787e+04	9.258617e-06
1.624404e+04	9.202042e-06
1.625021e+04	9.145775e-06
1.625638e+04	9.089813e-06
1.626255e+04	9.034156e-06
1.626872e+04	8.978803e-06
1.627489e+04	8.923751e-06
1.628106e+04	8.869000e-06
1.628722e+04	8.814547e-06
1.629339e+04	8.760393e-06
1.629956e+04	8.706535e-06
1.630573e+04	8.652971e-06
1.631190e+04	8.599701e-06
1.631807e+04	8.546724e-06
1.632424e+04	8.494037e-06
1.633041e+04	8.441640e-06
1.633658e+04	8.389530e-06
1.634275e+04	8.337708e-06
1.634892e+04	8.286171e-06
1.635509e+04	8.234918e-06
1.636126e+04	8.183948e-06
1.636743e+04	8.133259e-06
1.637360e+04	8.082851e-06
1.637977e+04	8.032721e-06
1.638594e+04	7.982869e-06
1.639210e+04	7.933293e-06
1.639827e+04	7.883992e-06
1.640444e+04	7.834965e-06
1.641061e+04	7.786210e-06
1.641678e+04	7.737725e-06
1.642295e+04	7.689511e-06
1.642912e+04	7.641565e-06
1.643529e+04	7.593886e-06
1.644146e+04	7.546474e-06
1.644763e+04	7.499325e-06
1.645380e+04	7.452441e-06
1.645997e+04	7.405818e-06
1.646614e+04	7.359456e-06
1.647231e+04	7.313354e-06
1.647848e+04	7.267511e-06
1.648465e+04	7.221924e-06
1.649082e+04	7.176593e-06
1.649698e+04	7.131518e-06
1.650315e+04	7.086695e-06
1.650932e+04	7.042125e-06
1.651549e+04	6.997806e-06
1.652166e+04	6.953736e-06
1.652783e+04	6.909916e-06
1.653400e+04	6.866343e-06
1.654017e+04	6.823015e-06
1.654634e+04	6.779934e-06
1.655251e+04	6.737095e-06
1.655868e+04	6.694500e-06
1.656485e+04	6.652146e-06
1.657102e+04	6.610032e-06
1.657719e+04	6.568158e-06
1.658336e+04	6.526521e-06
1.658953e+04	6.485121e-06
1.659570e+04	6.443957e-06
1.660186e+04	6.403028e-06
1.660803e+04	6.362331e-06
1.661420e+04	6.321867e-06
1.662037e+04	6.281634e-06
1.662654e+04	6.241631e-06
1.663271e+04	6.201857e-06
1.663888e+04	6.162311e-06
1.664505e+04	6.122991e-06
1.665122e+04	6.083896e-06
1.665739e+04	6.045026e-06
1.666356e+04	6.006379e-06
1.666973e+04	5.967954e-06
1.667590e+04	5.929750e-06
1.668207e+04	5.891766e-06
1.668824e+04	5.854001e-06
1.669441e+04	5.816454e-06
1.670057e+04	5.779123e-06
1.670674e+04	5.742008e-06
1.671291e+04	5.705107e-06
1.671908e+04	5.668420e-06
1.672525e+04	5.631945e-06
1.673142e+04	5.595681e-06
1.673759e+04	5.559628e-06
1.674376e+04	5.523784e-06
1.674993e+04	5.488148e-06
1.675610e+04	5.452719e-06
1.676227e+04	5.417496e-06
1.676844e+04	5.382478e-06
1.677461e+04	5.347664e-06
1.678078e+04	5.313053e-06
1.678695e+04	5.278644e-06
1.679312e+04	5.244436e-06
1.679929e+04	5.210428e-06
1.680545e+04	5.176619e-06
1.681162e+04	5.143007e-06
1.681779e+04	5.109592e-06
1.682396e+04	5.076374e-06
1.683013e+04	5.043350e-06
1.683630e+04	5.010520e-06
1.684247e+04	4.977883e-06
1.684864e+04	4.945437e-06
1.685481e+04	4.913183e-06
1.686098e+04	4.881119e-06
1.686715e+04	4.849243e-06
1.687332e+04	4.817556e-06
1.687949e+04	4.786056e-06
1.688566e+04	4.754742e-06
1.689183e+04	4.723612e-06
1.689800e+04	4.692667e-06
1.690417e+04	4.661906e-06
1.691033e+04	4.631326e-06
1.691650e+04	4.600928e-06
1.692267e+04	4.570710e-06
1.692884e+04	4.540672e-06
1.693501e+04	4.510812e-06
1.694118e+04	4.481130e-06
1.694735e+04	4.451625e-06
1.695352e+04	4.422295e-06
1.695969e+04	4.393141e-06
1.696586e+04	4.364160e-06
1.697203e+04	4.335352e-06
1.697820e+04	4.306716e-06
1.698437e+04	4.278252e-06
1.699054e+04	4.249958e-06
1.699671e+04	4.221833e-06
1.700288e+04	4.193877e-06
1.700905e+04	4.166089e-06
1.701521e+04	4.138468e-06
1.702138e+04	4.111012e-06
1.702755e+04	4.083722e-06
1.703372e+04	4.056595e-06
1.703989e+04	4.029632e-06
1.704606e+04	4.002832e-06
1.705223e+04	3.976193e-06
1.705840e+04	3.949715e-06
1.706457e+04	3.923397e-06
1.707074e+04	3.897237e-06
1.707691e+04	3.871236e-06
1.708308e+04	3.845393e-06
1.708925e+04	3.819706e-06
1.709542e+04	3.794175e-06
1.710159e+04	3.768798e-06
1.710776e+04	3.743576e-06
1.711392e+04	3.718507e-06
1.712009e+04	3.693590e-06
1.712626e+04	3.668825e-06
1.713243e+04	3.644211e-06
1.713860e+04	3.619747e-06
1.714477e+04	3.595432e-06
1.715094e+04	3.571265e-06
1.715711e+04	3.547246e-06
1.716328e+04	3.523374e-06
1.716945e+04	3.499647e-06
1.717562e+04	3.476066e-06
1.718179e+04	3.452630e-06
1.718796e+04	3.429337e-06
1.719413e+04	3.406187e-06
1.720030e+04	3.383179e-06
1.720647e+04	3.360312e-06
1.721264e+04	3.337587e-06
1.721880e+04	3.315000e-06
1.722497e+04	3.292553e-06
1.723114e+04	3.270245e-06
1.723731e+04	3.248074e-06
1.724348e+04	3.226039e-06
1.724965e+04	3.204141e-06
1.725582e+04	3.182378e-06
1.726199e+04	3.160750e-06
1.726816e+04	3.139255e-06
1.727433e+04	3.117894e-06
1.728050e+04	3.096665e-06
1.728667e+04	3.075568e-06
1.729284e+04	3.054601e-06
1.729901e+04	3.033765e-06
1.730518e+04	3.013059e-06
1.731135e+04	2.992481e-06
1.731752e+04	2.972031e-06
1.732368e+04	2.951709e-06
1.732985e+04	2.931514e-06
1.733602e+04	2.911444e-06
1.734219e+04	2.891500e-06
1.734836e+04	2.871680e-06
1.735453e+04	2.851985e-06
1.736070e+04	2.832412e-06
1.736687e+04	2.812962e-06
1.737304e+04	2.793634e-06
1.737921e+04	2.774427e-06
1.738538e+04	2.755341e-06
1.739155e+04	2.736375e-06
1.739772e+04	2.717527e-06
1.740389e+04	2.698798e-06
1.741006e+04	2.680188e-06
1.741623e+04	2.661694e-06
1.742240e+04	2.643317e-06
1.742856e+04	2.625056e-06
1.743473e+04	2.606910e-06
1.744090e+04	2.588878e-06
1.744707e+04	2.570961e-06
1.745324e+04	2.553157e-06
1.745941e+04	2.535465e-06
1.746558e+04	2.517886e-06
1.747175e+04	2.500418e-06
1.747792e+04	2.483061e-06
1.748409e+04	2.465814e-06
1.749026e+04	2.448677e-06
1.749643e+04	2.431648e-06
1.750260e+04	2.414728e-06
1.750877e+04	2.397916e-06
1.751494e+04	2.381210e-06
1.752111e+04	2.364611e-06
1.752728e+04	2.348119e-06
1.753344e+04	2.331731e-06
1.753961e+04	2.315448e-06
1.754578e+04	2.299269e-06
1.755195e+04	2.283194e-06
1.755812e+04	2.267221e-06
1.756429e+04	2.251351e-06
1.757046e+04	2.235582e-06
1.757663e+04	2.219915e-06
1.758280e+04	2.204348e-06
1.758897e+04	2.188882e-06
1.759514e+04	2.173514e-06
1.760131e+04	2.158246e-06
1.760748e+04	2.143076e-06
1.761365e+04	2.128003e-06
1.761982e+04	2.113028e-06
1.762599e+04	2.098150e-06
1.763215e+04	2.083367e-06
1.763832e+04	2.068680e-06
1.764449e+04	2.054088e-06
1.765066e+04	2.039590e-06
1.765683e+04	2.025186e-06
1.766300e+04	2.010876e-06
1.766917e+04	1.996658e-06
1.767534e+04	1.982532e-06
1.768151e+04	1.968498e-06
1.768768e+04	1.954556e-06
1.769385e+04	1.940704e-06
1.770002e+04	1.926942e-06
1.770619e+04	1.913269e-06
1.771236e+04	1.899686e-06
1.771853e+04	1.886191e-06
1.772470e+04	1.872784e-06
1.773087e+04	1.859465e-06
1.773703e+04	1.846233e-06
1.774320e+04	1.833087e-06
1.774937e+04	1.820028e-06
1.775554e+04	1.807053e-06
1.776171e+04	1.794164e-06
1.776788e+04	1.781359e-06
1.777405e+04	1.768638e-06
1.778022e+04	1.756001e-06
1.778639e+04	1.743447e-06
1.779256e+04	1.730975e-06
1.779873e+04	1.718585e-06
1.780490e+04	1.706277e-06
1.781107e+04	1.694050e-06
1.781724e+04	1.681903e-06
1.782341e+04	1.669837e-06
1.782958e+04	1.657850e-06
1.783575e+04	1.645942e-06
1.784191e+04	1.634114e-06
1.784808e+04	1.622363e-06
1.785425e+04	1.610690e-06
1.786042e+04	1.599094e-06
1.786659e+04	1.587575e-06
1.787276e+04	1.576133e-06
1.787893e+04	1.564766e-06
1.788510e+04	1.553475e-06
1.789127e+04	1.542259e-06
1.789744e+04	1.531118e-06
1.790361e+04	1.520050e-06
1.790978e+04	1.509057e-06
1.791595e+04	1.498136e-06
1.792212e+04	1.487289e-06
1.792829e+04	1.476513e-06
1.793446e+04	1.465810e-06
1.794063e+04	1.455178e-06
1.794679e+04	1.444618e-06
1.795296e+04	1.434127e-06
1.795913e+04	1.423708e-06
1.796530e+04	1.413358e-06
1.797147e+04	1.403077e-06
1.797764e+04	1.392865e-06
1.798381e+04	1.382722e-06
1.798998e+04	1.372647e-06
1.799615e+04	1.362639e-06
1.800232e+04	1.352699e-06
1.800849e+04	1.342826e-06
1.801466e+04	1.333019e-06
1.802083e+04	1.323279e-06
1.802700e+04	1.313604e-06
1.803317e+04	1.303994e-06
1.803934e+04	1.294450e-06
1.804550e+04	1.284969e-06
1.805167e+04	1.275553e-06
1.805784e+04	1.266201e-06
1.806401e+04	1.256911e-06
1.807018e+04	1.247685e-06
1.807635e+04	1.238522e-06
1.808252e+04	1.229420e-06
1.808869e+04	1.220380e-06
1.809486e+04	1.211402e-06
1.810103e+04	1.202485e-06
1.810720e+04	1.193628e-06
1.811337e+04	1.184832e-06
1.811954e+04	1.176095e-06
1.812571e+04	1.167418e-06
1.813188e+04	1.158800e-06
1.813805e+04	1.150241e-06
1.814422e+04	1.141741e-06
1.815038e+04	1.133298e-06
1.815655e+04	1.124914e-06
1.816272e+04	1.116586e-06
1.816889e+04	1.108316e-06
1.817506e+04	1.100102e-06
1.818123e+04	1.091945e-06
1.818740e+04	1.083843e-06
1.819357e+04	1.075797e-06
1.819974e+04	1.067807e-06
1.820591e+04	1.059871e-06
1.821208e+04	1.051990e-06
1.821825e+04	1.044163e-06
1.822442e+04	1.036390e-06
1.823059e+04	1.028671e-06
1.823676e+04	1.021005e-06
1.824293e+04	1.013391e-06
1.824910e+04	1.005831e-06
1.825526e+04	9.983221e-07
1.826143e+04	9.908655e-07
1.826760e+04	9.834605e-07
1.827377e+04	9.761068e-07
1.827994e+04	9.688040e-07
1.828611e+04	9.615518e-07
1.829228e+04	9.543499e-07
1.829845e+04	9.471980e-07
1.830462e+04	9.400957e-07
1.831079e+04	9.330428e-07
1.831696e+04	9.260389e-07
1.832313e+04	9.190838e-07
1.832930e+04	9.121771e-07
1.833547e+04	9.053185e-07
1.834164e+04	8.985077e-07
1.834781e+04	8.917444e-07
1.835398e+04	8.850283e-07
1.836014e+04	8.783592e-07
1.836631e+04	8.717366e-07
1.837248e+04	8.651603e-07
1.837865e+04	8.586301e-07
1.838482e+04	8.521456e-07
1.839099e+04	8.457065e-07
1.839716e+04	8.393126e-07
1.840333e+04	8.329636e-07
1.840950e+04	8.266591e-07
1.841567e+04	8.203988e-07
1.842184e+04	8.141826e-07
1.842801e+04	8.080101e-07
1.843418e+04	8.018811e-07
1.844035e+04	7.957952e-07
1.844652e+04	7.897522e-07
1.845269e+04	7.837518e-07
1.845885e+04	7.777938e-07
1.846502e+04	7.718778e-07
1.847119e+04	7.660036e-07
1.847736e+04	7.601709e-07
1.848353e+04	7.543795e-07
1.848970e+04	7.486291e-07
1.849587e+04	7.429194e-07
1.850204e+04	7.372501e-07
1.850821e+04	7.316211e-07
1.851438e+04	7.260320e-07
1.852055e+04	7.204826e-07
1.852672e+04	7.149726e-07
1.853289e+04	7.095018e-07
1.853906e+04	7.040699e-07
1.854523e+04	6.986767e-07
1.855140e+04	6.933218e-07
1.855757e+04	6.880052e-07
1.856373e+04	6.827264e-07
1.856990e+04	6.774853e-07
1.857607e+04	6.722817e-07
1.858224e+04	6.671152e-07
1.858841e+04	6.619857e-07
1.859458e+04	6.568928e-07
1.860075e+04	6.518364e-07
1.860692e+04	6.468162e-07
1.861309e+04	6.418320e-07
1.861926e+04	6.368836e-07
1.862543e+04	6.319706e-07
1.863160e+04	6.270930e-07
1.863777e+04	6.222503e-07
1.864394e+04	6.174425e-07
1.865011e+04	6.126693e-07
1.865628e+04	6.079304e-07
1.866245e+04	6.032257e-07
1.866861e+04	5.985548e-07
1.867478e+04	5.939177e-07
1.868095e+04	5.893140e-07
1.868712e+04	5.847435e-07
1.869329e+04	5.802061e-07
1.869946e+04	5.757014e-07
1.870563e+04	5.712294e-07
1.871180e+04	5.667897e-07
1.871797e+04	5.623822e-07
1.872414e+04	5.580066e-07
1.873031e+04	5.536627e-07
1.873648e+04	5.493504e-07
1.874265e+04	5.450693e-07
1.874882e+04	5.408194e-07
1.875499e+04	5.366004e-07
1.876116e+04	5.324120e-07
1.876733e+04	5.282541e-07
1.877349e+04	5.241265e-07
1.877966e+04	5.200290e-07
1.878583e+04	5.159614e-07
1.879200e+04	5.119234e-07
1.879817e+04	5.079149e-07
1.880434e+04	5.039357e-07
1.881051e+04	4.999855e-07
1.881668e+04	4.960643e-07
1.882285e+04	4.921717e-07
1.882902e+04	4.883077e-07
1.883519e+04	4.844720e-07
1.884136e+04	4.806643e-07
1.884753e+04	4.768846e-07
1.885370e+04	4.731327e-07
1.885987e+04	4.694083e-07
1.886604e+04	4.657113e-07
1.887220e+04	4.620415e-07
1.887837e+04	4.583986e-07
1.888454e+04	4.547826e-07
1.889071e+04	4.511932e-07
1.889688e+04	4.476303e-07
1.890305e+04	4.440937e-07
1.890922e+04	4.405831e-07
1.891539e+04	4.370985e-07
1.892156e+04	4.336396e-07
1.892773e+04	4.302063e-07
1.893390e+04	4.267984e-07
1.894007e+04	4.234157e-07
1.894624e+04	4.200581e-07
1.895241e+04	4.167253e-07
1.895858e+04	4.134173e-07
1.896475e+04	4.101338e-07
1.897092e+04	4.068747e-07
1.897708e+04	4.036398e-07
1.898325e+04	4.004289e-07
1.898942e+04	3.972419e-07
1.899559e+04	3.940787e-07
1.900176e+04	3.909390e-07
1.900793e+04	3.878226e-07
1.901410e+04	3.847296e-07
1.902027e+04	3.816595e-07
1.902644e+04	3.786124e-07
1.903261e+04	3.755881e-07
1.903878e+04	3.725864e-07
1.904495e+04	3.696071e-07
1.905112e+04	3.666500e-07
1.905729e+04	3.637152e-07
1.906346e+04	3.608023e-07
1.906963e+04	3.579112e-07
1.907580e+04	3.550418e-07
1.908196e+04	3.521940e-07
1.908813e+04	3.493675e-07
1.909430e+04	3.465623e-07
1.910047e+04	3.437781e-07
1.910664e+04	3.410149e-07
1.911281e+04	3.382725e-07
1.911898e+04	3.355508e-07
1.912515e+04	3.328495e-07
1.913132e+04	3.301686e-07
1.913749e+04	3.275080e-07
1.914366e+04	3.248674e-07
1.914983e+04	3.222467e-07
1.915600e+04	3.196459e-07
1.916217e+04	3.170647e-07
1.916834e+04	3.145031e-07
1.917451e+04	3.119608e-07
1.918068e+04	3.094378e-07
1.918684e+04	3.069339e-07
1.919301e+04	3.044490e-07
1.919918e+04	3.019830e-07
1.920535e+04	2.995357e-07
1.921152e+04	2.971070e-07
1.921769e+04	2.946967e-07
1.922386e+04	2.923048e-07
1.923003e+04	2.899310e-07
1.923620e+04	2.875754e-07
1.924237e+04	2.852377e-07
1.924854e+04	2.829178e-07
1.925471e+04	2.806156e-07
1.926088e+04	2.783309e-07
1.926705e+04	2.760637e-07
