# # p(y | x = 5.000000e+01)
# # y_val	p(y|x)
0.000000e+00	1.784459e-08
5.044592e+00	1.818820e-08
1.008918e+01	1.853812e-08
1.513378e+01	1.889448e-08
2.017837e+01	1.925739e-08
2.522296e+01	1.962695e-08
3.026755e+01	2.000328e-08
3.531214e+01	2.038650e-08
4.035673e+01	2.077673e-08
4.540133e+01	2.117410e-08
5.044592e+01	2.157872e-08
5.549051e+01	2.199072e-08
6.053510e+01	2.241022e-08
6.557969e+01	2.283737e-08
7.062428e+01	2.327229e-08
7.566888e+01	2.371511e-08
8.071347e+01	2.416597e-08
8.575806e+01	2.462501e-08
9.080265e+01	2.509237e-08
9.584724e+01	2.556818e-08
1.008918e+02	2.605261e-08
1.059364e+02	2.654579e-08
1.109810e+02	2.704788e-08
1.160256e+02	2.755902e-08
1.210702e+02	2.807937e-08
1.261148e+02	2.860909e-08
1.311594e+02	2.914834e-08
1.362040e+02	2.969727e-08
1.412486e+02	3.025607e-08
1.462932e+02	3.082488e-08
1.513378e+02	3.140389e-08
1.563823e+02	3.199326e-08
1.614269e+02	3.259317e-08
1.664715e+02	3.320381e-08
1.715161e+02	3.382534e-08
1.765607e+02	3.445795e-08
1.816053e+02	3.510184e-08
1.866499e+02	3.575719e-08
1.916945e+02	3.642419e-08
1.967391e+02	3.710304e-08
2.017837e+02	3.779394e-08
2.068283e+02	3.849709e-08
2.118729e+02	3.921269e-08
2.169174e+02	3.994096e-08
2.219620e+02	4.068211e-08
2.270066e+02	4.143635e-08
2.320512e+02	4.220389e-08
2.370958e+02	4.298497e-08
2.421404e+02	4.377980e-08
2.471850e+02	4.458862e-08
2.522296e+02	4.541166e-08
2.572742e+02	4.624915e-08
2.623188e+02	4.710134e-08
2.673634e+02	4.796846e-08
2.724080e+02	4.885076e-08
2.774525e+02	4.974850e-08
2.824971e+02	5.066192e-08
2.875417e+02	5.159130e-08
2.925863e+02	5.253688e-08
2.976309e+02	5.349894e-08
3.026755e+02	5.447775e-08
3.077201e+02	5.547358e-08
3.127647e+02	5.648671e-08
3.178093e+02	5.751743e-08
3.228539e+02	5.856602e-08
3.278985e+02	5.963277e-08
3.329431e+02	6.071799e-08
3.379876e+02	6.182196e-08
3.430322e+02	6.294501e-08
3.480768e+02	6.408743e-08
3.531214e+02	6.524954e-08
3.581660e+02	6.643167e-08
3.632106e+02	6.763413e-08
3.682552e+02	6.885726e-08
3.732998e+02	7.010139e-08
3.783444e+02	7.136686e-08
3.833890e+02	7.265401e-08
3.884336e+02	7.396320e-08
3.934782e+02	7.529477e-08
3.985228e+02	7.664910e-08
4.035673e+02	7.802653e-08
4.086119e+02	7.942746e-08
4.136565e+02	8.085224e-08
4.187011e+02	8.230127e-08
4.237457e+02	8.377493e-08
4.287903e+02	8.527362e-08
4.338349e+02	8.679773e-08
4.388795e+02	8.834767e-08
4.439241e+02	8.992385e-08
4.489687e+02	9.152669e-08
4.540133e+02	9.315661e-08
4.590579e+02	9.481405e-08
4.641024e+02	9.649943e-08
4.691470e+02	9.821320e-08
4.741916e+02	9.995582e-08
4.792362e+02	1.017277e-07
4.842808e+02	1.035294e-07
4.893254e+02	1.053613e-07
4.943700e+02	1.072239e-07
4.994146e+02	1.091177e-07
5.044592e+02	1.110431e-07
5.095038e+02	1.130007e-07
5.145484e+02	1.149910e-07
5.195930e+02	1.170145e-07
5.246375e+02	1.190717e-07
5.296821e+02	1.211631e-07
5.347267e+02	1.232893e-07
5.397713e+02	1.254508e-07
5.448159e+02	1.276482e-07
5.498605e+02	1.298820e-07
5.549051e+02	1.321527e-07
5.599497e+02	1.344610e-07
5.649943e+02	1.368074e-07
5.700389e+02	1.391926e-07
5.750835e+02	1.416171e-07
5.801281e+02	1.440815e-07
5.851726e+02	1.465865e-07
5.902172e+02	1.491326e-07
5.952618e+02	1.517205e-07
6.003064e+02	1.543509e-07
6.053510e+02	1.570244e-07
6.103956e+02	1.597416e-07
6.154402e+02	1.625032e-07
6.204848e+02	1.653100e-07
6.255294e+02	1.681625e-07
6.305740e+02	1.710616e-07
6.356186e+02	1.740078e-07
6.406632e+02	1.770020e-07
6.457077e+02	1.800448e-07
6.507523e+02	1.831370e-07
6.557969e+02	1.862793e-07
6.608415e+02	1.894725e-07
6.658861e+02	1.927174e-07
6.709307e+02	1.960147e-07
6.759753e+02	1.993652e-07
6.810199e+02	2.027698e-07
6.860645e+02	2.062292e-07
6.911091e+02	2.097443e-07
6.961537e+02	2.133159e-07
7.011983e+02	2.169449e-07
7.062428e+02	2.206320e-07
7.112874e+02	2.243783e-07
7.163320e+02	2.281845e-07
7.213766e+02	2.320516e-07
7.264212e+02	2.359804e-07
7.314658e+02	2.399720e-07
7.365104e+02	2.440271e-07
7.415550e+02	2.481469e-07
7.465996e+02	2.523321e-07
7.516442e+02	2.565838e-07
7.566888e+02	2.609030e-07
7.617334e+02	2.652907e-07
7.667780e+02	2.697479e-07
7.718225e+02	2.742756e-07
7.768671e+02	2.788748e-07
7.819117e+02	2.835466e-07
7.869563e+02	2.882920e-07
7.920009e+02	2.931122e-07
7.970455e+02	2.980083e-07
8.020901e+02	3.029813e-07
8.071347e+02	3.080323e-07
8.121793e+02	3.131626e-07
8.172239e+02	3.183732e-07
8.222685e+02	3.236653e-07
8.273131e+02	3.290402e-07
8.323576e+02	3.344990e-07
8.374022e+02	3.400429e-07
8.424468e+02	3.456731e-07
8.474914e+02	3.513910e-07
8.525360e+02	3.571978e-07
8.575806e+02	3.630947e-07
8.626252e+02	3.690831e-07
8.676698e+02	3.751642e-07
8.727144e+02	3.813395e-07
8.777590e+02	3.876102e-07
8.828036e+02	3.939777e-07
8.878482e+02	4.004435e-07
8.928927e+02	4.070088e-07
8.979373e+02	4.136752e-07
9.029819e+02	4.204441e-07
9.080265e+02	4.273169e-07
9.130711e+02	4.342951e-07
9.181157e+02	4.413803e-07
9.231603e+02	4.485738e-07
9.282049e+02	4.558773e-07
9.332495e+02	4.632923e-07
9.382941e+02	4.708205e-07
9.433387e+02	4.784633e-07
9.483833e+02	4.862224e-07
9.534278e+02	4.940994e-07
9.584724e+02	5.020960e-07
9.635170e+02	5.102139e-07
9.685616e+02	5.184548e-07
9.736062e+02	5.268204e-07
9.786508e+02	5.353124e-07
9.836954e+02	5.439326e-07
9.887400e+02	5.526828e-07
9.937846e+02	5.615648e-07
9.988292e+02	5.705804e-07
1.003874e+03	5.797315e-07
1.008918e+03	5.890200e-07
1.013963e+03	5.984477e-07
1.019008e+03	6.080166e-07
1.024052e+03	6.177287e-07
1.029097e+03	6.275859e-07
1.034141e+03	6.375902e-07
1.039186e+03	6.477436e-07
1.044230e+03	6.580482e-07
1.049275e+03	6.685060e-07
1.054320e+03	6.791192e-07
1.059364e+03	6.898899e-07
1.064409e+03	7.008203e-07
1.069453e+03	7.119124e-07
1.074498e+03	7.231685e-07
1.079543e+03	7.345909e-07
1.084587e+03	7.461818e-07
1.089632e+03	7.579435e-07
1.094676e+03	7.698782e-07
1.099721e+03	7.819884e-07
1.104766e+03	7.942765e-07
1.109810e+03	8.067447e-07
1.114855e+03	8.193956e-07
1.119899e+03	8.322315e-07
1.124944e+03	8.452551e-07
1.129989e+03	8.584687e-07
1.135033e+03	8.718750e-07
1.140078e+03	8.854765e-07
1.145122e+03	8.992758e-07
1.150167e+03	9.132756e-07
1.155212e+03	9.274786e-07
1.160256e+03	9.418873e-07
1.165301e+03	9.565047e-07
1.170345e+03	9.713334e-07
1.175390e+03	9.863762e-07
1.180434e+03	1.001636e-06
1.185479e+03	1.017116e-06
1.190524e+03	1.032818e-06
1.195568e+03	1.048746e-06
1.200613e+03	1.064903e-06
1.205657e+03	1.081291e-06
1.210702e+03	1.097914e-06
1.215747e+03	1.114775e-06
1.220791e+03	1.131876e-06
1.225836e+03	1.149222e-06
1.230880e+03	1.166815e-06
1.235925e+03	1.184658e-06
1.240970e+03	1.202755e-06
1.246014e+03	1.221109e-06
1.251059e+03	1.239723e-06
1.256103e+03	1.258600e-06
1.261148e+03	1.277745e-06
1.266193e+03	1.297160e-06
1.271237e+03	1.316850e-06
1.276282e+03	1.336816e-06
1.281326e+03	1.357064e-06
1.286371e+03	1.377597e-06
1.291415e+03	1.398418e-06
1.296460e+03	1.419531e-06
1.301505e+03	1.440939e-06
1.306549e+03	1.462647e-06
1.311594e+03	1.484659e-06
1.316638e+03	1.506978e-06
1.321683e+03	1.529607e-06
1.326728e+03	1.552552e-06
1.331772e+03	1.575816e-06
1.336817e+03	1.599403e-06
1.341861e+03	1.623317e-06
1.346906e+03	1.647562e-06
1.351951e+03	1.672143e-06
1.356995e+03	1.697063e-06
1.362040e+03	1.722327e-06
1.367084e+03	1.747940e-06
1.372129e+03	1.773905e-06
1.377174e+03	1.800226e-06
1.382218e+03	1.826910e-06
1.387263e+03	1.853959e-06
1.392307e+03	1.881379e-06
1.397352e+03	1.909173e-06
1.402397e+03	1.937348e-06
1.407441e+03	1.965906e-06
1.412486e+03	1.994854e-06
1.417530e+03	2.024196e-06
1.422575e+03	2.053937e-06
1.427619e+03	2.084081e-06
1.432664e+03	2.114634e-06
1.437709e+03	2.145601e-06
1.442753e+03	2.176986e-06
1.447798e+03	2.208795e-06
1.452842e+03	2.241033e-06
1.457887e+03	2.273705e-06
1.462932e+03	2.306817e-06
1.467976e+03	2.340374e-06
1.473021e+03	2.374381e-06
1.478065e+03	2.408844e-06
1.483110e+03	2.443767e-06
1.488155e+03	2.479158e-06
1.493199e+03	2.515021e-06
1.498244e+03	2.551362e-06
1.503288e+03	2.588186e-06
1.508333e+03	2.625501e-06
1.513378e+03	2.663310e-06
1.518422e+03	2.701621e-06
1.523467e+03	2.740440e-06
1.528511e+03	2.779772e-06
1.533556e+03	2.819623e-06
1.538600e+03	2.860000e-06
1.543645e+03	2.900909e-06
1.548690e+03	2.942356e-06
1.553734e+03	2.984347e-06
1.558779e+03	3.026890e-06
1.563823e+03	3.069990e-06
1.568868e+03	3.113653e-06
1.573913e+03	3.157888e-06
1.578957e+03	3.202700e-06
1.584002e+03	3.248095e-06
1.589046e+03	3.294082e-06
1.594091e+03	3.340666e-06
1.599136e+03	3.387855e-06
1.604180e+03	3.435656e-06
1.609225e+03	3.484076e-06
1.614269e+03	3.533121e-06
1.619314e+03	3.582800e-06
1.624359e+03	3.633119e-06
1.629403e+03	3.684086e-06
1.634448e+03	3.735709e-06
1.639492e+03	3.787994e-06
1.644537e+03	3.840950e-06
1.649582e+03	3.894584e-06
1.654626e+03	3.948904e-06
1.659671e+03	4.003917e-06
1.664715e+03	4.059632e-06
1.669760e+03	4.116057e-06
1.674804e+03	4.173199e-06
1.679849e+03	4.231067e-06
1.684894e+03	4.289669e-06
1.689938e+03	4.349013e-06
1.694983e+03	4.409108e-06
1.700027e+03	4.469962e-06
1.705072e+03	4.531583e-06
1.710117e+03	4.593981e-06
1.715161e+03	4.657163e-06
1.720206e+03	4.721139e-06
1.725250e+03	4.785917e-06
1.730295e+03	4.851506e-06
1.735340e+03	4.917916e-06
1.740384e+03	4.985156e-06
1.745429e+03	5.053234e-06
1.750473e+03	5.122159e-06
1.755518e+03	5.191943e-06
1.760563e+03	5.262592e-06
1.765607e+03	5.334118e-06
1.770652e+03	5.406530e-06
1.775696e+03	5.479838e-06
1.780741e+03	5.554050e-06
1.785785e+03	5.629178e-06
1.790830e+03	5.705231e-06
1.795875e+03	5.782219e-06
1.800919e+03	5.860152e-06
1.805964e+03	5.939041e-06
1.811008e+03	6.018896e-06
1.816053e+03	6.099727e-06
1.821098e+03	6.181545e-06
1.826142e+03	6.264361e-06
1.831187e+03	6.348184e-06
1.836231e+03	6.433027e-06
1.841276e+03	6.518899e-06
1.846321e+03	6.605812e-06
1.851365e+03	6.693777e-06
1.856410e+03	6.782805e-06
1.861454e+03	6.872908e-06
1.866499e+03	6.964096e-06
1.871544e+03	7.056381e-06
1.876588e+03	7.149775e-06
1.881633e+03	7.244290e-06
1.886677e+03	7.339936e-06
1.891722e+03	7.436727e-06
1.896767e+03	7.534674e-06
1.901811e+03	7.633789e-06
1.906856e+03	7.734084e-06
1.911900e+03	7.835572e-06
1.916945e+03	7.938265e-06
1.921989e+03	8.042175e-06
1.927034e+03	8.147315e-06
1.932079e+03	8.253699e-06
1.937123e+03	8.361337e-06
1.942168e+03	8.470245e-06
1.947212e+03	8.580433e-06
1.952257e+03	8.691917e-06
1.957302e+03	8.804708e-06
1.962346e+03	8.918820e-06
1.967391e+03	9.034268e-06
1.972435e+03	9.151063e-06
1.977480e+03	9.269220e-06
1.982525e+03	9.388754e-06
1.987569e+03	9.509676e-06
1.992614e+03	9.632003e-06
1.997658e+03	9.755747e-06
2.002703e+03	9.880923e-06
2.007748e+03	1.000755e-05
2.012792e+03	1.013563e-05
2.017837e+03	1.026519e-05
2.022881e+03	1.039624e-05
2.027926e+03	1.052879e-05
2.032970e+03	1.066286e-05
2.038015e+03	1.079847e-05
2.043060e+03	1.093563e-05
2.048104e+03	1.107435e-05
2.053149e+03	1.121466e-05
2.058193e+03	1.135656e-05
2.063238e+03	1.150007e-05
2.068283e+03	1.164521e-05
2.073327e+03	1.179199e-05
2.078372e+03	1.194044e-05
2.083416e+03	1.209055e-05
2.088461e+03	1.224236e-05
2.093506e+03	1.239588e-05
2.098550e+03	1.255113e-05
2.103595e+03	1.270811e-05
2.108639e+03	1.286685e-05
2.113684e+03	1.302737e-05
2.118729e+03	1.318968e-05
2.123773e+03	1.335380e-05
2.128818e+03	1.351974e-05
2.133862e+03	1.368753e-05
2.138907e+03	1.385718e-05
2.143952e+03	1.402871e-05
2.148996e+03	1.420213e-05
2.154041e+03	1.437747e-05
2.159085e+03	1.455474e-05
2.164130e+03	1.473397e-05
2.169174e+03	1.491516e-05
2.174219e+03	1.509833e-05
2.179264e+03	1.528352e-05
2.184308e+03	1.547072e-05
2.189353e+03	1.565997e-05
2.194397e+03	1.585129e-05
2.199442e+03	1.604468e-05
2.204487e+03	1.624017e-05
2.209531e+03	1.643778e-05
2.214576e+03	1.663754e-05
2.219620e+03	1.683945e-05
2.224665e+03	1.704354e-05
2.229710e+03	1.724982e-05
2.234754e+03	1.745833e-05
2.239799e+03	1.766907e-05
2.244843e+03	1.788207e-05
2.249888e+03	1.809735e-05
2.254933e+03	1.831493e-05
2.259977e+03	1.853483e-05
2.265022e+03	1.875707e-05
2.270066e+03	1.898167e-05
2.275111e+03	1.920865e-05
2.280155e+03	1.943804e-05
2.285200e+03	1.966985e-05
2.290245e+03	1.990411e-05
2.295289e+03	2.014084e-05
2.300334e+03	2.038006e-05
2.305378e+03	2.062179e-05
2.310423e+03	2.086606e-05
2.315468e+03	2.111288e-05
2.320512e+03	2.136227e-05
2.325557e+03	2.161427e-05
2.330601e+03	2.186890e-05
2.335646e+03	2.212617e-05
2.340691e+03	2.238611e-05
2.345735e+03	2.264874e-05
2.350780e+03	2.291408e-05
2.355824e+03	2.318217e-05
2.360869e+03	2.345302e-05
2.365914e+03	2.372665e-05
2.370958e+03	2.400309e-05
2.376003e+03	2.428236e-05
2.381047e+03	2.456450e-05
2.386092e+03	2.484951e-05
2.391137e+03	2.513743e-05
2.396181e+03	2.542828e-05
2.401226e+03	2.572208e-05
2.406270e+03	2.601886e-05
2.411315e+03	2.631865e-05
2.416359e+03	2.662146e-05
2.421404e+03	2.692733e-05
2.426449e+03	2.723628e-05
2.431493e+03	2.754833e-05
2.436538e+03	2.786352e-05
2.441582e+03	2.818186e-05
2.446627e+03	2.850338e-05
2.451672e+03	2.882811e-05
2.456716e+03	2.915607e-05
2.461761e+03	2.948730e-05
2.466805e+03	2.982181e-05
2.471850e+03	3.015963e-05
2.476895e+03	3.050079e-05
2.481939e+03	3.084532e-05
2.486984e+03	3.119325e-05
2.492028e+03	3.154459e-05
2.497073e+03	3.189939e-05
2.502118e+03	3.225765e-05
2.507162e+03	3.261942e-05
2.512207e+03	3.298473e-05
2.517251e+03	3.335359e-05
2.522296e+03	3.372603e-05
2.527340e+03	3.410209e-05
2.532385e+03	3.448180e-05
2.537430e+03	3.486517e-05
2.542474e+03	3.525225e-05
2.547519e+03	3.564305e-05
2.552563e+03	3.603761e-05
2.557608e+03	3.643595e-05
2.562653e+03	3.683811e-05
2.567697e+03	3.724411e-05
2.572742e+03	3.765399e-05
2.577786e+03	3.806777e-05
2.582831e+03	3.848549e-05
2.587876e+03	3.890716e-05
2.592920e+03	3.933283e-05
2.597965e+03	3.976252e-05
2.603009e+03	4.019626e-05
2.608054e+03	4.063408e-05
2.613099e+03	4.107602e-05
2.618143e+03	4.152210e-05
2.623188e+03	4.197235e-05
2.628232e+03	4.242681e-05
2.633277e+03	4.288551e-05
2.638322e+03	4.334847e-05
2.643366e+03	4.381573e-05
2.648411e+03	4.428732e-05
2.653455e+03	4.476328e-05
2.658500e+03	4.524362e-05
2.663544e+03	4.572839e-05
2.668589e+03	4.621761e-05
2.673634e+03	4.671132e-05
2.678678e+03	4.720956e-05
2.683723e+03	4.771234e-05
2.688767e+03	4.821971e-05
2.693812e+03	4.873170e-05
2.698857e+03	4.924833e-05
2.703901e+03	4.976965e-05
2.708946e+03	5.029569e-05
2.713990e+03	5.082647e-05
2.719035e+03	5.136203e-05
2.724080e+03	5.190241e-05
2.729124e+03	5.244764e-05
2.734169e+03	5.299775e-05
2.739213e+03	5.355277e-05
2.744258e+03	5.411274e-05
2.749303e+03	5.467769e-05
2.754347e+03	5.524766e-05
2.759392e+03	5.582268e-05
2.764436e+03	5.640279e-05
2.769481e+03	5.698801e-05
2.774525e+03	5.757838e-05
2.779570e+03	5.817394e-05
2.784615e+03	5.877473e-05
2.789659e+03	5.938077e-05
2.794704e+03	5.999210e-05
2.799748e+03	6.060875e-05
2.804793e+03	6.123077e-05
2.809838e+03	6.185819e-05
2.814882e+03	6.249103e-05
2.819927e+03	6.312934e-05
2.824971e+03	6.377315e-05
2.830016e+03	6.442250e-05
2.835061e+03	6.507743e-05
2.840105e+03	6.573796e-05
2.845150e+03	6.640413e-05
2.850194e+03	6.707599e-05
2.855239e+03	6.775356e-05
2.860284e+03	6.843688e-05
2.865328e+03	6.912599e-05
2.870373e+03	6.982092e-05
2.875417e+03	7.052171e-05
2.880462e+03	7.122841e-05
2.885507e+03	7.194103e-05
2.890551e+03	7.265962e-05
2.895596e+03	7.338422e-05
2.900640e+03	7.411486e-05
2.905685e+03	7.485158e-05
2.910729e+03	7.559442e-05
2.915774e+03	7.634341e-05
2.920819e+03	7.709859e-05
2.925863e+03	7.785999e-05
2.930908e+03	7.862767e-05
2.935952e+03	7.940164e-05
2.940997e+03	8.018195e-05
2.946042e+03	8.096863e-05
2.951086e+03	8.176173e-05
2.956131e+03	8.256128e-05
2.961175e+03	8.336731e-05
2.966220e+03	8.417988e-05
2.971265e+03	8.499900e-05
2.976309e+03	8.582472e-05
2.981354e+03	8.665708e-05
2.986398e+03	8.749612e-05
2.991443e+03	8.834187e-05
2.996488e+03	8.919437e-05
3.001532e+03	9.005366e-05
3.006577e+03	9.091978e-05
3.011621e+03	9.179276e-05
3.016666e+03	9.267264e-05
3.021710e+03	9.355946e-05
3.026755e+03	9.445327e-05
3.031800e+03	9.535408e-05
3.036844e+03	9.626196e-05
3.041889e+03	9.717692e-05
3.046933e+03	9.809901e-05
3.051978e+03	9.902828e-05
3.057023e+03	9.996474e-05
3.062067e+03	1.009085e-04
3.067112e+03	1.018595e-04
3.072156e+03	1.028178e-04
3.077201e+03	1.037834e-04
3.082246e+03	1.047565e-04
3.087290e+03	1.057370e-04
3.092335e+03	1.067250e-04
3.097379e+03	1.077205e-04
3.102424e+03	1.087235e-04
3.107469e+03	1.097342e-04
3.112513e+03	1.107524e-04
3.117558e+03	1.117783e-04
3.122602e+03	1.128120e-04
3.127647e+03	1.138533e-04
3.132691e+03	1.149025e-04
3.137736e+03	1.159594e-04
3.142781e+03	1.170242e-04
3.147825e+03	1.180969e-04
3.152870e+03	1.191776e-04
3.157914e+03	1.202662e-04
3.162959e+03	1.213628e-04
3.168004e+03	1.224674e-04
3.173048e+03	1.235801e-04
3.178093e+03	1.247010e-04
3.183137e+03	1.258300e-04
3.188182e+03	1.269672e-04
3.193227e+03	1.281126e-04
3.198271e+03	1.292663e-04
3.203316e+03	1.304283e-04
3.208360e+03	1.315987e-04
3.213405e+03	1.327774e-04
3.218450e+03	1.339646e-04
3.223494e+03	1.351602e-04
3.228539e+03	1.363643e-04
3.233583e+03	1.375769e-04
3.238628e+03	1.387981e-04
3.243673e+03	1.400279e-04
3.248717e+03	1.412663e-04
3.253762e+03	1.425135e-04
3.258806e+03	1.437693e-04
3.263851e+03	1.450339e-04
3.268895e+03	1.463073e-04
3.273940e+03	1.475895e-04
3.278985e+03	1.488805e-04
3.284029e+03	1.501805e-04
3.289074e+03	1.514893e-04
3.294118e+03	1.528072e-04
3.299163e+03	1.541340e-04
3.304208e+03	1.554699e-04
3.309252e+03	1.568149e-04
3.314297e+03	1.581690e-04
3.319341e+03	1.595322e-04
3.324386e+03	1.609046e-04
3.329431e+03	1.622862e-04
3.334475e+03	1.636771e-04
3.339520e+03	1.650772e-04
3.344564e+03	1.664867e-04
3.349609e+03	1.679055e-04
3.354654e+03	1.693337e-04
3.359698e+03	1.707713e-04
3.364743e+03	1.722184e-04
3.369787e+03	1.736750e-04
3.374832e+03	1.751411e-04
3.379876e+03	1.766168e-04
3.384921e+03	1.781020e-04
3.389966e+03	1.795969e-04
3.395010e+03	1.811014e-04
3.400055e+03	1.826156e-04
3.405099e+03	1.841395e-04
3.410144e+03	1.856732e-04
3.415189e+03	1.872167e-04
3.420233e+03	1.887700e-04
3.425278e+03	1.903331e-04
3.430322e+03	1.919061e-04
3.435367e+03	1.934890e-04
3.440412e+03	1.950819e-04
3.445456e+03	1.966847e-04
3.450501e+03	1.982975e-04
3.455545e+03	1.999204e-04
3.460590e+03	2.015533e-04
3.465635e+03	2.031964e-04
3.470679e+03	2.048495e-04
3.475724e+03	2.065128e-04
3.480768e+03	2.081863e-04
3.485813e+03	2.098700e-04
3.490858e+03	2.115639e-04
3.495902e+03	2.132681e-04
3.500947e+03	2.149826e-04
3.505991e+03	2.167074e-04
3.511036e+03	2.184426e-04
3.516080e+03	2.201881e-04
3.521125e+03	2.219441e-04
3.526170e+03	2.237104e-04
3.531214e+03	2.254873e-04
3.536259e+03	2.272746e-04
3.541303e+03	2.290724e-04
3.546348e+03	2.308808e-04
3.551393e+03	2.326997e-04
3.556437e+03	2.345292e-04
3.561482e+03	2.363693e-04
3.566526e+03	2.382201e-04
3.571571e+03	2.400815e-04
3.576616e+03	2.419536e-04
3.581660e+03	2.438364e-04
3.586705e+03	2.457299e-04
3.591749e+03	2.476341e-04
3.596794e+03	2.495492e-04
3.601839e+03	2.514750e-04
3.606883e+03	2.534117e-04
3.611928e+03	2.553592e-04
3.616972e+03	2.573175e-04
3.622017e+03	2.592867e-04
3.627061e+03	2.612669e-04
3.632106e+03	2.632579e-04
3.637151e+03	2.652599e-04
3.642195e+03	2.672728e-04
3.647240e+03	2.692967e-04
3.652284e+03	2.713316e-04
3.657329e+03	2.733776e-04
3.662374e+03	2.754345e-04
3.667418e+03	2.775025e-04
3.672463e+03	2.795816e-04
3.677507e+03	2.816717e-04
3.682552e+03	2.837729e-04
3.687597e+03	2.858852e-04
3.692641e+03	2.880087e-04
3.697686e+03	2.901433e-04
3.702730e+03	2.922891e-04
3.707775e+03	2.944460e-04
3.712820e+03	2.966141e-04
3.717864e+03	2.987934e-04
3.722909e+03	3.009839e-04
3.727953e+03	3.031856e-04
3.732998e+03	3.053986e-04
3.738043e+03	3.076227e-04
3.743087e+03	3.098582e-04
3.748132e+03	3.121049e-04
3.753176e+03	3.143629e-04
3.758221e+03	3.166321e-04
3.763265e+03	3.189126e-04
3.768310e+03	3.212045e-04
3.773355e+03	3.235076e-04
3.778399e+03	3.258221e-04
3.783444e+03	3.281478e-04
3.788488e+03	3.304849e-04
3.793533e+03	3.328334e-04
3.798578e+03	3.351931e-04
3.803622e+03	3.375642e-04
3.808667e+03	3.399467e-04
3.813711e+03	3.423405e-04
3.818756e+03	3.447456e-04
3.823801e+03	3.471621e-04
3.828845e+03	3.495900e-04
3.833890e+03	3.520292e-04
3.838934e+03	3.544797e-04
3.843979e+03	3.569417e-04
3.849024e+03	3.594150e-04
3.854068e+03	3.618996e-04
3.859113e+03	3.643956e-04
3.864157e+03	3.669030e-04
3.869202e+03	3.694217e-04
3.874246e+03	3.719518e-04
3.879291e+03	3.744932e-04
3.884336e+03	3.770460e-04
3.889380e+03	3.796101e-04
3.894425e+03	3.821855e-04
3.899469e+03	3.847723e-04
3.904514e+03	3.873703e-04
3.909559e+03	3.899797e-04
3.914603e+03	3.926005e-04
3.919648e+03	3.952325e-04
3.924692e+03	3.978758e-04
3.929737e+03	4.005304e-04
3.934782e+03	4.031962e-04
3.939826e+03	4.058733e-04
3.944871e+03	4.085617e-04
3.949915e+03	4.112613e-04
3.954960e+03	4.139722e-04
3.960005e+03	4.166942e-04
3.965049e+03	4.194275e-04
3.970094e+03	4.221719e-04
3.975138e+03	4.249276e-04
3.980183e+03	4.276943e-04
3.985228e+03	4.304722e-04
3.990272e+03	4.332613e-04
3.995317e+03	4.360614e-04
4.000361e+03	4.388727e-04
4.005406e+03	4.416950e-04
4.010450e+03	4.445283e-04
4.015495e+03	4.473727e-04
4.020540e+03	4.502281e-04
4.025584e+03	4.530945e-04
4.030629e+03	4.559719e-04
4.035673e+03	4.588602e-04
4.040718e+03	4.617594e-04
4.045763e+03	4.646696e-04
4.050807e+03	4.675906e-04
4.055852e+03	4.705224e-04
4.060896e+03	4.734651e-04
4.065941e+03	4.764186e-04
4.070986e+03	4.793828e-04
4.076030e+03	4.823578e-04
4.081075e+03	4.853435e-04
4.086119e+03	4.883399e-04
4.091164e+03	4.913469e-04
4.096209e+03	4.943645e-04
4.101253e+03	4.973928e-04
4.106298e+03	5.004316e-04
4.111342e+03	5.034809e-04
4.116387e+03	5.065407e-04
4.121431e+03	5.096110e-04
4.126476e+03	5.126917e-04
4.131521e+03	5.157828e-04
4.136565e+03	5.188842e-04
4.141610e+03	5.219960e-04
4.146654e+03	5.251180e-04
4.151699e+03	5.282503e-04
4.156744e+03	5.313927e-04
4.161788e+03	5.345454e-04
4.166833e+03	5.377081e-04
4.171877e+03	5.408809e-04
4.176922e+03	5.440638e-04
4.181967e+03	5.472566e-04
4.187011e+03	5.504594e-04
4.192056e+03	5.536721e-04
4.197100e+03	5.568947e-04
4.202145e+03	5.601270e-04
4.207190e+03	5.633692e-04
4.212234e+03	5.666210e-04
4.217279e+03	5.698825e-04
4.222323e+03	5.731537e-04
4.227368e+03	5.764344e-04
4.232413e+03	5.797246e-04
4.237457e+03	5.830243e-04
4.242502e+03	5.863335e-04
4.247546e+03	5.896519e-04
4.252591e+03	5.929797e-04
4.257635e+03	5.963168e-04
4.262680e+03	5.996631e-04
4.267725e+03	6.030185e-04
4.272769e+03	6.063830e-04
4.277814e+03	6.097566e-04
4.282858e+03	6.131391e-04
4.287903e+03	6.165305e-04
4.292948e+03	6.199308e-04
4.297992e+03	6.233399e-04
4.303037e+03	6.267578e-04
4.308081e+03	6.301843e-04
4.313126e+03	6.336194e-04
4.318171e+03	6.370631e-04
4.323215e+03	6.405153e-04
4.328260e+03	6.439759e-04
4.333304e+03	6.474448e-04
4.338349e+03	6.509221e-04
4.343394e+03	6.544076e-04
4.348438e+03	6.579012e-04
4.353483e+03	6.614029e-04
4.358527e+03	6.649127e-04
4.363572e+03	6.684304e-04
4.368616e+03	6.719560e-04
4.373661e+03	6.754894e-04
4.378706e+03	6.790305e-04
4.383750e+03	6.825793e-04
4.388795e+03	6.861356e-04
4.393839e+03	6.896995e-04
4.398884e+03	6.932709e-04
4.403929e+03	6.968496e-04
4.408973e+03	7.004356e-04
4.414018e+03	7.040288e-04
4.419062e+03	7.076291e-04
4.424107e+03	7.112365e-04
4.429152e+03	7.148509e-04
4.434196e+03	7.184722e-04
4.439241e+03	7.221002e-04
4.444285e+03	7.257350e-04
4.449330e+03	7.293765e-04
4.454375e+03	7.330245e-04
4.459419e+03	7.366790e-04
4.464464e+03	7.403400e-04
4.469508e+03	7.440072e-04
4.474553e+03	7.476806e-04
4.479598e+03	7.513602e-04
4.484642e+03	7.550458e-04
4.489687e+03	7.587375e-04
4.494731e+03	7.624349e-04
4.499776e+03	7.661382e-04
4.504820e+03	7.698471e-04
4.509865e+03	7.735617e-04
4.514910e+03	7.772818e-04
4.519954e+03	7.810073e-04
4.524999e+03	7.847381e-04
4.530043e+03	7.884741e-04
4.535088e+03	7.922153e-04
4.540133e+03	7.959616e-04
4.545177e+03	7.997127e-04
4.550222e+03	8.034687e-04
4.555266e+03	8.072295e-04
4.560311e+03	8.109949e-04
4.565356e+03	8.147649e-04
4.570400e+03	8.185394e-04
4.575445e+03	8.223182e-04
4.580489e+03	8.261012e-04
4.585534e+03	8.298884e-04
4.590579e+03	8.336796e-04
4.595623e+03	8.374748e-04
4.600668e+03	8.412739e-04
4.605712e+03	8.450766e-04
4.610757e+03	8.488831e-04
4.615801e+03	8.526930e-04
4.620846e+03	8.565064e-04
4.625891e+03	8.603230e-04
4.630935e+03	8.641429e-04
4.635980e+03	8.679659e-04
4.641024e+03	8.717919e-04
4.646069e+03	8.756208e-04
4.651114e+03	8.794524e-04
4.656158e+03	8.832867e-04
4.661203e+03	8.871236e-04
4.666247e+03	8.909628e-04
4.671292e+03	8.948045e-04
4.676337e+03	8.986483e-04
4.681381e+03	9.024942e-04
4.686426e+03	9.063422e-04
4.691470e+03	9.101920e-04
4.696515e+03	9.140435e-04
4.701560e+03	9.178967e-04
4.706604e+03	9.217514e-04
4.711649e+03	9.256076e-04
4.716693e+03	9.294650e-04
4.721738e+03	9.333236e-04
4.726783e+03	9.371832e-04
4.731827e+03	9.410438e-04
4.736872e+03	9.449052e-04
4.741916e+03	9.487673e-04
4.746961e+03	9.526299e-04
4.752005e+03	9.564931e-04
4.757050e+03	9.603565e-04
4.762095e+03	9.642202e-04
4.767139e+03	9.680839e-04
4.772184e+03	9.719476e-04
4.777228e+03	9.758112e-04
4.782273e+03	9.796744e-04
4.787318e+03	9.835373e-04
4.792362e+03	9.873996e-04
4.797407e+03	9.912612e-04
4.802451e+03	9.951221e-04
4.807496e+03	9.989820e-04
4.812541e+03	1.002841e-03
4.817585e+03	1.006699e-03
4.822630e+03	1.010555e-03
4.827674e+03	1.014410e-03
4.832719e+03	1.018264e-03
4.837764e+03	1.022115e-03
4.842808e+03	1.025965e-03
4.847853e+03	1.029813e-03
4.852897e+03	1.033659e-03
4.857942e+03	1.037503e-03
4.862986e+03	1.041345e-03
4.868031e+03	1.045183e-03
4.873076e+03	1.049020e-03
4.878120e+03	1.052853e-03
4.883165e+03	1.056684e-03
4.888209e+03	1.060512e-03
4.893254e+03	1.064337e-03
4.898299e+03	1.068158e-03
4.903343e+03	1.071976e-03
4.908388e+03	1.075790e-03
4.913432e+03	1.079601e-03
4.918477e+03	1.083408e-03
4.923522e+03	1.087211e-03
4.928566e+03	1.091010e-03
4.933611e+03	1.094805e-03
4.938655e+03	1.098595e-03
4.943700e+03	1.102381e-03
4.948745e+03	1.106163e-03
4.953789e+03	1.109939e-03
4.958834e+03	1.113711e-03
4.963878e+03	1.117478e-03
4.968923e+03	1.121239e-03
4.973967e+03	1.124995e-03
4.979012e+03	1.128746e-03
4.984057e+03	1.132491e-03
4.989101e+03	1.136231e-03
4.994146e+03	1.139964e-03
4.999190e+03	1.143692e-03
5.004235e+03	1.147413e-03
5.009280e+03	1.151128e-03
5.014324e+03	1.154837e-03
5.019369e+03	1.158539e-03
5.024413e+03	1.162235e-03
5.029458e+03	1.165924e-03
5.034503e+03	1.169606e-03
5.039547e+03	1.173280e-03
5.044592e+03	1.176948e-03
5.049636e+03	1.180608e-03
5.054681e+03	1.184260e-03
5.059726e+03	1.187905e-03
5.064770e+03	1.191542e-03
5.069815e+03	1.195171e-03
5.074859e+03	1.198792e-03
5.079904e+03	1.202405e-03
5.084949e+03	1.206009e-03
5.089993e+03	1.209605e-03
5.095038e+03	1.213192e-03
5.100082e+03	1.216770e-03
5.105127e+03	1.220340e-03
5.110171e+03	1.223900e-03
5.115216e+03	1.227452e-03
5.120261e+03	1.230993e-03
5.125305e+03	1.234526e-03
5.130350e+03	1.238048e-03
5.135394e+03	1.241561e-03
5.140439e+03	1.245064e-03
5.145484e+03	1.248557e-03
5.150528e+03	1.252040e-03
5.155573e+03	1.255513e-03
5.160617e+03	1.258975e-03
5.165662e+03	1.262426e-03
5.170707e+03	1.265867e-03
5.175751e+03	1.269296e-03
5.180796e+03	1.272715e-03
5.185840e+03	1.276123e-03
5.190885e+03	1.279519e-03
5.195930e+03	1.282904e-03
5.200974e+03	1.286277e-03
5.206019e+03	1.289638e-03
5.211063e+03	1.292988e-03
5.216108e+03	1.296325e-03
5.221152e+03	1.299651e-03
5.226197e+03	1.302964e-03
5.231242e+03	1.306265e-03
5.236286e+03	1.309553e-03
5.241331e+03	1.312829e-03
5.246375e+03	1.316091e-03
5.251420e+03	1.319341e-03
5.256465e+03	1.322578e-03
5.261509e+03	1.325801e-03
5.266554e+03	1.329011e-03
5.271598e+03	1.332208e-03
5.276643e+03	1.335391e-03
5.281688e+03	1.338560e-03
5.286732e+03	1.341715e-03
5.291777e+03	1.344857e-03
5.296821e+03	1.347984e-03
5.301866e+03	1.351096e-03
5.306911e+03	1.354195e-03
5.311955e+03	1.357278e-03
5.317000e+03	1.360348e-03
5.322044e+03	1.363402e-03
5.327089e+03	1.366441e-03
5.332134e+03	1.369465e-03
5.337178e+03	1.372474e-03
5.342223e+03	1.375468e-03
5.347267e+03	1.378446e-03
5.352312e+03	1.381408e-03
5.357356e+03	1.384355e-03
5.362401e+03	1.387286e-03
5.367446e+03	1.390201e-03
5.372490e+03	1.393100e-03
5.377535e+03	1.395982e-03
5.382579e+03	1.398848e-03
5.387624e+03	1.401698e-03
5.392669e+03	1.404531e-03
5.397713e+03	1.407348e-03
5.402758e+03	1.410147e-03
5.407802e+03	1.412929e-03
5.412847e+03	1.415695e-03
5.417892e+03	1.418443e-03
5.422936e+03	1.421174e-03
5.427981e+03	1.423887e-03
5.433025e+03	1.426582e-03
5.438070e+03	1.429260e-03
5.443115e+03	1.431920e-03
5.448159e+03	1.434563e-03
5.453204e+03	1.437187e-03
5.458248e+03	1.439793e-03
5.463293e+03	1.442380e-03
5.468337e+03	1.444949e-03
5.473382e+03	1.447500e-03
5.478427e+03	1.450032e-03
5.483471e+03	1.452545e-03
5.488516e+03	1.455039e-03
5.493560e+03	1.457515e-03
5.498605e+03	1.459971e-03
5.503650e+03	1.462408e-03
5.508694e+03	1.464826e-03
5.513739e+03	1.467224e-03
5.518783e+03	1.469603e-03
5.523828e+03	1.471962e-03
5.528873e+03	1.474301e-03
5.533917e+03	1.476621e-03
5.538962e+03	1.478920e-03
5.544006e+03	1.481199e-03
5.549051e+03	1.483459e-03
5.554096e+03	1.485698e-03
5.559140e+03	1.487916e-03
5.564185e+03	1.490114e-03
5.569229e+03	1.492292e-03
5.574274e+03	1.494449e-03
5.579319e+03	1.496585e-03
5.584363e+03	1.498700e-03
5.589408e+03	1.500794e-03
5.594452e+03	1.502867e-03
5.599497e+03	1.504919e-03
5.604541e+03	1.506950e-03
5.609586e+03	1.508959e-03
5.614631e+03	1.510947e-03
5.619675e+03	1.512914e-03
5.624720e+03	1.514858e-03
5.629764e+03	1.516781e-03
5.634809e+03	1.518683e-03
5.639854e+03	1.520562e-03
5.644898e+03	1.522419e-03
5.649943e+03	1.524255e-03
5.654987e+03	1.526068e-03
5.660032e+03	1.527859e-03
5.665077e+03	1.529627e-03
5.670121e+03	1.531373e-03
5.675166e+03	1.533097e-03
5.680210e+03	1.534798e-03
5.685255e+03	1.536476e-03
5.690300e+03	1.538132e-03
5.695344e+03	1.539765e-03
5.700389e+03	1.541375e-03
5.705433e+03	1.542962e-03
5.710478e+03	1.544526e-03
5.715522e+03	1.546067e-03
5.720567e+03	1.547585e-03
5.725612e+03	1.549080e-03
5.730656e+03	1.550551e-03
5.735701e+03	1.551999e-03
5.740745e+03	1.553423e-03
5.745790e+03	1.554824e-03
5.750835e+03	1.556201e-03
5.755879e+03	1.557555e-03
5.760924e+03	1.558885e-03
5.765968e+03	1.560191e-03
5.771013e+03	1.561473e-03
5.776058e+03	1.562731e-03
5.781102e+03	1.563966e-03
5.786147e+03	1.565176e-03
5.791191e+03	1.566363e-03
5.796236e+03	1.567525e-03
5.801281e+03	1.568663e-03
5.806325e+03	1.569777e-03
5.811370e+03	1.570866e-03
5.816414e+03	1.571931e-03
5.821459e+03	1.572972e-03
5.826504e+03	1.573988e-03
5.831548e+03	1.574980e-03
5.836593e+03	1.575947e-03
5.841637e+03	1.576890e-03
5.846682e+03	1.577808e-03
5.851726e+03	1.578702e-03
5.856771e+03	1.579570e-03
5.861816e+03	1.580414e-03
5.866860e+03	1.581233e-03
5.871905e+03	1.582028e-03
5.876949e+03	1.582797e-03
5.881994e+03	1.583541e-03
5.887039e+03	1.584261e-03
5.892083e+03	1.584956e-03
5.897128e+03	1.585625e-03
5.902172e+03	1.586270e-03
5.907217e+03	1.586889e-03
5.912262e+03	1.587483e-03
5.917306e+03	1.588053e-03
5.922351e+03	1.588597e-03
5.927395e+03	1.589115e-03
5.932440e+03	1.589609e-03
5.937485e+03	1.590077e-03
5.942529e+03	1.590521e-03
5.947574e+03	1.590938e-03
5.952618e+03	1.591331e-03
5.957663e+03	1.591698e-03
5.962707e+03	1.592040e-03
5.967752e+03	1.592357e-03
5.972797e+03	1.592648e-03
5.977841e+03	1.592914e-03
5.982886e+03	1.593154e-03
5.987930e+03	1.593369e-03
5.992975e+03	1.593559e-03
5.998020e+03	1.593723e-03
6.003064e+03	1.593861e-03
6.008109e+03	1.593975e-03
6.013153e+03	1.594062e-03
6.018198e+03	1.594125e-03
6.023243e+03	1.594162e-03
6.028287e+03	1.594173e-03
6.033332e+03	1.594159e-03
6.038376e+03	1.594120e-03
6.043421e+03	1.594055e-03
6.048466e+03	1.593965e-03
6.053510e+03	1.593849e-03
6.058555e+03	1.593708e-03
6.063599e+03	1.593541e-03
6.068644e+03	1.593349e-03
6.073689e+03	1.593131e-03
6.078733e+03	1.592888e-03
6.083778e+03	1.592620e-03
6.088822e+03	1.592326e-03
6.093867e+03	1.592007e-03
6.098911e+03	1.591663e-03
6.103956e+03	1.591293e-03
6.109001e+03	1.590898e-03
6.114045e+03	1.590478e-03
6.119090e+03	1.590032e-03
6.124134e+03	1.589561e-03
6.129179e+03	1.589065e-03
6.134224e+03	1.588544e-03
6.139268e+03	1.587997e-03
6.144313e+03	1.587426e-03
6.149357e+03	1.586829e-03
6.154402e+03	1.586207e-03
6.159447e+03	1.585560e-03
6.164491e+03	1.584888e-03
6.169536e+03	1.584191e-03
6.174580e+03	1.583469e-03
6.179625e+03	1.582722e-03
6.184670e+03	1.581950e-03
6.189714e+03	1.581153e-03
6.194759e+03	1.580332e-03
6.199803e+03	1.579485e-03
6.204848e+03	1.578614e-03
6.209892e+03	1.577718e-03
6.214937e+03	1.576798e-03
6.219982e+03	1.575853e-03
6.225026e+03	1.574883e-03
6.230071e+03	1.573889e-03
6.235115e+03	1.572870e-03
6.240160e+03	1.571827e-03
6.245205e+03	1.570759e-03
6.250249e+03	1.569667e-03
6.255294e+03	1.568551e-03
6.260338e+03	1.567411e-03
6.265383e+03	1.566246e-03
6.270428e+03	1.565057e-03
6.275472e+03	1.563845e-03
6.280517e+03	1.562608e-03
6.285561e+03	1.561347e-03
6.290606e+03	1.560062e-03
6.295651e+03	1.558754e-03
6.300695e+03	1.557422e-03
6.305740e+03	1.556066e-03
6.310784e+03	1.554686e-03
6.315829e+03	1.553283e-03
6.320874e+03	1.551856e-03
6.325918e+03	1.550406e-03
6.330963e+03	1.548933e-03
6.336007e+03	1.547436e-03
6.341052e+03	1.545916e-03
6.346096e+03	1.544372e-03
6.351141e+03	1.542806e-03
6.356186e+03	1.541217e-03
6.361230e+03	1.539604e-03
6.366275e+03	1.537969e-03
6.371319e+03	1.536311e-03
6.376364e+03	1.534631e-03
6.381409e+03	1.532927e-03
6.386453e+03	1.531201e-03
6.391498e+03	1.529453e-03
6.396542e+03	1.527682e-03
6.401587e+03	1.525889e-03
6.406632e+03	1.524074e-03
6.411676e+03	1.522236e-03
6.416721e+03	1.520377e-03
6.421765e+03	1.518495e-03
6.426810e+03	1.516592e-03
6.431855e+03	1.514667e-03
6.436899e+03	1.512720e-03
6.441944e+03	1.510751e-03
6.446988e+03	1.508761e-03
6.452033e+03	1.506750e-03
6.457077e+03	1.504717e-03
6.462122e+03	1.502663e-03
6.467167e+03	1.500588e-03
6.472211e+03	1.498491e-03
6.477256e+03	1.496374e-03
6.482300e+03	1.494236e-03
6.487345e+03	1.492077e-03
6.492390e+03	1.489898e-03
6.497434e+03	1.487697e-03
6.502479e+03	1.485477e-03
6.507523e+03	1.483236e-03
6.512568e+03	1.480975e-03
6.517613e+03	1.478693e-03
6.522657e+03	1.476392e-03
6.527702e+03	1.474070e-03
6.532746e+03	1.471729e-03
6.537791e+03	1.469368e-03
6.542836e+03	1.466987e-03
6.547880e+03	1.464587e-03
6.552925e+03	1.462167e-03
6.557969e+03	1.459729e-03
6.563014e+03	1.457270e-03
6.568059e+03	1.454793e-03
6.573103e+03	1.452297e-03
6.578148e+03	1.449782e-03
6.583192e+03	1.447248e-03
6.588237e+03	1.444696e-03
6.593281e+03	1.442125e-03
6.598326e+03	1.439535e-03
6.603371e+03	1.436928e-03
6.608415e+03	1.434302e-03
6.613460e+03	1.431658e-03
6.618504e+03	1.428996e-03
6.623549e+03	1.426316e-03
6.628594e+03	1.423619e-03
6.633638e+03	1.420904e-03
6.638683e+03	1.418171e-03
6.643727e+03	1.415422e-03
6.648772e+03	1.412655e-03
6.653817e+03	1.409870e-03
6.658861e+03	1.407069e-03
6.663906e+03	1.404251e-03
6.668950e+03	1.401417e-03
6.673995e+03	1.398565e-03
6.679040e+03	1.395698e-03
6.684084e+03	1.392813e-03
6.689129e+03	1.389913e-03
6.694173e+03	1.386996e-03
6.699218e+03	1.384064e-03
6.704262e+03	1.381116e-03
6.709307e+03	1.378152e-03
6.714352e+03	1.375172e-03
6.719396e+03	1.372177e-03
6.724441e+03	1.369166e-03
6.729485e+03	1.366141e-03
6.734530e+03	1.363100e-03
6.739575e+03	1.360044e-03
6.744619e+03	1.356974e-03
6.749664e+03	1.353889e-03
6.754708e+03	1.350789e-03
6.759753e+03	1.347675e-03
6.764798e+03	1.344546e-03
6.769842e+03	1.341403e-03
6.774887e+03	1.338247e-03
6.779931e+03	1.335076e-03
6.784976e+03	1.331892e-03
6.790021e+03	1.328694e-03
6.795065e+03	1.325483e-03
6.800110e+03	1.322258e-03
6.805154e+03	1.319020e-03
6.810199e+03	1.315769e-03
6.815243e+03	1.312505e-03
6.820288e+03	1.309228e-03
6.825333e+03	1.305939e-03
6.830377e+03	1.302637e-03
6.835422e+03	1.299322e-03
6.840466e+03	1.295995e-03
6.845511e+03	1.292657e-03
6.850556e+03	1.289306e-03
6.855600e+03	1.285943e-03
6.860645e+03	1.282569e-03
6.865689e+03	1.279183e-03
6.870734e+03	1.275786e-03
6.875779e+03	1.272377e-03
6.880823e+03	1.268957e-03
6.885868e+03	1.265526e-03
6.890912e+03	1.262085e-03
6.895957e+03	1.258632e-03
6.901002e+03	1.255169e-03
6.906046e+03	1.251696e-03
6.911091e+03	1.248212e-03
6.916135e+03	1.244718e-03
6.921180e+03	1.241214e-03
6.926225e+03	1.237700e-03
6.931269e+03	1.234176e-03
6.936314e+03	1.230643e-03
6.941358e+03	1.227100e-03
6.946403e+03	1.223548e-03
6.951447e+03	1.219987e-03
6.956492e+03	1.216416e-03
6.961537e+03	1.212837e-03
6.966581e+03	1.209249e-03
6.971626e+03	1.205652e-03
6.976670e+03	1.202047e-03
6.981715e+03	1.198434e-03
6.986760e+03	1.194812e-03
6.991804e+03	1.191182e-03
6.996849e+03	1.187544e-03
7.001893e+03	1.183899e-03
7.006938e+03	1.180245e-03
7.011983e+03	1.176585e-03
7.017027e+03	1.172917e-03
7.022072e+03	1.169241e-03
7.027116e+03	1.165559e-03
7.032161e+03	1.161869e-03
7.037206e+03	1.158173e-03
7.042250e+03	1.154470e-03
7.047295e+03	1.150761e-03
7.052339e+03	1.147045e-03
7.057384e+03	1.143323e-03
7.062428e+03	1.139595e-03
7.067473e+03	1.135861e-03
7.072518e+03	1.132120e-03
7.077562e+03	1.128375e-03
7.082607e+03	1.124623e-03
7.087651e+03	1.120867e-03
7.092696e+03	1.117105e-03
7.097741e+03	1.113338e-03
7.102785e+03	1.109565e-03
7.107830e+03	1.105788e-03
7.112874e+03	1.102007e-03
7.117919e+03	1.098220e-03
7.122964e+03	1.094429e-03
7.128008e+03	1.090634e-03
7.133053e+03	1.086835e-03
7.138097e+03	1.083031e-03
7.143142e+03	1.079224e-03
7.148187e+03	1.075413e-03
7.153231e+03	1.071598e-03
7.158276e+03	1.067780e-03
7.163320e+03	1.063958e-03
7.168365e+03	1.060133e-03
7.173410e+03	1.056305e-03
7.178454e+03	1.052474e-03
7.183499e+03	1.048640e-03
7.188543e+03	1.044803e-03
7.193588e+03	1.040964e-03
7.198632e+03	1.037123e-03
7.203677e+03	1.033279e-03
7.208722e+03	1.029432e-03
7.213766e+03	1.025584e-03
7.218811e+03	1.021734e-03
7.223855e+03	1.017882e-03
7.228900e+03	1.014028e-03
7.233945e+03	1.010173e-03
7.238989e+03	1.006317e-03
7.244034e+03	1.002459e-03
7.249078e+03	9.985998e-04
7.254123e+03	9.947398e-04
7.259168e+03	9.908788e-04
7.264212e+03	9.870171e-04
7.269257e+03	9.831547e-04
7.274301e+03	9.792918e-04
7.279346e+03	9.754285e-04
7.284391e+03	9.715650e-04
7.289435e+03	9.677013e-04
7.294480e+03	9.638375e-04
7.299524e+03	9.599739e-04
7.304569e+03	9.561105e-04
7.309613e+03	9.522474e-04
7.314658e+03	9.483848e-04
7.319703e+03	9.445227e-04
7.324747e+03	9.406614e-04
7.329792e+03	9.368009e-04
7.334836e+03	9.329414e-04
7.339881e+03	9.290829e-04
7.344926e+03	9.252256e-04
7.349970e+03	9.213696e-04
7.355015e+03	9.175150e-04
7.360059e+03	9.136620e-04
7.365104e+03	9.098106e-04
7.370149e+03	9.059610e-04
7.375193e+03	9.021133e-04
7.380238e+03	8.982675e-04
7.385282e+03	8.944239e-04
7.390327e+03	8.905825e-04
7.395372e+03	8.867435e-04
7.400416e+03	8.829069e-04
7.405461e+03	8.790728e-04
7.410505e+03	8.752414e-04
7.415550e+03	8.714129e-04
7.420595e+03	8.675872e-04
7.425639e+03	8.637645e-04
7.430684e+03	8.599449e-04
7.435728e+03	8.561285e-04
7.440773e+03	8.523155e-04
7.445817e+03	8.485059e-04
7.450862e+03	8.446999e-04
7.455907e+03	8.408975e-04
7.460951e+03	8.370988e-04
7.465996e+03	8.333040e-04
7.471040e+03	8.295131e-04
7.476085e+03	8.257263e-04
7.481130e+03	8.219437e-04
7.486174e+03	8.181654e-04
7.491219e+03	8.143914e-04
7.496263e+03	8.106218e-04
7.501308e+03	8.068569e-04
7.506353e+03	8.030966e-04
7.511397e+03	7.993410e-04
7.516442e+03	7.955903e-04
7.521486e+03	7.918446e-04
7.526531e+03	7.881039e-04
7.531576e+03	7.843684e-04
7.536620e+03	7.806381e-04
7.541665e+03	7.769131e-04
7.546709e+03	7.731936e-04
7.551754e+03	7.694796e-04
7.556798e+03	7.657712e-04
7.561843e+03	7.620685e-04
7.566888e+03	7.583716e-04
7.571932e+03	7.546806e-04
7.576977e+03	7.509955e-04
7.582021e+03	7.473165e-04
7.587066e+03	7.436437e-04
7.592111e+03	7.399771e-04
7.597155e+03	7.363168e-04
7.602200e+03	7.326630e-04
7.607244e+03	7.290156e-04
7.612289e+03	7.253748e-04
7.617334e+03	7.217406e-04
7.622378e+03	7.181132e-04
7.627423e+03	7.144926e-04
7.632467e+03	7.108789e-04
7.637512e+03	7.072722e-04
7.642557e+03	7.036726e-04
7.647601e+03	7.000801e-04
7.652646e+03	6.964948e-04
7.657690e+03	6.929169e-04
7.662735e+03	6.893463e-04
7.667780e+03	6.857831e-04
7.672824e+03	6.822275e-04
7.677869e+03	6.786794e-04
7.682913e+03	6.751391e-04
7.687958e+03	6.716065e-04
7.693002e+03	6.680817e-04
7.698047e+03	6.645647e-04
7.703092e+03	6.610558e-04
7.708136e+03	6.575549e-04
7.713181e+03	6.540620e-04
7.718225e+03	6.505774e-04
7.723270e+03	6.471009e-04
7.728315e+03	6.436328e-04
7.733359e+03	6.401730e-04
7.738404e+03	6.367217e-04
7.743448e+03	6.332788e-04
7.748493e+03	6.298445e-04
7.753538e+03	6.264189e-04
7.758582e+03	6.230019e-04
7.763627e+03	6.195937e-04
7.768671e+03	6.161942e-04
7.773716e+03	6.128037e-04
7.778761e+03	6.094220e-04
7.783805e+03	6.060494e-04
7.788850e+03	6.026858e-04
7.793894e+03	5.993313e-04
7.798939e+03	5.959859e-04
7.803983e+03	5.926498e-04
7.809028e+03	5.893229e-04
7.814073e+03	5.860053e-04
7.819117e+03	5.826971e-04
7.824162e+03	5.793983e-04
7.829206e+03	5.761090e-04
7.834251e+03	5.728293e-04
7.839296e+03	5.695591e-04
7.844340e+03	5.662985e-04
7.849385e+03	5.630476e-04
7.854429e+03	5.598065e-04
7.859474e+03	5.565751e-04
7.864519e+03	5.533535e-04
7.869563e+03	5.501418e-04
7.874608e+03	5.469400e-04
7.879652e+03	5.437481e-04
7.884697e+03	5.405663e-04
7.889742e+03	5.373944e-04
7.894786e+03	5.342327e-04
7.899831e+03	5.310811e-04
7.904875e+03	5.279396e-04
7.909920e+03	5.248084e-04
7.914965e+03	5.216873e-04
7.920009e+03	5.185766e-04
7.925054e+03	5.154762e-04
7.930098e+03	5.123861e-04
7.935143e+03	5.093065e-04
7.940187e+03	5.062372e-04
7.945232e+03	5.031784e-04
7.950277e+03	5.001302e-04
7.955321e+03	4.970924e-04
7.960366e+03	4.940652e-04
7.965410e+03	4.910486e-04
7.970455e+03	4.880426e-04
7.975500e+03	4.850473e-04
7.980544e+03	4.820627e-04
7.985589e+03	4.790888e-04
7.990633e+03	4.761256e-04
7.995678e+03	4.731732e-04
8.000723e+03	4.702316e-04
8.005767e+03	4.673008e-04
8.010812e+03	4.643809e-04
8.015856e+03	4.614718e-04
8.020901e+03	4.585737e-04
8.025946e+03	4.556864e-04
8.030990e+03	4.528102e-04
8.036035e+03	4.499449e-04
8.041079e+03	4.470906e-04
8.046124e+03	4.442473e-04
8.051168e+03	4.414150e-04
8.056213e+03	4.385938e-04
8.061258e+03	4.357836e-04
8.066302e+03	4.329846e-04
8.071347e+03	4.301966e-04
8.076391e+03	4.274198e-04
8.081436e+03	4.246542e-04
8.086481e+03	4.218996e-04
8.091525e+03	4.191563e-04
8.096570e+03	4.164242e-04
8.101614e+03	4.137032e-04
8.106659e+03	4.109935e-04
8.111704e+03	4.082950e-04
8.116748e+03	4.056077e-04
8.121793e+03	4.029317e-04
8.126837e+03	4.002670e-04
8.131882e+03	3.976135e-04
8.136927e+03	3.949713e-04
8.141971e+03	3.923404e-04
8.147016e+03	3.897208e-04
8.152060e+03	3.871125e-04
8.157105e+03	3.845156e-04
8.162150e+03	3.819299e-04
8.167194e+03	3.793556e-04
8.172239e+03	3.767926e-04
8.177283e+03	3.742410e-04
8.182328e+03	3.717007e-04
8.187372e+03	3.691718e-04
8.192417e+03	3.666542e-04
8.197462e+03	3.641479e-04
8.202506e+03	3.616530e-04
8.207551e+03	3.591695e-04
8.212595e+03	3.566973e-04
8.217640e+03	3.542365e-04
8.222685e+03	3.517871e-04
8.227729e+03	3.493490e-04
8.232774e+03	3.469223e-04
8.237818e+03	3.445069e-04
8.242863e+03	3.421029e-04
8.247908e+03	3.397102e-04
8.252952e+03	3.373289e-04
8.257997e+03	3.349589e-04
8.263041e+03	3.326003e-04
8.268086e+03	3.302530e-04
8.273131e+03	3.279170e-04
8.278175e+03	3.255923e-04
8.283220e+03	3.232790e-04
8.288264e+03	3.209770e-04
8.293309e+03	3.186863e-04
8.298353e+03	3.164069e-04
8.303398e+03	3.141387e-04
8.308443e+03	3.118819e-04
8.313487e+03	3.096363e-04
8.318532e+03	3.074020e-04
8.323576e+03	3.051789e-04
8.328621e+03	3.029671e-04
8.333666e+03	3.007664e-04
8.338710e+03	2.985771e-04
8.343755e+03	2.963989e-04
8.348799e+03	2.942319e-04
8.353844e+03	2.920761e-04
8.358889e+03	2.899314e-04
8.363933e+03	2.877979e-04
8.368978e+03	2.856756e-04
8.374022e+03	2.835643e-04
8.379067e+03	2.814642e-04
8.384112e+03	2.793752e-04
8.389156e+03	2.772972e-04
8.394201e+03	2.752303e-04
8.399245e+03	2.731745e-04
8.404290e+03	2.711296e-04
8.409335e+03	2.690958e-04
8.414379e+03	2.670730e-04
8.419424e+03	2.650611e-04
8.424468e+03	2.630602e-04
8.429513e+03	2.610703e-04
8.434557e+03	2.590912e-04
8.439602e+03	2.571231e-04
8.444647e+03	2.551658e-04
8.449691e+03	2.532194e-04
8.454736e+03	2.512838e-04
8.459780e+03	2.493591e-04
8.464825e+03	2.474451e-04
8.469870e+03	2.455419e-04
8.474914e+03	2.436494e-04
8.479959e+03	2.417677e-04
8.485003e+03	2.398967e-04
8.490048e+03	2.380363e-04
8.495093e+03	2.361866e-04
8.500137e+03	2.343475e-04
8.505182e+03	2.325191e-04
8.510226e+03	2.307012e-04
8.515271e+03	2.288939e-04
8.520316e+03	2.270971e-04
8.525360e+03	2.253108e-04
8.530405e+03	2.235350e-04
8.535449e+03	2.217697e-04
8.540494e+03	2.200148e-04
8.545538e+03	2.182703e-04
8.550583e+03	2.165361e-04
8.555628e+03	2.148123e-04
8.560672e+03	2.130989e-04
8.565717e+03	2.113957e-04
8.570761e+03	2.097028e-04
8.575806e+03	2.080201e-04
8.580851e+03	2.063476e-04
8.585895e+03	2.046853e-04
8.590940e+03	2.030332e-04
8.595984e+03	2.013912e-04
8.601029e+03	1.997592e-04
8.606074e+03	1.981374e-04
8.611118e+03	1.965255e-04
8.616163e+03	1.949237e-04
8.621207e+03	1.933318e-04
8.626252e+03	1.917499e-04
8.631297e+03	1.901778e-04
8.636341e+03	1.886157e-04
8.641386e+03	1.870634e-04
8.646430e+03	1.855209e-04
8.651475e+03	1.839882e-04
8.656520e+03	1.824652e-04
8.661564e+03	1.809520e-04
8.666609e+03	1.794484e-04
8.671653e+03	1.779545e-04
8.676698e+03	1.764702e-04
8.681742e+03	1.749955e-04
8.686787e+03	1.735303e-04
8.691832e+03	1.720747e-04
8.696876e+03	1.706285e-04
8.701921e+03	1.691919e-04
8.706965e+03	1.677646e-04
8.712010e+03	1.663467e-04
8.717055e+03	1.649381e-04
8.722099e+03	1.635389e-04
8.727144e+03	1.621490e-04
8.732188e+03	1.607683e-04
8.737233e+03	1.593968e-04
8.742278e+03	1.580345e-04
8.747322e+03	1.566813e-04
8.752367e+03	1.553372e-04
8.757411e+03	1.540022e-04
8.762456e+03	1.526763e-04
8.767501e+03	1.513593e-04
8.772545e+03	1.500513e-04
8.777590e+03	1.487522e-04
8.782634e+03	1.474621e-04
8.787679e+03	1.461808e-04
8.792723e+03	1.449083e-04
8.797768e+03	1.436445e-04
8.802813e+03	1.423896e-04
8.807857e+03	1.411433e-04
8.812902e+03	1.399057e-04
8.817946e+03	1.386768e-04
8.822991e+03	1.374564e-04
8.828036e+03	1.362446e-04
8.833080e+03	1.350414e-04
8.838125e+03	1.338466e-04
8.843169e+03	1.326603e-04
8.848214e+03	1.314824e-04
8.853259e+03	1.303129e-04
8.858303e+03	1.291517e-04
8.863348e+03	1.279988e-04
8.868392e+03	1.268542e-04
8.873437e+03	1.257178e-04
8.878482e+03	1.245896e-04
8.883526e+03	1.234696e-04
8.888571e+03	1.223577e-04
8.893615e+03	1.212538e-04
8.898660e+03	1.201580e-04
8.903704e+03	1.190702e-04
8.908749e+03	1.179903e-04
8.913794e+03	1.169184e-04
8.918838e+03	1.158544e-04
8.923883e+03	1.147982e-04
8.928927e+03	1.137498e-04
8.933972e+03	1.127093e-04
8.939017e+03	1.116764e-04
8.944061e+03	1.106512e-04
8.949106e+03	1.096337e-04
8.954150e+03	1.086239e-04
8.959195e+03	1.076216e-04
8.964240e+03	1.066268e-04
8.969284e+03	1.056396e-04
8.974329e+03	1.046598e-04
8.979373e+03	1.036875e-04
8.984418e+03	1.027225e-04
8.989463e+03	1.017649e-04
8.994507e+03	1.008147e-04
8.999552e+03	9.987168e-05
9.004596e+03	9.893592e-05
9.009641e+03	9.800737e-05
9.014686e+03	9.708599e-05
9.019730e+03	9.617173e-05
9.024775e+03	9.526456e-05
9.029819e+03	9.436444e-05
9.034864e+03	9.347133e-05
9.039908e+03	9.258519e-05
9.044953e+03	9.170599e-05
9.049998e+03	9.083370e-05
9.055042e+03	8.996826e-05
9.060087e+03	8.910964e-05
9.065131e+03	8.825781e-05
9.070176e+03	8.741273e-05
9.075221e+03	8.657435e-05
9.080265e+03	8.574265e-05
9.085310e+03	8.491758e-05
9.090354e+03	8.409911e-05
9.095399e+03	8.328720e-05
9.100444e+03	8.248181e-05
9.105488e+03	8.168290e-05
9.110533e+03	8.089044e-05
9.115577e+03	8.010438e-05
9.120622e+03	7.932470e-05
9.125667e+03	7.855136e-05
9.130711e+03	7.778431e-05
9.135756e+03	7.702352e-05
9.140800e+03	7.626896e-05
9.145845e+03	7.552058e-05
9.150889e+03	7.477835e-05
9.155934e+03	7.404223e-05
9.160979e+03	7.331219e-05
9.166023e+03	7.258819e-05
9.171068e+03	7.187019e-05
9.176112e+03	7.115815e-05
9.181157e+03	7.045205e-05
9.186202e+03	6.975184e-05
9.191246e+03	6.905748e-05
9.196291e+03	6.836895e-05
9.201335e+03	6.768620e-05
9.206380e+03	6.700919e-05
9.211425e+03	6.633790e-05
9.216469e+03	6.567229e-05
9.221514e+03	6.501231e-05
9.226558e+03	6.435795e-05
9.231603e+03	6.370915e-05
9.236648e+03	6.306588e-05
9.241692e+03	6.242811e-05
9.246737e+03	6.179581e-05
9.251781e+03	6.116893e-05
9.256826e+03	6.054744e-05
9.261871e+03	5.993132e-05
9.266915e+03	5.932051e-05
9.271960e+03	5.871499e-05
9.277004e+03	5.811473e-05
9.282049e+03	5.751968e-05
9.287093e+03	5.692982e-05
9.292138e+03	5.634511e-05
9.297183e+03	5.576551e-05
9.302227e+03	5.519099e-05
9.307272e+03	5.462152e-05
9.312316e+03	5.405706e-05
9.317361e+03	5.349758e-05
9.322406e+03	5.294305e-05
9.327450e+03	5.239342e-05
9.332495e+03	5.184868e-05
9.337539e+03	5.130878e-05
9.342584e+03	5.077369e-05
9.347629e+03	5.024338e-05
9.352673e+03	4.971781e-05
9.357718e+03	4.919696e-05
9.362762e+03	4.868079e-05
9.367807e+03	4.816926e-05
9.372852e+03	4.766234e-05
9.377896e+03	4.716001e-05
9.382941e+03	4.666223e-05
9.387985e+03	4.616896e-05
9.393030e+03	4.568018e-05
9.398074e+03	4.519585e-05
9.403119e+03	4.471594e-05
9.408164e+03	4.424043e-05
9.413208e+03	4.376927e-05
9.418253e+03	4.330243e-05
9.423297e+03	4.283989e-05
9.428342e+03	4.238162e-05
9.433387e+03	4.192758e-05
9.438431e+03	4.147774e-05
9.443476e+03	4.103207e-05
9.448520e+03	4.059054e-05
9.453565e+03	4.015312e-05
9.458610e+03	3.971978e-05
9.463654e+03	3.929049e-05
9.468699e+03	3.886522e-05
9.473743e+03	3.844394e-05
9.478788e+03	3.802662e-05
9.483833e+03	3.761323e-05
9.488877e+03	3.720373e-05
9.493922e+03	3.679811e-05
9.498966e+03	3.639633e-05
9.504011e+03	3.599836e-05
9.509056e+03	3.560418e-05
9.514100e+03	3.521375e-05
9.519145e+03	3.482704e-05
9.524189e+03	3.444403e-05
9.529234e+03	3.406469e-05
9.534278e+03	3.368899e-05
9.539323e+03	3.331690e-05
9.544368e+03	3.294839e-05
9.549412e+03	3.258344e-05
9.554457e+03	3.222202e-05
9.559501e+03	3.186409e-05
9.564546e+03	3.150964e-05
9.569591e+03	3.115864e-05
9.574635e+03	3.081105e-05
9.579680e+03	3.046686e-05
9.584724e+03	3.012603e-05
9.589769e+03	2.978853e-05
9.594814e+03	2.945435e-05
9.599858e+03	2.912345e-05
9.604903e+03	2.879580e-05
9.609947e+03	2.847139e-05
9.614992e+03	2.815019e-05
9.620037e+03	2.783216e-05
9.625081e+03	2.751729e-05
9.630126e+03	2.720554e-05
9.635170e+03	2.689690e-05
9.640215e+03	2.659134e-05
9.645259e+03	2.628882e-05
9.650304e+03	2.598933e-05
9.655349e+03	2.569285e-05
9.660393e+03	2.539934e-05
9.665438e+03	2.510878e-05
9.670482e+03	2.482115e-05
9.675527e+03	2.453643e-05
9.680572e+03	2.425458e-05
9.685616e+03	2.397559e-05
9.690661e+03	2.369942e-05
9.695705e+03	2.342607e-05
9.700750e+03	2.315550e-05
9.705795e+03	2.288768e-05
9.710839e+03	2.262261e-05
9.715884e+03	2.236024e-05
9.720928e+03	2.210057e-05
9.725973e+03	2.184356e-05
9.731018e+03	2.158920e-05
9.736062e+03	2.133746e-05
9.741107e+03	2.108832e-05
9.746151e+03	2.084175e-05
9.751196e+03	2.059774e-05
9.756241e+03	2.035626e-05
9.761285e+03	2.011729e-05
9.766330e+03	1.988080e-05
9.771374e+03	1.964679e-05
9.776419e+03	1.941522e-05
9.781463e+03	1.918607e-05
9.786508e+03	1.895932e-05
9.791553e+03	1.873495e-05
9.796597e+03	1.851295e-05
9.801642e+03	1.829328e-05
9.806686e+03	1.807593e-05
9.811731e+03	1.786087e-05
9.816776e+03	1.764810e-05
9.821820e+03	1.743758e-05
9.826865e+03	1.722929e-05
9.831909e+03	1.702323e-05
9.836954e+03	1.681935e-05
9.841999e+03	1.661766e-05
9.847043e+03	1.641812e-05
9.852088e+03	1.622072e-05
9.857132e+03	1.602543e-05
9.862177e+03	1.583225e-05
9.867222e+03	1.564114e-05
9.872266e+03	1.545209e-05
9.877311e+03	1.526509e-05
9.882355e+03	1.508010e-05
9.887400e+03	1.489712e-05
9.892444e+03	1.471613e-05
9.897489e+03	1.453710e-05
9.902534e+03	1.436002e-05
9.907578e+03	1.418487e-05
9.912623e+03	1.401164e-05
9.917667e+03	1.384030e-05
9.922712e+03	1.367083e-05
9.927757e+03	1.350323e-05
9.932801e+03	1.333746e-05
9.937846e+03	1.317353e-05
9.942890e+03	1.301139e-05
9.947935e+03	1.285105e-05
9.952980e+03	1.269249e-05
9.958024e+03	1.253567e-05
9.963069e+03	1.238060e-05
9.968113e+03	1.222725e-05
9.973158e+03	1.207561e-05
9.978203e+03	1.192566e-05
9.983247e+03	1.177738e-05
9.988292e+03	1.163076e-05
9.993336e+03	1.148578e-05
9.998381e+03	1.134243e-05
1.000343e+04	1.120069e-05
1.000847e+04	1.106054e-05
1.001351e+04	1.092198e-05
1.001856e+04	1.078497e-05
1.002360e+04	1.064952e-05
1.002865e+04	1.051559e-05
1.003369e+04	1.038319e-05
1.003874e+04	1.025229e-05
1.004378e+04	1.012288e-05
1.004883e+04	9.994940e-06
1.005387e+04	9.868461e-06
1.005892e+04	9.743428e-06
1.006396e+04	9.619825e-06
1.006901e+04	9.497638e-06
1.007405e+04	9.376854e-06
1.007909e+04	9.257457e-06
1.008414e+04	9.139436e-06
1.008918e+04	9.022774e-06
1.009423e+04	8.907460e-06
1.009927e+04	8.793479e-06
1.010432e+04	8.680818e-06
1.010936e+04	8.569463e-06
1.011441e+04	8.459402e-06
1.011945e+04	8.350621e-06
1.012450e+04	8.243107e-06
1.012954e+04	8.136847e-06
1.013458e+04	8.031829e-06
1.013963e+04	7.928040e-06
1.014467e+04	7.825467e-06
1.014972e+04	7.724098e-06
1.015476e+04	7.623920e-06
1.015981e+04	7.524922e-06
1.016485e+04	7.427090e-06
1.016990e+04	7.330413e-06
1.017494e+04	7.234879e-06
1.017999e+04	7.140476e-06
1.018503e+04	7.047192e-06
1.019008e+04	6.955016e-06
1.019512e+04	6.863936e-06
1.020016e+04	6.773941e-06
1.020521e+04	6.685018e-06
1.021025e+04	6.597158e-06
1.021530e+04	6.510348e-06
1.022034e+04	6.424579e-06
1.022539e+04	6.339838e-06
1.023043e+04	6.256114e-06
1.023548e+04	6.173398e-06
1.024052e+04	6.091678e-06
1.024557e+04	6.010944e-06
1.025061e+04	5.931186e-06
1.025566e+04	5.852392e-06
1.026070e+04	5.774552e-06
1.026574e+04	5.697657e-06
1.027079e+04	5.621697e-06
1.027583e+04	5.546660e-06
1.028088e+04	5.472537e-06
1.028592e+04	5.399319e-06
1.029097e+04	5.326995e-06
1.029601e+04	5.255557e-06
1.030106e+04	5.184993e-06
1.030610e+04	5.115295e-06
1.031115e+04	5.046454e-06
1.031619e+04	4.978459e-06
1.032123e+04	4.911302e-06
1.032628e+04	4.844974e-06
1.033132e+04	4.779465e-06
1.033637e+04	4.714767e-06
1.034141e+04	4.650870e-06
1.034646e+04	4.587766e-06
1.035150e+04	4.525446e-06
1.035655e+04	4.463901e-06
1.036159e+04	4.403123e-06
1.036664e+04	4.343103e-06
1.037168e+04	4.283833e-06
1.037673e+04	4.225304e-06
1.038177e+04	4.167508e-06
1.038681e+04	4.110437e-06
1.039186e+04	4.054083e-06
1.039690e+04	3.998438e-06
1.040195e+04	3.943493e-06
1.040699e+04	3.889242e-06
1.041204e+04	3.835675e-06
1.041708e+04	3.782786e-06
1.042213e+04	3.730567e-06
1.042717e+04	3.679010e-06
1.043222e+04	3.628107e-06
1.043726e+04	3.577851e-06
1.044230e+04	3.528236e-06
1.044735e+04	3.479253e-06
1.045239e+04	3.430895e-06
1.045744e+04	3.383155e-06
1.046248e+04	3.336026e-06
1.046753e+04	3.289501e-06
1.047257e+04	3.243573e-06
1.047762e+04	3.198236e-06
1.048266e+04	3.153481e-06
1.048771e+04	3.109304e-06
1.049275e+04	3.065696e-06
1.049780e+04	3.022652e-06
1.050284e+04	2.980164e-06
1.050788e+04	2.938227e-06
1.051293e+04	2.896833e-06
1.051797e+04	2.855978e-06
1.052302e+04	2.815653e-06
1.052806e+04	2.775853e-06
1.053311e+04	2.736573e-06
1.053815e+04	2.697805e-06
1.054320e+04	2.659544e-06
1.054824e+04	2.621783e-06
1.055329e+04	2.584518e-06
1.055833e+04	2.547741e-06
1.056338e+04	2.511448e-06
1.056842e+04	2.475632e-06
1.057346e+04	2.440288e-06
1.057851e+04	2.405410e-06
1.058355e+04	2.370993e-06
1.058860e+04	2.337031e-06
1.059364e+04	2.303518e-06
1.059869e+04	2.270450e-06
1.060373e+04	2.237821e-06
1.060878e+04	2.205626e-06
1.061382e+04	2.173859e-06
1.061887e+04	2.142515e-06
1.062391e+04	2.111590e-06
1.062895e+04	2.081077e-06
1.063400e+04	2.050973e-06
1.063904e+04	2.021272e-06
1.064409e+04	1.991970e-06
1.064913e+04	1.963061e-06
1.065418e+04	1.934540e-06
1.065922e+04	1.906404e-06
1.066427e+04	1.878646e-06
1.066931e+04	1.851264e-06
1.067436e+04	1.824251e-06
1.067940e+04	1.797604e-06
1.068445e+04	1.771317e-06
1.068949e+04	1.745387e-06
1.069453e+04	1.719810e-06
1.069958e+04	1.694580e-06
1.070462e+04	1.669693e-06
1.070967e+04	1.645146e-06
1.071471e+04	1.620934e-06
1.071976e+04	1.597052e-06
1.072480e+04	1.573498e-06
1.072985e+04	1.550266e-06
1.073489e+04	1.527352e-06
1.073994e+04	1.504753e-06
1.074498e+04	1.482465e-06
1.075003e+04	1.460484e-06
1.075507e+04	1.438806e-06
1.076011e+04	1.417427e-06
1.076516e+04	1.396343e-06
1.077020e+04	1.375551e-06
1.077525e+04	1.355046e-06
1.078029e+04	1.334827e-06
1.078534e+04	1.314887e-06
1.079038e+04	1.295225e-06
1.079543e+04	1.275837e-06
1.080047e+04	1.256719e-06
1.080552e+04	1.237867e-06
1.081056e+04	1.219279e-06
1.081560e+04	1.200951e-06
1.082065e+04	1.182880e-06
1.082569e+04	1.165061e-06
1.083074e+04	1.147493e-06
1.083578e+04	1.130172e-06
1.084083e+04	1.113094e-06
1.084587e+04	1.096257e-06
1.085092e+04	1.079658e-06
1.085596e+04	1.063292e-06
1.086101e+04	1.047158e-06
1.086605e+04	1.031253e-06
1.087110e+04	1.015573e-06
1.087614e+04	1.000115e-06
1.088118e+04	9.848768e-07
1.088623e+04	9.698553e-07
1.089127e+04	9.550477e-07
1.089632e+04	9.404511e-07
1.090136e+04	9.260628e-07
1.090641e+04	9.118801e-07
1.091145e+04	8.979003e-07
1.091650e+04	8.841207e-07
1.092154e+04	8.705386e-07
1.092659e+04	8.571515e-07
1.093163e+04	8.439568e-07
1.093667e+04	8.309520e-07
1.094172e+04	8.181344e-07
1.094676e+04	8.055018e-07
1.095181e+04	7.930515e-07
1.095685e+04	7.807812e-07
1.096190e+04	7.686885e-07
1.096694e+04	7.567709e-07
1.097199e+04	7.450263e-07
1.097703e+04	7.334522e-07
1.098208e+04	7.220464e-07
1.098712e+04	7.108066e-07
1.099217e+04	6.997306e-07
1.099721e+04	6.888162e-07
1.100225e+04	6.780612e-07
1.100730e+04	6.674634e-07
1.101234e+04	6.570208e-07
1.101739e+04	6.467313e-07
1.102243e+04	6.365927e-07
1.102748e+04	6.266031e-07
1.103252e+04	6.167604e-07
1.103757e+04	6.070626e-07
1.104261e+04	5.975078e-07
1.104766e+04	5.880939e-07
1.105270e+04	5.788191e-07
1.105775e+04	5.696815e-07
1.106279e+04	5.606792e-07
1.106783e+04	5.518104e-07
1.107288e+04	5.430731e-07
1.107792e+04	5.344657e-07
1.108297e+04	5.259863e-07
1.108801e+04	5.176331e-07
1.109306e+04	5.094045e-07
1.109810e+04	5.012987e-07
1.110315e+04	4.933140e-07
1.110819e+04	4.854487e-07
1.111324e+04	4.777012e-07
1.111828e+04	4.700698e-07
1.112332e+04	4.625530e-07
1.112837e+04	4.551491e-07
1.113341e+04	4.478565e-07
1.113846e+04	4.406738e-07
1.114350e+04	4.335993e-07
1.114855e+04	4.266316e-07
1.115359e+04	4.197691e-07
1.115864e+04	4.130105e-07
1.116368e+04	4.063541e-07
1.116873e+04	3.997987e-07
1.117377e+04	3.933428e-07
1.117882e+04	3.869849e-07
1.118386e+04	3.807237e-07
1.118890e+04	3.745578e-07
1.119395e+04	3.684859e-07
1.119899e+04	3.625066e-07
1.120404e+04	3.566187e-07
1.120908e+04	3.508208e-07
1.121413e+04	3.451116e-07
1.121917e+04	3.394900e-07
1.122422e+04	3.339546e-07
1.122926e+04	3.285042e-07
1.123431e+04	3.231375e-07
1.123935e+04	3.178535e-07
1.124440e+04	3.126509e-07
1.124944e+04	3.075286e-07
1.125448e+04	3.024853e-07
1.125953e+04	2.975200e-07
1.126457e+04	2.926315e-07
1.126962e+04	2.878187e-07
1.127466e+04	2.830806e-07
1.127971e+04	2.784161e-07
1.128475e+04	2.738240e-07
1.128980e+04	2.693033e-07
1.129484e+04	2.648531e-07
1.129989e+04	2.604723e-07
1.130493e+04	2.561598e-07
1.130997e+04	2.519147e-07
1.131502e+04	2.477360e-07
1.132006e+04	2.436227e-07
1.132511e+04	2.395739e-07
1.133015e+04	2.355886e-07
1.133520e+04	2.316659e-07
1.134024e+04	2.278049e-07
1.134529e+04	2.240046e-07
1.135033e+04	2.202643e-07
1.135538e+04	2.165829e-07
1.136042e+04	2.129596e-07
1.136547e+04	2.093937e-07
1.137051e+04	2.058841e-07
1.137555e+04	2.024302e-07
1.138060e+04	1.990310e-07
1.138564e+04	1.956857e-07
1.139069e+04	1.923937e-07
1.139573e+04	1.891539e-07
1.140078e+04	1.859658e-07
1.140582e+04	1.828285e-07
