# # p(y | x = 8.200000e-02)
# # y_val	p(y|x)
0.000000e+00	1.959615e-07
5.044592e+00	2.001405e-07
1.008918e+01	2.044037e-07
1.513378e+01	2.087527e-07
2.017837e+01	2.131890e-07
2.522296e+01	2.177143e-07
3.026755e+01	2.223303e-07
3.531214e+01	2.270387e-07
4.035673e+01	2.318412e-07
4.540133e+01	2.367395e-07
5.044592e+01	2.417355e-07
5.549051e+01	2.468310e-07
6.053510e+01	2.520277e-07
6.557969e+01	2.573276e-07
7.062428e+01	2.627327e-07
7.566888e+01	2.682448e-07
8.071347e+01	2.738658e-07
8.575806e+01	2.795979e-07
9.080265e+01	2.854431e-07
9.584724e+01	2.914035e-07
1.008918e+02	2.974810e-07
1.059364e+02	3.036780e-07
1.109810e+02	3.099966e-07
1.160256e+02	3.164390e-07
1.210702e+02	3.230075e-07
1.261148e+02	3.297043e-07
1.311594e+02	3.365319e-07
1.362040e+02	3.434925e-07
1.412486e+02	3.505886e-07
1.462932e+02	3.578226e-07
1.513378e+02	3.651971e-07
1.563823e+02	3.727145e-07
1.614269e+02	3.803775e-07
1.664715e+02	3.881886e-07
1.715161e+02	3.961505e-07
1.765607e+02	4.042660e-07
1.816053e+02	4.125377e-07
1.866499e+02	4.209685e-07
1.916945e+02	4.295612e-07
1.967391e+02	4.383187e-07
2.017837e+02	4.472439e-07
2.068283e+02	4.563398e-07
2.118729e+02	4.656094e-07
2.169174e+02	4.750558e-07
2.219620e+02	4.846822e-07
2.270066e+02	4.944916e-07
2.320512e+02	5.044874e-07
2.370958e+02	5.146728e-07
2.421404e+02	5.250511e-07
2.471850e+02	5.356257e-07
2.522296e+02	5.464001e-07
2.572742e+02	5.573777e-07
2.623188e+02	5.685621e-07
2.673634e+02	5.799569e-07
2.724080e+02	5.915658e-07
2.774525e+02	6.033924e-07
2.824971e+02	6.154406e-07
2.875417e+02	6.277141e-07
2.925863e+02	6.402170e-07
2.976309e+02	6.529531e-07
3.026755e+02	6.659264e-07
3.077201e+02	6.791410e-07
3.127647e+02	6.926012e-07
3.178093e+02	7.063110e-07
3.228539e+02	7.202747e-07
3.278985e+02	7.344968e-07
3.329431e+02	7.489815e-07
3.379876e+02	7.637334e-07
3.430322e+02	7.787571e-07
3.480768e+02	7.940570e-07
3.531214e+02	8.096380e-07
3.581660e+02	8.255047e-07
3.632106e+02	8.416620e-07
3.682552e+02	8.581147e-07
3.732998e+02	8.748679e-07
3.783444e+02	8.919266e-07
3.833890e+02	9.092959e-07
3.884336e+02	9.269811e-07
3.934782e+02	9.449873e-07
3.985228e+02	9.633200e-07
4.035673e+02	9.819846e-07
4.086119e+02	1.000987e-06
4.136565e+02	1.020332e-06
4.187011e+02	1.040025e-06
4.237457e+02	1.060073e-06
4.287903e+02	1.080482e-06
4.338349e+02	1.101257e-06
4.388795e+02	1.122404e-06
4.439241e+02	1.143929e-06
4.489687e+02	1.165839e-06
4.540133e+02	1.188140e-06
4.590579e+02	1.210838e-06
4.641024e+02	1.233940e-06
4.691470e+02	1.257453e-06
4.741916e+02	1.281382e-06
4.792362e+02	1.305735e-06
4.842808e+02	1.330519e-06
4.893254e+02	1.355740e-06
4.943700e+02	1.381406e-06
4.994146e+02	1.407524e-06
5.044592e+02	1.434101e-06
5.095038e+02	1.461145e-06
5.145484e+02	1.488662e-06
5.195930e+02	1.516661e-06
5.246375e+02	1.545149e-06
5.296821e+02	1.574134e-06
5.347267e+02	1.603624e-06
5.397713e+02	1.633627e-06
5.448159e+02	1.664152e-06
5.498605e+02	1.695205e-06
5.549051e+02	1.726796e-06
5.599497e+02	1.758933e-06
5.649943e+02	1.791626e-06
5.700389e+02	1.824881e-06
5.750835e+02	1.858709e-06
5.801281e+02	1.893118e-06
5.851726e+02	1.928117e-06
5.902172e+02	1.963716e-06
5.952618e+02	1.999924e-06
6.003064e+02	2.036750e-06
6.053510e+02	2.074204e-06
6.103956e+02	2.112296e-06
6.154402e+02	2.151035e-06
6.204848e+02	2.190432e-06
6.255294e+02	2.230496e-06
6.305740e+02	2.271238e-06
6.356186e+02	2.312669e-06
6.406632e+02	2.354798e-06
6.457077e+02	2.397636e-06
6.507523e+02	2.441195e-06
6.557969e+02	2.485485e-06
6.608415e+02	2.530517e-06
6.658861e+02	2.576303e-06
6.709307e+02	2.622854e-06
6.759753e+02	2.670182e-06
6.810199e+02	2.718297e-06
6.860645e+02	2.767213e-06
6.911091e+02	2.816940e-06
6.961537e+02	2.867492e-06
7.011983e+02	2.918881e-06
7.062428e+02	2.971118e-06
7.112874e+02	3.024218e-06
7.163320e+02	3.078191e-06
7.213766e+02	3.133053e-06
7.264212e+02	3.188814e-06
7.314658e+02	3.245490e-06
7.365104e+02	3.303093e-06
7.415550e+02	3.361637e-06
7.465996e+02	3.421136e-06
7.516442e+02	3.481604e-06
7.566888e+02	3.543055e-06
7.617334e+02	3.605503e-06
7.667780e+02	3.668964e-06
7.718225e+02	3.733450e-06
7.768671e+02	3.798979e-06
7.819117e+02	3.865564e-06
7.869563e+02	3.933220e-06
7.920009e+02	4.001965e-06
7.970455e+02	4.071812e-06
8.020901e+02	4.142778e-06
8.071347e+02	4.214878e-06
8.121793e+02	4.288130e-06
8.172239e+02	4.362549e-06
8.222685e+02	4.438153e-06
8.273131e+02	4.514957e-06
8.323576e+02	4.592980e-06
8.374022e+02	4.672237e-06
8.424468e+02	4.752748e-06
8.474914e+02	4.834529e-06
8.525360e+02	4.917597e-06
8.575806e+02	5.001973e-06
8.626252e+02	5.087673e-06
8.676698e+02	5.174715e-06
8.727144e+02	5.263120e-06
8.777590e+02	5.352906e-06
8.828036e+02	5.444091e-06
8.878482e+02	5.536696e-06
8.928927e+02	5.630740e-06
8.979373e+02	5.726243e-06
9.029819e+02	5.823224e-06
9.080265e+02	5.921705e-06
9.130711e+02	6.021706e-06
9.181157e+02	6.123247e-06
9.231603e+02	6.226349e-06
9.282049e+02	6.331035e-06
9.332495e+02	6.437325e-06
9.382941e+02	6.545241e-06
9.433387e+02	6.654805e-06
9.483833e+02	6.766039e-06
9.534278e+02	6.878967e-06
9.584724e+02	6.993610e-06
9.635170e+02	7.109991e-06
9.685616e+02	7.228134e-06
9.736062e+02	7.348063e-06
9.786508e+02	7.469800e-06
9.836954e+02	7.593371e-06
9.887400e+02	7.718799e-06
9.937846e+02	7.846109e-06
9.988292e+02	7.975326e-06
1.003874e+03	8.106475e-06
1.008918e+03	8.239582e-06
1.013963e+03	8.374671e-06
1.019008e+03	8.511769e-06
1.024052e+03	8.650902e-06
1.029097e+03	8.792096e-06
1.034141e+03	8.935379e-06
1.039186e+03	9.080777e-06
1.044230e+03	9.228318e-06
1.049275e+03	9.378029e-06
1.054320e+03	9.529938e-06
1.059364e+03	9.684074e-06
1.064409e+03	9.840464e-06
1.069453e+03	9.999138e-06
1.074498e+03	1.016013e-05
1.079543e+03	1.032345e-05
1.084587e+03	1.048915e-05
1.089632e+03	1.065726e-05
1.094676e+03	1.082779e-05
1.099721e+03	1.100079e-05
1.104766e+03	1.117628e-05
1.109810e+03	1.135430e-05
1.114855e+03	1.153487e-05
1.119899e+03	1.171803e-05
1.124944e+03	1.190381e-05
1.129989e+03	1.209224e-05
1.135033e+03	1.228336e-05
1.140078e+03	1.247720e-05
1.145122e+03	1.267379e-05
1.150167e+03	1.287316e-05
1.155212e+03	1.307536e-05
1.160256e+03	1.328041e-05
1.165301e+03	1.348835e-05
1.170345e+03	1.369921e-05
1.175390e+03	1.391304e-05
1.180434e+03	1.412986e-05
1.185479e+03	1.434971e-05
1.190524e+03	1.457263e-05
1.195568e+03	1.479865e-05
1.200613e+03	1.502782e-05
1.205657e+03	1.526016e-05
1.210702e+03	1.549572e-05
1.215747e+03	1.573454e-05
1.220791e+03	1.597666e-05
1.225836e+03	1.622210e-05
1.230880e+03	1.647092e-05
1.235925e+03	1.672315e-05
1.240970e+03	1.697883e-05
1.246014e+03	1.723800e-05
1.251059e+03	1.750071e-05
1.256103e+03	1.776699e-05
1.261148e+03	1.803688e-05
1.266193e+03	1.831043e-05
1.271237e+03	1.858769e-05
1.276282e+03	1.886868e-05
1.281326e+03	1.915345e-05
1.286371e+03	1.944206e-05
1.291415e+03	1.973453e-05
1.296460e+03	2.003092e-05
1.301505e+03	2.033127e-05
1.306549e+03	2.063563e-05
1.311594e+03	2.094403e-05
1.316638e+03	2.125653e-05
1.321683e+03	2.157317e-05
1.326728e+03	2.189399e-05
1.331772e+03	2.221905e-05
1.336817e+03	2.254839e-05
1.341861e+03	2.288206e-05
1.346906e+03	2.322010e-05
1.351951e+03	2.356257e-05
1.356995e+03	2.390951e-05
1.362040e+03	2.426097e-05
1.367084e+03	2.461700e-05
1.372129e+03	2.497766e-05
1.377174e+03	2.534298e-05
1.382218e+03	2.571302e-05
1.387263e+03	2.608784e-05
1.392307e+03	2.646748e-05
1.397352e+03	2.685199e-05
1.402397e+03	2.724143e-05
1.407441e+03	2.763585e-05
1.412486e+03	2.803530e-05
1.417530e+03	2.843984e-05
1.422575e+03	2.884952e-05
1.427619e+03	2.926439e-05
1.432664e+03	2.968451e-05
1.437709e+03	3.010993e-05
1.442753e+03	3.054071e-05
1.447798e+03	3.097690e-05
1.452842e+03	3.141856e-05
1.457887e+03	3.186575e-05
1.462932e+03	3.231852e-05
1.467976e+03	3.277694e-05
1.473021e+03	3.324105e-05
1.478065e+03	3.371091e-05
1.483110e+03	3.418659e-05
1.488155e+03	3.466814e-05
1.493199e+03	3.515563e-05
1.498244e+03	3.564911e-05
1.503288e+03	3.614864e-05
1.508333e+03	3.665428e-05
1.513378e+03	3.716610e-05
1.518422e+03	3.768415e-05
1.523467e+03	3.820849e-05
1.528511e+03	3.873920e-05
1.533556e+03	3.927633e-05
1.538600e+03	3.981994e-05
1.543645e+03	4.037010e-05
1.548690e+03	4.092687e-05
1.553734e+03	4.149031e-05
1.558779e+03	4.206049e-05
1.563823e+03	4.263748e-05
1.568868e+03	4.322134e-05
1.573913e+03	4.381213e-05
1.578957e+03	4.440992e-05
1.584002e+03	4.501478e-05
1.589046e+03	4.562677e-05
1.594091e+03	4.624597e-05
1.599136e+03	4.687243e-05
1.604180e+03	4.750623e-05
1.609225e+03	4.814744e-05
1.614269e+03	4.879612e-05
1.619314e+03	4.945234e-05
1.624359e+03	5.011617e-05
1.629403e+03	5.078769e-05
1.634448e+03	5.146696e-05
1.639492e+03	5.215405e-05
1.644537e+03	5.284904e-05
1.649582e+03	5.355199e-05
1.654626e+03	5.426298e-05
1.659671e+03	5.498208e-05
1.664715e+03	5.570936e-05
1.669760e+03	5.644489e-05
1.674804e+03	5.718876e-05
1.679849e+03	5.794102e-05
1.684894e+03	5.870176e-05
1.689938e+03	5.947104e-05
1.694983e+03	6.024895e-05
1.700027e+03	6.103556e-05
1.705072e+03	6.183095e-05
1.710117e+03	6.263518e-05
1.715161e+03	6.344834e-05
1.720206e+03	6.427050e-05
1.725250e+03	6.510173e-05
1.730295e+03	6.594213e-05
1.735340e+03	6.679175e-05
1.740384e+03	6.765069e-05
1.745429e+03	6.851901e-05
1.750473e+03	6.939680e-05
1.755518e+03	7.028413e-05
1.760563e+03	7.118109e-05
1.765607e+03	7.208775e-05
1.770652e+03	7.300419e-05
1.775696e+03	7.393050e-05
1.780741e+03	7.486674e-05
1.785785e+03	7.581301e-05
1.790830e+03	7.676938e-05
1.795875e+03	7.773593e-05
1.800919e+03	7.871275e-05
1.805964e+03	7.969992e-05
1.811008e+03	8.069751e-05
1.816053e+03	8.170561e-05
1.821098e+03	8.272430e-05
1.826142e+03	8.375367e-05
1.831187e+03	8.479380e-05
1.836231e+03	8.584476e-05
1.841276e+03	8.690665e-05
1.846321e+03	8.797955e-05
1.851365e+03	8.906353e-05
1.856410e+03	9.015869e-05
1.861454e+03	9.126511e-05
1.866499e+03	9.238287e-05
1.871544e+03	9.351206e-05
1.876588e+03	9.465275e-05
1.881633e+03	9.580505e-05
1.886677e+03	9.696903e-05
1.891722e+03	9.814477e-05
1.896767e+03	9.933237e-05
1.901811e+03	1.005319e-04
1.906856e+03	1.017435e-04
1.911900e+03	1.029671e-04
1.916945e+03	1.042030e-04
1.921989e+03	1.054511e-04
1.927034e+03	1.067116e-04
1.932079e+03	1.079846e-04
1.937123e+03	1.092701e-04
1.942168e+03	1.105683e-04
1.947212e+03	1.118791e-04
1.952257e+03	1.132028e-04
1.957302e+03	1.145393e-04
1.962346e+03	1.158888e-04
1.967391e+03	1.172514e-04
1.972435e+03	1.186271e-04
1.977480e+03	1.200161e-04
1.982525e+03	1.214184e-04
1.987569e+03	1.228341e-04
1.992614e+03	1.242633e-04
1.997658e+03	1.257061e-04
2.002703e+03	1.271626e-04
2.007748e+03	1.286328e-04
2.012792e+03	1.301169e-04
2.017837e+03	1.316149e-04
2.022881e+03	1.331270e-04
2.027926e+03	1.346531e-04
2.032970e+03	1.361935e-04
2.038015e+03	1.377481e-04
2.043060e+03	1.393172e-04
2.048104e+03	1.409006e-04
2.053149e+03	1.424987e-04
2.058193e+03	1.441113e-04
2.063238e+03	1.457387e-04
2.068283e+03	1.473809e-04
2.073327e+03	1.490381e-04
2.078372e+03	1.507101e-04
2.083416e+03	1.523973e-04
2.088461e+03	1.540996e-04
2.093506e+03	1.558172e-04
2.098550e+03	1.575501e-04
2.103595e+03	1.592984e-04
2.108639e+03	1.610622e-04
2.113684e+03	1.628416e-04
2.118729e+03	1.646367e-04
2.123773e+03	1.664476e-04
2.128818e+03	1.682743e-04
2.133862e+03	1.701169e-04
2.138907e+03	1.719755e-04
2.143952e+03	1.738503e-04
2.148996e+03	1.757412e-04
2.154041e+03	1.776484e-04
2.159085e+03	1.795719e-04
2.164130e+03	1.815119e-04
2.169174e+03	1.834684e-04
2.174219e+03	1.854415e-04
2.179264e+03	1.874313e-04
2.184308e+03	1.894378e-04
2.189353e+03	1.914612e-04
2.194397e+03	1.935016e-04
2.199442e+03	1.955589e-04
2.204487e+03	1.976333e-04
2.209531e+03	1.997249e-04
2.214576e+03	2.018338e-04
2.219620e+03	2.039600e-04
2.224665e+03	2.061036e-04
2.229710e+03	2.082647e-04
2.234754e+03	2.104433e-04
2.239799e+03	2.126396e-04
2.244843e+03	2.148537e-04
2.249888e+03	2.170855e-04
2.254933e+03	2.193352e-04
2.259977e+03	2.216029e-04
2.265022e+03	2.238885e-04
2.270066e+03	2.261923e-04
2.275111e+03	2.285143e-04
2.280155e+03	2.308545e-04
2.285200e+03	2.332130e-04
2.290245e+03	2.355900e-04
2.295289e+03	2.379854e-04
2.300334e+03	2.403993e-04
2.305378e+03	2.428318e-04
2.310423e+03	2.452831e-04
2.315468e+03	2.477530e-04
2.320512e+03	2.502418e-04
2.325557e+03	2.527495e-04
2.330601e+03	2.552761e-04
2.335646e+03	2.578218e-04
2.340691e+03	2.603865e-04
2.345735e+03	2.629704e-04
2.350780e+03	2.655735e-04
2.355824e+03	2.681959e-04
2.360869e+03	2.708376e-04
2.365914e+03	2.734987e-04
2.370958e+03	2.761793e-04
2.376003e+03	2.788794e-04
2.381047e+03	2.815991e-04
2.386092e+03	2.843384e-04
2.391137e+03	2.870975e-04
2.396181e+03	2.898763e-04
2.401226e+03	2.926749e-04
2.406270e+03	2.954934e-04
2.411315e+03	2.983318e-04
2.416359e+03	3.011901e-04
2.421404e+03	3.040685e-04
2.426449e+03	3.069670e-04
2.431493e+03	3.098856e-04
2.436538e+03	3.128244e-04
2.441582e+03	3.157835e-04
2.446627e+03	3.187628e-04
2.451672e+03	3.217624e-04
2.456716e+03	3.247824e-04
2.461761e+03	3.278228e-04
2.466805e+03	3.308837e-04
2.471850e+03	3.339651e-04
2.476895e+03	3.370670e-04
2.481939e+03	3.401894e-04
2.486984e+03	3.433325e-04
2.492028e+03	3.464963e-04
2.497073e+03	3.496808e-04
2.502118e+03	3.528859e-04
2.507162e+03	3.561119e-04
2.512207e+03	3.593586e-04
2.517251e+03	3.626262e-04
2.522296e+03	3.659146e-04
2.527340e+03	3.692239e-04
2.532385e+03	3.725541e-04
2.537430e+03	3.759053e-04
2.542474e+03	3.792774e-04
2.547519e+03	3.826705e-04
2.552563e+03	3.860847e-04
2.557608e+03	3.895198e-04
2.562653e+03	3.929760e-04
2.567697e+03	3.964533e-04
2.572742e+03	3.999517e-04
2.577786e+03	4.034712e-04
2.582831e+03	4.070119e-04
2.587876e+03	4.105736e-04
2.592920e+03	4.141565e-04
2.597965e+03	4.177606e-04
2.603009e+03	4.213858e-04
2.608054e+03	4.250322e-04
2.613099e+03	4.286998e-04
2.618143e+03	4.323886e-04
2.623188e+03	4.360985e-04
2.628232e+03	4.398297e-04
2.633277e+03	4.435820e-04
2.638322e+03	4.473555e-04
2.643366e+03	4.511502e-04
2.648411e+03	4.549661e-04
2.653455e+03	4.588032e-04
2.658500e+03	4.626614e-04
2.663544e+03	4.665408e-04
2.668589e+03	4.704413e-04
2.673634e+03	4.743630e-04
2.678678e+03	4.783058e-04
2.683723e+03	4.822697e-04
2.688767e+03	4.862546e-04
2.693812e+03	4.902607e-04
2.698857e+03	4.942877e-04
2.703901e+03	4.983358e-04
2.708946e+03	5.024049e-04
2.713990e+03	5.064950e-04
2.719035e+03	5.106060e-04
2.724080e+03	5.147379e-04
2.729124e+03	5.188907e-04
2.734169e+03	5.230644e-04
2.739213e+03	5.272588e-04
2.744258e+03	5.314740e-04
2.749303e+03	5.357100e-04
2.754347e+03	5.399667e-04
2.759392e+03	5.442440e-04
2.764436e+03	5.485419e-04
2.769481e+03	5.528604e-04
2.774525e+03	5.571994e-04
2.779570e+03	5.615589e-04
2.784615e+03	5.659388e-04
2.789659e+03	5.703391e-04
2.794704e+03	5.747596e-04
2.799748e+03	5.792004e-04
2.804793e+03	5.836614e-04
2.809838e+03	5.881425e-04
2.814882e+03	5.926437e-04
2.819927e+03	5.971649e-04
2.824971e+03	6.017060e-04
2.830016e+03	6.062670e-04
2.835061e+03	6.108478e-04
2.840105e+03	6.154483e-04
2.845150e+03	6.200684e-04
2.850194e+03	6.247081e-04
2.855239e+03	6.293673e-04
2.860284e+03	6.340459e-04
2.865328e+03	6.387438e-04
2.870373e+03	6.434610e-04
2.875417e+03	6.481973e-04
2.880462e+03	6.529526e-04
2.885507e+03	6.577270e-04
2.890551e+03	6.625202e-04
2.895596e+03	6.673322e-04
2.900640e+03	6.721629e-04
2.905685e+03	6.770122e-04
2.910729e+03	6.818800e-04
2.915774e+03	6.867661e-04
2.920819e+03	6.916706e-04
2.925863e+03	6.965932e-04
2.930908e+03	7.015338e-04
2.935952e+03	7.064924e-04
2.940997e+03	7.114689e-04
2.946042e+03	7.164630e-04
2.951086e+03	7.214748e-04
2.956131e+03	7.265040e-04
2.961175e+03	7.315506e-04
2.966220e+03	7.366144e-04
2.971265e+03	7.416953e-04
2.976309e+03	7.467932e-04
2.981354e+03	7.519080e-04
2.986398e+03	7.570395e-04
2.991443e+03	7.621875e-04
2.996488e+03	7.673520e-04
3.001532e+03	7.725328e-04
3.006577e+03	7.777297e-04
3.011621e+03	7.829427e-04
3.016666e+03	7.881715e-04
3.021710e+03	7.934160e-04
3.026755e+03	7.986762e-04
3.031800e+03	8.039517e-04
3.036844e+03	8.092425e-04
3.041889e+03	8.145484e-04
3.046933e+03	8.198693e-04
3.051978e+03	8.252050e-04
3.057023e+03	8.305552e-04
3.062067e+03	8.359200e-04
3.067112e+03	8.412990e-04
3.072156e+03	8.466922e-04
3.077201e+03	8.520993e-04
3.082246e+03	8.575202e-04
3.087290e+03	8.629548e-04
3.092335e+03	8.684027e-04
3.097379e+03	8.738639e-04
3.102424e+03	8.793381e-04
3.107469e+03	8.848253e-04
3.112513e+03	8.903251e-04
3.117558e+03	8.958375e-04
3.122602e+03	9.013621e-04
3.127647e+03	9.068989e-04
3.132691e+03	9.124477e-04
3.137736e+03	9.180081e-04
3.142781e+03	9.235801e-04
3.147825e+03	9.291635e-04
3.152870e+03	9.347579e-04
3.157914e+03	9.403633e-04
3.162959e+03	9.459795e-04
3.168004e+03	9.516061e-04
3.173048e+03	9.572431e-04
3.178093e+03	9.628901e-04
3.183137e+03	9.685470e-04
3.188182e+03	9.742136e-04
3.193227e+03	9.798896e-04
3.198271e+03	9.855749e-04
3.203316e+03	9.912691e-04
3.208360e+03	9.969721e-04
3.213405e+03	1.002684e-03
3.218450e+03	1.008404e-03
3.223494e+03	1.014132e-03
3.228539e+03	1.019867e-03
3.233583e+03	1.025611e-03
3.238628e+03	1.031362e-03
3.243673e+03	1.037120e-03
3.248717e+03	1.042885e-03
3.253762e+03	1.048656e-03
3.258806e+03	1.054434e-03
3.263851e+03	1.060218e-03
3.268895e+03	1.066009e-03
3.273940e+03	1.071804e-03
3.278985e+03	1.077606e-03
3.284029e+03	1.083412e-03
3.289074e+03	1.089224e-03
3.294118e+03	1.095040e-03
3.299163e+03	1.100860e-03
3.304208e+03	1.106685e-03
3.309252e+03	1.112513e-03
3.314297e+03	1.118345e-03
3.319341e+03	1.124181e-03
3.324386e+03	1.130020e-03
3.329431e+03	1.135861e-03
3.334475e+03	1.141705e-03
3.339520e+03	1.147551e-03
3.344564e+03	1.153400e-03
3.349609e+03	1.159250e-03
3.354654e+03	1.165102e-03
3.359698e+03	1.170954e-03
3.364743e+03	1.176808e-03
3.369787e+03	1.182663e-03
3.374832e+03	1.188517e-03
3.379876e+03	1.194372e-03
3.384921e+03	1.200227e-03
3.389966e+03	1.206081e-03
3.395010e+03	1.211934e-03
3.400055e+03	1.217787e-03
3.405099e+03	1.223638e-03
3.410144e+03	1.229487e-03
3.415189e+03	1.235335e-03
3.420233e+03	1.241180e-03
3.425278e+03	1.247022e-03
3.430322e+03	1.252862e-03
3.435367e+03	1.258699e-03
3.440412e+03	1.264532e-03
3.445456e+03	1.270362e-03
3.450501e+03	1.276188e-03
3.455545e+03	1.282009e-03
3.460590e+03	1.287826e-03
3.465635e+03	1.293638e-03
3.470679e+03	1.299444e-03
3.475724e+03	1.305245e-03
3.480768e+03	1.311041e-03
3.485813e+03	1.316830e-03
3.490858e+03	1.322612e-03
3.495902e+03	1.328388e-03
3.500947e+03	1.334157e-03
3.505991e+03	1.339919e-03
3.511036e+03	1.345673e-03
3.516080e+03	1.351419e-03
3.521125e+03	1.357156e-03
3.526170e+03	1.362885e-03
3.531214e+03	1.368605e-03
3.536259e+03	1.374316e-03
3.541303e+03	1.380017e-03
3.546348e+03	1.385708e-03
3.551393e+03	1.391389e-03
3.556437e+03	1.397060e-03
3.561482e+03	1.402720e-03
3.566526e+03	1.408368e-03
3.571571e+03	1.414006e-03
3.576616e+03	1.419631e-03
3.581660e+03	1.425244e-03
3.586705e+03	1.430845e-03
3.591749e+03	1.436433e-03
3.596794e+03	1.442008e-03
3.601839e+03	1.447570e-03
3.606883e+03	1.453118e-03
3.611928e+03	1.458652e-03
3.616972e+03	1.464171e-03
3.622017e+03	1.469676e-03
3.627061e+03	1.475166e-03
3.632106e+03	1.480640e-03
3.637151e+03	1.486099e-03
3.642195e+03	1.491542e-03
3.647240e+03	1.496969e-03
3.652284e+03	1.502379e-03
3.657329e+03	1.507772e-03
3.662374e+03	1.513148e-03
3.667418e+03	1.518506e-03
3.672463e+03	1.523847e-03
3.677507e+03	1.529169e-03
3.682552e+03	1.534472e-03
3.687597e+03	1.539757e-03
3.692641e+03	1.545023e-03
3.697686e+03	1.550269e-03
3.702730e+03	1.555495e-03
3.707775e+03	1.560701e-03
3.712820e+03	1.565887e-03
3.717864e+03	1.571052e-03
3.722909e+03	1.576195e-03
3.727953e+03	1.581318e-03
3.732998e+03	1.586418e-03
3.738043e+03	1.591497e-03
3.743087e+03	1.596553e-03
3.748132e+03	1.601586e-03
3.753176e+03	1.606597e-03
3.758221e+03	1.611584e-03
3.763265e+03	1.616547e-03
3.768310e+03	1.621487e-03
3.773355e+03	1.626402e-03
3.778399e+03	1.631293e-03
3.783444e+03	1.636159e-03
3.788488e+03	1.641000e-03
3.793533e+03	1.645815e-03
3.798578e+03	1.650604e-03
3.803622e+03	1.655367e-03
3.808667e+03	1.660104e-03
3.813711e+03	1.664814e-03
3.818756e+03	1.669497e-03
3.823801e+03	1.674153e-03
3.828845e+03	1.678781e-03
3.833890e+03	1.683381e-03
3.838934e+03	1.687953e-03
3.843979e+03	1.692496e-03
3.849024e+03	1.697011e-03
3.854068e+03	1.701496e-03
3.859113e+03	1.705952e-03
3.864157e+03	1.710378e-03
3.869202e+03	1.714775e-03
3.874246e+03	1.719141e-03
3.879291e+03	1.723476e-03
3.884336e+03	1.727781e-03
3.889380e+03	1.732054e-03
3.894425e+03	1.736296e-03
3.899469e+03	1.740506e-03
3.904514e+03	1.744684e-03
3.909559e+03	1.748830e-03
3.914603e+03	1.752943e-03
3.919648e+03	1.757024e-03
3.924692e+03	1.761071e-03
3.929737e+03	1.765085e-03
3.934782e+03	1.769065e-03
3.939826e+03	1.773012e-03
3.944871e+03	1.776924e-03
3.949915e+03	1.780802e-03
3.954960e+03	1.784645e-03
3.960005e+03	1.788453e-03
3.965049e+03	1.792225e-03
3.970094e+03	1.795963e-03
3.975138e+03	1.799664e-03
3.980183e+03	1.803330e-03
3.985228e+03	1.806959e-03
3.990272e+03	1.810552e-03
3.995317e+03	1.814108e-03
4.000361e+03	1.817627e-03
4.005406e+03	1.821109e-03
4.010450e+03	1.824553e-03
4.015495e+03	1.827960e-03
4.020540e+03	1.831328e-03
4.025584e+03	1.834659e-03
4.030629e+03	1.837951e-03
4.035673e+03	1.841204e-03
4.040718e+03	1.844419e-03
4.045763e+03	1.847594e-03
4.050807e+03	1.850730e-03
4.055852e+03	1.853827e-03
4.060896e+03	1.856884e-03
4.065941e+03	1.859901e-03
4.070986e+03	1.862877e-03
4.076030e+03	1.865814e-03
4.081075e+03	1.868709e-03
4.086119e+03	1.871564e-03
4.091164e+03	1.874378e-03
4.096209e+03	1.877151e-03
4.101253e+03	1.879882e-03
4.106298e+03	1.882572e-03
4.111342e+03	1.885220e-03
4.116387e+03	1.887826e-03
4.121431e+03	1.890390e-03
4.126476e+03	1.892912e-03
4.131521e+03	1.895391e-03
4.136565e+03	1.897827e-03
4.141610e+03	1.900221e-03
4.146654e+03	1.902571e-03
4.151699e+03	1.904879e-03
4.156744e+03	1.907143e-03
4.161788e+03	1.909363e-03
4.166833e+03	1.911540e-03
4.171877e+03	1.913673e-03
4.176922e+03	1.915762e-03
4.181967e+03	1.917807e-03
4.187011e+03	1.919808e-03
4.192056e+03	1.921764e-03
4.197100e+03	1.923676e-03
4.202145e+03	1.925543e-03
4.207190e+03	1.927365e-03
4.212234e+03	1.929142e-03
4.217279e+03	1.930875e-03
4.222323e+03	1.932561e-03
4.227368e+03	1.934203e-03
4.232413e+03	1.935799e-03
4.237457e+03	1.937350e-03
4.242502e+03	1.938855e-03
4.247546e+03	1.940314e-03
4.252591e+03	1.941727e-03
4.257635e+03	1.943095e-03
4.262680e+03	1.944416e-03
4.267725e+03	1.945691e-03
4.272769e+03	1.946920e-03
4.277814e+03	1.948102e-03
4.282858e+03	1.949238e-03
4.287903e+03	1.950327e-03
4.292948e+03	1.951370e-03
4.297992e+03	1.952366e-03
4.303037e+03	1.953316e-03
4.308081e+03	1.954218e-03
4.313126e+03	1.955074e-03
4.318171e+03	1.955883e-03
4.323215e+03	1.956644e-03
4.328260e+03	1.957359e-03
4.333304e+03	1.958026e-03
4.338349e+03	1.958647e-03
4.343394e+03	1.959220e-03
4.348438e+03	1.959746e-03
4.353483e+03	1.960224e-03
4.358527e+03	1.960656e-03
4.363572e+03	1.961040e-03
4.368616e+03	1.961376e-03
4.373661e+03	1.961665e-03
4.378706e+03	1.961907e-03
4.383750e+03	1.962101e-03
4.388795e+03	1.962248e-03
4.393839e+03	1.962347e-03
4.398884e+03	1.962399e-03
4.403929e+03	1.962403e-03
4.408973e+03	1.962360e-03
4.414018e+03	1.962270e-03
4.419062e+03	1.962132e-03
4.424107e+03	1.961946e-03
4.429152e+03	1.961713e-03
4.434196e+03	1.961433e-03
4.439241e+03	1.961105e-03
4.444285e+03	1.960730e-03
4.449330e+03	1.960307e-03
4.454375e+03	1.959837e-03
4.459419e+03	1.959320e-03
4.464464e+03	1.958755e-03
4.469508e+03	1.958144e-03
4.474553e+03	1.957485e-03
4.479598e+03	1.956779e-03
4.484642e+03	1.956026e-03
4.489687e+03	1.955226e-03
4.494731e+03	1.954379e-03
4.499776e+03	1.953485e-03
4.504820e+03	1.952544e-03
4.509865e+03	1.951556e-03
4.514910e+03	1.950522e-03
4.519954e+03	1.949441e-03
4.524999e+03	1.948314e-03
4.530043e+03	1.947140e-03
4.535088e+03	1.945920e-03
4.540133e+03	1.944653e-03
4.545177e+03	1.943340e-03
4.550222e+03	1.941982e-03
4.555266e+03	1.940577e-03
4.560311e+03	1.939126e-03
4.565356e+03	1.937629e-03
4.570400e+03	1.936087e-03
4.575445e+03	1.934499e-03
4.580489e+03	1.932866e-03
4.585534e+03	1.931187e-03
4.590579e+03	1.929464e-03
4.595623e+03	1.927695e-03
4.600668e+03	1.925881e-03
4.605712e+03	1.924022e-03
4.610757e+03	1.922118e-03
4.615801e+03	1.920170e-03
4.620846e+03	1.918178e-03
4.625891e+03	1.916141e-03
4.630935e+03	1.914060e-03
4.635980e+03	1.911935e-03
4.641024e+03	1.909766e-03
4.646069e+03	1.907554e-03
4.651114e+03	1.905297e-03
4.656158e+03	1.902998e-03
4.661203e+03	1.900655e-03
4.666247e+03	1.898270e-03
4.671292e+03	1.895841e-03
4.676337e+03	1.893370e-03
4.681381e+03	1.890856e-03
4.686426e+03	1.888300e-03
4.691470e+03	1.885701e-03
4.696515e+03	1.883061e-03
4.701560e+03	1.880379e-03
4.706604e+03	1.877655e-03
4.711649e+03	1.874890e-03
4.716693e+03	1.872084e-03
4.721738e+03	1.869236e-03
4.726783e+03	1.866348e-03
4.731827e+03	1.863419e-03
4.736872e+03	1.860450e-03
4.741916e+03	1.857440e-03
4.746961e+03	1.854391e-03
4.752005e+03	1.851301e-03
4.757050e+03	1.848173e-03
4.762095e+03	1.845004e-03
4.767139e+03	1.841797e-03
4.772184e+03	1.838551e-03
4.777228e+03	1.835266e-03
4.782273e+03	1.831942e-03
4.787318e+03	1.828581e-03
4.792362e+03	1.825181e-03
4.797407e+03	1.821744e-03
4.802451e+03	1.818269e-03
4.807496e+03	1.814756e-03
4.812541e+03	1.811207e-03
4.817585e+03	1.807621e-03
4.822630e+03	1.803998e-03
4.827674e+03	1.800340e-03
4.832719e+03	1.796645e-03
4.837764e+03	1.792914e-03
4.842808e+03	1.789148e-03
4.847853e+03	1.785346e-03
4.852897e+03	1.781509e-03
4.857942e+03	1.777638e-03
4.862986e+03	1.773732e-03
4.868031e+03	1.769792e-03
4.873076e+03	1.765818e-03
4.878120e+03	1.761810e-03
4.883165e+03	1.757769e-03
4.888209e+03	1.753694e-03
4.893254e+03	1.749587e-03
4.898299e+03	1.745447e-03
4.903343e+03	1.741275e-03
4.908388e+03	1.737071e-03
4.913432e+03	1.732835e-03
4.918477e+03	1.728567e-03
4.923522e+03	1.724268e-03
4.928566e+03	1.719938e-03
4.933611e+03	1.715578e-03
4.938655e+03	1.711187e-03
4.943700e+03	1.706767e-03
4.948745e+03	1.702316e-03
4.953789e+03	1.697836e-03
4.958834e+03	1.693327e-03
4.963878e+03	1.688789e-03
4.968923e+03	1.684222e-03
4.973967e+03	1.679627e-03
4.979012e+03	1.675004e-03
4.984057e+03	1.670354e-03
4.989101e+03	1.665676e-03
4.994146e+03	1.660970e-03
4.999190e+03	1.656238e-03
5.004235e+03	1.651480e-03
5.009280e+03	1.646695e-03
5.014324e+03	1.641885e-03
5.019369e+03	1.637049e-03
5.024413e+03	1.632188e-03
5.029458e+03	1.627302e-03
5.034503e+03	1.622391e-03
5.039547e+03	1.617456e-03
5.044592e+03	1.612497e-03
5.049636e+03	1.607514e-03
5.054681e+03	1.602507e-03
5.059726e+03	1.597478e-03
5.064770e+03	1.592426e-03
5.069815e+03	1.587352e-03
5.074859e+03	1.582255e-03
5.079904e+03	1.577137e-03
5.084949e+03	1.571997e-03
5.089993e+03	1.566836e-03
5.095038e+03	1.561654e-03
5.100082e+03	1.556452e-03
5.105127e+03	1.551229e-03
5.110171e+03	1.545987e-03
5.115216e+03	1.540725e-03
5.120261e+03	1.535443e-03
5.125305e+03	1.530143e-03
5.130350e+03	1.524824e-03
5.135394e+03	1.519487e-03
5.140439e+03	1.514132e-03
5.145484e+03	1.508760e-03
5.150528e+03	1.503370e-03
5.155573e+03	1.497963e-03
5.160617e+03	1.492539e-03
5.165662e+03	1.487099e-03
5.170707e+03	1.481643e-03
5.175751e+03	1.476172e-03
5.180796e+03	1.470684e-03
5.185840e+03	1.465182e-03
5.190885e+03	1.459665e-03
5.195930e+03	1.454134e-03
5.200974e+03	1.448589e-03
5.206019e+03	1.443030e-03
5.211063e+03	1.437457e-03
5.216108e+03	1.431871e-03
5.221152e+03	1.426273e-03
5.226197e+03	1.420662e-03
5.231242e+03	1.415039e-03
5.236286e+03	1.409404e-03
5.241331e+03	1.403757e-03
5.246375e+03	1.398099e-03
5.251420e+03	1.392431e-03
5.256465e+03	1.386751e-03
5.261509e+03	1.381062e-03
5.266554e+03	1.375363e-03
5.271598e+03	1.369654e-03
5.276643e+03	1.363935e-03
5.281688e+03	1.358208e-03
5.286732e+03	1.352472e-03
5.291777e+03	1.346728e-03
5.296821e+03	1.340975e-03
5.301866e+03	1.335215e-03
5.306911e+03	1.329448e-03
5.311955e+03	1.323673e-03
5.317000e+03	1.317891e-03
5.322044e+03	1.312103e-03
5.327089e+03	1.306309e-03
5.332134e+03	1.300509e-03
5.337178e+03	1.294704e-03
5.342223e+03	1.288893e-03
5.347267e+03	1.283077e-03
5.352312e+03	1.277256e-03
5.357356e+03	1.271431e-03
5.362401e+03	1.265602e-03
5.367446e+03	1.259770e-03
5.372490e+03	1.253934e-03
5.377535e+03	1.248094e-03
5.382579e+03	1.242252e-03
5.387624e+03	1.236407e-03
5.392669e+03	1.230560e-03
5.397713e+03	1.224711e-03
5.402758e+03	1.218860e-03
5.407802e+03	1.213008e-03
5.412847e+03	1.207155e-03
5.417892e+03	1.201301e-03
5.422936e+03	1.195447e-03
5.427981e+03	1.189592e-03
5.433025e+03	1.183737e-03
5.438070e+03	1.177882e-03
5.443115e+03	1.172028e-03
5.448159e+03	1.166175e-03
5.453204e+03	1.160324e-03
5.458248e+03	1.154473e-03
5.463293e+03	1.148624e-03
5.468337e+03	1.142778e-03
5.473382e+03	1.136933e-03
5.478427e+03	1.131091e-03
5.483471e+03	1.125252e-03
5.488516e+03	1.119416e-03
5.493560e+03	1.113583e-03
5.498605e+03	1.107754e-03
5.503650e+03	1.101929e-03
5.508694e+03	1.096107e-03
5.513739e+03	1.090290e-03
5.518783e+03	1.084478e-03
5.523828e+03	1.078671e-03
5.528873e+03	1.072869e-03
5.533917e+03	1.067072e-03
5.538962e+03	1.061280e-03
5.544006e+03	1.055495e-03
5.549051e+03	1.049716e-03
5.554096e+03	1.043943e-03
5.559140e+03	1.038177e-03
5.564185e+03	1.032418e-03
5.569229e+03	1.026666e-03
5.574274e+03	1.020921e-03
5.579319e+03	1.015183e-03
5.584363e+03	1.009454e-03
5.589408e+03	1.003733e-03
5.594452e+03	9.980195e-04
5.599497e+03	9.923149e-04
5.604541e+03	9.866191e-04
5.609586e+03	9.809321e-04
5.614631e+03	9.752544e-04
5.619675e+03	9.695861e-04
5.624720e+03	9.639274e-04
5.629764e+03	9.582785e-04
5.634809e+03	9.526397e-04
5.639854e+03	9.470111e-04
5.644898e+03	9.413931e-04
5.649943e+03	9.357857e-04
5.654987e+03	9.301892e-04
5.660032e+03	9.246038e-04
5.665077e+03	9.190297e-04
5.670121e+03	9.134671e-04
5.675166e+03	9.079162e-04
5.680210e+03	9.023772e-04
5.685255e+03	8.968503e-04
5.690300e+03	8.913357e-04
5.695344e+03	8.858335e-04
5.700389e+03	8.803440e-04
5.705433e+03	8.748674e-04
5.710478e+03	8.694038e-04
5.715522e+03	8.639534e-04
5.720567e+03	8.585164e-04
5.725612e+03	8.530930e-04
5.730656e+03	8.476833e-04
5.735701e+03	8.422876e-04
5.740745e+03	8.369059e-04
5.745790e+03	8.315386e-04
5.750835e+03	8.261856e-04
5.755879e+03	8.208473e-04
5.760924e+03	8.155237e-04
5.765968e+03	8.102150e-04
5.771013e+03	8.049214e-04
5.776058e+03	7.996430e-04
5.781102e+03	7.943801e-04
5.786147e+03	7.891327e-04
5.791191e+03	7.839009e-04
5.796236e+03	7.786851e-04
5.801281e+03	7.734852e-04
5.806325e+03	7.683014e-04
5.811370e+03	7.631339e-04
5.816414e+03	7.579829e-04
5.821459e+03	7.528483e-04
5.826504e+03	7.477305e-04
5.831548e+03	7.426295e-04
5.836593e+03	7.375455e-04
5.841637e+03	7.324785e-04
5.846682e+03	7.274287e-04
5.851726e+03	7.223963e-04
5.856771e+03	7.173813e-04
5.861816e+03	7.123839e-04
5.866860e+03	7.074042e-04
5.871905e+03	7.024424e-04
5.876949e+03	6.974984e-04
5.881994e+03	6.925725e-04
5.887039e+03	6.876647e-04
5.892083e+03	6.827752e-04
5.897128e+03	6.779040e-04
5.902172e+03	6.730514e-04
5.907217e+03	6.682172e-04
5.912262e+03	6.634018e-04
5.917306e+03	6.586051e-04
5.922351e+03	6.538273e-04
5.927395e+03	6.490684e-04
5.932440e+03	6.443286e-04
5.937485e+03	6.396079e-04
5.942529e+03	6.349065e-04
5.947574e+03	6.302243e-04
5.952618e+03	6.255616e-04
5.957663e+03	6.209183e-04
5.962707e+03	6.162946e-04
5.967752e+03	6.116905e-04
5.972797e+03	6.071061e-04
5.977841e+03	6.025414e-04
5.982886e+03	5.979967e-04
5.987930e+03	5.934718e-04
5.992975e+03	5.889670e-04
5.998020e+03	5.844822e-04
6.003064e+03	5.800175e-04
6.008109e+03	5.755730e-04
6.013153e+03	5.711487e-04
6.018198e+03	5.667447e-04
6.023243e+03	5.623611e-04
6.028287e+03	5.579978e-04
6.033332e+03	5.536551e-04
6.038376e+03	5.493328e-04
6.043421e+03	5.450311e-04
6.048466e+03	5.407500e-04
6.053510e+03	5.364895e-04
6.058555e+03	5.322498e-04
6.063599e+03	5.280307e-04
6.068644e+03	5.238325e-04
6.073689e+03	5.196550e-04
6.078733e+03	5.154984e-04
6.083778e+03	5.113626e-04
6.088822e+03	5.072478e-04
6.093867e+03	5.031539e-04
6.098911e+03	4.990809e-04
6.103956e+03	4.950290e-04
6.109001e+03	4.909980e-04
6.114045e+03	4.869881e-04
6.119090e+03	4.829993e-04
6.124134e+03	4.790315e-04
6.129179e+03	4.750849e-04
6.134224e+03	4.711593e-04
6.139268e+03	4.672549e-04
6.144313e+03	4.633717e-04
6.149357e+03	4.595096e-04
6.154402e+03	4.556686e-04
6.159447e+03	4.518488e-04
6.164491e+03	4.480502e-04
6.169536e+03	4.442728e-04
6.174580e+03	4.405166e-04
6.179625e+03	4.367816e-04
6.184670e+03	4.330677e-04
6.189714e+03	4.293751e-04
6.194759e+03	4.257036e-04
6.199803e+03	4.220533e-04
6.204848e+03	4.184242e-04
6.209892e+03	4.148163e-04
6.214937e+03	4.112295e-04
6.219982e+03	4.076638e-04
6.225026e+03	4.041193e-04
6.230071e+03	4.005960e-04
6.235115e+03	3.970937e-04
6.240160e+03	3.936125e-04
6.245205e+03	3.901524e-04
6.250249e+03	3.867134e-04
6.255294e+03	3.832954e-04
6.260338e+03	3.798984e-04
6.265383e+03	3.765225e-04
6.270428e+03	3.731675e-04
6.275472e+03	3.698334e-04
6.280517e+03	3.665203e-04
6.285561e+03	3.632280e-04
6.290606e+03	3.599566e-04
6.295651e+03	3.567061e-04
6.300695e+03	3.534763e-04
6.305740e+03	3.502673e-04
6.310784e+03	3.470791e-04
6.315829e+03	3.439115e-04
6.320874e+03	3.407646e-04
6.325918e+03	3.376384e-04
6.330963e+03	3.345327e-04
6.336007e+03	3.314476e-04
6.341052e+03	3.283829e-04
6.346096e+03	3.253388e-04
6.351141e+03	3.223150e-04
6.356186e+03	3.193117e-04
6.361230e+03	3.163286e-04
6.366275e+03	3.133659e-04
6.371319e+03	3.104234e-04
6.376364e+03	3.075011e-04
6.381409e+03	3.045989e-04
6.386453e+03	3.017168e-04
6.391498e+03	2.988548e-04
6.396542e+03	2.960127e-04
6.401587e+03	2.931906e-04
6.406632e+03	2.903883e-04
6.411676e+03	2.876059e-04
6.416721e+03	2.848432e-04
6.421765e+03	2.821003e-04
6.426810e+03	2.793770e-04
6.431855e+03	2.766733e-04
6.436899e+03	2.739891e-04
6.441944e+03	2.713244e-04
6.446988e+03	2.686792e-04
6.452033e+03	2.660532e-04
6.457077e+03	2.634466e-04
6.462122e+03	2.608592e-04
6.467167e+03	2.582910e-04
6.472211e+03	2.557418e-04
6.477256e+03	2.532117e-04
6.482300e+03	2.507006e-04
6.487345e+03	2.482083e-04
6.492390e+03	2.457349e-04
6.497434e+03	2.432802e-04
6.502479e+03	2.408443e-04
6.507523e+03	2.384269e-04
6.512568e+03	2.360281e-04
6.517613e+03	2.336478e-04
6.522657e+03	2.312859e-04
6.527702e+03	2.289423e-04
6.532746e+03	2.266170e-04
6.537791e+03	2.243099e-04
6.542836e+03	2.220209e-04
6.547880e+03	2.197500e-04
6.552925e+03	2.174970e-04
6.557969e+03	2.152619e-04
6.563014e+03	2.130446e-04
6.568059e+03	2.108450e-04
6.573103e+03	2.086631e-04
6.578148e+03	2.064988e-04
6.583192e+03	2.043520e-04
6.588237e+03	2.022227e-04
6.593281e+03	2.001106e-04
6.598326e+03	1.980159e-04
6.603371e+03	1.959383e-04
6.608415e+03	1.938778e-04
6.613460e+03	1.918344e-04
6.618504e+03	1.898079e-04
6.623549e+03	1.877982e-04
6.628594e+03	1.858054e-04
6.633638e+03	1.838292e-04
6.638683e+03	1.818697e-04
6.643727e+03	1.799267e-04
6.648772e+03	1.780001e-04
6.653817e+03	1.760899e-04
6.658861e+03	1.741960e-04
6.663906e+03	1.723183e-04
6.668950e+03	1.704567e-04
6.673995e+03	1.686112e-04
6.679040e+03	1.667816e-04
6.684084e+03	1.649678e-04
6.689129e+03	1.631699e-04
6.694173e+03	1.613876e-04
6.699218e+03	1.596209e-04
6.704262e+03	1.578697e-04
6.709307e+03	1.561340e-04
6.714352e+03	1.544137e-04
6.719396e+03	1.527085e-04
6.724441e+03	1.510186e-04
6.729485e+03	1.493437e-04
6.734530e+03	1.476839e-04
6.739575e+03	1.460390e-04
6.744619e+03	1.444089e-04
6.749664e+03	1.427935e-04
6.754708e+03	1.411928e-04
6.759753e+03	1.396066e-04
6.764798e+03	1.380350e-04
6.769842e+03	1.364777e-04
6.774887e+03	1.349347e-04
6.779931e+03	1.334059e-04
6.784976e+03	1.318913e-04
6.790021e+03	1.303907e-04
6.795065e+03	1.289041e-04
6.800110e+03	1.274313e-04
6.805154e+03	1.259723e-04
6.810199e+03	1.245270e-04
6.815243e+03	1.230954e-04
6.820288e+03	1.216772e-04
6.825333e+03	1.202724e-04
6.830377e+03	1.188810e-04
6.835422e+03	1.175029e-04
6.840466e+03	1.161379e-04
6.845511e+03	1.147860e-04
6.850556e+03	1.134470e-04
6.855600e+03	1.121210e-04
6.860645e+03	1.108078e-04
6.865689e+03	1.095074e-04
6.870734e+03	1.082196e-04
6.875779e+03	1.069443e-04
6.880823e+03	1.056815e-04
6.885868e+03	1.044311e-04
6.890912e+03	1.031930e-04
6.895957e+03	1.019671e-04
6.901002e+03	1.007533e-04
6.906046e+03	9.955158e-05
6.911091e+03	9.836180e-05
6.916135e+03	9.718389e-05
6.921180e+03	9.601776e-05
6.926225e+03	9.486332e-05
6.931269e+03	9.372050e-05
6.936314e+03	9.258921e-05
6.941358e+03	9.146936e-05
6.946403e+03	9.036087e-05
6.951447e+03	8.926365e-05
6.956492e+03	8.817762e-05
6.961537e+03	8.710270e-05
6.966581e+03	8.603879e-05
6.971626e+03	8.498583e-05
6.976670e+03	8.394372e-05
6.981715e+03	8.291239e-05
6.986760e+03	8.189174e-05
6.991804e+03	8.088170e-05
6.996849e+03	7.988219e-05
7.001893e+03	7.889311e-05
7.006938e+03	7.791440e-05
7.011983e+03	7.694597e-05
7.017027e+03	7.598774e-05
7.022072e+03	7.503962e-05
7.027116e+03	7.410155e-05
7.032161e+03	7.317342e-05
7.037206e+03	7.225518e-05
7.042250e+03	7.134673e-05
7.047295e+03	7.044800e-05
7.052339e+03	6.955890e-05
7.057384e+03	6.867937e-05
7.062428e+03	6.780931e-05
7.067473e+03	6.694866e-05
7.072518e+03	6.609733e-05
7.077562e+03	6.525525e-05
7.082607e+03	6.442234e-05
7.087651e+03	6.359852e-05
7.092696e+03	6.278372e-05
7.097741e+03	6.197785e-05
7.102785e+03	6.118085e-05
7.107830e+03	6.039264e-05
7.112874e+03	5.961314e-05
7.117919e+03	5.884227e-05
7.122964e+03	5.807997e-05
7.128008e+03	5.732616e-05
7.133053e+03	5.658076e-05
7.138097e+03	5.584371e-05
7.143142e+03	5.511492e-05
7.148187e+03	5.439432e-05
7.153231e+03	5.368185e-05
7.158276e+03	5.297743e-05
7.163320e+03	5.228099e-05
7.168365e+03	5.159245e-05
7.173410e+03	5.091175e-05
7.178454e+03	5.023882e-05
7.183499e+03	4.957358e-05
7.188543e+03	4.891596e-05
7.193588e+03	4.826590e-05
7.198632e+03	4.762333e-05
7.203677e+03	4.698818e-05
7.208722e+03	4.636037e-05
7.213766e+03	4.573985e-05
7.218811e+03	4.512654e-05
7.223855e+03	4.452038e-05
7.228900e+03	4.392129e-05
7.233945e+03	4.332922e-05
7.238989e+03	4.274410e-05
7.244034e+03	4.216585e-05
7.249078e+03	4.159443e-05
7.254123e+03	4.102975e-05
7.259168e+03	4.047176e-05
7.264212e+03	3.992040e-05
7.269257e+03	3.937559e-05
7.274301e+03	3.883728e-05
7.279346e+03	3.830540e-05
7.284391e+03	3.777989e-05
7.289435e+03	3.726069e-05
7.294480e+03	3.674773e-05
7.299524e+03	3.624096e-05
7.304569e+03	3.574031e-05
7.309613e+03	3.524573e-05
7.314658e+03	3.475715e-05
7.319703e+03	3.427451e-05
7.324747e+03	3.379776e-05
7.329792e+03	3.332683e-05
7.334836e+03	3.286167e-05
7.339881e+03	3.240222e-05
7.344926e+03	3.194841e-05
7.349970e+03	3.150021e-05
7.355015e+03	3.105753e-05
7.360059e+03	3.062034e-05
7.365104e+03	3.018857e-05
7.370149e+03	2.976217e-05
7.375193e+03	2.934109e-05
7.380238e+03	2.892526e-05
7.385282e+03	2.851463e-05
7.390327e+03	2.810915e-05
7.395372e+03	2.770877e-05
7.400416e+03	2.731343e-05
7.405461e+03	2.692308e-05
7.410505e+03	2.653767e-05
7.415550e+03	2.615714e-05
7.420595e+03	2.578144e-05
7.425639e+03	2.541052e-05
7.430684e+03	2.504434e-05
7.435728e+03	2.468283e-05
7.440773e+03	2.432596e-05
7.445817e+03	2.397366e-05
7.450862e+03	2.362590e-05
7.455907e+03	2.328261e-05
7.460951e+03	2.294376e-05
7.465996e+03	2.260929e-05
7.471040e+03	2.227916e-05
7.476085e+03	2.195332e-05
7.481130e+03	2.163172e-05
7.486174e+03	2.131432e-05
7.491219e+03	2.100106e-05
7.496263e+03	2.069191e-05
7.501308e+03	2.038682e-05
7.506353e+03	2.008574e-05
7.511397e+03	1.978862e-05
7.516442e+03	1.949543e-05
7.521486e+03	1.920612e-05
7.526531e+03	1.892065e-05
7.531576e+03	1.863896e-05
7.536620e+03	1.836103e-05
7.541665e+03	1.808680e-05
7.546709e+03	1.781624e-05
7.551754e+03	1.754930e-05
7.556798e+03	1.728594e-05
7.561843e+03	1.702612e-05
7.566888e+03	1.676981e-05
7.571932e+03	1.651695e-05
7.576977e+03	1.626750e-05
7.582021e+03	1.602144e-05
7.587066e+03	1.577872e-05
7.592111e+03	1.553930e-05
7.597155e+03	1.530314e-05
7.602200e+03	1.507021e-05
7.607244e+03	1.484046e-05
7.612289e+03	1.461387e-05
7.617334e+03	1.439038e-05
7.622378e+03	1.416997e-05
7.627423e+03	1.395260e-05
7.632467e+03	1.373823e-05
7.637512e+03	1.352682e-05
7.642557e+03	1.331835e-05
7.647601e+03	1.311277e-05
7.652646e+03	1.291005e-05
7.657690e+03	1.271016e-05
7.662735e+03	1.251306e-05
7.667780e+03	1.231872e-05
7.672824e+03	1.212711e-05
7.677869e+03	1.193818e-05
7.682913e+03	1.175192e-05
7.687958e+03	1.156828e-05
7.693002e+03	1.138724e-05
7.698047e+03	1.120875e-05
7.703092e+03	1.103280e-05
7.708136e+03	1.085935e-05
7.713181e+03	1.068837e-05
7.718225e+03	1.051982e-05
7.723270e+03	1.035368e-05
7.728315e+03	1.018992e-05
7.733359e+03	1.002850e-05
7.738404e+03	9.869408e-06
7.743448e+03	9.712601e-06
7.748493e+03	9.558054e-06
7.753538e+03	9.405738e-06
7.758582e+03	9.255626e-06
7.763627e+03	9.107689e-06
7.768671e+03	8.961900e-06
7.773716e+03	8.818231e-06
7.778761e+03	8.676655e-06
7.783805e+03	8.537146e-06
7.788850e+03	8.399676e-06
7.793894e+03	8.264220e-06
7.798939e+03	8.130752e-06
7.803983e+03	7.999246e-06
7.809028e+03	7.869676e-06
7.814073e+03	7.742018e-06
7.819117e+03	7.616247e-06
7.824162e+03	7.492337e-06
7.829206e+03	7.370265e-06
7.834251e+03	7.250006e-06
7.839296e+03	7.131537e-06
7.844340e+03	7.014834e-06
7.849385e+03	6.899874e-06
7.854429e+03	6.786633e-06
7.859474e+03	6.675090e-06
7.864519e+03	6.565221e-06
7.869563e+03	6.457004e-06
7.874608e+03	6.350418e-06
7.879652e+03	6.245439e-06
7.884697e+03	6.142048e-06
7.889742e+03	6.040222e-06
7.894786e+03	5.939940e-06
7.899831e+03	5.841182e-06
7.904875e+03	5.743927e-06
7.909920e+03	5.648154e-06
7.914965e+03	5.553844e-06
7.920009e+03	5.460977e-06
7.925054e+03	5.369532e-06
7.930098e+03	5.279491e-06
7.935143e+03	5.190835e-06
7.940187e+03	5.103543e-06
7.945232e+03	5.017598e-06
7.950277e+03	4.932982e-06
7.955321e+03	4.849674e-06
7.960366e+03	4.767658e-06
7.965410e+03	4.686916e-06
7.970455e+03	4.607430e-06
7.975500e+03	4.529182e-06
7.980544e+03	4.452156e-06
7.985589e+03	4.376333e-06
7.990633e+03	4.301698e-06
7.995678e+03	4.228233e-06
8.000723e+03	4.155922e-06
8.005767e+03	4.084749e-06
8.010812e+03	4.014698e-06
8.015856e+03	3.945753e-06
8.020901e+03	3.877898e-06
8.025946e+03	3.811117e-06
8.030990e+03	3.745396e-06
8.036035e+03	3.680719e-06
8.041079e+03	3.617072e-06
8.046124e+03	3.554439e-06
8.051168e+03	3.492806e-06
8.056213e+03	3.432159e-06
8.061258e+03	3.372483e-06
8.066302e+03	3.313765e-06
8.071347e+03	3.255990e-06
8.076391e+03	3.199145e-06
8.081436e+03	3.143217e-06
8.086481e+03	3.088191e-06
8.091525e+03	3.034056e-06
8.096570e+03	2.980797e-06
8.101614e+03	2.928402e-06
8.106659e+03	2.876859e-06
8.111704e+03	2.826154e-06
8.116748e+03	2.776276e-06
8.121793e+03	2.727213e-06
8.126837e+03	2.678951e-06
8.131882e+03	2.631480e-06
8.136927e+03	2.584788e-06
8.141971e+03	2.538862e-06
8.147016e+03	2.493692e-06
8.152060e+03	2.449267e-06
8.157105e+03	2.405575e-06
8.162150e+03	2.362605e-06
8.167194e+03	2.320346e-06
8.172239e+03	2.278789e-06
8.177283e+03	2.237921e-06
8.182328e+03	2.197733e-06
8.187372e+03	2.158215e-06
8.192417e+03	2.119356e-06
8.197462e+03	2.081146e-06
8.202506e+03	2.043576e-06
8.207551e+03	2.006635e-06
8.212595e+03	1.970314e-06
8.217640e+03	1.934604e-06
8.222685e+03	1.899496e-06
8.227729e+03	1.864979e-06
8.232774e+03	1.831045e-06
8.237818e+03	1.797685e-06
8.242863e+03	1.764890e-06
8.247908e+03	1.732652e-06
8.252952e+03	1.700961e-06
8.257997e+03	1.669810e-06
8.263041e+03	1.639189e-06
8.268086e+03	1.609091e-06
8.273131e+03	1.579508e-06
8.278175e+03	1.550430e-06
8.283220e+03	1.521852e-06
8.288264e+03	1.493763e-06
8.293309e+03	1.466158e-06
8.298353e+03	1.439028e-06
8.303398e+03	1.412366e-06
8.308443e+03	1.386165e-06
8.313487e+03	1.360416e-06
8.318532e+03	1.335114e-06
8.323576e+03	1.310250e-06
8.328621e+03	1.285819e-06
8.333666e+03	1.261812e-06
8.338710e+03	1.238224e-06
8.343755e+03	1.215047e-06
8.348799e+03	1.192275e-06
8.353844e+03	1.169902e-06
8.358889e+03	1.147920e-06
8.363933e+03	1.126325e-06
8.368978e+03	1.105109e-06
8.374022e+03	1.084266e-06
8.379067e+03	1.063791e-06
8.384112e+03	1.043677e-06
8.389156e+03	1.023919e-06
8.394201e+03	1.004510e-06
8.399245e+03	9.854459e-07
8.404290e+03	9.667198e-07
8.409335e+03	9.483267e-07
8.414379e+03	9.302609e-07
8.419424e+03	9.125173e-07
8.424468e+03	8.950904e-07
8.429513e+03	8.779751e-07
8.434557e+03	8.611662e-07
8.439602e+03	8.446587e-07
8.444647e+03	8.284475e-07
8.449691e+03	8.125279e-07
8.454736e+03	7.968949e-07
8.459780e+03	7.815437e-07
8.464825e+03	7.664697e-07
8.469870e+03	7.516683e-07
8.474914e+03	7.371348e-07
8.479959e+03	7.228649e-07
8.485003e+03	7.088541e-07
8.490048e+03	6.950980e-07
8.495093e+03	6.815924e-07
8.500137e+03	6.683330e-07
8.505182e+03	6.553157e-07
8.510226e+03	6.425364e-07
8.515271e+03	6.299911e-07
8.520316e+03	6.176757e-07
8.525360e+03	6.055865e-07
8.530405e+03	5.937195e-07
8.535449e+03	5.820709e-07
8.540494e+03	5.706371e-07
8.545538e+03	5.594144e-07
8.550583e+03	5.483991e-07
8.555628e+03	5.375877e-07
8.560672e+03	5.269766e-07
8.565717e+03	5.165626e-07
8.570761e+03	5.063421e-07
8.575806e+03	4.963117e-07
8.580851e+03	4.864684e-07
8.585895e+03	4.768087e-07
8.590940e+03	4.673295e-07
8.595984e+03	4.580276e-07
8.601029e+03	4.489001e-07
8.606074e+03	4.399438e-07
8.611118e+03	4.311557e-07
8.616163e+03	4.225330e-07
8.621207e+03	4.140727e-07
8.626252e+03	4.057720e-07
8.631297e+03	3.976281e-07
8.636341e+03	3.896382e-07
8.641386e+03	3.817996e-07
8.646430e+03	3.741096e-07
8.651475e+03	3.665657e-07
8.656520e+03	3.591652e-07
8.661564e+03	3.519056e-07
8.666609e+03	3.447843e-07
8.671653e+03	3.377991e-07
8.676698e+03	3.309473e-07
8.681742e+03	3.242266e-07
8.686787e+03	3.176348e-07
8.691832e+03	3.111694e-07
8.696876e+03	3.048283e-07
8.701921e+03	2.986091e-07
8.706965e+03	2.925098e-07
8.712010e+03	2.865281e-07
8.717055e+03	2.806620e-07
8.722099e+03	2.749093e-07
8.727144e+03	2.692680e-07
8.732188e+03	2.637360e-07
8.737233e+03	2.583115e-07
8.742278e+03	2.529924e-07
8.747322e+03	2.477769e-07
8.752367e+03	2.426630e-07
8.757411e+03	2.376489e-07
8.762456e+03	2.327328e-07
8.767501e+03	2.279128e-07
8.772545e+03	2.231873e-07
8.777590e+03	2.185545e-07
8.782634e+03	2.140126e-07
8.787679e+03	2.095601e-07
8.792723e+03	2.051953e-07
8.797768e+03	2.009165e-07
8.802813e+03	1.967221e-07
8.807857e+03	1.926107e-07
8.812902e+03	1.885806e-07
8.817946e+03	1.846304e-07
8.822991e+03	1.807585e-07
8.828036e+03	1.769636e-07
8.833080e+03	1.732441e-07
8.838125e+03	1.695988e-07
8.843169e+03	1.660261e-07
8.848214e+03	1.625247e-07
8.853259e+03	1.590933e-07
8.858303e+03	1.557306e-07
8.863348e+03	1.524353e-07
8.868392e+03	1.492061e-07
8.873437e+03	1.460418e-07
8.878482e+03	1.429412e-07
8.883526e+03	1.399029e-07
8.888571e+03	1.369260e-07
8.893615e+03	1.340091e-07
8.898660e+03	1.311512e-07
8.903704e+03	1.283512e-07
8.908749e+03	1.256079e-07
8.913794e+03	1.229202e-07
8.918838e+03	1.202872e-07
8.923883e+03	1.177077e-07
8.928927e+03	1.151807e-07
8.933972e+03	1.127053e-07
8.939017e+03	1.102804e-07
8.944061e+03	1.079050e-07
8.949106e+03	1.055783e-07
8.954150e+03	1.032992e-07
8.959195e+03	1.010669e-07
8.964240e+03	9.888043e-08
8.969284e+03	9.673893e-08
8.974329e+03	9.464151e-08
8.979373e+03	9.258733e-08
8.984418e+03	9.057554e-08
8.989463e+03	8.860532e-08
8.994507e+03	8.667586e-08
8.999552e+03	8.478636e-08
9.004596e+03	8.293605e-08
9.009641e+03	8.112415e-08
9.014686e+03	7.934992e-08
9.019730e+03	7.761261e-08
9.024775e+03	7.591151e-08
9.029819e+03	7.424589e-08
9.034864e+03	7.261506e-08
9.039908e+03	7.101833e-08
9.044953e+03	6.945504e-08
9.049998e+03	6.792451e-08
9.055042e+03	6.642610e-08
9.060087e+03	6.495918e-08
9.065131e+03	6.352311e-08
9.070176e+03	6.211729e-08
9.075221e+03	6.074111e-08
9.080265e+03	5.939398e-08
9.085310e+03	5.807532e-08
9.090354e+03	5.678457e-08
9.095399e+03	5.552116e-08
9.100444e+03	5.428455e-08
9.105488e+03	5.307419e-08
9.110533e+03	5.188957e-08
9.115577e+03	5.073016e-08
9.120622e+03	4.959545e-08
9.125667e+03	4.848495e-08
9.130711e+03	4.739817e-08
9.135756e+03	4.633463e-08
9.140800e+03	4.529386e-08
9.145845e+03	4.427540e-08
9.150889e+03	4.327878e-08
9.155934e+03	4.230358e-08
9.160979e+03	4.134935e-08
9.166023e+03	4.041567e-08
9.171068e+03	3.950212e-08
9.176112e+03	3.860828e-08
9.181157e+03	3.773375e-08
9.186202e+03	3.687814e-08
9.191246e+03	3.604106e-08
9.196291e+03	3.522213e-08
9.201335e+03	3.442097e-08
9.206380e+03	3.363722e-08
9.211425e+03	3.287052e-08
9.216469e+03	3.212052e-08
9.221514e+03	3.138687e-08
9.226558e+03	3.066924e-08
9.231603e+03	2.996729e-08
9.236648e+03	2.928070e-08
9.241692e+03	2.860915e-08
9.246737e+03	2.795232e-08
9.251781e+03	2.730991e-08
9.256826e+03	2.668162e-08
9.261871e+03	2.606715e-08
9.266915e+03	2.546622e-08
9.271960e+03	2.487854e-08
9.277004e+03	2.430383e-08
9.282049e+03	2.374183e-08
9.287093e+03	2.319226e-08
9.292138e+03	2.265486e-08
9.297183e+03	2.212938e-08
9.302227e+03	2.161557e-08
9.307272e+03	2.111317e-08
9.312316e+03	2.062195e-08
9.317361e+03	2.014168e-08
9.322406e+03	1.967211e-08
9.327450e+03	1.921302e-08
9.332495e+03	1.876420e-08
9.337539e+03	1.832541e-08
9.342584e+03	1.789646e-08
9.347629e+03	1.747712e-08
9.352673e+03	1.706719e-08
9.357718e+03	1.666648e-08
9.362762e+03	1.627478e-08
9.367807e+03	1.589190e-08
9.372852e+03	1.551766e-08
9.377896e+03	1.515186e-08
9.382941e+03	1.479432e-08
9.387985e+03	1.444487e-08
9.393030e+03	1.410334e-08
9.398074e+03	1.376955e-08
9.403119e+03	1.344333e-08
9.408164e+03	1.312452e-08
9.413208e+03	1.281296e-08
9.418253e+03	1.250850e-08
9.423297e+03	1.221098e-08
9.428342e+03	1.192024e-08
9.433387e+03	1.163615e-08
9.438431e+03	1.135855e-08
9.443476e+03	1.108730e-08
9.448520e+03	1.082227e-08
9.453565e+03	1.056332e-08
9.458610e+03	1.031032e-08
9.463654e+03	1.006314e-08
9.468699e+03	9.821637e-09
9.473743e+03	9.585702e-09
9.478788e+03	9.355209e-09
9.483833e+03	9.130037e-09
9.488877e+03	8.910069e-09
9.493922e+03	8.695191e-09
9.498966e+03	8.485289e-09
9.504011e+03	8.280254e-09
9.509056e+03	8.079977e-09
9.514100e+03	7.884354e-09
9.519145e+03	7.693282e-09
9.524189e+03	7.506658e-09
9.529234e+03	7.324384e-09
9.534278e+03	7.146363e-09
9.539323e+03	6.972500e-09
9.544368e+03	6.802702e-09
9.549412e+03	6.636879e-09
9.554457e+03	6.474941e-09
9.559501e+03	6.316802e-09
9.564546e+03	6.162375e-09
9.569591e+03	6.011579e-09
9.574635e+03	5.864331e-09
9.579680e+03	5.720551e-09
9.584724e+03	5.580161e-09
9.589769e+03	5.443085e-09
9.594814e+03	5.309247e-09
9.599858e+03	5.178575e-09
9.604903e+03	5.050997e-09
9.609947e+03	4.926443e-09
9.614992e+03	4.804844e-09
9.620037e+03	4.686133e-09
9.625081e+03	4.570245e-09
9.630126e+03	4.457114e-09
9.635170e+03	4.346679e-09
9.640215e+03	4.238877e-09
9.645259e+03	4.133649e-09
9.650304e+03	4.030936e-09
9.655349e+03	3.930680e-09
9.660393e+03	3.832824e-09
9.665438e+03	3.737314e-09
9.670482e+03	3.644097e-09
9.675527e+03	3.553118e-09
9.680572e+03	3.464327e-09
9.685616e+03	3.377672e-09
9.690661e+03	3.293106e-09
9.695705e+03	3.210580e-09
9.700750e+03	3.130045e-09
9.705795e+03	3.051457e-09
9.710839e+03	2.974771e-09
9.715884e+03	2.899941e-09
9.720928e+03	2.826925e-09
9.725973e+03	2.755681e-09
9.731018e+03	2.686167e-09
9.736062e+03	2.618344e-09
9.741107e+03	2.552171e-09
9.746151e+03	2.487611e-09
9.751196e+03	2.424625e-09
9.756241e+03	2.363176e-09
9.761285e+03	2.303229e-09
9.766330e+03	2.244749e-09
9.771374e+03	2.187700e-09
9.776419e+03	2.132050e-09
9.781463e+03	2.077765e-09
9.786508e+03	2.024813e-09
9.791553e+03	1.973163e-09
9.796597e+03	1.922784e-09
9.801642e+03	1.873646e-09
9.806686e+03	1.825720e-09
9.811731e+03	1.778976e-09
9.816776e+03	1.733387e-09
9.821820e+03	1.688926e-09
9.826865e+03	1.645565e-09
9.831909e+03	1.603279e-09
9.836954e+03	1.562041e-09
9.841999e+03	1.521828e-09
9.847043e+03	1.482613e-09
9.852088e+03	1.444375e-09
9.857132e+03	1.407088e-09
9.862177e+03	1.370731e-09
9.867222e+03	1.335281e-09
9.872266e+03	1.300716e-09
9.877311e+03	1.267015e-09
9.882355e+03	1.234158e-09
9.887400e+03	1.202124e-09
9.892444e+03	1.170892e-09
9.897489e+03	1.140445e-09
9.902534e+03	1.110763e-09
9.907578e+03	1.081826e-09
9.912623e+03	1.053619e-09
9.917667e+03	1.026121e-09
9.922712e+03	9.993177e-10
9.927757e+03	9.731905e-10
9.932801e+03	9.477236e-10
9.937846e+03	9.229007e-10
9.942890e+03	8.987062e-10
9.947935e+03	8.751249e-10
9.952980e+03	8.521417e-10
9.958024e+03	8.297420e-10
9.963069e+03	8.079115e-10
9.968113e+03	7.866364e-10
9.973158e+03	7.659030e-10
9.978203e+03	7.456981e-10
9.983247e+03	7.260086e-10
9.988292e+03	7.068218e-10
9.993336e+03	6.881255e-10
9.998381e+03	6.699075e-10
1.000343e+04	6.521561e-10
1.000847e+04	6.348596e-10
1.001351e+04	6.180070e-10
1.001856e+04	6.015871e-10
1.002360e+04	5.855894e-10
1.002865e+04	5.700032e-10
1.003369e+04	5.548185e-10
1.003874e+04	5.400253e-10
1.004378e+04	5.256137e-10
1.004883e+04	5.115744e-10
1.005387e+04	4.978980e-10
1.005892e+04	4.845756e-10
1.006396e+04	4.715982e-10
1.006901e+04	4.589572e-10
1.007405e+04	4.466442e-10
1.007909e+04	4.346511e-10
1.008414e+04	4.229698e-10
1.008918e+04	4.115924e-10
1.009423e+04	4.005114e-10
1.009927e+04	3.897193e-10
1.010432e+04	3.792089e-10
1.010936e+04	3.689729e-10
1.011441e+04	3.590046e-10
1.011945e+04	3.492971e-10
1.012450e+04	3.398439e-10
1.012954e+04	3.306385e-10
1.013458e+04	3.216747e-10
1.013963e+04	3.129463e-10
1.014467e+04	3.044474e-10
1.014972e+04	2.961722e-10
1.015476e+04	2.881149e-10
1.015981e+04	2.802700e-10
1.016485e+04	2.726321e-10
1.016990e+04	2.651960e-10
1.017494e+04	2.579564e-10
1.017999e+04	2.509084e-10
1.018503e+04	2.440471e-10
1.019008e+04	2.373676e-10
1.019512e+04	2.308654e-10
1.020016e+04	2.245359e-10
1.020521e+04	2.183746e-10
1.021025e+04	2.123772e-10
1.021530e+04	2.065396e-10
1.022034e+04	2.008575e-10
1.022539e+04	1.953271e-10
1.023043e+04	1.899443e-10
1.023548e+04	1.847054e-10
1.024052e+04	1.796066e-10
1.024557e+04	1.746444e-10
1.025061e+04	1.698151e-10
1.025566e+04	1.651154e-10
1.026070e+04	1.605419e-10
1.026574e+04	1.560913e-10
1.027079e+04	1.517604e-10
1.027583e+04	1.475461e-10
1.028088e+04	1.434453e-10
1.028592e+04	1.394552e-10
1.029097e+04	1.355727e-10
1.029601e+04	1.317952e-10
1.030106e+04	1.281198e-10
1.030610e+04	1.245439e-10
1.031115e+04	1.210648e-10
1.031619e+04	1.176801e-10
1.032123e+04	1.143873e-10
1.032628e+04	1.111839e-10
1.033132e+04	1.080676e-10
1.033637e+04	1.050361e-10
1.034141e+04	1.020872e-10
1.034646e+04	9.921870e-11
1.035150e+04	9.642844e-11
1.035655e+04	9.371438e-11
1.036159e+04	9.107450e-11
1.036664e+04	8.850685e-11
1.037168e+04	8.600951e-11
1.037673e+04	8.358061e-11
1.038177e+04	8.121834e-11
1.038681e+04	7.892092e-11
1.039186e+04	7.668664e-11
1.039690e+04	7.451380e-11
1.040195e+04	7.240078e-11
1.040699e+04	7.034598e-11
1.041204e+04	6.834784e-11
1.041708e+04	6.640485e-11
1.042213e+04	6.451553e-11
1.042717e+04	6.267845e-11
1.043222e+04	6.089221e-11
1.043726e+04	5.915544e-11
1.044230e+04	5.746682e-11
1.044735e+04	5.582505e-11
1.045239e+04	5.422887e-11
1.045744e+04	5.267705e-11
1.046248e+04	5.116841e-11
1.046753e+04	4.970176e-11
1.047257e+04	4.827599e-11
1.047762e+04	4.688999e-11
1.048266e+04	4.554267e-11
1.048771e+04	4.423300e-11
1.049275e+04	4.295995e-11
1.049780e+04	4.172253e-11
1.050284e+04	4.051977e-11
1.050788e+04	3.935073e-11
1.051293e+04	3.821450e-11
1.051797e+04	3.711018e-11
1.052302e+04	3.603689e-11
1.052806e+04	3.499380e-11
1.053311e+04	3.398008e-11
1.053815e+04	3.299493e-11
1.054320e+04	3.203757e-11
1.054824e+04	3.110723e-11
1.055329e+04	3.020318e-11
1.055833e+04	2.932469e-11
1.056338e+04	2.847106e-11
1.056842e+04	2.764161e-11
1.057346e+04	2.683568e-11
1.057851e+04	2.605262e-11
1.058355e+04	2.529179e-11
1.058860e+04	2.455259e-11
1.059364e+04	2.383441e-11
1.059869e+04	2.313669e-11
1.060373e+04	2.245884e-11
1.060878e+04	2.180033e-11
1.061382e+04	2.116061e-11
1.061887e+04	2.053917e-11
1.062391e+04	1.993550e-11
1.062895e+04	1.934910e-11
1.063400e+04	1.877949e-11
1.063904e+04	1.822621e-11
1.064409e+04	1.768881e-11
1.064913e+04	1.716683e-11
1.065418e+04	1.665986e-11
1.065922e+04	1.616746e-11
1.066427e+04	1.568924e-11
1.066931e+04	1.522480e-11
1.067436e+04	1.477375e-11
1.067940e+04	1.433571e-11
1.068445e+04	1.391033e-11
1.068949e+04	1.349724e-11
1.069453e+04	1.309610e-11
1.069958e+04	1.270657e-11
1.070462e+04	1.232834e-11
1.070967e+04	1.196107e-11
1.071471e+04	1.160446e-11
1.071976e+04	1.125821e-11
1.072480e+04	1.092203e-11
1.072985e+04	1.059563e-11
1.073489e+04	1.027874e-11
1.073994e+04	9.971084e-12
1.074498e+04	9.672402e-12
1.075003e+04	9.382439e-12
1.075507e+04	9.100950e-12
1.076011e+04	8.827691e-12
1.076516e+04	8.562431e-12
1.077020e+04	8.304940e-12
1.077525e+04	8.054997e-12
1.078029e+04	7.812388e-12
1.078534e+04	7.576902e-12
1.079038e+04	7.348337e-12
1.079543e+04	7.126494e-12
1.080047e+04	6.911181e-12
1.080552e+04	6.702212e-12
1.081056e+04	6.499403e-12
1.081560e+04	6.302580e-12
1.082065e+04	6.111568e-12
1.082569e+04	5.926203e-12
1.083074e+04	5.746320e-12
1.083578e+04	5.571763e-12
1.084083e+04	5.402377e-12
1.084587e+04	5.238014e-12
1.085092e+04	5.078529e-12
1.085596e+04	4.923781e-12
1.086101e+04	4.773633e-12
1.086605e+04	4.627951e-12
1.087110e+04	4.486607e-12
1.087614e+04	4.349474e-12
1.088118e+04	4.216431e-12
1.088623e+04	4.087358e-12
1.089127e+04	3.962141e-12
1.089632e+04	3.840667e-12
1.090136e+04	3.722827e-12
1.090641e+04	3.608515e-12
1.091145e+04	3.497629e-12
1.091650e+04	3.390068e-12
1.092154e+04	3.285735e-12
1.092659e+04	3.184536e-12
1.093163e+04	3.086380e-12
1.093667e+04	2.991176e-12
1.094172e+04	2.898839e-12
1.094676e+04	2.809285e-12
1.095181e+04	2.722431e-12
1.095685e+04	2.638198e-12
1.096190e+04	2.556510e-12
1.096694e+04	2.477292e-12
1.097199e+04	2.400470e-12
1.097703e+04	2.325974e-12
1.098208e+04	2.253735e-12
1.098712e+04	2.183687e-12
1.099217e+04	2.115765e-12
1.099721e+04	2.049906e-12
1.100225e+04	1.986049e-12
1.100730e+04	1.924135e-12
1.101234e+04	1.864106e-12
1.101739e+04	1.805906e-12
1.102243e+04	1.749480e-12
1.102748e+04	1.694777e-12
1.103252e+04	1.641744e-12
1.103757e+04	1.590333e-12
1.104261e+04	1.540494e-12
1.104766e+04	1.492181e-12
1.105270e+04	1.445348e-12
1.105775e+04	1.399951e-12
1.106279e+04	1.355947e-12
1.106783e+04	1.313295e-12
1.107288e+04	1.271953e-12
1.107792e+04	1.231883e-12
1.108297e+04	1.193046e-12
1.108801e+04	1.155406e-12
1.109306e+04	1.118927e-12
1.109810e+04	1.083573e-12
1.110315e+04	1.049310e-12
1.110819e+04	1.016106e-12
1.111324e+04	9.839297e-13
1.111828e+04	9.527488e-13
1.112332e+04	9.225337e-13
1.112837e+04	8.932552e-13
1.113341e+04	8.648850e-13
1.113846e+04	8.373956e-13
1.114350e+04	8.107603e-13
1.114855e+04	7.849532e-13
1.115359e+04	7.599491e-13
1.115864e+04	7.357238e-13
1.116368e+04	7.122535e-13
1.116873e+04	6.895152e-13
1.117377e+04	6.674866e-13
1.117882e+04	6.461462e-13
1.118386e+04	6.254729e-13
1.118890e+04	6.054465e-13
1.119395e+04	5.860470e-13
1.119899e+04	5.672554e-13
1.120404e+04	5.490531e-13
1.120908e+04	5.314220e-13
1.121413e+04	5.143447e-13
1.121917e+04	4.978040e-13
1.122422e+04	4.817837e-13
1.122926e+04	4.662676e-13
1.123431e+04	4.512403e-13
1.123935e+04	4.366867e-13
1.124440e+04	4.225923e-13
1.124944e+04	4.089430e-13
1.125448e+04	3.957249e-13
1.125953e+04	3.829248e-13
1.126457e+04	3.705297e-13
1.126962e+04	3.585272e-13
1.127466e+04	3.469051e-13
1.127971e+04	3.356517e-13
1.128475e+04	3.247554e-13
1.128980e+04	3.142052e-13
1.129484e+04	3.039905e-13
1.129989e+04	2.941007e-13
1.130493e+04	2.845257e-13
1.130997e+04	2.752558e-13
1.131502e+04	2.662815e-13
1.132006e+04	2.575936e-13
1.132511e+04	2.491831e-13
1.133015e+04	2.410413e-13
1.133520e+04	2.331600e-13
1.134024e+04	2.255309e-13
1.134529e+04	2.181461e-13
1.135033e+04	2.109980e-13
1.135538e+04	2.040792e-13
1.136042e+04	1.973826e-13
1.136547e+04	1.909010e-13
1.137051e+04	1.846278e-13
1.137555e+04	1.785564e-13
1.138060e+04	1.726806e-13
1.138564e+04	1.669940e-13
1.139069e+04	1.614908e-13
1.139573e+04	1.561651e-13
1.140078e+04	1.510115e-13
1.140582e+04	1.460244e-13
