# # p(y | x = 0.000000e+00)
# # y_val	p(y|x)
0.000000e+00	2.175873e-05
9.866476e+00	2.206904e-05
1.973295e+01	2.238327e-05
2.959943e+01	2.270146e-05
3.946590e+01	2.302366e-05
4.933238e+01	2.334990e-05
5.919885e+01	2.368024e-05
6.906533e+01	2.401471e-05
7.893180e+01	2.435335e-05
8.879828e+01	2.469622e-05
9.866476e+01	2.504335e-05
1.085312e+02	2.539479e-05
1.183977e+02	2.575058e-05
1.282642e+02	2.611077e-05
1.381307e+02	2.647540e-05
1.479971e+02	2.684452e-05
1.578636e+02	2.721817e-05
1.677301e+02	2.759641e-05
1.775966e+02	2.797927e-05
1.874630e+02	2.836681e-05
1.973295e+02	2.875907e-05
2.071960e+02	2.915609e-05
2.170625e+02	2.955794e-05
2.269289e+02	2.996464e-05
2.367954e+02	3.037626e-05
2.466619e+02	3.079285e-05
2.565284e+02	3.121444e-05
2.663948e+02	3.164110e-05
2.762613e+02	3.207286e-05
2.861278e+02	3.250979e-05
2.959943e+02	3.295192e-05
3.058607e+02	3.339932e-05
3.157272e+02	3.385204e-05
3.255937e+02	3.431012e-05
3.354602e+02	3.477361e-05
3.453266e+02	3.524258e-05
3.551931e+02	3.571706e-05
3.650596e+02	3.619712e-05
3.749261e+02	3.668281e-05
3.847925e+02	3.717418e-05
3.946590e+02	3.767128e-05
4.045255e+02	3.817417e-05
4.143920e+02	3.868291e-05
4.242585e+02	3.919755e-05
4.341249e+02	3.971813e-05
4.439914e+02	4.024473e-05
4.538579e+02	4.077739e-05
4.637244e+02	4.131618e-05
4.735908e+02	4.186114e-05
4.834573e+02	4.241234e-05
4.933238e+02	4.296983e-05
5.031903e+02	4.353366e-05
5.130567e+02	4.410391e-05
5.229232e+02	4.468062e-05
5.327897e+02	4.526385e-05
5.426562e+02	4.585366e-05
5.525226e+02	4.645012e-05
5.623891e+02	4.705328e-05
5.722556e+02	4.766319e-05
5.821221e+02	4.827993e-05
5.919885e+02	4.890355e-05
6.018550e+02	4.953411e-05
6.117215e+02	5.017167e-05
6.215880e+02	5.081630e-05
6.314544e+02	5.146805e-05
6.413209e+02	5.212699e-05
6.511874e+02	5.279318e-05
6.610539e+02	5.346668e-05
6.709203e+02	5.414755e-05
6.807868e+02	5.483587e-05
6.906533e+02	5.553168e-05
7.005198e+02	5.623506e-05
7.103862e+02	5.694607e-05
7.202527e+02	5.766477e-05
7.301192e+02	5.839122e-05
7.399857e+02	5.912551e-05
7.498521e+02	5.986767e-05
7.597186e+02	6.061780e-05
7.695851e+02	6.137594e-05
7.794516e+02	6.214216e-05
7.893180e+02	6.291654e-05
7.991845e+02	6.369913e-05
8.090510e+02	6.449001e-05
8.189175e+02	6.528924e-05
8.287839e+02	6.609689e-05
8.386504e+02	6.691303e-05
8.485169e+02	6.773772e-05
8.583834e+02	6.857103e-05
8.682499e+02	6.941303e-05
8.781163e+02	7.026380e-05
8.879828e+02	7.112339e-05
8.978493e+02	7.199188e-05
9.077158e+02	7.286933e-05
9.175822e+02	7.375583e-05
9.274487e+02	7.465142e-05
9.373152e+02	7.555620e-05
9.471817e+02	7.647022e-05
9.570481e+02	7.739356e-05
9.669146e+02	7.832629e-05
9.767811e+02	7.926847e-05
9.866476e+02	8.022019e-05
9.965140e+02	8.118150e-05
1.006381e+03	8.215249e-05
1.016247e+03	8.313323e-05
1.026113e+03	8.412378e-05
1.035980e+03	8.512422e-05
1.045846e+03	8.613462e-05
1.055713e+03	8.715505e-05
1.065579e+03	8.818559e-05
1.075446e+03	8.922631e-05
1.085312e+03	9.027728e-05
1.095179e+03	9.133858e-05
1.105045e+03	9.241028e-05
1.114912e+03	9.349245e-05
1.124778e+03	9.458517e-05
1.134645e+03	9.568850e-05
1.144511e+03	9.680253e-05
1.154378e+03	9.792733e-05
1.164244e+03	9.906297e-05
1.174111e+03	1.002095e-04
1.183977e+03	1.013671e-04
1.193844e+03	1.025357e-04
1.203710e+03	1.037154e-04
1.213576e+03	1.049064e-04
1.223443e+03	1.061087e-04
1.233309e+03	1.073223e-04
1.243176e+03	1.085474e-04
1.253042e+03	1.097840e-04
1.262909e+03	1.110321e-04
1.272775e+03	1.122920e-04
1.282642e+03	1.135635e-04
1.292508e+03	1.148469e-04
1.302375e+03	1.161422e-04
1.312241e+03	1.174495e-04
1.322108e+03	1.187688e-04
1.331974e+03	1.201002e-04
1.341841e+03	1.214438e-04
1.351707e+03	1.227997e-04
1.361574e+03	1.241680e-04
1.371440e+03	1.255486e-04
1.381307e+03	1.269418e-04
1.391173e+03	1.283475e-04
1.401040e+03	1.297659e-04
1.410906e+03	1.311970e-04
1.420772e+03	1.326409e-04
1.430639e+03	1.340977e-04
1.440505e+03	1.355674e-04
1.450372e+03	1.370502e-04
1.460238e+03	1.385460e-04
1.470105e+03	1.400551e-04
1.479971e+03	1.415774e-04
1.489838e+03	1.431130e-04
1.499704e+03	1.446620e-04
1.509571e+03	1.462245e-04
1.519437e+03	1.478006e-04
1.529304e+03	1.493903e-04
1.539170e+03	1.509937e-04
1.549037e+03	1.526108e-04
1.558903e+03	1.542418e-04
1.568770e+03	1.558868e-04
1.578636e+03	1.575457e-04
1.588503e+03	1.592188e-04
1.598369e+03	1.609059e-04
1.608236e+03	1.626073e-04
1.618102e+03	1.643230e-04
1.627968e+03	1.660531e-04
1.637835e+03	1.677976e-04
1.647701e+03	1.695566e-04
1.657568e+03	1.713302e-04
1.667434e+03	1.731185e-04
1.677301e+03	1.749215e-04
1.687167e+03	1.767393e-04
1.697034e+03	1.785719e-04
1.706900e+03	1.804196e-04
1.716767e+03	1.822822e-04
1.726633e+03	1.841599e-04
1.736500e+03	1.860528e-04
1.746366e+03	1.879610e-04
1.756233e+03	1.898844e-04
1.766099e+03	1.918232e-04
1.775966e+03	1.937774e-04
1.785832e+03	1.957471e-04
1.795699e+03	1.977325e-04
1.805565e+03	1.997334e-04
1.815432e+03	2.017501e-04
1.825298e+03	2.037826e-04
1.835164e+03	2.058309e-04
1.845031e+03	2.078951e-04
1.854897e+03	2.099753e-04
1.864764e+03	2.120715e-04
1.874630e+03	2.141839e-04
1.884497e+03	2.163124e-04
1.894363e+03	2.184572e-04
1.904230e+03	2.206183e-04
1.914096e+03	2.227957e-04
1.923963e+03	2.249896e-04
1.933829e+03	2.272000e-04
1.943696e+03	2.294269e-04
1.953562e+03	2.316705e-04
1.963429e+03	2.339307e-04
1.973295e+03	2.362077e-04
1.983162e+03	2.385015e-04
1.993028e+03	2.408121e-04
2.002895e+03	2.431397e-04
2.012761e+03	2.454842e-04
2.022627e+03	2.478458e-04
2.032494e+03	2.502244e-04
2.042360e+03	2.526203e-04
2.052227e+03	2.550333e-04
2.062093e+03	2.574635e-04
2.071960e+03	2.599111e-04
2.081826e+03	2.623761e-04
2.091693e+03	2.648585e-04
2.101559e+03	2.673584e-04
2.111426e+03	2.698757e-04
2.121292e+03	2.724107e-04
2.131159e+03	2.749633e-04
2.141025e+03	2.775336e-04
2.150892e+03	2.801216e-04
2.160758e+03	2.827274e-04
2.170625e+03	2.853510e-04
2.180491e+03	2.879924e-04
2.190358e+03	2.906518e-04
2.200224e+03	2.933292e-04
2.210091e+03	2.960246e-04
2.219957e+03	2.987380e-04
2.229823e+03	3.014695e-04
2.239690e+03	3.042191e-04
2.249556e+03	3.069870e-04
2.259423e+03	3.097730e-04
2.269289e+03	3.125773e-04
2.279156e+03	3.153999e-04
2.289022e+03	3.182408e-04
2.298889e+03	3.211001e-04
2.308755e+03	3.239778e-04
2.318622e+03	3.268739e-04
2.328488e+03	3.297886e-04
2.338355e+03	3.327217e-04
2.348221e+03	3.356733e-04
2.358088e+03	3.386436e-04
2.367954e+03	3.416324e-04
2.377821e+03	3.446399e-04
2.387687e+03	3.476660e-04
2.397554e+03	3.507108e-04
2.407420e+03	3.537744e-04
2.417287e+03	3.568566e-04
2.427153e+03	3.599576e-04
2.437019e+03	3.630775e-04
2.446886e+03	3.662161e-04
2.456752e+03	3.693735e-04
2.466619e+03	3.725498e-04
2.476485e+03	3.757450e-04
2.486352e+03	3.789590e-04
2.496218e+03	3.821919e-04
2.506085e+03	3.854438e-04
2.515951e+03	3.887146e-04
2.525818e+03	3.920043e-04
2.535684e+03	3.953130e-04
2.545551e+03	3.986406e-04
2.555417e+03	4.019872e-04
2.565284e+03	4.053528e-04
2.575150e+03	4.087374e-04
2.585017e+03	4.121410e-04
2.594883e+03	4.155636e-04
2.604750e+03	4.190052e-04
2.614616e+03	4.224657e-04
2.624483e+03	4.259453e-04
2.634349e+03	4.294439e-04
2.644215e+03	4.329615e-04
2.654082e+03	4.364981e-04
2.663948e+03	4.400537e-04
2.673815e+03	4.436283e-04
2.683681e+03	4.472219e-04
2.693548e+03	4.508344e-04
2.703414e+03	4.544659e-04
2.713281e+03	4.581163e-04
2.723147e+03	4.617857e-04
2.733014e+03	4.654740e-04
2.742880e+03	4.691813e-04
2.752747e+03	4.729074e-04
2.762613e+03	4.766524e-04
2.772480e+03	4.804162e-04
2.782346e+03	4.841989e-04
2.792213e+03	4.880004e-04
2.802079e+03	4.918207e-04
2.811946e+03	4.956597e-04
2.821812e+03	4.995175e-04
2.831678e+03	5.033940e-04
2.841545e+03	5.072892e-04
2.851411e+03	5.112030e-04
2.861278e+03	5.151355e-04
2.871144e+03	5.190865e-04
2.881011e+03	5.230560e-04
2.890877e+03	5.270441e-04
2.900744e+03	5.310506e-04
2.910610e+03	5.350756e-04
2.920477e+03	5.391189e-04
2.930343e+03	5.431806e-04
2.940210e+03	5.472606e-04
2.950076e+03	5.513588e-04
2.959943e+03	5.554753e-04
2.969809e+03	5.596099e-04
2.979676e+03	5.637625e-04
2.989542e+03	5.679333e-04
2.999409e+03	5.721220e-04
3.009275e+03	5.763287e-04
3.019142e+03	5.805532e-04
3.029008e+03	5.847956e-04
3.038874e+03	5.890557e-04
3.048741e+03	5.933335e-04
3.058607e+03	5.976289e-04
3.068474e+03	6.019419e-04
3.078340e+03	6.062724e-04
3.088207e+03	6.106204e-04
3.098073e+03	6.149856e-04
3.107940e+03	6.193682e-04
3.117806e+03	6.237680e-04
3.127673e+03	6.281849e-04
3.137539e+03	6.326188e-04
3.147406e+03	6.370698e-04
3.157272e+03	6.415376e-04
3.167139e+03	6.460222e-04
3.177005e+03	6.505236e-04
3.186872e+03	6.550415e-04
3.196738e+03	6.595761e-04
3.206605e+03	6.641271e-04
3.216471e+03	6.686945e-04
3.226338e+03	6.732781e-04
3.236204e+03	6.778779e-04
3.246070e+03	6.824938e-04
3.255937e+03	6.871257e-04
3.265803e+03	6.917735e-04
3.275670e+03	6.964370e-04
3.285536e+03	7.011162e-04
3.295403e+03	7.058110e-04
3.305269e+03	7.105213e-04
3.315136e+03	7.152469e-04
3.325002e+03	7.199877e-04
3.334869e+03	7.247437e-04
3.344735e+03	7.295147e-04
3.354602e+03	7.343006e-04
3.364468e+03	7.391013e-04
3.374335e+03	7.439166e-04
3.384201e+03	7.487465e-04
3.394068e+03	7.535908e-04
3.403934e+03	7.584493e-04
3.413801e+03	7.633221e-04
3.423667e+03	7.682089e-04
3.433534e+03	7.731095e-04
3.443400e+03	7.780240e-04
3.453266e+03	7.829521e-04
3.463133e+03	7.878937e-04
3.472999e+03	7.928486e-04
3.482866e+03	7.978168e-04
3.492732e+03	8.027980e-04
3.502599e+03	8.077922e-04
3.512465e+03	8.127992e-04
3.522332e+03	8.178189e-04
3.532198e+03	8.228510e-04
3.542065e+03	8.278955e-04
3.551931e+03	8.329522e-04
3.561798e+03	8.380209e-04
3.571664e+03	8.431016e-04
3.581531e+03	8.481939e-04
3.591397e+03	8.532978e-04
3.601264e+03	8.584132e-04
3.611130e+03	8.635398e-04
3.620997e+03	8.686775e-04
3.630863e+03	8.738261e-04
3.640729e+03	8.789854e-04
3.650596e+03	8.841554e-04
3.660462e+03	8.893357e-04
3.670329e+03	8.945263e-04
3.680195e+03	8.997270e-04
3.690062e+03	9.049375e-04
3.699928e+03	9.101578e-04
3.709795e+03	9.153876e-04
3.719661e+03	9.206267e-04
3.729528e+03	9.258751e-04
3.739394e+03	9.311324e-04
3.749261e+03	9.363985e-04
3.759127e+03	9.416732e-04
3.768994e+03	9.469563e-04
3.778860e+03	9.522477e-04
3.788727e+03	9.575471e-04
3.798593e+03	9.628543e-04
3.808460e+03	9.681692e-04
3.818326e+03	9.734916e-04
3.828193e+03	9.788212e-04
3.838059e+03	9.841579e-04
3.847925e+03	9.895014e-04
3.857792e+03	9.948515e-04
3.867658e+03	1.000208e-03
3.877525e+03	1.005571e-03
3.887391e+03	1.010940e-03
3.897258e+03	1.016314e-03
3.907124e+03	1.021695e-03
3.916991e+03	1.027080e-03
3.926857e+03	1.032471e-03
3.936724e+03	1.037867e-03
3.946590e+03	1.043268e-03
3.956457e+03	1.048673e-03
3.966323e+03	1.054082e-03
3.976190e+03	1.059495e-03
3.986056e+03	1.064913e-03
3.995923e+03	1.070334e-03
4.005789e+03	1.075758e-03
4.015656e+03	1.081186e-03
4.025522e+03	1.086616e-03
4.035389e+03	1.092049e-03
4.045255e+03	1.097485e-03
4.055121e+03	1.102923e-03
4.064988e+03	1.108363e-03
4.074854e+03	1.113805e-03
4.084721e+03	1.119248e-03
4.094587e+03	1.124693e-03
4.104454e+03	1.130139e-03
4.114320e+03	1.135585e-03
4.124187e+03	1.141032e-03
4.134053e+03	1.146480e-03
4.143920e+03	1.151928e-03
4.153786e+03	1.157375e-03
4.163653e+03	1.162822e-03
4.173519e+03	1.168269e-03
4.183386e+03	1.173714e-03
4.193252e+03	1.179159e-03
4.203119e+03	1.184602e-03
4.212985e+03	1.190043e-03
4.222852e+03	1.195483e-03
4.232718e+03	1.200920e-03
4.242585e+03	1.206355e-03
4.252451e+03	1.211788e-03
4.262317e+03	1.217217e-03
4.272184e+03	1.222644e-03
4.282050e+03	1.228067e-03
4.291917e+03	1.233486e-03
4.301783e+03	1.238901e-03
4.311650e+03	1.244312e-03
4.321516e+03	1.249719e-03
4.331383e+03	1.255121e-03
4.341249e+03	1.260518e-03
4.351116e+03	1.265910e-03
4.360982e+03	1.271296e-03
4.370849e+03	1.276676e-03
4.380715e+03	1.282050e-03
4.390582e+03	1.287418e-03
4.400448e+03	1.292780e-03
4.410315e+03	1.298134e-03
4.420181e+03	1.303482e-03
4.430048e+03	1.308822e-03
4.439914e+03	1.314154e-03
4.449780e+03	1.319479e-03
4.459647e+03	1.324795e-03
4.469513e+03	1.330103e-03
4.479380e+03	1.335402e-03
4.489246e+03	1.340691e-03
4.499113e+03	1.345972e-03
4.508979e+03	1.351243e-03
4.518846e+03	1.356504e-03
4.528712e+03	1.361755e-03
4.538579e+03	1.366996e-03
4.548445e+03	1.372226e-03
4.558312e+03	1.377445e-03
4.568178e+03	1.382653e-03
4.578045e+03	1.387849e-03
4.587911e+03	1.393034e-03
4.597778e+03	1.398206e-03
4.607644e+03	1.403366e-03
4.617511e+03	1.408513e-03
4.627377e+03	1.413648e-03
4.637244e+03	1.418769e-03
4.647110e+03	1.423877e-03
4.656976e+03	1.428971e-03
4.666843e+03	1.434052e-03
4.676709e+03	1.439117e-03
4.686576e+03	1.444169e-03
4.696442e+03	1.449205e-03
4.706309e+03	1.454226e-03
4.716175e+03	1.459232e-03
4.726042e+03	1.464222e-03
4.735908e+03	1.469197e-03
4.745775e+03	1.474155e-03
4.755641e+03	1.479096e-03
4.765508e+03	1.484021e-03
4.775374e+03	1.488928e-03
4.785241e+03	1.493819e-03
4.795107e+03	1.498691e-03
4.804974e+03	1.503546e-03
4.814840e+03	1.508382e-03
4.824707e+03	1.513200e-03
4.834573e+03	1.518000e-03
4.844440e+03	1.522780e-03
4.854306e+03	1.527541e-03
4.864172e+03	1.532282e-03
4.874039e+03	1.537004e-03
4.883905e+03	1.541705e-03
4.893772e+03	1.546386e-03
4.903638e+03	1.551047e-03
4.913505e+03	1.555686e-03
4.923371e+03	1.560305e-03
4.933238e+03	1.564902e-03
4.943104e+03	1.569477e-03
4.952971e+03	1.574030e-03
4.962837e+03	1.578560e-03
4.972704e+03	1.583069e-03
4.982570e+03	1.587554e-03
4.992437e+03	1.592016e-03
5.002303e+03	1.596455e-03
5.012170e+03	1.600871e-03
5.022036e+03	1.605262e-03
5.031903e+03	1.609630e-03
5.041769e+03	1.613973e-03
5.051636e+03	1.618291e-03
5.061502e+03	1.622584e-03
5.071368e+03	1.626852e-03
5.081235e+03	1.631095e-03
5.091101e+03	1.635312e-03
5.100968e+03	1.639503e-03
5.110834e+03	1.643668e-03
5.120701e+03	1.647806e-03
5.130567e+03	1.651918e-03
5.140434e+03	1.656003e-03
5.150300e+03	1.660060e-03
5.160167e+03	1.664090e-03
5.170033e+03	1.668093e-03
5.179900e+03	1.672067e-03
5.189766e+03	1.676013e-03
5.199633e+03	1.679931e-03
5.209499e+03	1.683820e-03
5.219366e+03	1.687680e-03
5.229232e+03	1.691510e-03
5.239099e+03	1.695312e-03
5.248965e+03	1.699083e-03
5.258831e+03	1.702825e-03
5.268698e+03	1.706537e-03
5.278564e+03	1.710218e-03
5.288431e+03	1.713869e-03
5.298297e+03	1.717489e-03
5.308164e+03	1.721078e-03
5.318030e+03	1.724636e-03
5.327897e+03	1.728162e-03
5.337763e+03	1.731656e-03
5.347630e+03	1.735119e-03
5.357496e+03	1.738549e-03
5.367363e+03	1.741947e-03
5.377229e+03	1.745312e-03
5.387096e+03	1.748645e-03
5.396962e+03	1.751944e-03
5.406829e+03	1.755211e-03
5.416695e+03	1.758443e-03
5.426562e+03	1.761642e-03
5.436428e+03	1.764808e-03
5.446295e+03	1.767939e-03
5.456161e+03	1.771036e-03
5.466027e+03	1.774098e-03
5.475894e+03	1.777126e-03
5.485760e+03	1.780119e-03
5.495627e+03	1.783077e-03
5.505493e+03	1.786000e-03
5.515360e+03	1.788887e-03
5.525226e+03	1.791739e-03
5.535093e+03	1.794555e-03
5.544959e+03	1.797335e-03
5.554826e+03	1.800078e-03
5.564692e+03	1.802786e-03
5.574559e+03	1.805457e-03
5.584425e+03	1.808091e-03
5.594292e+03	1.810688e-03
5.604158e+03	1.813248e-03
5.614025e+03	1.815771e-03
5.623891e+03	1.818257e-03
5.633758e+03	1.820705e-03
5.643624e+03	1.823116e-03
5.653491e+03	1.825488e-03
5.663357e+03	1.827823e-03
5.673223e+03	1.830119e-03
5.683090e+03	1.832378e-03
5.692956e+03	1.834597e-03
5.702823e+03	1.836778e-03
5.712689e+03	1.838921e-03
5.722556e+03	1.841024e-03
5.732422e+03	1.843088e-03
5.742289e+03	1.845114e-03
5.752155e+03	1.847100e-03
5.762022e+03	1.849046e-03
5.771888e+03	1.850953e-03
5.781755e+03	1.852820e-03
5.791621e+03	1.854648e-03
5.801488e+03	1.856435e-03
5.811354e+03	1.858183e-03
5.821221e+03	1.859890e-03
5.831087e+03	1.861557e-03
5.840954e+03	1.863183e-03
5.850820e+03	1.864770e-03
5.860687e+03	1.866315e-03
5.870553e+03	1.867820e-03
5.880419e+03	1.869284e-03
5.890286e+03	1.870707e-03
5.900152e+03	1.872089e-03
5.910019e+03	1.873430e-03
5.919885e+03	1.874729e-03
5.929752e+03	1.875988e-03
5.939618e+03	1.877205e-03
5.949485e+03	1.878381e-03
5.959351e+03	1.879515e-03
5.969218e+03	1.880607e-03
5.979084e+03	1.881658e-03
5.988951e+03	1.882667e-03
5.998817e+03	1.883635e-03
6.008684e+03	1.884560e-03
6.018550e+03	1.885444e-03
6.028417e+03	1.886285e-03
6.038283e+03	1.887085e-03
6.048150e+03	1.887842e-03
6.058016e+03	1.888557e-03
6.067882e+03	1.889230e-03
6.077749e+03	1.889861e-03
6.087615e+03	1.890450e-03
6.097482e+03	1.890996e-03
6.107348e+03	1.891500e-03
6.117215e+03	1.891961e-03
6.127081e+03	1.892380e-03
6.136948e+03	1.892756e-03
6.146814e+03	1.893090e-03
6.156681e+03	1.893382e-03
6.166547e+03	1.893631e-03
6.176414e+03	1.893837e-03
6.186280e+03	1.894001e-03
6.196147e+03	1.894122e-03
6.206013e+03	1.894201e-03
6.215880e+03	1.894237e-03
6.225746e+03	1.894231e-03
6.235613e+03	1.894182e-03
6.245479e+03	1.894090e-03
6.255346e+03	1.893956e-03
6.265212e+03	1.893779e-03
6.275078e+03	1.893560e-03
6.284945e+03	1.893298e-03
6.294811e+03	1.892993e-03
6.304678e+03	1.892646e-03
6.314544e+03	1.892257e-03
6.324411e+03	1.891825e-03
6.334277e+03	1.891351e-03
6.344144e+03	1.890834e-03
6.354010e+03	1.890275e-03
6.363877e+03	1.889674e-03
6.373743e+03	1.889030e-03
6.383610e+03	1.888345e-03
6.393476e+03	1.887616e-03
6.403343e+03	1.886846e-03
6.413209e+03	1.886034e-03
6.423076e+03	1.885180e-03
6.432942e+03	1.884283e-03
6.442809e+03	1.883345e-03
6.452675e+03	1.882365e-03
6.462542e+03	1.881343e-03
6.472408e+03	1.880280e-03
6.482274e+03	1.879175e-03
6.492141e+03	1.878028e-03
6.502007e+03	1.876840e-03
6.511874e+03	1.875610e-03
6.521740e+03	1.874339e-03
6.531607e+03	1.873027e-03
6.541473e+03	1.871673e-03
6.551340e+03	1.870279e-03
6.561206e+03	1.868843e-03
6.571073e+03	1.867367e-03
6.580939e+03	1.865850e-03
6.590806e+03	1.864292e-03
6.600672e+03	1.862693e-03
6.610539e+03	1.861055e-03
6.620405e+03	1.859375e-03
6.630272e+03	1.857656e-03
6.640138e+03	1.855896e-03
6.650005e+03	1.854097e-03
6.659871e+03	1.852257e-03
6.669738e+03	1.850378e-03
6.679604e+03	1.848459e-03
6.689470e+03	1.846500e-03
6.699337e+03	1.844502e-03
6.709203e+03	1.842465e-03
6.719070e+03	1.840389e-03
6.728936e+03	1.838274e-03
6.738803e+03	1.836120e-03
6.748669e+03	1.833927e-03
6.758536e+03	1.831695e-03
6.768402e+03	1.829426e-03
6.778269e+03	1.827118e-03
6.788135e+03	1.824771e-03
6.798002e+03	1.822387e-03
6.807868e+03	1.819965e-03
6.817735e+03	1.817506e-03
6.827601e+03	1.815009e-03
6.837468e+03	1.812474e-03
6.847334e+03	1.809903e-03
6.857201e+03	1.807294e-03
6.867067e+03	1.804649e-03
6.876933e+03	1.801967e-03
6.886800e+03	1.799248e-03
6.896666e+03	1.796494e-03
6.906533e+03	1.793703e-03
6.916399e+03	1.790876e-03
6.926266e+03	1.788014e-03
6.936132e+03	1.785116e-03
6.945999e+03	1.782182e-03
6.955865e+03	1.779214e-03
6.965732e+03	1.776210e-03
6.975598e+03	1.773172e-03
6.985465e+03	1.770098e-03
6.995331e+03	1.766991e-03
7.005198e+03	1.763849e-03
7.015064e+03	1.760674e-03
7.024931e+03	1.757464e-03
7.034797e+03	1.754221e-03
7.044664e+03	1.750945e-03
7.054530e+03	1.747636e-03
7.064397e+03	1.744293e-03
7.074263e+03	1.740918e-03
7.084129e+03	1.737510e-03
7.093996e+03	1.734070e-03
7.103862e+03	1.730598e-03
7.113729e+03	1.727094e-03
7.123595e+03	1.723558e-03
7.133462e+03	1.719991e-03
7.143328e+03	1.716392e-03
7.153195e+03	1.712763e-03
7.163061e+03	1.709103e-03
7.172928e+03	1.705412e-03
7.182794e+03	1.701691e-03
7.192661e+03	1.697940e-03
7.202527e+03	1.694160e-03
7.212394e+03	1.690349e-03
7.222260e+03	1.686510e-03
7.232127e+03	1.682641e-03
7.241993e+03	1.678743e-03
7.251860e+03	1.674817e-03
7.261726e+03	1.670862e-03
7.271593e+03	1.666879e-03
7.281459e+03	1.662869e-03
7.291325e+03	1.658830e-03
7.301192e+03	1.654764e-03
7.311058e+03	1.650671e-03
7.320925e+03	1.646552e-03
7.330791e+03	1.642405e-03
7.340658e+03	1.638232e-03
7.350524e+03	1.634033e-03
7.360391e+03	1.629809e-03
7.370257e+03	1.625558e-03
7.380124e+03	1.621282e-03
7.389990e+03	1.616981e-03
7.399857e+03	1.612655e-03
7.409723e+03	1.608305e-03
7.419590e+03	1.603930e-03
7.429456e+03	1.599532e-03
7.439323e+03	1.595109e-03
7.449189e+03	1.590663e-03
7.459056e+03	1.586193e-03
7.468922e+03	1.581701e-03
7.478789e+03	1.577186e-03
7.488655e+03	1.572648e-03
7.498521e+03	1.568089e-03
7.508388e+03	1.563507e-03
7.518254e+03	1.558904e-03
7.528121e+03	1.554279e-03
7.537987e+03	1.549633e-03
7.547854e+03	1.544966e-03
7.557720e+03	1.540279e-03
7.567587e+03	1.535571e-03
7.577453e+03	1.530844e-03
7.587320e+03	1.526096e-03
7.597186e+03	1.521329e-03
7.607053e+03	1.516543e-03
7.616919e+03	1.511738e-03
7.626786e+03	1.506915e-03
7.636652e+03	1.502072e-03
7.646519e+03	1.497212e-03
7.656385e+03	1.492334e-03
7.666252e+03	1.487439e-03
7.676118e+03	1.482526e-03
7.685984e+03	1.477596e-03
7.695851e+03	1.472650e-03
7.705717e+03	1.467687e-03
7.715584e+03	1.462708e-03
7.725450e+03	1.457713e-03
7.735317e+03	1.452702e-03
7.745183e+03	1.447676e-03
7.755050e+03	1.442635e-03
7.764916e+03	1.437579e-03
7.774783e+03	1.432509e-03
7.784649e+03	1.427425e-03
7.794516e+03	1.422326e-03
7.804382e+03	1.417214e-03
7.814249e+03	1.412089e-03
7.824115e+03	1.406951e-03
7.833982e+03	1.401799e-03
7.843848e+03	1.396635e-03
7.853715e+03	1.391459e-03
7.863581e+03	1.386271e-03
7.873448e+03	1.381071e-03
7.883314e+03	1.375860e-03
7.893180e+03	1.370638e-03
7.903047e+03	1.365405e-03
7.912913e+03	1.360161e-03
7.922780e+03	1.354907e-03
7.932646e+03	1.349642e-03
7.942513e+03	1.344368e-03
7.952379e+03	1.339085e-03
7.962246e+03	1.333792e-03
7.972112e+03	1.328491e-03
7.981979e+03	1.323180e-03
7.991845e+03	1.317861e-03
8.001712e+03	1.312535e-03
8.011578e+03	1.307200e-03
8.021445e+03	1.301858e-03
8.031311e+03	1.296508e-03
8.041178e+03	1.291151e-03
8.051044e+03	1.285788e-03
8.060911e+03	1.280418e-03
8.070777e+03	1.275042e-03
8.080644e+03	1.269660e-03
8.090510e+03	1.264272e-03
8.100376e+03	1.258878e-03
8.110243e+03	1.253480e-03
8.120109e+03	1.248076e-03
8.129976e+03	1.242668e-03
8.139842e+03	1.237256e-03
8.149709e+03	1.231839e-03
8.159575e+03	1.226419e-03
8.169442e+03	1.220995e-03
8.179308e+03	1.215568e-03
8.189175e+03	1.210137e-03
8.199041e+03	1.204704e-03
8.208908e+03	1.199268e-03
8.218774e+03	1.193830e-03
8.228641e+03	1.188390e-03
8.238507e+03	1.182948e-03
8.248374e+03	1.177504e-03
8.258240e+03	1.172060e-03
8.268107e+03	1.166614e-03
8.277973e+03	1.161167e-03
8.287839e+03	1.155720e-03
8.297706e+03	1.150272e-03
8.307572e+03	1.144824e-03
8.317439e+03	1.139377e-03
8.327305e+03	1.133930e-03
8.337172e+03	1.128484e-03
8.347038e+03	1.123038e-03
8.356905e+03	1.117594e-03
8.366771e+03	1.112151e-03
8.376638e+03	1.106710e-03
8.386504e+03	1.101270e-03
8.396371e+03	1.095833e-03
8.406237e+03	1.090398e-03
8.416104e+03	1.084966e-03
8.425970e+03	1.079536e-03
8.435837e+03	1.074109e-03
8.445703e+03	1.068686e-03
8.455570e+03	1.063266e-03
8.465436e+03	1.057850e-03
8.475303e+03	1.052438e-03
8.485169e+03	1.047030e-03
8.495035e+03	1.041626e-03
8.504902e+03	1.036227e-03
8.514768e+03	1.030833e-03
8.524635e+03	1.025443e-03
8.534501e+03	1.020059e-03
8.544368e+03	1.014681e-03
8.554234e+03	1.009308e-03
8.564101e+03	1.003941e-03
8.573967e+03	9.985797e-04
8.583834e+03	9.932250e-04
8.593700e+03	9.878769e-04
8.603567e+03	9.825354e-04
8.613433e+03	9.772009e-04
8.623300e+03	9.718735e-04
8.633166e+03	9.665534e-04
8.643033e+03	9.612408e-04
8.652899e+03	9.559359e-04
8.662766e+03	9.506389e-04
8.672632e+03	9.453500e-04
8.682499e+03	9.400694e-04
8.692365e+03	9.347973e-04
8.702231e+03	9.295338e-04
8.712098e+03	9.242792e-04
8.721964e+03	9.190337e-04
8.731831e+03	9.137974e-04
8.741697e+03	9.085704e-04
8.751564e+03	9.033531e-04
8.761430e+03	8.981455e-04
8.771297e+03	8.929479e-04
8.781163e+03	8.877604e-04
8.791030e+03	8.825832e-04
8.800896e+03	8.774165e-04
8.810763e+03	8.722604e-04
8.820629e+03	8.671151e-04
8.830496e+03	8.619807e-04
8.840362e+03	8.568576e-04
8.850229e+03	8.517457e-04
8.860095e+03	8.466452e-04
8.869962e+03	8.415564e-04
8.879828e+03	8.364794e-04
8.889695e+03	8.314143e-04
8.899561e+03	8.263613e-04
8.909427e+03	8.213206e-04
8.919294e+03	8.162922e-04
8.929160e+03	8.112764e-04
8.939027e+03	8.062733e-04
8.948893e+03	8.012830e-04
8.958760e+03	7.963057e-04
8.968626e+03	7.913415e-04
8.978493e+03	7.863906e-04
8.988359e+03	7.814531e-04
8.998226e+03	7.765291e-04
9.008092e+03	7.716189e-04
9.017959e+03	7.667224e-04
9.027825e+03	7.618399e-04
9.037692e+03	7.569714e-04
9.047558e+03	7.521172e-04
9.057425e+03	7.472773e-04
9.067291e+03	7.424518e-04
9.077158e+03	7.376409e-04
9.087024e+03	7.328447e-04
9.096890e+03	7.280633e-04
9.106757e+03	7.232969e-04
9.116623e+03	7.185455e-04
9.126490e+03	7.138093e-04
9.136356e+03	7.090883e-04
9.146223e+03	7.043827e-04
9.156089e+03	6.996927e-04
9.165956e+03	6.950182e-04
9.175822e+03	6.903594e-04
9.185689e+03	6.857165e-04
9.195555e+03	6.810894e-04
9.205422e+03	6.764784e-04
9.215288e+03	6.718835e-04
9.225155e+03	6.673048e-04
9.235021e+03	6.627424e-04
9.244888e+03	6.581964e-04
9.254754e+03	6.536669e-04
9.264621e+03	6.491539e-04
9.274487e+03	6.446577e-04
9.284354e+03	6.401781e-04
9.294220e+03	6.357154e-04
9.304086e+03	6.312696e-04
9.313953e+03	6.268409e-04
9.323819e+03	6.224292e-04
9.333686e+03	6.180346e-04
9.343552e+03	6.136573e-04
9.353419e+03	6.092973e-04
9.363285e+03	6.049546e-04
9.373152e+03	6.006294e-04
9.383018e+03	5.963218e-04
9.392885e+03	5.920317e-04
9.402751e+03	5.877592e-04
9.412618e+03	5.835045e-04
9.422484e+03	5.792676e-04
9.432351e+03	5.750485e-04
9.442217e+03	5.708472e-04
9.452084e+03	5.666640e-04
9.461950e+03	5.624987e-04
9.471817e+03	5.583515e-04
9.481683e+03	5.542224e-04
9.491550e+03	5.501115e-04
9.501416e+03	5.460188e-04
9.511282e+03	5.419444e-04
9.521149e+03	5.378883e-04
9.531015e+03	5.338505e-04
9.540882e+03	5.298312e-04
9.550748e+03	5.258303e-04
9.560615e+03	5.218478e-04
9.570481e+03	5.178839e-04
9.580348e+03	5.139385e-04
9.590214e+03	5.100117e-04
9.600081e+03	5.061036e-04
9.609947e+03	5.022141e-04
9.619814e+03	4.983433e-04
9.629680e+03	4.944912e-04
9.639547e+03	4.906578e-04
9.649413e+03	4.868432e-04
9.659280e+03	4.830474e-04
9.669146e+03	4.792705e-04
9.679013e+03	4.755124e-04
9.688879e+03	4.717731e-04
9.698746e+03	4.680527e-04
9.708612e+03	4.643512e-04
9.718478e+03	4.606687e-04
9.728345e+03	4.570050e-04
9.738211e+03	4.533603e-04
9.748078e+03	4.497346e-04
9.757944e+03	4.461278e-04
9.767811e+03	4.425400e-04
9.777677e+03	4.389712e-04
9.787544e+03	4.354214e-04
9.797410e+03	4.318906e-04
9.807277e+03	4.283788e-04
9.817143e+03	4.248860e-04
9.827010e+03	4.214121e-04
9.836876e+03	4.179573e-04
9.846743e+03	4.145215e-04
9.856609e+03	4.111047e-04
9.866476e+03	4.077069e-04
9.876342e+03	4.043281e-04
9.886209e+03	4.009683e-04
9.896075e+03	3.976274e-04
9.905941e+03	3.943055e-04
9.915808e+03	3.910026e-04
9.925674e+03	3.877187e-04
9.935541e+03	3.844536e-04
9.945407e+03	3.812075e-04
9.955274e+03	3.779803e-04
9.965140e+03	3.747720e-04
9.975007e+03	3.715826e-04
9.984873e+03	3.684120e-04
9.994740e+03	3.652603e-04
1.000461e+04	3.621274e-04
1.001447e+04	3.590133e-04
1.002434e+04	3.559180e-04
1.003421e+04	3.528414e-04
1.004407e+04	3.497836e-04
1.005394e+04	3.467445e-04
1.006381e+04	3.437240e-04
1.007367e+04	3.407222e-04
1.008354e+04	3.377390e-04
1.009340e+04	3.347744e-04
1.010327e+04	3.318284e-04
1.011314e+04	3.289009e-04
1.012300e+04	3.259919e-04
1.013287e+04	3.231014e-04
1.014274e+04	3.202293e-04
1.015260e+04	3.173756e-04
1.016247e+04	3.145402e-04
1.017234e+04	3.117232e-04
1.018220e+04	3.089244e-04
1.019207e+04	3.061439e-04
1.020194e+04	3.033817e-04
1.021180e+04	3.006375e-04
1.022167e+04	2.979115e-04
1.023154e+04	2.952036e-04
1.024140e+04	2.925137e-04
1.025127e+04	2.898418e-04
1.026113e+04	2.871879e-04
1.027100e+04	2.845518e-04
1.028087e+04	2.819336e-04
1.029073e+04	2.793333e-04
1.030060e+04	2.767507e-04
1.031047e+04	2.741858e-04
1.032033e+04	2.716385e-04
1.033020e+04	2.691089e-04
1.034007e+04	2.665968e-04
1.034993e+04	2.641023e-04
1.035980e+04	2.616252e-04
1.036967e+04	2.591655e-04
1.037953e+04	2.567232e-04
1.038940e+04	2.542982e-04
1.039927e+04	2.518904e-04
1.040913e+04	2.494998e-04
1.041900e+04	2.471263e-04
1.042886e+04	2.447700e-04
1.043873e+04	2.424306e-04
1.044860e+04	2.401082e-04
1.045846e+04	2.378027e-04
1.046833e+04	2.355140e-04
1.047820e+04	2.332421e-04
1.048806e+04	2.309870e-04
1.049793e+04	2.287485e-04
1.050780e+04	2.265266e-04
1.051766e+04	2.243212e-04
1.052753e+04	2.221323e-04
1.053740e+04	2.199598e-04
1.054726e+04	2.178037e-04
1.055713e+04	2.156639e-04
1.056700e+04	2.135403e-04
1.057686e+04	2.114328e-04
1.058673e+04	2.093415e-04
1.059659e+04	2.072661e-04
1.060646e+04	2.052068e-04
1.061633e+04	2.031633e-04
1.062619e+04	2.011356e-04
1.063606e+04	1.991237e-04
1.064593e+04	1.971275e-04
1.065579e+04	1.951469e-04
1.066566e+04	1.931819e-04
1.067553e+04	1.912324e-04
1.068539e+04	1.892983e-04
1.069526e+04	1.873795e-04
1.070513e+04	1.854760e-04
1.071499e+04	1.835877e-04
1.072486e+04	1.817146e-04
1.073473e+04	1.798565e-04
1.074459e+04	1.780135e-04
1.075446e+04	1.761853e-04
1.076432e+04	1.743720e-04
1.077419e+04	1.725735e-04
1.078406e+04	1.707897e-04
1.079392e+04	1.690205e-04
1.080379e+04	1.672659e-04
1.081366e+04	1.655258e-04
1.082352e+04	1.638001e-04
1.083339e+04	1.620888e-04
1.084326e+04	1.603917e-04
1.085312e+04	1.587089e-04
1.086299e+04	1.570401e-04
1.087286e+04	1.553854e-04
1.088272e+04	1.537447e-04
1.089259e+04	1.521179e-04
1.090246e+04	1.505050e-04
1.091232e+04	1.489057e-04
1.092219e+04	1.473202e-04
1.093205e+04	1.457483e-04
1.094192e+04	1.441899e-04
1.095179e+04	1.426449e-04
1.096165e+04	1.411134e-04
1.097152e+04	1.395951e-04
1.098139e+04	1.380901e-04
1.099125e+04	1.365982e-04
1.100112e+04	1.351194e-04
1.101099e+04	1.336536e-04
1.102085e+04	1.322008e-04
1.103072e+04	1.307608e-04
1.104059e+04	1.293335e-04
1.105045e+04	1.279190e-04
1.106032e+04	1.265171e-04
1.107019e+04	1.251278e-04
1.108005e+04	1.237509e-04
1.108992e+04	1.223864e-04
1.109979e+04	1.210343e-04
1.110965e+04	1.196943e-04
1.111952e+04	1.183666e-04
1.112938e+04	1.170510e-04
1.113925e+04	1.157474e-04
1.114912e+04	1.144557e-04
1.115898e+04	1.131759e-04
1.116885e+04	1.119079e-04
1.117872e+04	1.106516e-04
1.118858e+04	1.094070e-04
1.119845e+04	1.081739e-04
1.120832e+04	1.069523e-04
1.121818e+04	1.057421e-04
1.122805e+04	1.045433e-04
1.123792e+04	1.033558e-04
1.124778e+04	1.021794e-04
1.125765e+04	1.010142e-04
1.126752e+04	9.985995e-05
1.127738e+04	9.871672e-05
1.128725e+04	9.758438e-05
1.129711e+04	9.646287e-05
1.130698e+04	9.535209e-05
1.131685e+04	9.425199e-05
1.132671e+04	9.316249e-05
1.133658e+04	9.208351e-05
1.134645e+04	9.101498e-05
1.135631e+04	8.995683e-05
1.136618e+04	8.890898e-05
1.137605e+04	8.787136e-05
1.138591e+04	8.684390e-05
1.139578e+04	8.582652e-05
1.140565e+04	8.481915e-05
1.141551e+04	8.382173e-05
1.142538e+04	8.283417e-05
1.143525e+04	8.185640e-05
1.144511e+04	8.088836e-05
1.145498e+04	7.992997e-05
1.146484e+04	7.898116e-05
1.147471e+04	7.804185e-05
1.148458e+04	7.711199e-05
1.149444e+04	7.619149e-05
1.150431e+04	7.528028e-05
1.151418e+04	7.437830e-05
1.152404e+04	7.348548e-05
1.153391e+04	7.260174e-05
1.154378e+04	7.172702e-05
1.155364e+04	7.086124e-05
1.156351e+04	7.000434e-05
1.157338e+04	6.915625e-05
1.158324e+04	6.831689e-05
1.159311e+04	6.748620e-05
1.160298e+04	6.666412e-05
1.161284e+04	6.585057e-05
1.162271e+04	6.504549e-05
1.163257e+04	6.424880e-05
1.164244e+04	6.346045e-05
1.165231e+04	6.268036e-05
1.166217e+04	6.190846e-05
1.167204e+04	6.114470e-05
1.168191e+04	6.038901e-05
1.169177e+04	5.964131e-05
1.170164e+04	5.890154e-05
1.171151e+04	5.816965e-05
1.172137e+04	5.744555e-05
1.173124e+04	5.672920e-05
1.174111e+04	5.602051e-05
1.175097e+04	5.531944e-05
1.176084e+04	5.462591e-05
1.177071e+04	5.393987e-05
1.178057e+04	5.326124e-05
1.179044e+04	5.258997e-05
1.180030e+04	5.192599e-05
1.181017e+04	5.126924e-05
1.182004e+04	5.061966e-05
1.182990e+04	4.997719e-05
1.183977e+04	4.934176e-05
1.184964e+04	4.871332e-05
1.185950e+04	4.809179e-05
1.186937e+04	4.747714e-05
1.187924e+04	4.686928e-05
1.188910e+04	4.626816e-05
1.189897e+04	4.567373e-05
1.190884e+04	4.508592e-05
1.191870e+04	4.450468e-05
1.192857e+04	4.392994e-05
1.193844e+04	4.336165e-05
1.194830e+04	4.279975e-05
1.195817e+04	4.224418e-05
1.196803e+04	4.169488e-05
1.197790e+04	4.115180e-05
1.198777e+04	4.061489e-05
1.199763e+04	4.008407e-05
1.200750e+04	3.955931e-05
1.201737e+04	3.904053e-05
1.202723e+04	3.852769e-05
1.203710e+04	3.802074e-05
1.204697e+04	3.751961e-05
1.205683e+04	3.702426e-05
1.206670e+04	3.653462e-05
1.207657e+04	3.605065e-05
1.208643e+04	3.557229e-05
1.209630e+04	3.509949e-05
1.210617e+04	3.463219e-05
1.211603e+04	3.417035e-05
1.212590e+04	3.371390e-05
1.213576e+04	3.326281e-05
1.214563e+04	3.281701e-05
1.215550e+04	3.237647e-05
1.216536e+04	3.194111e-05
1.217523e+04	3.151091e-05
1.218510e+04	3.108579e-05
1.219496e+04	3.066573e-05
1.220483e+04	3.025066e-05
1.221470e+04	2.984054e-05
1.222456e+04	2.943531e-05
1.223443e+04	2.903494e-05
1.224430e+04	2.863937e-05
1.225416e+04	2.824855e-05
1.226403e+04	2.786244e-05
1.227390e+04	2.748099e-05
1.228376e+04	2.710415e-05
1.229363e+04	2.673187e-05
1.230350e+04	2.636412e-05
1.231336e+04	2.600085e-05
1.232323e+04	2.564200e-05
1.233309e+04	2.528753e-05
1.234296e+04	2.493741e-05
1.235283e+04	2.459158e-05
1.236269e+04	2.425000e-05
1.237256e+04	2.391263e-05
1.238243e+04	2.357942e-05
1.239229e+04	2.325033e-05
1.240216e+04	2.292532e-05
1.241203e+04	2.260434e-05
1.242189e+04	2.228736e-05
1.243176e+04	2.197433e-05
1.244163e+04	2.166521e-05
1.245149e+04	2.135995e-05
1.246136e+04	2.105853e-05
1.247123e+04	2.076089e-05
1.248109e+04	2.046700e-05
1.249096e+04	2.017681e-05
1.250082e+04	1.989029e-05
1.251069e+04	1.960740e-05
1.252056e+04	1.932810e-05
1.253042e+04	1.905234e-05
1.254029e+04	1.878010e-05
1.255016e+04	1.851134e-05
1.256002e+04	1.824601e-05
1.256989e+04	1.798408e-05
1.257976e+04	1.772551e-05
1.258962e+04	1.747026e-05
1.259949e+04	1.721831e-05
1.260936e+04	1.696960e-05
1.261922e+04	1.672411e-05
1.262909e+04	1.648181e-05
1.263896e+04	1.624264e-05
1.264882e+04	1.600659e-05
1.265869e+04	1.577362e-05
1.266855e+04	1.554368e-05
1.267842e+04	1.531676e-05
1.268829e+04	1.509281e-05
1.269815e+04	1.487179e-05
1.270802e+04	1.465369e-05
1.271789e+04	1.443846e-05
1.272775e+04	1.422607e-05
1.273762e+04	1.401648e-05
1.274749e+04	1.380968e-05
1.275735e+04	1.360562e-05
1.276722e+04	1.340428e-05
1.277709e+04	1.320562e-05
1.278695e+04	1.300961e-05
1.279682e+04	1.281622e-05
1.280669e+04	1.262542e-05
1.281655e+04	1.243718e-05
1.282642e+04	1.225148e-05
1.283628e+04	1.206827e-05
1.284615e+04	1.188754e-05
1.285602e+04	1.170925e-05
1.286588e+04	1.153338e-05
1.287575e+04	1.135989e-05
1.288562e+04	1.118876e-05
1.289548e+04	1.101996e-05
1.290535e+04	1.085346e-05
1.291522e+04	1.068924e-05
1.292508e+04	1.052727e-05
1.293495e+04	1.036751e-05
1.294482e+04	1.020996e-05
1.295468e+04	1.005457e-05
1.296455e+04	9.901319e-06
1.297442e+04	9.750189e-06
1.298428e+04	9.601149e-06
1.299415e+04	9.454175e-06
1.300401e+04	9.309242e-06
1.301388e+04	9.166325e-06
1.302375e+04	9.025398e-06
1.303361e+04	8.886439e-06
1.304348e+04	8.749422e-06
1.305335e+04	8.614324e-06
1.306321e+04	8.481122e-06
1.307308e+04	8.349791e-06
1.308295e+04	8.220310e-06
1.309281e+04	8.092654e-06
1.310268e+04	7.966802e-06
1.311255e+04	7.842730e-06
1.312241e+04	7.720417e-06
1.313228e+04	7.599841e-06
1.314215e+04	7.480980e-06
1.315201e+04	7.363812e-06
1.316188e+04	7.248316e-06
1.317174e+04	7.134472e-06
1.318161e+04	7.022257e-06
1.319148e+04	6.911652e-06
1.320134e+04	6.802637e-06
1.321121e+04	6.695190e-06
1.322108e+04	6.589292e-06
1.323094e+04	6.484924e-06
1.324081e+04	6.382065e-06
1.325068e+04	6.280696e-06
1.326054e+04	6.180798e-06
1.327041e+04	6.082353e-06
1.328028e+04	5.985341e-06
1.329014e+04	5.889744e-06
1.330001e+04	5.795543e-06
1.330988e+04	5.702721e-06
1.331974e+04	5.611260e-06
1.332961e+04	5.521141e-06
1.333948e+04	5.432347e-06
1.334934e+04	5.344861e-06
1.335921e+04	5.258666e-06
1.336907e+04	5.173745e-06
1.337894e+04	5.090081e-06
1.338881e+04	5.007657e-06
1.339867e+04	4.926456e-06
1.340854e+04	4.846464e-06
1.341841e+04	4.767663e-06
1.342827e+04	4.690038e-06
1.343814e+04	4.613574e-06
1.344801e+04	4.538253e-06
1.345787e+04	4.464063e-06
1.346774e+04	4.390986e-06
1.347761e+04	4.319008e-06
1.348747e+04	4.248115e-06
1.349734e+04	4.178292e-06
1.350721e+04	4.109523e-06
1.351707e+04	4.041796e-06
1.352694e+04	3.975095e-06
1.353680e+04	3.909408e-06
1.354667e+04	3.844719e-06
1.355654e+04	3.781016e-06
1.356640e+04	3.718285e-06
1.357627e+04	3.656512e-06
1.358614e+04	3.595685e-06
1.359600e+04	3.535790e-06
1.360587e+04	3.476814e-06
1.361574e+04	3.418746e-06
1.362560e+04	3.361571e-06
1.363547e+04	3.305279e-06
1.364534e+04	3.249856e-06
1.365520e+04	3.195291e-06
1.366507e+04	3.141571e-06
1.367494e+04	3.088685e-06
1.368480e+04	3.036621e-06
1.369467e+04	2.985367e-06
1.370453e+04	2.934912e-06
1.371440e+04	2.885246e-06
1.372427e+04	2.836356e-06
1.373413e+04	2.788232e-06
1.374400e+04	2.740862e-06
1.375387e+04	2.694237e-06
1.376373e+04	2.648346e-06
1.377360e+04	2.603177e-06
1.378347e+04	2.558722e-06
1.379333e+04	2.514969e-06
1.380320e+04	2.471909e-06
1.381307e+04	2.429531e-06
1.382293e+04	2.387826e-06
1.383280e+04	2.346784e-06
1.384267e+04	2.306396e-06
1.385253e+04	2.266652e-06
1.386240e+04	2.227543e-06
1.387226e+04	2.189059e-06
1.388213e+04	2.151192e-06
1.389200e+04	2.113933e-06
1.390186e+04	2.077272e-06
1.391173e+04	2.041200e-06
1.392160e+04	2.005711e-06
1.393146e+04	1.970794e-06
1.394133e+04	1.936441e-06
1.395120e+04	1.902644e-06
1.396106e+04	1.869395e-06
1.397093e+04	1.836686e-06
1.398080e+04	1.804509e-06
1.399066e+04	1.772855e-06
1.400053e+04	1.741718e-06
1.401040e+04	1.711089e-06
1.402026e+04	1.680960e-06
1.403013e+04	1.651325e-06
1.403999e+04	1.622177e-06
1.404986e+04	1.593506e-06
1.405973e+04	1.565308e-06
1.406959e+04	1.537574e-06
1.407946e+04	1.510297e-06
1.408933e+04	1.483471e-06
1.409919e+04	1.457088e-06
1.410906e+04	1.431143e-06
1.411893e+04	1.405628e-06
1.412879e+04	1.380536e-06
1.413866e+04	1.355862e-06
1.414853e+04	1.331600e-06
1.415839e+04	1.307742e-06
1.416826e+04	1.284282e-06
1.417813e+04	1.261215e-06
1.418799e+04	1.238535e-06
1.419786e+04	1.216235e-06
1.420772e+04	1.194310e-06
1.421759e+04	1.172753e-06
1.422746e+04	1.151560e-06
1.423732e+04	1.130724e-06
1.424719e+04	1.110241e-06
1.425706e+04	1.090104e-06
1.426692e+04	1.070308e-06
1.427679e+04	1.050848e-06
1.428666e+04	1.031718e-06
1.429652e+04	1.012914e-06
1.430639e+04	9.944308e-07
1.431626e+04	9.762626e-07
1.432612e+04	9.584047e-07
1.433599e+04	9.408523e-07
1.434586e+04	9.236007e-07
1.435572e+04	9.066449e-07
1.436559e+04	8.899805e-07
1.437545e+04	8.736027e-07
1.438532e+04	8.575070e-07
1.439519e+04	8.416889e-07
1.440505e+04	8.261441e-07
1.441492e+04	8.108681e-07
1.442479e+04	7.958567e-07
1.443465e+04	7.811057e-07
1.444452e+04	7.666108e-07
1.445439e+04	7.523679e-07
1.446425e+04	7.383731e-07
1.447412e+04	7.246223e-07
1.448399e+04	7.111117e-07
1.449385e+04	6.978372e-07
1.450372e+04	6.847951e-07
1.451359e+04	6.719817e-07
1.452345e+04	6.593932e-07
1.453332e+04	6.470260e-07
1.454319e+04	6.348764e-07
1.455305e+04	6.229410e-07
1.456292e+04	6.112162e-07
1.457278e+04	5.996987e-07
1.458265e+04	5.883849e-07
1.459252e+04	5.772716e-07
1.460238e+04	5.663555e-07
1.461225e+04	5.556333e-07
1.462212e+04	5.451018e-07
1.463198e+04	5.347579e-07
1.464185e+04	5.245985e-07
1.465172e+04	5.146206e-07
1.466158e+04	5.048211e-07
1.467145e+04	4.951970e-07
1.468132e+04	4.857456e-07
1.469118e+04	4.764638e-07
1.470105e+04	4.673488e-07
1.471092e+04	4.583979e-07
1.472078e+04	4.496084e-07
1.473065e+04	4.409774e-07
1.474051e+04	4.325024e-07
1.475038e+04	4.241808e-07
1.476025e+04	4.160099e-07
1.477011e+04	4.079873e-07
1.477998e+04	4.001103e-07
1.478985e+04	3.923767e-07
1.479971e+04	3.847838e-07
1.480958e+04	3.773294e-07
1.481945e+04	3.700111e-07
1.482931e+04	3.628266e-07
1.483918e+04	3.557735e-07
1.484905e+04	3.488498e-07
1.485891e+04	3.420531e-07
1.486878e+04	3.353813e-07
1.487865e+04	3.288322e-07
1.488851e+04	3.224037e-07
1.489838e+04	3.160938e-07
1.490824e+04	3.099005e-07
1.491811e+04	3.038217e-07
1.492798e+04	2.978554e-07
1.493784e+04	2.919997e-07
1.494771e+04	2.862527e-07
1.495758e+04	2.806124e-07
1.496744e+04	2.750772e-07
1.497731e+04	2.696450e-07
1.498718e+04	2.643142e-07
1.499704e+04	2.590830e-07
1.500691e+04	2.539496e-07
1.501678e+04	2.489123e-07
1.502664e+04	2.439694e-07
1.503651e+04	2.391193e-07
1.504638e+04	2.343604e-07
1.505624e+04	2.296910e-07
1.506611e+04	2.251096e-07
1.507597e+04	2.206146e-07
1.508584e+04	2.162045e-07
1.509571e+04	2.118778e-07
1.510557e+04	2.076330e-07
1.511544e+04	2.034686e-07
1.512531e+04	1.993834e-07
1.513517e+04	1.953757e-07
1.514504e+04	1.914443e-07
1.515491e+04	1.875878e-07
1.516477e+04	1.838048e-07
1.517464e+04	1.800941e-07
1.518451e+04	1.764543e-07
1.519437e+04	1.728842e-07
1.520424e+04	1.693826e-07
1.521411e+04	1.659481e-07
1.522397e+04	1.625796e-07
1.523384e+04	1.592759e-07
1.524370e+04	1.560358e-07
1.525357e+04	1.528582e-07
1.526344e+04	1.497420e-07
1.527330e+04	1.466859e-07
1.528317e+04	1.436890e-07
1.529304e+04	1.407502e-07
1.530290e+04	1.378684e-07
1.531277e+04	1.350426e-07
1.532264e+04	1.322717e-07
1.533250e+04	1.295547e-07
1.534237e+04	1.268907e-07
1.535224e+04	1.242787e-07
1.536210e+04	1.217177e-07
1.537197e+04	1.192068e-07
1.538184e+04	1.167451e-07
1.539170e+04	1.143316e-07
1.540157e+04	1.119655e-07
1.541143e+04	1.096460e-07
1.542130e+04	1.073720e-07
1.543117e+04	1.051429e-07
1.544103e+04	1.029577e-07
1.545090e+04	1.008157e-07
1.546077e+04	9.871598e-08
1.547063e+04	9.665786e-08
1.548050e+04	9.464051e-08
1.549037e+04	9.266318e-08
1.550023e+04	9.072513e-08
1.551010e+04	8.882562e-08
1.551997e+04	8.696392e-08
1.552983e+04	8.513932e-08
1.553970e+04	8.335113e-08
1.554957e+04	8.159867e-08
1.555943e+04	7.988125e-08
1.556930e+04	7.819823e-08
1.557916e+04	7.654894e-08
1.558903e+04	7.493275e-08
1.559890e+04	7.334904e-08
1.560876e+04	7.179719e-08
1.561863e+04	7.027658e-08
1.562850e+04	6.878664e-08
1.563836e+04	6.732677e-08
1.564823e+04	6.589640e-08
1.565810e+04	6.449497e-08
1.566796e+04	6.312193e-08
1.567783e+04	6.177673e-08
1.568770e+04	6.045883e-08
1.569756e+04	5.916773e-08
1.570743e+04	5.790289e-08
1.571730e+04	5.666381e-08
1.572716e+04	5.545001e-08
1.573703e+04	5.426098e-08
1.574690e+04	5.309626e-08
1.575676e+04	5.195537e-08
1.576663e+04	5.083786e-08
1.577649e+04	4.974326e-08
1.578636e+04	4.867113e-08
1.579623e+04	4.762104e-08
1.580609e+04	4.659256e-08
1.581596e+04	4.558527e-08
1.582583e+04	4.459875e-08
1.583569e+04	4.363260e-08
1.584556e+04	4.268643e-08
1.585543e+04	4.175982e-08
1.586529e+04	4.085242e-08
1.587516e+04	3.996383e-08
1.588503e+04	3.909370e-08
1.589489e+04	3.824164e-08
1.590476e+04	3.740732e-08
1.591463e+04	3.659038e-08
1.592449e+04	3.579047e-08
1.593436e+04	3.500727e-08
1.594422e+04	3.424043e-08
1.595409e+04	3.348964e-08
1.596396e+04	3.275457e-08
1.597382e+04	3.203492e-08
1.598369e+04	3.133038e-08
1.599356e+04	3.064064e-08
1.600342e+04	2.996541e-08
1.601329e+04	2.930440e-08
1.602316e+04	2.865733e-08
1.603302e+04	2.802392e-08
1.604289e+04	2.740389e-08
1.605276e+04	2.679698e-08
1.606262e+04	2.620292e-08
1.607249e+04	2.562146e-08
1.608236e+04	2.505233e-08
1.609222e+04	2.449529e-08
1.610209e+04	2.395011e-08
1.611195e+04	2.341653e-08
1.612182e+04	2.289432e-08
1.613169e+04	2.238325e-08
1.614155e+04	2.188310e-08
1.615142e+04	2.139365e-08
1.616129e+04	2.091467e-08
1.617115e+04	2.044596e-08
1.618102e+04	1.998730e-08
1.619089e+04	1.953849e-08
1.620075e+04	1.909934e-08
1.621062e+04	1.866963e-08
1.622049e+04	1.824918e-08
1.623035e+04	1.783779e-08
1.624022e+04	1.743529e-08
1.625009e+04	1.704149e-08
1.625995e+04	1.665621e-08
1.626982e+04	1.627927e-08
1.627968e+04	1.591050e-08
1.628955e+04	1.554974e-08
1.629942e+04	1.519682e-08
1.630928e+04	1.485157e-08
1.631915e+04	1.451384e-08
1.632902e+04	1.418347e-08
1.633888e+04	1.386031e-08
1.634875e+04	1.354421e-08
1.635862e+04	1.323502e-08
1.636848e+04	1.293260e-08
1.637835e+04	1.263680e-08
1.638822e+04	1.234749e-08
1.639808e+04	1.206454e-08
1.640795e+04	1.178780e-08
1.641782e+04	1.151715e-08
1.642768e+04	1.125247e-08
1.643755e+04	1.099361e-08
1.644741e+04	1.074048e-08
1.645728e+04	1.049293e-08
1.646715e+04	1.025086e-08
1.647701e+04	1.001415e-08
1.648688e+04	9.782685e-09
1.649675e+04	9.556356e-09
1.650661e+04	9.335053e-09
1.651648e+04	9.118669e-09
1.652635e+04	8.907101e-09
1.653621e+04	8.700247e-09
1.654608e+04	8.498005e-09
1.655595e+04	8.300277e-09
1.656581e+04	8.106969e-09
1.657568e+04	7.917984e-09
1.658555e+04	7.733230e-09
1.659541e+04	7.552618e-09
1.660528e+04	7.376059e-09
1.661514e+04	7.203464e-09
1.662501e+04	7.034751e-09
1.663488e+04	6.869834e-09
1.664474e+04	6.708632e-09
1.665461e+04	6.551066e-09
1.666448e+04	6.397057e-09
1.667434e+04	6.246528e-09
1.668421e+04	6.099404e-09
1.669408e+04	5.955612e-09
1.670394e+04	5.815078e-09
1.671381e+04	5.677733e-09
1.672368e+04	5.543507e-09
1.673354e+04	5.412333e-09
1.674341e+04	5.284144e-09
1.675328e+04	5.158875e-09
1.676314e+04	5.036462e-09
1.677301e+04	4.916844e-09
1.678287e+04	4.799959e-09
1.679274e+04	4.685747e-09
1.680261e+04	4.574149e-09
1.681247e+04	4.465109e-09
1.682234e+04	4.358571e-09
1.683221e+04	4.254479e-09
1.684207e+04	4.152779e-09
1.685194e+04	4.053420e-09
1.686181e+04	3.956348e-09
1.687167e+04	3.861515e-09
1.688154e+04	3.768870e-09
1.689141e+04	3.678365e-09
1.690127e+04	3.589953e-09
1.691114e+04	3.503587e-09
1.692101e+04	3.419222e-09
1.693087e+04	3.336813e-09
1.694074e+04	3.256317e-09
1.695061e+04	3.177692e-09
1.696047e+04	3.100895e-09
1.697034e+04	3.025887e-09
1.698020e+04	2.952626e-09
1.699007e+04	2.881074e-09
1.699994e+04	2.811193e-09
1.700980e+04	2.742946e-09
1.701967e+04	2.676295e-09
1.702954e+04	2.611205e-09
1.703940e+04	2.547640e-09
1.704927e+04	2.485568e-09
1.705914e+04	2.424953e-09
1.706900e+04	2.365763e-09
1.707887e+04	2.307966e-09
1.708874e+04	2.251530e-09
1.709860e+04	2.196425e-09
1.710847e+04	2.142620e-09
1.711834e+04	2.090087e-09
1.712820e+04	2.038795e-09
1.713807e+04	1.988718e-09
1.714793e+04	1.939827e-09
1.715780e+04	1.892095e-09
1.716767e+04	1.845497e-09
1.717753e+04	1.800005e-09
1.718740e+04	1.755596e-09
1.719727e+04	1.712244e-09
1.720713e+04	1.669924e-09
1.721700e+04	1.628614e-09
1.722687e+04	1.588290e-09
1.723673e+04	1.548930e-09
1.724660e+04	1.510511e-09
1.725647e+04	1.473012e-09
1.726633e+04	1.436412e-09
1.727620e+04	1.400690e-09
1.728607e+04	1.365825e-09
1.729593e+04	1.331798e-09
1.730580e+04	1.298590e-09
1.731566e+04	1.266181e-09
1.732553e+04	1.234553e-09
1.733540e+04	1.203688e-09
1.734526e+04	1.173569e-09
1.735513e+04	1.144177e-09
1.736500e+04	1.115497e-09
1.737486e+04	1.087511e-09
1.738473e+04	1.060203e-09
1.739460e+04	1.033558e-09
1.740446e+04	1.007559e-09
1.741433e+04	9.821931e-10
1.742420e+04	9.574438e-10
1.743406e+04	9.332971e-10
1.744393e+04	9.097390e-10
1.745380e+04	8.867556e-10
1.746366e+04	8.643334e-10
1.747353e+04	8.424592e-10
1.748339e+04	8.211201e-10
1.749326e+04	8.003036e-10
1.750313e+04	7.799972e-10
1.751299e+04	7.601890e-10
1.752286e+04	7.408672e-10
1.753273e+04	7.220202e-10
1.754259e+04	7.036369e-10
1.755246e+04	6.857062e-10
1.756233e+04	6.682174e-10
1.757219e+04	6.511601e-10
1.758206e+04	6.345239e-10
1.759193e+04	6.182988e-10
1.760179e+04	6.024750e-10
1.761166e+04	5.870430e-10
1.762153e+04	5.719935e-10
1.763139e+04	5.573172e-10
1.764126e+04	5.430053e-10
1.765112e+04	5.290490e-10
1.766099e+04	5.154398e-10
1.767086e+04	5.021694e-10
1.768072e+04	4.892297e-10
1.769059e+04	4.766127e-10
1.770046e+04	4.643106e-10
1.771032e+04	4.523159e-10
1.772019e+04	4.406212e-10
1.773006e+04	4.292191e-10
1.773992e+04	4.181028e-10
1.774979e+04	4.072652e-10
1.775966e+04	3.966995e-10
1.776952e+04	3.863993e-10
1.777939e+04	3.763581e-10
1.778926e+04	3.665696e-10
1.779912e+04	3.570276e-10
1.780899e+04	3.477262e-10
1.781885e+04	3.386595e-10
1.782872e+04	3.298218e-10
1.783859e+04	3.212075e-10
1.784845e+04	3.128112e-10
1.785832e+04	3.046274e-10
1.786819e+04	2.966512e-10
1.787805e+04	2.888772e-10
1.788792e+04	2.813007e-10
1.789779e+04	2.739167e-10
1.790765e+04	2.667206e-10
1.791752e+04	2.597077e-10
1.792739e+04	2.528734e-10
1.793725e+04	2.462135e-10
1.794712e+04	2.397236e-10
1.795699e+04	2.333995e-10
1.796685e+04	2.272372e-10
1.797672e+04	2.212325e-10
1.798659e+04	2.153817e-10
1.799645e+04	2.096809e-10
1.800632e+04	2.041265e-10
1.801618e+04	1.987146e-10
1.802605e+04	1.934420e-10
1.803592e+04	1.883049e-10
1.804578e+04	1.833002e-10
1.805565e+04	1.784245e-10
1.806552e+04	1.736746e-10
1.807538e+04	1.690473e-10
1.808525e+04	1.645396e-10
1.809512e+04	1.601485e-10
1.810498e+04	1.558711e-10
1.811485e+04	1.517045e-10
1.812472e+04	1.476460e-10
1.813458e+04	1.436929e-10
1.814445e+04	1.398424e-10
1.815432e+04	1.360920e-10
1.816418e+04	1.324393e-10
1.817405e+04	1.288817e-10
1.818391e+04	1.254168e-10
1.819378e+04	1.220423e-10
1.820365e+04	1.187560e-10
1.821351e+04	1.155556e-10
1.822338e+04	1.124389e-10
1.823325e+04	1.094037e-10
1.824311e+04	1.064482e-10
1.825298e+04	1.035701e-10
1.826285e+04	1.007676e-10
1.827271e+04	9.803872e-11
1.828258e+04	9.538159e-11
1.829245e+04	9.279440e-11
1.830231e+04	9.027535e-11
1.831218e+04	8.782271e-11
1.832205e+04	8.543478e-11
1.833191e+04	8.310992e-11
1.834178e+04	8.084650e-11
1.835164e+04	7.864295e-11
1.836151e+04	7.649775e-11
1.837138e+04	7.440938e-11
1.838124e+04	7.237641e-11
1.839111e+04	7.039739e-11
1.840098e+04	6.847095e-11
1.841084e+04	6.659572e-11
1.842071e+04	6.477040e-11
1.843058e+04	6.299370e-11
1.844044e+04	6.126435e-11
1.845031e+04	5.958113e-11
1.846018e+04	5.794286e-11
1.847004e+04	5.634837e-11
1.847991e+04	5.479653e-11
1.848978e+04	5.328623e-11
1.849964e+04	5.181638e-11
1.850951e+04	5.038595e-11
1.851937e+04	4.899391e-11
1.852924e+04	4.763925e-11
1.853911e+04	4.632101e-11
1.854897e+04	4.503823e-11
1.855884e+04	4.378999e-11
1.856871e+04	4.257539e-11
1.857857e+04	4.139355e-11
1.858844e+04	4.024361e-11
1.859831e+04	3.912474e-11
1.860817e+04	3.803612e-11
1.861804e+04	3.697696e-11
1.862791e+04	3.594648e-11
1.863777e+04	3.494394e-11
1.864764e+04	3.396859e-11
1.865751e+04	3.301972e-11
1.866737e+04	3.209664e-11
1.867724e+04	3.119866e-11
1.868710e+04	3.032512e-11
1.869697e+04	2.947538e-11
1.870684e+04	2.864881e-11
1.871670e+04	2.784478e-11
1.872657e+04	2.706272e-11
1.873644e+04	2.630203e-11
1.874630e+04	2.556214e-11
1.875617e+04	2.484251e-11
1.876604e+04	2.414260e-11
1.877590e+04	2.346188e-11
1.878577e+04	2.279984e-11
1.879564e+04	2.215598e-11
1.880550e+04	2.152982e-11
1.881537e+04	2.092089e-11
1.882524e+04	2.032872e-11
1.883510e+04	1.975287e-11
1.884497e+04	1.919290e-11
1.885483e+04	1.864839e-11
1.886470e+04	1.811891e-11
1.887457e+04	1.760408e-11
1.888443e+04	1.710348e-11
1.889430e+04	1.661675e-11
1.890417e+04	1.614351e-11
1.891403e+04	1.568339e-11
1.892390e+04	1.523605e-11
1.893377e+04	1.480113e-11
1.894363e+04	1.437830e-11
1.895350e+04	1.396724e-11
1.896337e+04	1.356763e-11
1.897323e+04	1.317915e-11
1.898310e+04	1.280150e-11
1.899297e+04	1.243440e-11
