# # p(y | x = 2.000000e-01)
# # y_val	p(y|x)
0.000000e+00	3.538560e-06
9.866476e+00	3.598095e-06
1.973295e+01	3.658550e-06
2.959943e+01	3.719938e-06
3.946590e+01	3.782273e-06
4.933238e+01	3.845566e-06
5.919885e+01	3.909832e-06
6.906533e+01	3.975084e-06
7.893180e+01	4.041335e-06
8.879828e+01	4.108599e-06
9.866476e+01	4.176889e-06
1.085312e+02	4.246220e-06
1.183977e+02	4.316607e-06
1.282642e+02	4.388062e-06
1.381307e+02	4.460601e-06
1.479971e+02	4.534239e-06
1.578636e+02	4.608990e-06
1.677301e+02	4.684870e-06
1.775966e+02	4.761892e-06
1.874630e+02	4.840074e-06
1.973295e+02	4.919430e-06
2.071960e+02	4.999976e-06
2.170625e+02	5.081728e-06
2.269289e+02	5.164702e-06
2.367954e+02	5.248914e-06
2.466619e+02	5.334381e-06
2.565284e+02	5.421119e-06
2.663948e+02	5.509145e-06
2.762613e+02	5.598476e-06
2.861278e+02	5.689129e-06
2.959943e+02	5.781122e-06
3.058607e+02	5.874471e-06
3.157272e+02	5.969196e-06
3.255937e+02	6.065313e-06
3.354602e+02	6.162841e-06
3.453266e+02	6.261798e-06
3.551931e+02	6.362203e-06
3.650596e+02	6.464074e-06
3.749261e+02	6.567431e-06
3.847925e+02	6.672292e-06
3.946590e+02	6.778677e-06
4.045255e+02	6.886605e-06
4.143920e+02	6.996096e-06
4.242585e+02	7.107169e-06
4.341249e+02	7.219847e-06
4.439914e+02	7.334147e-06
4.538579e+02	7.450092e-06
4.637244e+02	7.567701e-06
4.735908e+02	7.686997e-06
4.834573e+02	7.807999e-06
4.933238e+02	7.930730e-06
5.031903e+02	8.055212e-06
5.130567e+02	8.181465e-06
5.229232e+02	8.309513e-06
5.327897e+02	8.439378e-06
5.426562e+02	8.571082e-06
5.525226e+02	8.704647e-06
5.623891e+02	8.840098e-06
5.722556e+02	8.977457e-06
5.821221e+02	9.116748e-06
5.919885e+02	9.257995e-06
6.018550e+02	9.401221e-06
6.117215e+02	9.546451e-06
6.215880e+02	9.693709e-06
6.314544e+02	9.843020e-06
6.413209e+02	9.994409e-06
6.511874e+02	1.014790e-05
6.610539e+02	1.030352e-05
6.709203e+02	1.046130e-05
6.807868e+02	1.062125e-05
6.906533e+02	1.078341e-05
7.005198e+02	1.094780e-05
7.103862e+02	1.111446e-05
7.202527e+02	1.128340e-05
7.301192e+02	1.145465e-05
7.399857e+02	1.162824e-05
7.498521e+02	1.180420e-05
7.597186e+02	1.198256e-05
7.695851e+02	1.216335e-05
7.794516e+02	1.234658e-05
7.893180e+02	1.253230e-05
7.991845e+02	1.272053e-05
8.090510e+02	1.291130e-05
8.189175e+02	1.310464e-05
8.287839e+02	1.330058e-05
8.386504e+02	1.349915e-05
8.485169e+02	1.370038e-05
8.583834e+02	1.390430e-05
8.682499e+02	1.411095e-05
8.781163e+02	1.432034e-05
8.879828e+02	1.453252e-05
8.978493e+02	1.474752e-05
9.077158e+02	1.496536e-05
9.175822e+02	1.518609e-05
9.274487e+02	1.540973e-05
9.373152e+02	1.563631e-05
9.471817e+02	1.586588e-05
9.570481e+02	1.609846e-05
9.669146e+02	1.633408e-05
9.767811e+02	1.657279e-05
9.866476e+02	1.681460e-05
9.965140e+02	1.705957e-05
1.006381e+03	1.730773e-05
1.016247e+03	1.755910e-05
1.026113e+03	1.781373e-05
1.035980e+03	1.807165e-05
1.045846e+03	1.833290e-05
1.055713e+03	1.859751e-05
1.065579e+03	1.886552e-05
1.075446e+03	1.913697e-05
1.085312e+03	1.941189e-05
1.095179e+03	1.969032e-05
1.105045e+03	1.997231e-05
1.114912e+03	2.025788e-05
1.124778e+03	2.054708e-05
1.134645e+03	2.083995e-05
1.144511e+03	2.113652e-05
1.154378e+03	2.143684e-05
1.164244e+03	2.174093e-05
1.174111e+03	2.204886e-05
1.183977e+03	2.236065e-05
1.193844e+03	2.267634e-05
1.203710e+03	2.299598e-05
1.213576e+03	2.331961e-05
1.223443e+03	2.364727e-05
1.233309e+03	2.397899e-05
1.243176e+03	2.431484e-05
1.253042e+03	2.465483e-05
1.262909e+03	2.499903e-05
1.272775e+03	2.534747e-05
1.282642e+03	2.570020e-05
1.292508e+03	2.605725e-05
1.302375e+03	2.641868e-05
1.312241e+03	2.678453e-05
1.322108e+03	2.715484e-05
1.331974e+03	2.752966e-05
1.341841e+03	2.790903e-05
1.351707e+03	2.829300e-05
1.361574e+03	2.868162e-05
1.371440e+03	2.907493e-05
1.381307e+03	2.947297e-05
1.391173e+03	2.987581e-05
1.401040e+03	3.028348e-05
1.410906e+03	3.069603e-05
1.420772e+03	3.111350e-05
1.430639e+03	3.153596e-05
1.440505e+03	3.196344e-05
1.450372e+03	3.239600e-05
1.460238e+03	3.283368e-05
1.470105e+03	3.327653e-05
1.479971e+03	3.372461e-05
1.489838e+03	3.417797e-05
1.499704e+03	3.463665e-05
1.509571e+03	3.510070e-05
1.519437e+03	3.557019e-05
1.529304e+03	3.604515e-05
1.539170e+03	3.652564e-05
1.549037e+03	3.701171e-05
1.558903e+03	3.750343e-05
1.568770e+03	3.800083e-05
1.578636e+03	3.850397e-05
1.588503e+03	3.901290e-05
1.598369e+03	3.952769e-05
1.608236e+03	4.004838e-05
1.618102e+03	4.057503e-05
1.627968e+03	4.110769e-05
1.637835e+03	4.164641e-05
1.647701e+03	4.219126e-05
1.657568e+03	4.274229e-05
1.667434e+03	4.329956e-05
1.677301e+03	4.386311e-05
1.687167e+03	4.443302e-05
1.697034e+03	4.500932e-05
1.706900e+03	4.559209e-05
1.716767e+03	4.618139e-05
1.726633e+03	4.677725e-05
1.736500e+03	4.737976e-05
1.746366e+03	4.798896e-05
1.756233e+03	4.860491e-05
1.766099e+03	4.922768e-05
1.775966e+03	4.985731e-05
1.785832e+03	5.049388e-05
1.795699e+03	5.113744e-05
1.805565e+03	5.178806e-05
1.815432e+03	5.244578e-05
1.825298e+03	5.311068e-05
1.835164e+03	5.378282e-05
1.845031e+03	5.446225e-05
1.854897e+03	5.514904e-05
1.864764e+03	5.584325e-05
1.874630e+03	5.654494e-05
1.884497e+03	5.725418e-05
1.894363e+03	5.797103e-05
1.904230e+03	5.869555e-05
1.914096e+03	5.942780e-05
1.923963e+03	6.016786e-05
1.933829e+03	6.091577e-05
1.943696e+03	6.167162e-05
1.953562e+03	6.243545e-05
1.963429e+03	6.320734e-05
1.973295e+03	6.398736e-05
1.983162e+03	6.477556e-05
1.993028e+03	6.557201e-05
2.002895e+03	6.637678e-05
2.012761e+03	6.718994e-05
2.022627e+03	6.801155e-05
2.032494e+03	6.884167e-05
2.042360e+03	6.968038e-05
2.052227e+03	7.052775e-05
2.062093e+03	7.138383e-05
2.071960e+03	7.224870e-05
2.081826e+03	7.312242e-05
2.091693e+03	7.400507e-05
2.101559e+03	7.489670e-05
2.111426e+03	7.579740e-05
2.121292e+03	7.670722e-05
2.131159e+03	7.762624e-05
2.141025e+03	7.855453e-05
2.150892e+03	7.949215e-05
2.160758e+03	8.043918e-05
2.170625e+03	8.139568e-05
2.180491e+03	8.236173e-05
2.190358e+03	8.333739e-05
2.200224e+03	8.432273e-05
2.210091e+03	8.531783e-05
2.219957e+03	8.632276e-05
2.229823e+03	8.733759e-05
2.239690e+03	8.836238e-05
2.249556e+03	8.939721e-05
2.259423e+03	9.044215e-05
2.269289e+03	9.149727e-05
2.279156e+03	9.256265e-05
2.289022e+03	9.363836e-05
2.298889e+03	9.472446e-05
2.308755e+03	9.582103e-05
2.318622e+03	9.692814e-05
2.328488e+03	9.804586e-05
2.338355e+03	9.917427e-05
2.348221e+03	1.003134e-04
2.358088e+03	1.014634e-04
2.367954e+03	1.026244e-04
2.377821e+03	1.037962e-04
2.387687e+03	1.049792e-04
2.397554e+03	1.061732e-04
2.407420e+03	1.073785e-04
2.417287e+03	1.085950e-04
2.427153e+03	1.098229e-04
2.437019e+03	1.110622e-04
2.446886e+03	1.123129e-04
2.456752e+03	1.135753e-04
2.466619e+03	1.148493e-04
2.476485e+03	1.161349e-04
2.486352e+03	1.174324e-04
2.496218e+03	1.187417e-04
2.506085e+03	1.200630e-04
2.515951e+03	1.213963e-04
2.525818e+03	1.227416e-04
2.535684e+03	1.240991e-04
2.545551e+03	1.254689e-04
2.555417e+03	1.268509e-04
2.565284e+03	1.282453e-04
2.575150e+03	1.296521e-04
2.585017e+03	1.310715e-04
2.594883e+03	1.325035e-04
2.604750e+03	1.339481e-04
2.614616e+03	1.354055e-04
2.624483e+03	1.368757e-04
2.634349e+03	1.383588e-04
2.644215e+03	1.398549e-04
2.654082e+03	1.413639e-04
2.663948e+03	1.428861e-04
2.673815e+03	1.444215e-04
2.683681e+03	1.459702e-04
2.693548e+03	1.475321e-04
2.703414e+03	1.491075e-04
2.713281e+03	1.506964e-04
2.723147e+03	1.522988e-04
2.733014e+03	1.539148e-04
2.742880e+03	1.555445e-04
2.752747e+03	1.571880e-04
2.762613e+03	1.588453e-04
2.772480e+03	1.605165e-04
2.782346e+03	1.622017e-04
2.792213e+03	1.639009e-04
2.802079e+03	1.656143e-04
2.811946e+03	1.673419e-04
2.821812e+03	1.690837e-04
2.831678e+03	1.708399e-04
2.841545e+03	1.726105e-04
2.851411e+03	1.743955e-04
2.861278e+03	1.761951e-04
2.871144e+03	1.780094e-04
2.881011e+03	1.798383e-04
2.890877e+03	1.816819e-04
2.900744e+03	1.835404e-04
2.910610e+03	1.854138e-04
2.920477e+03	1.873022e-04
2.930343e+03	1.892055e-04
2.940210e+03	1.911240e-04
2.950076e+03	1.930576e-04
2.959943e+03	1.950065e-04
2.969809e+03	1.969707e-04
2.979676e+03	1.989502e-04
2.989542e+03	2.009451e-04
2.999409e+03	2.029556e-04
3.009275e+03	2.049816e-04
3.019142e+03	2.070233e-04
3.029008e+03	2.090806e-04
3.038874e+03	2.111537e-04
3.048741e+03	2.132426e-04
3.058607e+03	2.153474e-04
3.068474e+03	2.174682e-04
3.078340e+03	2.196049e-04
3.088207e+03	2.217577e-04
3.098073e+03	2.239267e-04
3.107940e+03	2.261118e-04
3.117806e+03	2.283132e-04
3.127673e+03	2.305309e-04
3.137539e+03	2.327650e-04
3.147406e+03	2.350155e-04
3.157272e+03	2.372825e-04
3.167139e+03	2.395661e-04
3.177005e+03	2.418662e-04
3.186872e+03	2.441830e-04
3.196738e+03	2.465166e-04
3.206605e+03	2.488669e-04
3.216471e+03	2.512340e-04
3.226338e+03	2.536180e-04
3.236204e+03	2.560190e-04
3.246070e+03	2.584369e-04
3.255937e+03	2.608719e-04
3.265803e+03	2.633240e-04
3.275670e+03	2.657932e-04
3.285536e+03	2.682796e-04
3.295403e+03	2.707833e-04
3.305269e+03	2.733042e-04
3.315136e+03	2.758425e-04
3.325002e+03	2.783982e-04
3.334869e+03	2.809714e-04
3.344735e+03	2.835620e-04
3.354602e+03	2.861701e-04
3.364468e+03	2.887959e-04
3.374335e+03	2.914392e-04
3.384201e+03	2.941002e-04
3.394068e+03	2.967789e-04
3.403934e+03	2.994754e-04
3.413801e+03	3.021896e-04
3.423667e+03	3.049217e-04
3.433534e+03	3.076716e-04
3.443400e+03	3.104395e-04
3.453266e+03	3.132253e-04
3.463133e+03	3.160290e-04
3.472999e+03	3.188508e-04
3.482866e+03	3.216907e-04
3.492732e+03	3.245486e-04
3.502599e+03	3.274246e-04
3.512465e+03	3.303188e-04
3.522332e+03	3.332312e-04
3.532198e+03	3.361618e-04
3.542065e+03	3.391106e-04
3.551931e+03	3.420777e-04
3.561798e+03	3.450631e-04
3.571664e+03	3.480668e-04
3.581531e+03	3.510889e-04
3.591397e+03	3.541293e-04
3.601264e+03	3.571882e-04
3.611130e+03	3.602654e-04
3.620997e+03	3.633611e-04
3.630863e+03	3.664753e-04
3.640729e+03	3.696079e-04
3.650596e+03	3.727591e-04
3.660462e+03	3.759287e-04
3.670329e+03	3.791169e-04
3.680195e+03	3.823236e-04
3.690062e+03	3.855489e-04
3.699928e+03	3.887928e-04
3.709795e+03	3.920553e-04
3.719661e+03	3.953363e-04
3.729528e+03	3.986360e-04
3.739394e+03	4.019543e-04
3.749261e+03	4.052912e-04
3.759127e+03	4.086467e-04
3.768994e+03	4.120208e-04
3.778860e+03	4.154136e-04
3.788727e+03	4.188250e-04
3.798593e+03	4.222551e-04
3.808460e+03	4.257038e-04
3.818326e+03	4.291711e-04
3.828193e+03	4.326571e-04
3.838059e+03	4.361617e-04
3.847925e+03	4.396849e-04
3.857792e+03	4.432267e-04
3.867658e+03	4.467871e-04
3.877525e+03	4.503662e-04
3.887391e+03	4.539638e-04
3.897258e+03	4.575800e-04
3.907124e+03	4.612147e-04
3.916991e+03	4.648680e-04
3.926857e+03	4.685399e-04
3.936724e+03	4.722302e-04
3.946590e+03	4.759391e-04
3.956457e+03	4.796664e-04
3.966323e+03	4.834122e-04
3.976190e+03	4.871764e-04
3.986056e+03	4.909590e-04
3.995923e+03	4.947600e-04
4.005789e+03	4.985794e-04
4.015656e+03	5.024171e-04
4.025522e+03	5.062731e-04
4.035389e+03	5.101473e-04
4.045255e+03	5.140398e-04
4.055121e+03	5.179504e-04
4.064988e+03	5.218793e-04
4.074854e+03	5.258262e-04
4.084721e+03	5.297913e-04
4.094587e+03	5.337743e-04
4.104454e+03	5.377754e-04
4.114320e+03	5.417945e-04
4.124187e+03	5.458314e-04
4.134053e+03	5.498862e-04
4.143920e+03	5.539589e-04
4.153786e+03	5.580493e-04
4.163653e+03	5.621574e-04
4.173519e+03	5.662832e-04
4.183386e+03	5.704266e-04
4.193252e+03	5.745876e-04
4.203119e+03	5.787660e-04
4.212985e+03	5.829619e-04
4.222852e+03	5.871752e-04
4.232718e+03	5.914058e-04
4.242585e+03	5.956537e-04
4.252451e+03	5.999187e-04
4.262317e+03	6.042008e-04
4.272184e+03	6.085001e-04
4.282050e+03	6.128162e-04
4.291917e+03	6.171493e-04
4.301783e+03	6.214993e-04
4.311650e+03	6.258659e-04
4.321516e+03	6.302493e-04
4.331383e+03	6.346493e-04
4.341249e+03	6.390658e-04
4.351116e+03	6.434987e-04
4.360982e+03	6.479480e-04
4.370849e+03	6.524136e-04
4.380715e+03	6.568954e-04
4.390582e+03	6.613933e-04
4.400448e+03	6.659071e-04
4.410315e+03	6.704369e-04
4.420181e+03	6.749825e-04
4.430048e+03	6.795439e-04
4.439914e+03	6.841208e-04
4.449780e+03	6.887133e-04
4.459647e+03	6.933213e-04
4.469513e+03	6.979445e-04
4.479380e+03	7.025830e-04
4.489246e+03	7.072366e-04
4.499113e+03	7.119052e-04
4.508979e+03	7.165887e-04
4.518846e+03	7.212871e-04
4.528712e+03	7.260001e-04
4.538579e+03	7.307276e-04
4.548445e+03	7.354696e-04
4.558312e+03	7.402260e-04
4.568178e+03	7.449965e-04
4.578045e+03	7.497812e-04
4.587911e+03	7.545798e-04
4.597778e+03	7.593923e-04
4.607644e+03	7.642185e-04
4.617511e+03	7.690582e-04
4.627377e+03	7.739115e-04
4.637244e+03	7.787780e-04
4.647110e+03	7.836578e-04
4.656976e+03	7.885507e-04
4.666843e+03	7.934564e-04
4.676709e+03	7.983750e-04
4.686576e+03	8.033062e-04
4.696442e+03	8.082499e-04
4.706309e+03	8.132059e-04
4.716175e+03	8.181742e-04
4.726042e+03	8.231546e-04
4.735908e+03	8.281469e-04
4.745775e+03	8.331509e-04
4.755641e+03	8.381666e-04
4.765508e+03	8.431937e-04
4.775374e+03	8.482322e-04
4.785241e+03	8.532818e-04
4.795107e+03	8.583424e-04
4.804974e+03	8.634139e-04
4.814840e+03	8.684960e-04
4.824707e+03	8.735886e-04
4.834573e+03	8.786916e-04
4.844440e+03	8.838048e-04
4.854306e+03	8.889280e-04
4.864172e+03	8.940610e-04
4.874039e+03	8.992037e-04
4.883905e+03	9.043559e-04
4.893772e+03	9.095174e-04
4.903638e+03	9.146880e-04
4.913505e+03	9.198676e-04
4.923371e+03	9.250560e-04
4.933238e+03	9.302530e-04
4.943104e+03	9.354585e-04
4.952971e+03	9.406721e-04
4.962837e+03	9.458938e-04
4.972704e+03	9.511234e-04
4.982570e+03	9.563606e-04
4.992437e+03	9.616054e-04
5.002303e+03	9.668574e-04
5.012170e+03	9.721165e-04
5.022036e+03	9.773825e-04
5.031903e+03	9.826552e-04
5.041769e+03	9.879345e-04
5.051636e+03	9.932200e-04
5.061502e+03	9.985116e-04
5.071368e+03	1.003809e-03
5.081235e+03	1.009112e-03
5.091101e+03	1.014421e-03
5.100968e+03	1.019735e-03
5.110834e+03	1.025054e-03
5.120701e+03	1.030378e-03
5.130567e+03	1.035707e-03
5.140434e+03	1.041040e-03
5.150300e+03	1.046377e-03
5.160167e+03	1.051718e-03
5.170033e+03	1.057063e-03
5.179900e+03	1.062412e-03
5.189766e+03	1.067764e-03
5.199633e+03	1.073119e-03
5.209499e+03	1.078477e-03
5.219366e+03	1.083837e-03
5.229232e+03	1.089200e-03
5.239099e+03	1.094566e-03
5.248965e+03	1.099933e-03
5.258831e+03	1.105302e-03
5.268698e+03	1.110673e-03
5.278564e+03	1.116045e-03
5.288431e+03	1.121418e-03
5.298297e+03	1.126792e-03
5.308164e+03	1.132166e-03
5.318030e+03	1.137541e-03
5.327897e+03	1.142916e-03
5.337763e+03	1.148291e-03
5.347630e+03	1.153665e-03
5.357496e+03	1.159039e-03
5.367363e+03	1.164412e-03
5.377229e+03	1.169784e-03
5.387096e+03	1.175155e-03
5.396962e+03	1.180524e-03
5.406829e+03	1.185892e-03
5.416695e+03	1.191257e-03
5.426562e+03	1.196620e-03
5.436428e+03	1.201980e-03
5.446295e+03	1.207338e-03
5.456161e+03	1.212693e-03
5.466027e+03	1.218044e-03
5.475894e+03	1.223392e-03
5.485760e+03	1.228736e-03
5.495627e+03	1.234075e-03
5.505493e+03	1.239411e-03
5.515360e+03	1.244742e-03
5.525226e+03	1.250068e-03
5.535093e+03	1.255389e-03
5.544959e+03	1.260705e-03
5.554826e+03	1.266015e-03
5.564692e+03	1.271319e-03
5.574559e+03	1.276617e-03
5.584425e+03	1.281909e-03
5.594292e+03	1.287194e-03
5.604158e+03	1.292472e-03
5.614025e+03	1.297743e-03
5.623891e+03	1.303007e-03
5.633758e+03	1.308262e-03
5.643624e+03	1.313510e-03
5.653491e+03	1.318750e-03
5.663357e+03	1.323981e-03
5.673223e+03	1.329203e-03
5.683090e+03	1.334416e-03
5.692956e+03	1.339620e-03
5.702823e+03	1.344815e-03
5.712689e+03	1.349999e-03
5.722556e+03	1.355174e-03
5.732422e+03	1.360338e-03
5.742289e+03	1.365491e-03
5.752155e+03	1.370634e-03
5.762022e+03	1.375765e-03
5.771888e+03	1.380885e-03
5.781755e+03	1.385993e-03
5.791621e+03	1.391089e-03
5.801488e+03	1.396173e-03
5.811354e+03	1.401244e-03
5.821221e+03	1.406303e-03
5.831087e+03	1.411348e-03
5.840954e+03	1.416380e-03
5.850820e+03	1.421399e-03
5.860687e+03	1.426403e-03
5.870553e+03	1.431394e-03
5.880419e+03	1.436370e-03
5.890286e+03	1.441331e-03
5.900152e+03	1.446277e-03
5.910019e+03	1.451208e-03
5.919885e+03	1.456123e-03
5.929752e+03	1.461023e-03
5.939618e+03	1.465907e-03
5.949485e+03	1.470774e-03
5.959351e+03	1.475625e-03
5.969218e+03	1.480458e-03
5.979084e+03	1.485275e-03
5.988951e+03	1.490074e-03
5.998817e+03	1.494856e-03
6.008684e+03	1.499619e-03
6.018550e+03	1.504364e-03
6.028417e+03	1.509091e-03
6.038283e+03	1.513799e-03
6.048150e+03	1.518488e-03
6.058016e+03	1.523158e-03
6.067882e+03	1.527808e-03
6.077749e+03	1.532438e-03
6.087615e+03	1.537048e-03
6.097482e+03	1.541638e-03
6.107348e+03	1.546207e-03
6.117215e+03	1.550755e-03
6.127081e+03	1.555283e-03
6.136948e+03	1.559788e-03
6.146814e+03	1.564272e-03
6.156681e+03	1.568734e-03
6.166547e+03	1.573174e-03
6.176414e+03	1.577591e-03
6.186280e+03	1.581986e-03
6.196147e+03	1.586358e-03
6.206013e+03	1.590706e-03
6.215880e+03	1.595031e-03
6.225746e+03	1.599332e-03
6.235613e+03	1.603609e-03
6.245479e+03	1.607862e-03
6.255346e+03	1.612090e-03
6.265212e+03	1.616294e-03
6.275078e+03	1.620472e-03
6.284945e+03	1.624625e-03
6.294811e+03	1.628753e-03
6.304678e+03	1.632855e-03
6.314544e+03	1.636931e-03
6.324411e+03	1.640980e-03
6.334277e+03	1.645004e-03
6.344144e+03	1.649000e-03
6.354010e+03	1.652969e-03
6.363877e+03	1.656911e-03
6.373743e+03	1.660826e-03
6.383610e+03	1.664713e-03
6.393476e+03	1.668572e-03
6.403343e+03	1.672402e-03
6.413209e+03	1.676205e-03
6.423076e+03	1.679978e-03
6.432942e+03	1.683723e-03
6.442809e+03	1.687439e-03
6.452675e+03	1.691125e-03
6.462542e+03	1.694781e-03
6.472408e+03	1.698408e-03
6.482274e+03	1.702005e-03
6.492141e+03	1.705572e-03
6.502007e+03	1.709108e-03
6.511874e+03	1.712613e-03
6.521740e+03	1.716087e-03
6.531607e+03	1.719531e-03
6.541473e+03	1.722943e-03
6.551340e+03	1.726323e-03
6.561206e+03	1.729672e-03
6.571073e+03	1.732988e-03
6.580939e+03	1.736272e-03
6.590806e+03	1.739524e-03
6.600672e+03	1.742744e-03
6.610539e+03	1.745930e-03
6.620405e+03	1.749084e-03
6.630272e+03	1.752204e-03
6.640138e+03	1.755291e-03
6.650005e+03	1.758344e-03
6.659871e+03	1.761364e-03
6.669738e+03	1.764349e-03
6.679604e+03	1.767300e-03
6.689470e+03	1.770217e-03
6.699337e+03	1.773100e-03
6.709203e+03	1.775947e-03
6.719070e+03	1.778760e-03
6.728936e+03	1.781537e-03
6.738803e+03	1.784280e-03
6.748669e+03	1.786986e-03
6.758536e+03	1.789657e-03
6.768402e+03	1.792293e-03
6.778269e+03	1.794892e-03
6.788135e+03	1.797455e-03
6.798002e+03	1.799982e-03
6.807868e+03	1.802472e-03
6.817735e+03	1.804926e-03
6.827601e+03	1.807343e-03
6.837468e+03	1.809723e-03
6.847334e+03	1.812066e-03
6.857201e+03	1.814372e-03
6.867067e+03	1.816640e-03
6.876933e+03	1.818871e-03
6.886800e+03	1.821063e-03
6.896666e+03	1.823219e-03
6.906533e+03	1.825336e-03
6.916399e+03	1.827415e-03
6.926266e+03	1.829455e-03
6.936132e+03	1.831458e-03
6.945999e+03	1.833421e-03
6.955865e+03	1.835347e-03
6.965732e+03	1.837233e-03
6.975598e+03	1.839080e-03
6.985465e+03	1.840889e-03
6.995331e+03	1.842658e-03
7.005198e+03	1.844388e-03
7.015064e+03	1.846079e-03
7.024931e+03	1.847730e-03
7.034797e+03	1.849341e-03
7.044664e+03	1.850913e-03
7.054530e+03	1.852445e-03
7.064397e+03	1.853937e-03
7.074263e+03	1.855389e-03
7.084129e+03	1.856801e-03
7.093996e+03	1.858173e-03
7.103862e+03	1.859505e-03
7.113729e+03	1.860796e-03
7.123595e+03	1.862047e-03
7.133462e+03	1.863257e-03
7.143328e+03	1.864427e-03
7.153195e+03	1.865555e-03
7.163061e+03	1.866643e-03
7.172928e+03	1.867691e-03
7.182794e+03	1.868697e-03
7.192661e+03	1.869662e-03
7.202527e+03	1.870587e-03
7.212394e+03	1.871470e-03
7.222260e+03	1.872312e-03
7.232127e+03	1.873113e-03
7.241993e+03	1.873872e-03
7.251860e+03	1.874590e-03
7.261726e+03	1.875267e-03
7.271593e+03	1.875903e-03
7.281459e+03	1.876497e-03
7.291325e+03	1.877049e-03
7.301192e+03	1.877560e-03
7.311058e+03	1.878029e-03
7.320925e+03	1.878457e-03
7.330791e+03	1.878843e-03
7.340658e+03	1.879188e-03
7.350524e+03	1.879490e-03
7.360391e+03	1.879751e-03
7.370257e+03	1.879971e-03
7.380124e+03	1.880148e-03
7.389990e+03	1.880284e-03
7.399857e+03	1.880378e-03
7.409723e+03	1.880431e-03
7.419590e+03	1.880441e-03
7.429456e+03	1.880410e-03
7.439323e+03	1.880337e-03
7.449189e+03	1.880223e-03
7.459056e+03	1.880066e-03
7.468922e+03	1.879868e-03
7.478789e+03	1.879628e-03
7.488655e+03	1.879347e-03
7.498521e+03	1.879023e-03
7.508388e+03	1.878658e-03
7.518254e+03	1.878252e-03
7.528121e+03	1.877804e-03
7.537987e+03	1.877314e-03
7.547854e+03	1.876783e-03
7.557720e+03	1.876210e-03
7.567587e+03	1.875595e-03
7.577453e+03	1.874940e-03
7.587320e+03	1.874242e-03
7.597186e+03	1.873504e-03
7.607053e+03	1.872724e-03
7.616919e+03	1.871903e-03
7.626786e+03	1.871041e-03
7.636652e+03	1.870137e-03
7.646519e+03	1.869193e-03
7.656385e+03	1.868207e-03
7.666252e+03	1.867181e-03
7.676118e+03	1.866114e-03
7.685984e+03	1.865005e-03
7.695851e+03	1.863857e-03
7.705717e+03	1.862667e-03
7.715584e+03	1.861437e-03
7.725450e+03	1.860166e-03
7.735317e+03	1.858855e-03
7.745183e+03	1.857504e-03
7.755050e+03	1.856112e-03
7.764916e+03	1.854680e-03
7.774783e+03	1.853209e-03
7.784649e+03	1.851697e-03
7.794516e+03	1.850145e-03
7.804382e+03	1.848554e-03
7.814249e+03	1.846923e-03
7.824115e+03	1.845252e-03
7.833982e+03	1.843542e-03
7.843848e+03	1.841793e-03
7.853715e+03	1.840004e-03
7.863581e+03	1.838177e-03
7.873448e+03	1.836310e-03
7.883314e+03	1.834405e-03
7.893180e+03	1.832461e-03
7.903047e+03	1.830478e-03
7.912913e+03	1.828457e-03
7.922780e+03	1.826397e-03
7.932646e+03	1.824299e-03
7.942513e+03	1.822164e-03
7.952379e+03	1.819990e-03
7.962246e+03	1.817778e-03
7.972112e+03	1.815529e-03
7.981979e+03	1.813243e-03
7.991845e+03	1.810919e-03
8.001712e+03	1.808558e-03
8.011578e+03	1.806159e-03
8.021445e+03	1.803724e-03
8.031311e+03	1.801253e-03
8.041178e+03	1.798744e-03
8.051044e+03	1.796199e-03
8.060911e+03	1.793618e-03
8.070777e+03	1.791001e-03
8.080644e+03	1.788348e-03
8.090510e+03	1.785660e-03
8.100376e+03	1.782936e-03
8.110243e+03	1.780176e-03
8.120109e+03	1.777381e-03
8.129976e+03	1.774551e-03
8.139842e+03	1.771687e-03
8.149709e+03	1.768787e-03
8.159575e+03	1.765854e-03
8.169442e+03	1.762885e-03
8.179308e+03	1.759883e-03
8.189175e+03	1.756847e-03
8.199041e+03	1.753777e-03
8.208908e+03	1.750674e-03
8.218774e+03	1.747537e-03
8.228641e+03	1.744368e-03
8.238507e+03	1.741165e-03
8.248374e+03	1.737929e-03
8.258240e+03	1.734662e-03
8.268107e+03	1.731361e-03
8.277973e+03	1.728029e-03
8.287839e+03	1.724665e-03
8.297706e+03	1.721269e-03
8.307572e+03	1.717842e-03
8.317439e+03	1.714383e-03
8.327305e+03	1.710893e-03
8.337172e+03	1.707373e-03
8.347038e+03	1.703822e-03
8.356905e+03	1.700240e-03
8.366771e+03	1.696629e-03
8.376638e+03	1.692987e-03
8.386504e+03	1.689316e-03
8.396371e+03	1.685615e-03
8.406237e+03	1.681885e-03
8.416104e+03	1.678126e-03
8.425970e+03	1.674339e-03
8.435837e+03	1.670522e-03
8.445703e+03	1.666678e-03
8.455570e+03	1.662805e-03
8.465436e+03	1.658905e-03
8.475303e+03	1.654976e-03
8.485169e+03	1.651021e-03
8.495035e+03	1.647038e-03
8.504902e+03	1.643029e-03
8.514768e+03	1.638993e-03
8.524635e+03	1.634930e-03
8.534501e+03	1.630841e-03
8.544368e+03	1.626727e-03
8.554234e+03	1.622586e-03
8.564101e+03	1.618421e-03
8.573967e+03	1.614230e-03
8.583834e+03	1.610014e-03
8.593700e+03	1.605774e-03
8.603567e+03	1.601509e-03
8.613433e+03	1.597220e-03
8.623300e+03	1.592907e-03
8.633166e+03	1.588571e-03
8.643033e+03	1.584211e-03
8.652899e+03	1.579828e-03
8.662766e+03	1.575422e-03
8.672632e+03	1.570994e-03
8.682499e+03	1.566543e-03
8.692365e+03	1.562070e-03
8.702231e+03	1.557575e-03
8.712098e+03	1.553059e-03
8.721964e+03	1.548522e-03
8.731831e+03	1.543963e-03
8.741697e+03	1.539384e-03
8.751564e+03	1.534784e-03
8.761430e+03	1.530164e-03
8.771297e+03	1.525524e-03
8.781163e+03	1.520864e-03
8.791030e+03	1.516185e-03
8.800896e+03	1.511487e-03
8.810763e+03	1.506769e-03
8.820629e+03	1.502033e-03
8.830496e+03	1.497279e-03
8.840362e+03	1.492507e-03
8.850229e+03	1.487717e-03
8.860095e+03	1.482909e-03
8.869962e+03	1.478084e-03
8.879828e+03	1.473242e-03
8.889695e+03	1.468383e-03
8.899561e+03	1.463507e-03
8.909427e+03	1.458616e-03
8.919294e+03	1.453709e-03
8.929160e+03	1.448785e-03
8.939027e+03	1.443847e-03
8.948893e+03	1.438893e-03
8.958760e+03	1.433925e-03
8.968626e+03	1.428942e-03
8.978493e+03	1.423944e-03
8.988359e+03	1.418933e-03
8.998226e+03	1.413908e-03
9.008092e+03	1.408869e-03
9.017959e+03	1.403817e-03
9.027825e+03	1.398752e-03
9.037692e+03	1.393675e-03
9.047558e+03	1.388585e-03
9.057425e+03	1.383483e-03
9.067291e+03	1.378369e-03
9.077158e+03	1.373243e-03
9.087024e+03	1.368107e-03
9.096890e+03	1.362959e-03
9.106757e+03	1.357800e-03
9.116623e+03	1.352631e-03
9.126490e+03	1.347451e-03
9.136356e+03	1.342262e-03
9.146223e+03	1.337063e-03
9.156089e+03	1.331854e-03
9.165956e+03	1.326636e-03
9.175822e+03	1.321410e-03
9.185689e+03	1.316175e-03
9.195555e+03	1.310931e-03
9.205422e+03	1.305679e-03
9.215288e+03	1.300419e-03
9.225155e+03	1.295152e-03
9.235021e+03	1.289878e-03
9.244888e+03	1.284596e-03
9.254754e+03	1.279308e-03
9.264621e+03	1.274013e-03
9.274487e+03	1.268712e-03
9.284354e+03	1.263405e-03
9.294220e+03	1.258092e-03
9.304086e+03	1.252773e-03
9.313953e+03	1.247450e-03
9.323819e+03	1.242121e-03
9.333686e+03	1.236788e-03
9.343552e+03	1.231450e-03
9.353419e+03	1.226108e-03
9.363285e+03	1.220763e-03
9.373152e+03	1.215413e-03
9.383018e+03	1.210060e-03
9.392885e+03	1.204704e-03
9.402751e+03	1.199345e-03
9.412618e+03	1.193983e-03
9.422484e+03	1.188619e-03
9.432351e+03	1.183253e-03
9.442217e+03	1.177884e-03
9.452084e+03	1.172514e-03
9.461950e+03	1.167143e-03
9.471817e+03	1.161770e-03
9.481683e+03	1.156397e-03
9.491550e+03	1.151023e-03
9.501416e+03	1.145648e-03
9.511282e+03	1.140273e-03
9.521149e+03	1.134898e-03
9.531015e+03	1.129523e-03
9.540882e+03	1.124149e-03
9.550748e+03	1.118776e-03
9.560615e+03	1.113403e-03
9.570481e+03	1.108032e-03
9.580348e+03	1.102662e-03
9.590214e+03	1.097294e-03
9.600081e+03	1.091927e-03
9.609947e+03	1.086563e-03
9.619814e+03	1.081201e-03
9.629680e+03	1.075842e-03
9.639547e+03	1.070485e-03
9.649413e+03	1.065132e-03
9.659280e+03	1.059781e-03
9.669146e+03	1.054434e-03
9.679013e+03	1.049091e-03
9.688879e+03	1.043752e-03
9.698746e+03	1.038417e-03
9.708612e+03	1.033086e-03
9.718478e+03	1.027760e-03
9.728345e+03	1.022438e-03
9.738211e+03	1.017121e-03
9.748078e+03	1.011810e-03
9.757944e+03	1.006504e-03
9.767811e+03	1.001204e-03
9.777677e+03	9.959090e-04
9.787544e+03	9.906203e-04
9.797410e+03	9.853379e-04
9.807277e+03	9.800618e-04
9.817143e+03	9.747924e-04
9.827010e+03	9.695297e-04
9.836876e+03	9.642741e-04
9.846743e+03	9.590256e-04
9.856609e+03	9.537846e-04
9.866476e+03	9.485511e-04
9.876342e+03	9.433253e-04
9.886209e+03	9.381075e-04
9.896075e+03	9.328979e-04
9.905941e+03	9.276966e-04
9.915808e+03	9.225038e-04
9.925674e+03	9.173197e-04
9.935541e+03	9.121445e-04
9.945407e+03	9.069783e-04
9.955274e+03	9.018214e-04
9.965140e+03	8.966738e-04
9.975007e+03	8.915359e-04
9.984873e+03	8.864077e-04
9.994740e+03	8.812894e-04
1.000461e+04	8.761812e-04
1.001447e+04	8.710833e-04
1.002434e+04	8.659958e-04
1.003421e+04	8.609189e-04
1.004407e+04	8.558528e-04
1.005394e+04	8.507975e-04
1.006381e+04	8.457534e-04
1.007367e+04	8.407205e-04
1.008354e+04	8.356989e-04
1.009340e+04	8.306890e-04
1.010327e+04	8.256907e-04
1.011314e+04	8.207042e-04
1.012300e+04	8.157298e-04
1.013287e+04	8.107675e-04
1.014274e+04	8.058175e-04
1.015260e+04	8.008799e-04
1.016247e+04	7.959549e-04
1.017234e+04	7.910427e-04
1.018220e+04	7.861432e-04
1.019207e+04	7.812568e-04
1.020194e+04	7.763835e-04
1.021180e+04	7.715235e-04
1.022167e+04	7.666768e-04
1.023154e+04	7.618437e-04
1.024140e+04	7.570243e-04
1.025127e+04	7.522186e-04
1.026113e+04	7.474268e-04
1.027100e+04	7.426491e-04
1.028087e+04	7.378855e-04
1.029073e+04	7.331362e-04
1.030060e+04	7.284013e-04
1.031047e+04	7.236809e-04
1.032033e+04	7.189751e-04
1.033020e+04	7.142840e-04
1.034007e+04	7.096078e-04
1.034993e+04	7.049466e-04
1.035980e+04	7.003004e-04
1.036967e+04	6.956694e-04
1.037953e+04	6.910536e-04
1.038940e+04	6.864533e-04
1.039927e+04	6.818684e-04
1.040913e+04	6.772991e-04
1.041900e+04	6.727455e-04
1.042886e+04	6.682076e-04
1.043873e+04	6.636857e-04
1.044860e+04	6.591797e-04
1.045846e+04	6.546897e-04
1.046833e+04	6.502159e-04
1.047820e+04	6.457583e-04
1.048806e+04	6.413170e-04
1.049793e+04	6.368922e-04
1.050780e+04	6.324838e-04
1.051766e+04	6.280919e-04
1.052753e+04	6.237168e-04
1.053740e+04	6.193583e-04
1.054726e+04	6.150166e-04
1.055713e+04	6.106919e-04
1.056700e+04	6.063840e-04
1.057686e+04	6.020932e-04
1.058673e+04	5.978194e-04
1.059659e+04	5.935629e-04
1.060646e+04	5.893235e-04
1.061633e+04	5.851014e-04
1.062619e+04	5.808967e-04
1.063606e+04	5.767093e-04
1.064593e+04	5.725395e-04
1.065579e+04	5.683871e-04
1.066566e+04	5.642524e-04
1.067553e+04	5.601353e-04
1.068539e+04	5.560358e-04
1.069526e+04	5.519541e-04
1.070513e+04	5.478903e-04
1.071499e+04	5.438442e-04
1.072486e+04	5.398161e-04
1.073473e+04	5.358058e-04
1.074459e+04	5.318136e-04
1.075446e+04	5.278394e-04
1.076432e+04	5.238832e-04
1.077419e+04	5.199452e-04
1.078406e+04	5.160253e-04
1.079392e+04	5.121236e-04
1.080379e+04	5.082401e-04
1.081366e+04	5.043748e-04
1.082352e+04	5.005278e-04
1.083339e+04	4.966991e-04
1.084326e+04	4.928888e-04
1.085312e+04	4.890968e-04
1.086299e+04	4.853233e-04
1.087286e+04	4.815681e-04
1.088272e+04	4.778314e-04
1.089259e+04	4.741131e-04
1.090246e+04	4.704134e-04
1.091232e+04	4.667321e-04
1.092219e+04	4.630694e-04
1.093205e+04	4.594252e-04
1.094192e+04	4.557996e-04
1.095179e+04	4.521925e-04
1.096165e+04	4.486040e-04
1.097152e+04	4.450341e-04
1.098139e+04	4.414829e-04
1.099125e+04	4.379502e-04
1.100112e+04	4.344361e-04
1.101099e+04	4.309407e-04
1.102085e+04	4.274639e-04
1.103072e+04	4.240057e-04
1.104059e+04	4.205662e-04
1.105045e+04	4.171453e-04
1.106032e+04	4.137431e-04
1.107019e+04	4.103594e-04
1.108005e+04	4.069944e-04
1.108992e+04	4.036481e-04
1.109979e+04	4.003203e-04
1.110965e+04	3.970112e-04
1.111952e+04	3.937207e-04
1.112938e+04	3.904488e-04
1.113925e+04	3.871955e-04
1.114912e+04	3.839608e-04
1.115898e+04	3.807446e-04
1.116885e+04	3.775470e-04
1.117872e+04	3.743679e-04
1.118858e+04	3.712073e-04
1.119845e+04	3.680653e-04
1.120832e+04	3.649417e-04
1.121818e+04	3.618367e-04
1.122805e+04	3.587500e-04
1.123792e+04	3.556818e-04
1.124778e+04	3.526320e-04
1.125765e+04	3.496006e-04
1.126752e+04	3.465876e-04
1.127738e+04	3.435929e-04
1.128725e+04	3.406165e-04
1.129711e+04	3.376584e-04
1.130698e+04	3.347185e-04
1.131685e+04	3.317969e-04
1.132671e+04	3.288935e-04
1.133658e+04	3.260082e-04
1.134645e+04	3.231411e-04
1.135631e+04	3.202921e-04
1.136618e+04	3.174611e-04
1.137605e+04	3.146482e-04
1.138591e+04	3.118533e-04
1.139578e+04	3.090763e-04
1.140565e+04	3.063173e-04
1.141551e+04	3.035761e-04
1.142538e+04	3.008528e-04
1.143525e+04	2.981473e-04
1.144511e+04	2.954596e-04
1.145498e+04	2.927896e-04
1.146484e+04	2.901373e-04
1.147471e+04	2.875026e-04
1.148458e+04	2.848855e-04
1.149444e+04	2.822860e-04
1.150431e+04	2.797040e-04
1.151418e+04	2.771394e-04
1.152404e+04	2.745923e-04
1.153391e+04	2.720625e-04
1.154378e+04	2.695501e-04
1.155364e+04	2.670549e-04
1.156351e+04	2.645769e-04
1.157338e+04	2.621161e-04
1.158324e+04	2.596725e-04
1.159311e+04	2.572459e-04
1.160298e+04	2.548363e-04
1.161284e+04	2.524437e-04
1.162271e+04	2.500680e-04
1.163257e+04	2.477091e-04
1.164244e+04	2.453671e-04
1.165231e+04	2.430418e-04
1.166217e+04	2.407332e-04
1.167204e+04	2.384412e-04
1.168191e+04	2.361658e-04
1.169177e+04	2.339069e-04
1.170164e+04	2.316645e-04
1.171151e+04	2.294384e-04
1.172137e+04	2.272288e-04
1.173124e+04	2.250354e-04
1.174111e+04	2.228582e-04
1.175097e+04	2.206972e-04
1.176084e+04	2.185523e-04
1.177071e+04	2.164234e-04
1.178057e+04	2.143105e-04
1.179044e+04	2.122135e-04
1.180030e+04	2.101324e-04
1.181017e+04	2.080671e-04
1.182004e+04	2.060174e-04
1.182990e+04	2.039835e-04
1.183977e+04	2.019651e-04
1.184964e+04	1.999623e-04
1.185950e+04	1.979749e-04
1.186937e+04	1.960030e-04
1.187924e+04	1.940463e-04
1.188910e+04	1.921050e-04
1.189897e+04	1.901788e-04
1.190884e+04	1.882678e-04
1.191870e+04	1.863718e-04
1.192857e+04	1.844908e-04
1.193844e+04	1.826248e-04
1.194830e+04	1.807736e-04
1.195817e+04	1.789372e-04
1.196803e+04	1.771155e-04
1.197790e+04	1.753085e-04
1.198777e+04	1.735160e-04
1.199763e+04	1.717381e-04
1.200750e+04	1.699746e-04
1.201737e+04	1.682255e-04
1.202723e+04	1.664907e-04
1.203710e+04	1.647701e-04
1.204697e+04	1.630637e-04
1.205683e+04	1.613713e-04
1.206670e+04	1.596930e-04
1.207657e+04	1.580286e-04
1.208643e+04	1.563781e-04
1.209630e+04	1.547414e-04
1.210617e+04	1.531185e-04
1.211603e+04	1.515092e-04
1.212590e+04	1.499134e-04
1.213576e+04	1.483312e-04
1.214563e+04	1.467625e-04
1.215550e+04	1.452070e-04
1.216536e+04	1.436649e-04
1.217523e+04	1.421360e-04
1.218510e+04	1.406203e-04
1.219496e+04	1.391176e-04
1.220483e+04	1.376280e-04
1.221470e+04	1.361512e-04
1.222456e+04	1.346873e-04
1.223443e+04	1.332362e-04
1.224430e+04	1.317978e-04
1.225416e+04	1.303720e-04
1.226403e+04	1.289588e-04
1.227390e+04	1.275581e-04
1.228376e+04	1.261698e-04
1.229363e+04	1.247938e-04
1.230350e+04	1.234301e-04
1.231336e+04	1.220786e-04
1.232323e+04	1.207392e-04
1.233309e+04	1.194119e-04
1.234296e+04	1.180965e-04
1.235283e+04	1.167930e-04
1.236269e+04	1.155013e-04
1.237256e+04	1.142214e-04
1.238243e+04	1.129531e-04
1.239229e+04	1.116965e-04
1.240216e+04	1.104514e-04
1.241203e+04	1.092177e-04
1.242189e+04	1.079954e-04
1.243176e+04	1.067845e-04
1.244163e+04	1.055847e-04
1.245149e+04	1.043961e-04
1.246136e+04	1.032186e-04
1.247123e+04	1.020522e-04
1.248109e+04	1.008966e-04
1.249096e+04	9.975197e-05
1.250082e+04	9.861810e-05
1.251069e+04	9.749495e-05
1.252056e+04	9.638245e-05
1.253042e+04	9.528053e-05
1.254029e+04	9.418912e-05
1.255016e+04	9.310814e-05
1.256002e+04	9.203752e-05
1.256989e+04	9.097720e-05
1.257976e+04	8.992709e-05
1.258962e+04	8.888713e-05
1.259949e+04	8.785724e-05
1.260936e+04	8.683736e-05
1.261922e+04	8.582741e-05
1.262909e+04	8.482732e-05
1.263896e+04	8.383702e-05
1.264882e+04	8.285645e-05
1.265869e+04	8.188553e-05
1.266855e+04	8.092418e-05
1.267842e+04	7.997235e-05
1.268829e+04	7.902995e-05
1.269815e+04	7.809693e-05
1.270802e+04	7.717321e-05
1.271789e+04	7.625872e-05
1.272775e+04	7.535339e-05
1.273762e+04	7.445716e-05
1.274749e+04	7.356995e-05
1.275735e+04	7.269170e-05
1.276722e+04	7.182234e-05
1.277709e+04	7.096180e-05
1.278695e+04	7.011002e-05
1.279682e+04	6.926692e-05
1.280669e+04	6.843243e-05
1.281655e+04	6.760650e-05
1.282642e+04	6.678906e-05
1.283628e+04	6.598003e-05
1.284615e+04	6.517936e-05
1.285602e+04	6.438697e-05
1.286588e+04	6.360281e-05
1.287575e+04	6.282679e-05
1.288562e+04	6.205887e-05
1.289548e+04	6.129897e-05
1.290535e+04	6.054704e-05
1.291522e+04	5.980300e-05
1.292508e+04	5.906678e-05
1.293495e+04	5.833834e-05
1.294482e+04	5.761760e-05
1.295468e+04	5.690450e-05
1.296455e+04	5.619898e-05
1.297442e+04	5.550098e-05
1.298428e+04	5.481042e-05
1.299415e+04	5.412726e-05
1.300401e+04	5.345142e-05
1.301388e+04	5.278285e-05
1.302375e+04	5.212149e-05
1.303361e+04	5.146727e-05
1.304348e+04	5.082013e-05
1.305335e+04	5.018001e-05
1.306321e+04	4.954686e-05
1.307308e+04	4.892061e-05
1.308295e+04	4.830120e-05
1.309281e+04	4.768858e-05
1.310268e+04	4.708267e-05
1.311255e+04	4.648344e-05
1.312241e+04	4.589081e-05
1.313228e+04	4.530474e-05
1.314215e+04	4.472515e-05
1.315201e+04	4.415200e-05
1.316188e+04	4.358522e-05
1.317174e+04	4.302477e-05
1.318161e+04	4.247058e-05
1.319148e+04	4.192259e-05
1.320134e+04	4.138076e-05
1.321121e+04	4.084502e-05
1.322108e+04	4.031533e-05
1.323094e+04	3.979162e-05
1.324081e+04	3.927384e-05
1.325068e+04	3.876193e-05
1.326054e+04	3.825585e-05
1.327041e+04	3.775554e-05
1.328028e+04	3.726094e-05
1.329014e+04	3.677201e-05
1.330001e+04	3.628869e-05
1.330988e+04	3.581092e-05
1.331974e+04	3.533866e-05
1.332961e+04	3.487185e-05
1.333948e+04	3.441045e-05
1.334934e+04	3.395439e-05
1.335921e+04	3.350364e-05
1.336907e+04	3.305813e-05
1.337894e+04	3.261783e-05
1.338881e+04	3.218267e-05
1.339867e+04	3.175262e-05
1.340854e+04	3.132761e-05
1.341841e+04	3.090761e-05
1.342827e+04	3.049256e-05
1.343814e+04	3.008242e-05
1.344801e+04	2.967714e-05
1.345787e+04	2.927666e-05
1.346774e+04	2.888095e-05
1.347761e+04	2.848995e-05
1.348747e+04	2.810362e-05
1.349734e+04	2.772192e-05
1.350721e+04	2.734479e-05
1.351707e+04	2.697220e-05
1.352694e+04	2.660409e-05
1.353680e+04	2.624042e-05
1.354667e+04	2.588114e-05
1.355654e+04	2.552622e-05
1.356640e+04	2.517561e-05
1.357627e+04	2.482926e-05
1.358614e+04	2.448714e-05
1.359600e+04	2.414919e-05
1.360587e+04	2.381537e-05
1.361574e+04	2.348565e-05
1.362560e+04	2.315998e-05
1.363547e+04	2.283832e-05
1.364534e+04	2.252062e-05
1.365520e+04	2.220686e-05
1.366507e+04	2.189697e-05
1.367494e+04	2.159093e-05
1.368480e+04	2.128870e-05
1.369467e+04	2.099023e-05
1.370453e+04	2.069549e-05
1.371440e+04	2.040443e-05
1.372427e+04	2.011701e-05
1.373413e+04	1.983321e-05
1.374400e+04	1.955298e-05
1.375387e+04	1.927627e-05
1.376373e+04	1.900306e-05
1.377360e+04	1.873331e-05
1.378347e+04	1.846698e-05
1.379333e+04	1.820402e-05
1.380320e+04	1.794442e-05
1.381307e+04	1.768812e-05
1.382293e+04	1.743510e-05
1.383280e+04	1.718531e-05
1.384267e+04	1.693873e-05
1.385253e+04	1.669531e-05
1.386240e+04	1.645503e-05
1.387226e+04	1.621784e-05
1.388213e+04	1.598372e-05
1.389200e+04	1.575263e-05
1.390186e+04	1.552453e-05
1.391173e+04	1.529940e-05
1.392160e+04	1.507720e-05
1.393146e+04	1.485789e-05
1.394133e+04	1.464145e-05
1.395120e+04	1.442784e-05
1.396106e+04	1.421704e-05
1.397093e+04	1.400900e-05
1.398080e+04	1.380370e-05
1.399066e+04	1.360110e-05
1.400053e+04	1.340119e-05
1.401040e+04	1.320391e-05
1.402026e+04	1.300925e-05
1.403013e+04	1.281718e-05
1.403999e+04	1.262766e-05
1.404986e+04	1.244067e-05
1.405973e+04	1.225618e-05
1.406959e+04	1.207415e-05
1.407946e+04	1.189456e-05
1.408933e+04	1.171739e-05
1.409919e+04	1.154259e-05
1.410906e+04	1.137015e-05
1.411893e+04	1.120004e-05
1.412879e+04	1.103223e-05
1.413866e+04	1.086669e-05
1.414853e+04	1.070340e-05
1.415839e+04	1.054233e-05
1.416826e+04	1.038345e-05
1.417813e+04	1.022674e-05
1.418799e+04	1.007216e-05
1.419786e+04	9.919710e-06
1.420772e+04	9.769346e-06
1.421759e+04	9.621047e-06
1.422746e+04	9.474790e-06
1.423732e+04	9.330548e-06
1.424719e+04	9.188298e-06
1.425706e+04	9.048016e-06
1.426692e+04	8.909678e-06
1.427679e+04	8.773260e-06
1.428666e+04	8.638739e-06
1.429652e+04	8.506092e-06
1.430639e+04	8.375295e-06
1.431626e+04	8.246327e-06
1.432612e+04	8.119164e-06
1.433599e+04	7.993784e-06
1.434586e+04	7.870166e-06
1.435572e+04	7.748288e-06
1.436559e+04	7.628127e-06
1.437545e+04	7.509664e-06
1.438532e+04	7.392875e-06
1.439519e+04	7.277742e-06
1.440505e+04	7.164242e-06
1.441492e+04	7.052356e-06
1.442479e+04	6.942062e-06
1.443465e+04	6.833342e-06
1.444452e+04	6.726176e-06
1.445439e+04	6.620543e-06
1.446425e+04	6.516424e-06
1.447412e+04	6.413800e-06
1.448399e+04	6.312652e-06
1.449385e+04	6.212962e-06
1.450372e+04	6.114709e-06
1.451359e+04	6.017877e-06
1.452345e+04	5.922447e-06
1.453332e+04	5.828401e-06
1.454319e+04	5.735721e-06
1.455305e+04	5.644389e-06
1.456292e+04	5.554388e-06
1.457278e+04	5.465701e-06
1.458265e+04	5.378310e-06
1.459252e+04	5.292199e-06
1.460238e+04	5.207351e-06
1.461225e+04	5.123750e-06
1.462212e+04	5.041379e-06
1.463198e+04	4.960222e-06
1.464185e+04	4.880263e-06
1.465172e+04	4.801487e-06
1.466158e+04	4.723877e-06
1.467145e+04	4.647418e-06
1.468132e+04	4.572095e-06
1.469118e+04	4.497894e-06
1.470105e+04	4.424798e-06
1.471092e+04	4.352793e-06
1.472078e+04	4.281865e-06
1.473065e+04	4.211999e-06
1.474051e+04	4.143182e-06
1.475038e+04	4.075398e-06
1.476025e+04	4.008634e-06
1.477011e+04	3.942876e-06
1.477998e+04	3.878111e-06
1.478985e+04	3.814324e-06
1.479971e+04	3.751504e-06
1.480958e+04	3.689636e-06
1.481945e+04	3.628709e-06
1.482931e+04	3.568707e-06
1.483918e+04	3.509621e-06
1.484905e+04	3.451435e-06
1.485891e+04	3.394139e-06
1.486878e+04	3.337720e-06
1.487865e+04	3.282166e-06
1.488851e+04	3.227465e-06
1.489838e+04	3.173605e-06
1.490824e+04	3.120575e-06
1.491811e+04	3.068362e-06
1.492798e+04	3.016957e-06
1.493784e+04	2.966346e-06
1.494771e+04	2.916520e-06
1.495758e+04	2.867467e-06
1.496744e+04	2.819176e-06
1.497731e+04	2.771638e-06
1.498718e+04	2.724840e-06
1.499704e+04	2.678773e-06
1.500691e+04	2.633426e-06
1.501678e+04	2.588789e-06
1.502664e+04	2.544853e-06
1.503651e+04	2.501606e-06
1.504638e+04	2.459040e-06
1.505624e+04	2.417145e-06
1.506611e+04	2.375910e-06
1.507597e+04	2.335327e-06
1.508584e+04	2.295387e-06
1.509571e+04	2.256079e-06
1.510557e+04	2.217395e-06
1.511544e+04	2.179326e-06
1.512531e+04	2.141863e-06
1.513517e+04	2.104998e-06
1.514504e+04	2.068720e-06
1.515491e+04	2.033023e-06
1.516477e+04	1.997898e-06
1.517464e+04	1.963336e-06
1.518451e+04	1.929329e-06
1.519437e+04	1.895868e-06
1.520424e+04	1.862947e-06
1.521411e+04	1.830557e-06
1.522397e+04	1.798690e-06
1.523384e+04	1.767338e-06
1.524370e+04	1.736495e-06
1.525357e+04	1.706151e-06
1.526344e+04	1.676301e-06
1.527330e+04	1.646937e-06
1.528317e+04	1.618050e-06
1.529304e+04	1.589636e-06
1.530290e+04	1.561685e-06
1.531277e+04	1.534192e-06
1.532264e+04	1.507149e-06
1.533250e+04	1.480551e-06
1.534237e+04	1.454389e-06
1.535224e+04	1.428658e-06
1.536210e+04	1.403351e-06
1.537197e+04	1.378461e-06
1.538184e+04	1.353983e-06
1.539170e+04	1.329911e-06
1.540157e+04	1.306237e-06
1.541143e+04	1.282956e-06
1.542130e+04	1.260062e-06
1.543117e+04	1.237549e-06
1.544103e+04	1.215411e-06
1.545090e+04	1.193643e-06
1.546077e+04	1.172238e-06
1.547063e+04	1.151192e-06
1.548050e+04	1.130499e-06
1.549037e+04	1.110153e-06
1.550023e+04	1.090149e-06
1.551010e+04	1.070481e-06
1.551997e+04	1.051145e-06
1.552983e+04	1.032136e-06
1.553970e+04	1.013447e-06
1.554957e+04	9.950754e-07
1.555943e+04	9.770147e-07
1.556930e+04	9.592605e-07
1.557916e+04	9.418080e-07
1.558903e+04	9.246525e-07
1.559890e+04	9.077894e-07
1.560876e+04	8.912139e-07
1.561863e+04	8.749218e-07
1.562850e+04	8.589083e-07
1.563836e+04	8.431693e-07
1.564823e+04	8.277002e-07
1.565810e+04	8.124969e-07
1.566796e+04	7.975552e-07
1.567783e+04	7.828708e-07
1.568770e+04	7.684398e-07
1.569756e+04	7.542580e-07
1.570743e+04	7.403215e-07
1.571730e+04	7.266263e-07
1.572716e+04	7.131687e-07
1.573703e+04	6.999448e-07
1.574690e+04	6.869508e-07
1.575676e+04	6.741831e-07
1.576663e+04	6.616379e-07
1.577649e+04	6.493118e-07
1.578636e+04	6.372012e-07
1.579623e+04	6.253026e-07
1.580609e+04	6.136125e-07
1.581596e+04	6.021276e-07
1.582583e+04	5.908445e-07
1.583569e+04	5.797600e-07
1.584556e+04	5.688708e-07
1.585543e+04	5.581738e-07
1.586529e+04	5.476657e-07
1.587516e+04	5.373435e-07
1.588503e+04	5.272041e-07
1.589489e+04	5.172446e-07
1.590476e+04	5.074620e-07
1.591463e+04	4.978533e-07
1.592449e+04	4.884157e-07
1.593436e+04	4.791464e-07
1.594422e+04	4.700425e-07
1.595409e+04	4.611014e-07
1.596396e+04	4.523203e-07
1.597382e+04	4.436966e-07
1.598369e+04	4.352277e-07
1.599356e+04	4.269109e-07
1.600342e+04	4.187437e-07
1.601329e+04	4.107237e-07
1.602316e+04	4.028483e-07
1.603302e+04	3.951151e-07
1.604289e+04	3.875218e-07
1.605276e+04	3.800660e-07
1.606262e+04	3.727453e-07
1.607249e+04	3.655575e-07
1.608236e+04	3.585004e-07
1.609222e+04	3.515717e-07
1.610209e+04	3.447693e-07
1.611195e+04	3.380909e-07
1.612182e+04	3.315346e-07
1.613169e+04	3.250982e-07
1.614155e+04	3.187797e-07
1.615142e+04	3.125770e-07
1.616129e+04	3.064882e-07
1.617115e+04	3.005113e-07
1.618102e+04	2.946445e-07
1.619089e+04	2.888858e-07
1.620075e+04	2.832333e-07
1.621062e+04	2.776853e-07
1.622049e+04	2.722399e-07
1.623035e+04	2.668953e-07
1.624022e+04	2.616499e-07
1.625009e+04	2.565018e-07
1.625995e+04	2.514495e-07
1.626982e+04	2.464912e-07
1.627968e+04	2.416253e-07
1.628955e+04	2.368502e-07
1.629942e+04	2.321643e-07
1.630928e+04	2.275661e-07
1.631915e+04	2.230540e-07
1.632902e+04	2.186265e-07
1.633888e+04	2.142821e-07
1.634875e+04	2.100194e-07
1.635862e+04	2.058369e-07
1.636848e+04	2.017332e-07
1.637835e+04	1.977070e-07
1.638822e+04	1.937568e-07
1.639808e+04	1.898813e-07
1.640795e+04	1.860792e-07
1.641782e+04	1.823492e-07
1.642768e+04	1.786899e-07
1.643755e+04	1.751003e-07
1.644741e+04	1.715789e-07
1.645728e+04	1.681246e-07
1.646715e+04	1.647362e-07
1.647701e+04	1.614125e-07
1.648688e+04	1.581523e-07
1.649675e+04	1.549546e-07
1.650661e+04	1.518181e-07
1.651648e+04	1.487418e-07
1.652635e+04	1.457246e-07
1.653621e+04	1.427655e-07
1.654608e+04	1.398633e-07
1.655595e+04	1.370171e-07
1.656581e+04	1.342258e-07
1.657568e+04	1.314885e-07
1.658555e+04	1.288041e-07
1.659541e+04	1.261717e-07
1.660528e+04	1.235904e-07
1.661514e+04	1.210592e-07
1.662501e+04	1.185772e-07
1.663488e+04	1.161435e-07
1.664474e+04	1.137573e-07
1.665461e+04	1.114176e-07
1.666448e+04	1.091235e-07
1.667434e+04	1.068744e-07
1.668421e+04	1.046693e-07
1.669408e+04	1.025074e-07
1.670394e+04	1.003879e-07
1.671381e+04	9.831007e-08
1.672368e+04	9.627310e-08
1.673354e+04	9.427625e-08
1.674341e+04	9.231876e-08
1.675328e+04	9.039991e-08
1.676314e+04	8.851898e-08
1.677301e+04	8.667526e-08
1.678287e+04	8.486805e-08
1.679274e+04	8.309668e-08
1.680261e+04	8.136048e-08
1.681247e+04	7.965878e-08
1.682234e+04	7.799095e-08
1.683221e+04	7.635633e-08
1.684207e+04	7.475432e-08
1.685194e+04	7.318429e-08
1.686181e+04	7.164565e-08
1.687167e+04	7.013779e-08
1.688154e+04	6.866015e-08
1.689141e+04	6.721214e-08
1.690127e+04	6.579321e-08
1.691114e+04	6.440281e-08
1.692101e+04	6.304039e-08
1.693087e+04	6.170542e-08
1.694074e+04	6.039738e-08
1.695061e+04	5.911575e-08
1.696047e+04	5.786004e-08
1.697034e+04	5.662974e-08
1.698020e+04	5.542437e-08
1.699007e+04	5.424345e-08
1.699994e+04	5.308651e-08
1.700980e+04	5.195310e-08
1.701967e+04	5.084275e-08
1.702954e+04	4.975503e-08
1.703940e+04	4.868950e-08
1.704927e+04	4.764573e-08
1.705914e+04	4.662331e-08
1.706900e+04	4.562180e-08
1.707887e+04	4.464082e-08
1.708874e+04	4.367997e-08
1.709860e+04	4.273884e-08
1.710847e+04	4.181706e-08
1.711834e+04	4.091426e-08
1.712820e+04	4.003006e-08
1.713807e+04	3.916409e-08
1.714793e+04	3.831601e-08
1.715780e+04	3.748546e-08
1.716767e+04	3.667210e-08
1.717753e+04	3.587560e-08
1.718740e+04	3.509561e-08
1.719727e+04	3.433182e-08
1.720713e+04	3.358390e-08
1.721700e+04	3.285155e-08
1.722687e+04	3.213445e-08
1.723673e+04	3.143231e-08
1.724660e+04	3.074483e-08
1.725647e+04	3.007172e-08
1.726633e+04	2.941269e-08
1.727620e+04	2.876746e-08
1.728607e+04	2.813576e-08
1.729593e+04	2.751733e-08
1.730580e+04	2.691189e-08
1.731566e+04	2.631918e-08
1.732553e+04	2.573896e-08
1.733540e+04	2.517097e-08
1.734526e+04	2.461497e-08
1.735513e+04	2.407072e-08
1.736500e+04	2.353797e-08
1.737486e+04	2.301651e-08
1.738473e+04	2.250610e-08
1.739460e+04	2.200651e-08
1.740446e+04	2.151754e-08
1.741433e+04	2.103897e-08
1.742420e+04	2.057059e-08
1.743406e+04	2.011218e-08
1.744393e+04	1.966355e-08
1.745380e+04	1.922451e-08
1.746366e+04	1.879485e-08
1.747353e+04	1.837438e-08
1.748339e+04	1.796292e-08
1.749326e+04	1.756029e-08
1.750313e+04	1.716630e-08
1.751299e+04	1.678078e-08
1.752286e+04	1.640355e-08
1.753273e+04	1.603444e-08
1.754259e+04	1.567329e-08
1.755246e+04	1.531994e-08
1.756233e+04	1.497422e-08
1.757219e+04	1.463597e-08
1.758206e+04	1.430505e-08
1.759193e+04	1.398130e-08
1.760179e+04	1.366458e-08
1.761166e+04	1.335473e-08
1.762153e+04	1.305162e-08
1.763139e+04	1.275510e-08
1.764126e+04	1.246505e-08
1.765112e+04	1.218132e-08
1.766099e+04	1.190378e-08
1.767086e+04	1.163231e-08
1.768072e+04	1.136678e-08
1.769059e+04	1.110706e-08
1.770046e+04	1.085303e-08
1.771032e+04	1.060458e-08
1.772019e+04	1.036159e-08
1.773006e+04	1.012394e-08
1.773992e+04	9.891520e-09
1.774979e+04	9.664222e-09
1.775966e+04	9.441937e-09
1.776952e+04	9.224560e-09
1.777939e+04	9.011988e-09
1.778926e+04	8.804119e-09
1.779912e+04	8.600853e-09
1.780899e+04	8.402094e-09
1.781885e+04	8.207745e-09
1.782872e+04	8.017714e-09
1.783859e+04	7.831909e-09
1.784845e+04	7.650240e-09
1.785832e+04	7.472618e-09
1.786819e+04	7.298959e-09
1.787805e+04	7.129177e-09
1.788792e+04	6.963190e-09
1.789779e+04	6.800916e-09
1.790765e+04	6.642277e-09
1.791752e+04	6.487193e-09
1.792739e+04	6.335591e-09
1.793725e+04	6.187393e-09
1.794712e+04	6.042528e-09
1.795699e+04	5.900923e-09
1.796685e+04	5.762509e-09
1.797672e+04	5.627217e-09
1.798659e+04	5.494979e-09
1.799645e+04	5.365730e-09
1.800632e+04	5.239404e-09
1.801618e+04	5.115938e-09
1.802605e+04	4.995272e-09
1.803592e+04	4.877343e-09
1.804578e+04	4.762092e-09
1.805565e+04	4.649461e-09
1.806552e+04	4.539394e-09
1.807538e+04	4.431833e-09
1.808525e+04	4.326726e-09
1.809512e+04	4.224017e-09
1.810498e+04	4.123654e-09
1.811485e+04	4.025587e-09
1.812472e+04	3.929765e-09
1.813458e+04	3.836139e-09
1.814445e+04	3.744660e-09
1.815432e+04	3.655281e-09
1.816418e+04	3.567956e-09
1.817405e+04	3.482640e-09
1.818391e+04	3.399289e-09
1.819378e+04	3.317859e-09
1.820365e+04	3.238308e-09
1.821351e+04	3.160594e-09
1.822338e+04	3.084676e-09
1.823325e+04	3.010515e-09
1.824311e+04	2.938072e-09
1.825298e+04	2.867308e-09
1.826285e+04	2.798187e-09
1.827271e+04	2.730671e-09
1.828258e+04	2.664725e-09
1.829245e+04	2.600314e-09
1.830231e+04	2.537403e-09
1.831218e+04	2.475960e-09
1.832205e+04	2.415950e-09
1.833191e+04	2.357343e-09
1.834178e+04	2.300106e-09
1.835164e+04	2.244210e-09
1.836151e+04	2.189623e-09
1.837138e+04	2.136316e-09
1.838124e+04	2.084261e-09
1.839111e+04	2.033429e-09
1.840098e+04	1.983793e-09
1.841084e+04	1.935325e-09
1.842071e+04	1.888000e-09
1.843058e+04	1.841791e-09
1.844044e+04	1.796673e-09
1.845031e+04	1.752621e-09
1.846018e+04	1.709611e-09
1.847004e+04	1.667620e-09
1.847991e+04	1.626624e-09
1.848978e+04	1.586601e-09
1.849964e+04	1.547528e-09
1.850951e+04	1.509384e-09
1.851937e+04	1.472147e-09
1.852924e+04	1.435797e-09
1.853911e+04	1.400314e-09
1.854897e+04	1.365677e-09
1.855884e+04	1.331867e-09
1.856871e+04	1.298866e-09
1.857857e+04	1.266654e-09
1.858844e+04	1.235213e-09
1.859831e+04	1.204526e-09
1.860817e+04	1.174576e-09
1.861804e+04	1.145344e-09
1.862791e+04	1.116816e-09
1.863777e+04	1.088974e-09
1.864764e+04	1.061802e-09
1.865751e+04	1.035285e-09
1.866737e+04	1.009408e-09
1.867724e+04	9.841563e-10
1.868710e+04	9.595147e-10
1.869697e+04	9.354693e-10
1.870684e+04	9.120063e-10
1.871670e+04	8.891120e-10
1.872657e+04	8.667731e-10
1.873644e+04	8.449768e-10
1.874630e+04	8.237102e-10
1.875617e+04	8.029611e-10
1.876604e+04	7.827173e-10
1.877590e+04	7.629669e-10
1.878577e+04	7.436983e-10
1.879564e+04	7.249003e-10
1.880550e+04	7.065617e-10
1.881537e+04	6.886717e-10
1.882524e+04	6.712198e-10
1.883510e+04	6.541957e-10
1.884497e+04	6.375891e-10
1.885483e+04	6.213903e-10
1.886470e+04	6.055897e-10
1.887457e+04	5.901776e-10
1.888443e+04	5.751451e-10
1.889430e+04	5.604830e-10
1.890417e+04	5.461825e-10
1.891403e+04	5.322351e-10
1.892390e+04	5.186324e-10
1.893377e+04	5.053660e-10
1.894363e+04	4.924281e-10
1.895350e+04	4.798107e-10
1.896337e+04	4.675063e-10
1.897323e+04	4.555073e-10
1.898310e+04	4.438064e-10
1.899297e+04	4.323964e-10
