# # p(y | x = 1.300000e-02)
# # y_val	p(y|x)
0.000000e+00	7.005477e-07
5.044592e+00	7.141103e-07
1.008918e+01	7.279186e-07
1.513378e+01	7.419766e-07
2.017837e+01	7.562885e-07
2.522296e+01	7.708586e-07
3.026755e+01	7.856911e-07
3.531214e+01	8.007903e-07
4.035673e+01	8.161608e-07
4.540133e+01	8.318070e-07
5.044592e+01	8.477334e-07
5.549051e+01	8.639446e-07
6.053510e+01	8.804454e-07
6.557969e+01	8.972405e-07
7.062428e+01	9.143347e-07
7.566888e+01	9.317329e-07
8.071347e+01	9.494401e-07
8.575806e+01	9.674614e-07
9.080265e+01	9.858018e-07
9.584724e+01	1.004466e-06
1.008918e+02	1.023461e-06
1.059364e+02	1.042790e-06
1.109810e+02	1.062460e-06
1.160256e+02	1.082475e-06
1.210702e+02	1.102842e-06
1.261148e+02	1.123566e-06
1.311594e+02	1.144653e-06
1.362040e+02	1.166108e-06
1.412486e+02	1.187938e-06
1.462932e+02	1.210149e-06
1.513378e+02	1.232746e-06
1.563823e+02	1.255736e-06
1.614269e+02	1.279125e-06
1.664715e+02	1.302919e-06
1.715161e+02	1.327125e-06
1.765607e+02	1.351749e-06
1.816053e+02	1.376798e-06
1.866499e+02	1.402279e-06
1.916945e+02	1.428198e-06
1.967391e+02	1.454563e-06
2.017837e+02	1.481380e-06
2.068283e+02	1.508656e-06
2.118729e+02	1.536398e-06
2.169174e+02	1.564614e-06
2.219620e+02	1.593312e-06
2.270066e+02	1.622498e-06
2.320512e+02	1.652180e-06
2.370958e+02	1.682366e-06
2.421404e+02	1.713064e-06
2.471850e+02	1.744282e-06
2.522296e+02	1.776027e-06
2.572742e+02	1.808308e-06
2.623188e+02	1.841132e-06
2.673634e+02	1.874509e-06
2.724080e+02	1.908447e-06
2.774525e+02	1.942954e-06
2.824971e+02	1.978039e-06
2.875417e+02	2.013711e-06
2.925863e+02	2.049978e-06
2.976309e+02	2.086850e-06
3.026755e+02	2.124336e-06
3.077201e+02	2.162444e-06
3.127647e+02	2.201186e-06
3.178093e+02	2.240569e-06
3.228539e+02	2.280604e-06
3.278985e+02	2.321300e-06
3.329431e+02	2.362668e-06
3.379876e+02	2.404717e-06
3.430322e+02	2.447457e-06
3.480768e+02	2.490899e-06
3.531214e+02	2.535053e-06
3.581660e+02	2.579930e-06
3.632106e+02	2.625541e-06
3.682552e+02	2.671895e-06
3.732998e+02	2.719005e-06
3.783444e+02	2.766881e-06
3.833890e+02	2.815535e-06
3.884336e+02	2.864977e-06
3.934782e+02	2.915220e-06
3.985228e+02	2.966276e-06
4.035673e+02	3.018155e-06
4.086119e+02	3.070870e-06
4.136565e+02	3.124433e-06
4.187011e+02	3.178857e-06
4.237457e+02	3.234153e-06
4.287903e+02	3.290335e-06
4.338349e+02	3.347415e-06
4.388795e+02	3.405406e-06
4.439241e+02	3.464321e-06
4.489687e+02	3.524174e-06
4.540133e+02	3.584977e-06
4.590579e+02	3.646744e-06
4.641024e+02	3.709490e-06
4.691470e+02	3.773227e-06
4.741916e+02	3.837970e-06
4.792362e+02	3.903734e-06
4.842808e+02	3.970531e-06
4.893254e+02	4.038379e-06
4.943700e+02	4.107289e-06
4.994146e+02	4.177279e-06
5.044592e+02	4.248363e-06
5.095038e+02	4.320555e-06
5.145484e+02	4.393873e-06
5.195930e+02	4.468331e-06
5.246375e+02	4.543944e-06
5.296821e+02	4.620730e-06
5.347267e+02	4.698704e-06
5.397713e+02	4.777883e-06
5.448159e+02	4.858284e-06
5.498605e+02	4.939922e-06
5.549051e+02	5.022816e-06
5.599497e+02	5.106981e-06
5.649943e+02	5.192437e-06
5.700389e+02	5.279199e-06
5.750835e+02	5.367287e-06
5.801281e+02	5.456717e-06
5.851726e+02	5.547509e-06
5.902172e+02	5.639680e-06
5.952618e+02	5.733250e-06
6.003064e+02	5.828236e-06
6.053510e+02	5.924658e-06
6.103956e+02	6.022536e-06
6.154402e+02	6.121888e-06
6.204848e+02	6.222734e-06
6.255294e+02	6.325095e-06
6.305740e+02	6.428990e-06
6.356186e+02	6.534439e-06
6.406632e+02	6.641464e-06
6.457077e+02	6.750085e-06
6.507523e+02	6.860323e-06
6.557969e+02	6.972199e-06
6.608415e+02	7.085735e-06
6.658861e+02	7.200952e-06
6.709307e+02	7.317873e-06
6.759753e+02	7.436519e-06
6.810199e+02	7.556913e-06
6.860645e+02	7.679078e-06
6.911091e+02	7.803036e-06
6.961537e+02	7.928811e-06
7.011983e+02	8.056426e-06
7.062428e+02	8.185904e-06
7.112874e+02	8.317270e-06
7.163320e+02	8.450548e-06
7.213766e+02	8.585762e-06
7.264212e+02	8.722937e-06
7.314658e+02	8.862097e-06
7.365104e+02	9.003268e-06
7.415550e+02	9.146475e-06
7.465996e+02	9.291744e-06
7.516442e+02	9.439101e-06
7.566888e+02	9.588572e-06
7.617334e+02	9.740184e-06
7.667780e+02	9.893962e-06
7.718225e+02	1.004994e-05
7.768671e+02	1.020813e-05
7.819117e+02	1.036857e-05
7.869563e+02	1.053129e-05
7.920009e+02	1.069632e-05
7.970455e+02	1.086368e-05
8.020901e+02	1.103340e-05
8.071347e+02	1.120551e-05
8.121793e+02	1.138004e-05
8.172239e+02	1.155702e-05
8.222685e+02	1.173649e-05
8.273131e+02	1.191846e-05
8.323576e+02	1.210297e-05
8.374022e+02	1.229005e-05
8.424468e+02	1.247973e-05
8.474914e+02	1.267205e-05
8.525360e+02	1.286703e-05
8.575806e+02	1.306471e-05
8.626252e+02	1.326512e-05
8.676698e+02	1.346828e-05
8.727144e+02	1.367424e-05
8.777590e+02	1.388303e-05
8.828036e+02	1.409468e-05
8.878482e+02	1.430922e-05
8.928927e+02	1.452669e-05
8.979373e+02	1.474713e-05
9.029819e+02	1.497055e-05
9.080265e+02	1.519702e-05
9.130711e+02	1.542654e-05
9.181157e+02	1.565917e-05
9.231603e+02	1.589494e-05
9.282049e+02	1.613389e-05
9.332495e+02	1.637604e-05
9.382941e+02	1.662145e-05
9.433387e+02	1.687014e-05
9.483833e+02	1.712215e-05
9.534278e+02	1.737752e-05
9.584724e+02	1.763629e-05
9.635170e+02	1.789850e-05
9.685616e+02	1.816418e-05
9.736062e+02	1.843338e-05
9.786508e+02	1.870614e-05
9.836954e+02	1.898249e-05
9.887400e+02	1.926247e-05
9.937846e+02	1.954613e-05
9.988292e+02	1.983351e-05
1.003874e+03	2.012464e-05
1.008918e+03	2.041957e-05
1.013963e+03	2.071834e-05
1.019008e+03	2.102100e-05
1.024052e+03	2.132758e-05
1.029097e+03	2.163813e-05
1.034141e+03	2.195269e-05
1.039186e+03	2.227130e-05
1.044230e+03	2.259402e-05
1.049275e+03	2.292087e-05
1.054320e+03	2.325192e-05
1.059364e+03	2.358720e-05
1.064409e+03	2.392676e-05
1.069453e+03	2.427064e-05
1.074498e+03	2.461889e-05
1.079543e+03	2.497156e-05
1.084587e+03	2.532869e-05
1.089632e+03	2.569033e-05
1.094676e+03	2.605653e-05
1.099721e+03	2.642733e-05
1.104766e+03	2.680279e-05
1.109810e+03	2.718295e-05
1.114855e+03	2.756786e-05
1.119899e+03	2.795757e-05
1.124944e+03	2.835213e-05
1.129989e+03	2.875159e-05
1.135033e+03	2.915601e-05
1.140078e+03	2.956542e-05
1.145122e+03	2.997989e-05
1.150167e+03	3.039945e-05
1.155212e+03	3.082418e-05
1.160256e+03	3.125411e-05
1.165301e+03	3.168930e-05
1.170345e+03	3.212981e-05
1.175390e+03	3.257568e-05
1.180434e+03	3.302697e-05
1.185479e+03	3.348373e-05
1.190524e+03	3.394602e-05
1.195568e+03	3.441390e-05
1.200613e+03	3.488741e-05
1.205657e+03	3.536661e-05
1.210702e+03	3.585157e-05
1.215747e+03	3.634232e-05
1.220791e+03	3.683895e-05
1.225836e+03	3.734148e-05
1.230880e+03	3.785000e-05
1.235925e+03	3.836454e-05
1.240970e+03	3.888518e-05
1.246014e+03	3.941197e-05
1.251059e+03	3.994496e-05
1.256103e+03	4.048423e-05
1.261148e+03	4.102981e-05
1.266193e+03	4.158179e-05
1.271237e+03	4.214021e-05
1.276282e+03	4.270514e-05
1.281326e+03	4.327663e-05
1.286371e+03	4.385475e-05
1.291415e+03	4.443956e-05
1.296460e+03	4.503113e-05
1.301505e+03	4.562951e-05
1.306549e+03	4.623476e-05
1.311594e+03	4.684696e-05
1.316638e+03	4.746615e-05
1.321683e+03	4.809241e-05
1.326728e+03	4.872581e-05
1.331772e+03	4.936640e-05
1.336817e+03	5.001424e-05
1.341861e+03	5.066941e-05
1.346906e+03	5.133197e-05
1.351951e+03	5.200199e-05
1.356995e+03	5.267952e-05
1.362040e+03	5.336464e-05
1.367084e+03	5.405742e-05
1.372129e+03	5.475791e-05
1.377174e+03	5.546620e-05
1.382218e+03	5.618234e-05
1.387263e+03	5.690640e-05
1.392307e+03	5.763846e-05
1.397352e+03	5.837857e-05
1.402397e+03	5.912682e-05
1.407441e+03	5.988326e-05
1.412486e+03	6.064797e-05
1.417530e+03	6.142102e-05
1.422575e+03	6.220247e-05
1.427619e+03	6.299240e-05
1.432664e+03	6.379088e-05
1.437709e+03	6.459799e-05
1.442753e+03	6.541378e-05
1.447798e+03	6.623833e-05
1.452842e+03	6.707172e-05
1.457887e+03	6.791402e-05
1.462932e+03	6.876530e-05
1.467976e+03	6.962562e-05
1.473021e+03	7.049507e-05
1.478065e+03	7.137372e-05
1.483110e+03	7.226165e-05
1.488155e+03	7.315891e-05
1.493199e+03	7.406560e-05
1.498244e+03	7.498178e-05
1.503288e+03	7.590753e-05
1.508333e+03	7.684292e-05
1.513378e+03	7.778803e-05
1.518422e+03	7.874294e-05
1.523467e+03	7.970771e-05
1.528511e+03	8.068243e-05
1.533556e+03	8.166717e-05
1.538600e+03	8.266200e-05
1.543645e+03	8.366701e-05
1.548690e+03	8.468227e-05
1.553734e+03	8.570786e-05
1.558779e+03	8.674385e-05
1.563823e+03	8.779033e-05
1.568868e+03	8.884736e-05
1.573913e+03	8.991503e-05
1.578957e+03	9.099341e-05
1.584002e+03	9.208259e-05
1.589046e+03	9.318264e-05
1.594091e+03	9.429364e-05
1.599136e+03	9.541566e-05
1.604180e+03	9.654880e-05
1.609225e+03	9.769312e-05
1.614269e+03	9.884870e-05
1.619314e+03	1.000156e-04
1.624359e+03	1.011940e-04
1.629403e+03	1.023838e-04
1.634448e+03	1.035853e-04
1.639492e+03	1.047984e-04
1.644537e+03	1.060232e-04
1.649582e+03	1.072599e-04
1.654626e+03	1.085084e-04
1.659671e+03	1.097690e-04
1.664715e+03	1.110416e-04
1.669760e+03	1.123263e-04
1.674804e+03	1.136233e-04
1.679849e+03	1.149326e-04
1.684894e+03	1.162543e-04
1.689938e+03	1.175884e-04
1.694983e+03	1.189351e-04
1.700027e+03	1.202944e-04
1.705072e+03	1.216664e-04
1.710117e+03	1.230512e-04
1.715161e+03	1.244488e-04
1.720206e+03	1.258594e-04
1.725250e+03	1.272831e-04
1.730295e+03	1.287198e-04
1.735340e+03	1.301698e-04
1.740384e+03	1.316330e-04
1.745429e+03	1.331096e-04
1.750473e+03	1.345996e-04
1.755518e+03	1.361031e-04
1.760563e+03	1.376202e-04
1.765607e+03	1.391510e-04
1.770652e+03	1.406955e-04
1.775696e+03	1.422539e-04
1.780741e+03	1.438262e-04
1.785785e+03	1.454125e-04
1.790830e+03	1.470129e-04
1.795875e+03	1.486274e-04
1.800919e+03	1.502562e-04
1.805964e+03	1.518993e-04
1.811008e+03	1.535568e-04
1.816053e+03	1.552288e-04
1.821098e+03	1.569153e-04
1.826142e+03	1.586165e-04
1.831187e+03	1.603324e-04
1.836231e+03	1.620630e-04
1.841276e+03	1.638086e-04
1.846321e+03	1.655691e-04
1.851365e+03	1.673446e-04
1.856410e+03	1.691352e-04
1.861454e+03	1.709411e-04
1.866499e+03	1.727621e-04
1.871544e+03	1.745986e-04
1.876588e+03	1.764504e-04
1.881633e+03	1.783178e-04
1.886677e+03	1.802007e-04
1.891722e+03	1.820993e-04
1.896767e+03	1.840136e-04
1.901811e+03	1.859436e-04
1.906856e+03	1.878896e-04
1.911900e+03	1.898515e-04
1.916945e+03	1.918295e-04
1.921989e+03	1.938235e-04
1.927034e+03	1.958338e-04
1.932079e+03	1.978602e-04
1.937123e+03	1.999030e-04
1.942168e+03	2.019622e-04
1.947212e+03	2.040379e-04
1.952257e+03	2.061301e-04
1.957302e+03	2.082389e-04
1.962346e+03	2.103644e-04
1.967391e+03	2.125067e-04
1.972435e+03	2.146657e-04
1.977480e+03	2.168417e-04
1.982525e+03	2.190346e-04
1.987569e+03	2.212446e-04
1.992614e+03	2.234717e-04
1.997658e+03	2.257159e-04
2.002703e+03	2.279774e-04
2.007748e+03	2.302562e-04
2.012792e+03	2.325524e-04
2.017837e+03	2.348660e-04
2.022881e+03	2.371971e-04
2.027926e+03	2.395458e-04
2.032970e+03	2.419121e-04
2.038015e+03	2.442961e-04
2.043060e+03	2.466978e-04
2.048104e+03	2.491174e-04
2.053149e+03	2.515549e-04
2.058193e+03	2.540103e-04
2.063238e+03	2.564837e-04
2.068283e+03	2.589752e-04
2.073327e+03	2.614848e-04
2.078372e+03	2.640125e-04
2.083416e+03	2.665586e-04
2.088461e+03	2.691229e-04
2.093506e+03	2.717056e-04
2.098550e+03	2.743066e-04
2.103595e+03	2.769262e-04
2.108639e+03	2.795642e-04
2.113684e+03	2.822209e-04
2.118729e+03	2.848961e-04
2.123773e+03	2.875900e-04
2.128818e+03	2.903027e-04
2.133862e+03	2.930341e-04
2.138907e+03	2.957844e-04
2.143952e+03	2.985535e-04
2.148996e+03	3.013415e-04
2.154041e+03	3.041485e-04
2.159085e+03	3.069745e-04
2.164130e+03	3.098196e-04
2.169174e+03	3.126838e-04
2.174219e+03	3.155671e-04
2.179264e+03	3.184696e-04
2.184308e+03	3.213913e-04
2.189353e+03	3.243323e-04
2.194397e+03	3.272926e-04
2.199442e+03	3.302722e-04
2.204487e+03	3.332712e-04
2.209531e+03	3.362897e-04
2.214576e+03	3.393275e-04
2.219620e+03	3.423849e-04
2.224665e+03	3.454618e-04
2.229710e+03	3.485582e-04
2.234754e+03	3.516742e-04
2.239799e+03	3.548098e-04
2.244843e+03	3.579650e-04
2.249888e+03	3.611399e-04
2.254933e+03	3.643345e-04
2.259977e+03	3.675489e-04
2.265022e+03	3.707829e-04
2.270066e+03	3.740367e-04
2.275111e+03	3.773103e-04
2.280155e+03	3.806037e-04
2.285200e+03	3.839169e-04
2.290245e+03	3.872500e-04
2.295289e+03	3.906029e-04
2.300334e+03	3.939757e-04
2.305378e+03	3.973684e-04
2.310423e+03	4.007809e-04
2.315468e+03	4.042134e-04
2.320512e+03	4.076658e-04
2.325557e+03	4.111381e-04
2.330601e+03	4.146304e-04
2.335646e+03	4.181426e-04
2.340691e+03	4.216748e-04
2.345735e+03	4.252269e-04
2.350780e+03	4.287990e-04
2.355824e+03	4.323910e-04
2.360869e+03	4.360030e-04
2.365914e+03	4.396349e-04
2.370958e+03	4.432868e-04
2.376003e+03	4.469586e-04
2.381047e+03	4.506503e-04
2.386092e+03	4.543620e-04
2.391137e+03	4.580936e-04
2.396181e+03	4.618452e-04
2.401226e+03	4.656166e-04
2.406270e+03	4.694079e-04
2.411315e+03	4.732191e-04
2.416359e+03	4.770501e-04
2.421404e+03	4.809010e-04
2.426449e+03	4.847716e-04
2.431493e+03	4.886621e-04
2.436538e+03	4.925724e-04
2.441582e+03	4.965023e-04
2.446627e+03	5.004521e-04
2.451672e+03	5.044215e-04
2.456716e+03	5.084105e-04
2.461761e+03	5.124192e-04
2.466805e+03	5.164476e-04
2.471850e+03	5.204954e-04
2.476895e+03	5.245628e-04
2.481939e+03	5.286498e-04
2.486984e+03	5.327561e-04
2.492028e+03	5.368819e-04
2.497073e+03	5.410270e-04
2.502118e+03	5.451915e-04
2.507162e+03	5.493753e-04
2.512207e+03	5.535783e-04
2.517251e+03	5.578005e-04
2.522296e+03	5.620418e-04
2.527340e+03	5.663022e-04
2.532385e+03	5.705817e-04
2.537430e+03	5.748801e-04
2.542474e+03	5.791974e-04
2.547519e+03	5.835336e-04
2.552563e+03	5.878886e-04
2.557608e+03	5.922623e-04
2.562653e+03	5.966547e-04
2.567697e+03	6.010657e-04
2.572742e+03	6.054953e-04
2.577786e+03	6.099432e-04
2.582831e+03	6.144096e-04
2.587876e+03	6.188943e-04
2.592920e+03	6.233973e-04
2.597965e+03	6.279184e-04
2.603009e+03	6.324576e-04
2.608054e+03	6.370148e-04
2.613099e+03	6.415899e-04
2.618143e+03	6.461829e-04
2.623188e+03	6.507936e-04
2.628232e+03	6.554220e-04
2.633277e+03	6.600679e-04
2.638322e+03	6.647313e-04
2.643366e+03	6.694122e-04
2.648411e+03	6.741103e-04
2.653455e+03	6.788256e-04
2.658500e+03	6.835579e-04
2.663544e+03	6.883073e-04
2.668589e+03	6.930736e-04
2.673634e+03	6.978566e-04
2.678678e+03	7.026563e-04
2.683723e+03	7.074726e-04
2.688767e+03	7.123054e-04
2.693812e+03	7.171545e-04
2.698857e+03	7.220198e-04
2.703901e+03	7.269012e-04
2.708946e+03	7.317986e-04
2.713990e+03	7.367119e-04
2.719035e+03	7.416409e-04
2.724080e+03	7.465855e-04
2.729124e+03	7.515457e-04
2.734169e+03	7.565212e-04
2.739213e+03	7.615119e-04
2.744258e+03	7.665177e-04
2.749303e+03	7.715386e-04
2.754347e+03	7.765742e-04
2.759392e+03	7.816246e-04
2.764436e+03	7.866895e-04
2.769481e+03	7.917688e-04
2.774525e+03	7.968624e-04
2.779570e+03	8.019701e-04
2.784615e+03	8.070918e-04
2.789659e+03	8.122273e-04
2.794704e+03	8.173765e-04
2.799748e+03	8.225392e-04
2.804793e+03	8.277153e-04
2.809838e+03	8.329046e-04
2.814882e+03	8.381069e-04
2.819927e+03	8.433221e-04
2.824971e+03	8.485501e-04
2.830016e+03	8.537906e-04
2.835061e+03	8.590435e-04
2.840105e+03	8.643087e-04
2.845150e+03	8.695859e-04
2.850194e+03	8.748750e-04
2.855239e+03	8.801757e-04
2.860284e+03	8.854881e-04
2.865328e+03	8.908117e-04
2.870373e+03	8.961466e-04
2.875417e+03	9.014924e-04
2.880462e+03	9.068491e-04
2.885507e+03	9.122163e-04
2.890551e+03	9.175940e-04
2.895596e+03	9.229820e-04
2.900640e+03	9.283800e-04
2.905685e+03	9.337879e-04
2.910729e+03	9.392054e-04
2.915774e+03	9.446324e-04
2.920819e+03	9.500687e-04
2.925863e+03	9.555140e-04
2.930908e+03	9.609683e-04
2.935952e+03	9.664312e-04
2.940997e+03	9.719025e-04
2.946042e+03	9.773821e-04
2.951086e+03	9.828698e-04
2.956131e+03	9.883653e-04
2.961175e+03	9.938684e-04
2.966220e+03	9.993789e-04
2.971265e+03	1.004897e-03
2.976309e+03	1.010421e-03
2.981354e+03	1.015953e-03
2.986398e+03	1.021491e-03
2.991443e+03	1.027035e-03
2.996488e+03	1.032585e-03
3.001532e+03	1.038142e-03
3.006577e+03	1.043703e-03
3.011621e+03	1.049271e-03
3.016666e+03	1.054843e-03
3.021710e+03	1.060421e-03
3.026755e+03	1.066003e-03
3.031800e+03	1.071589e-03
3.036844e+03	1.077180e-03
3.041889e+03	1.082775e-03
3.046933e+03	1.088373e-03
3.051978e+03	1.093976e-03
3.057023e+03	1.099581e-03
3.062067e+03	1.105189e-03
3.067112e+03	1.110800e-03
3.072156e+03	1.116414e-03
3.077201e+03	1.122030e-03
3.082246e+03	1.127648e-03
3.087290e+03	1.133268e-03
3.092335e+03	1.138889e-03
3.097379e+03	1.144512e-03
3.102424e+03	1.150136e-03
3.107469e+03	1.155760e-03
3.112513e+03	1.161385e-03
3.117558e+03	1.167010e-03
3.122602e+03	1.172635e-03
3.127647e+03	1.178260e-03
3.132691e+03	1.183884e-03
3.137736e+03	1.189508e-03
3.142781e+03	1.195130e-03
3.147825e+03	1.200752e-03
3.152870e+03	1.206371e-03
3.157914e+03	1.211989e-03
3.162959e+03	1.217604e-03
3.168004e+03	1.223217e-03
3.173048e+03	1.228828e-03
3.178093e+03	1.234435e-03
3.183137e+03	1.240039e-03
3.188182e+03	1.245640e-03
3.193227e+03	1.251237e-03
3.198271e+03	1.256829e-03
3.203316e+03	1.262418e-03
3.208360e+03	1.268002e-03
3.213405e+03	1.273581e-03
3.218450e+03	1.279154e-03
3.223494e+03	1.284723e-03
3.228539e+03	1.290285e-03
3.233583e+03	1.295842e-03
3.238628e+03	1.301392e-03
3.243673e+03	1.306935e-03
3.248717e+03	1.312472e-03
3.253762e+03	1.318001e-03
3.258806e+03	1.323523e-03
3.263851e+03	1.329037e-03
3.268895e+03	1.334544e-03
3.273940e+03	1.340041e-03
3.278985e+03	1.345531e-03
3.284029e+03	1.351011e-03
3.289074e+03	1.356482e-03
3.294118e+03	1.361943e-03
3.299163e+03	1.367395e-03
3.304208e+03	1.372837e-03
3.309252e+03	1.378268e-03
3.314297e+03	1.383689e-03
3.319341e+03	1.389098e-03
3.324386e+03	1.394497e-03
3.329431e+03	1.399883e-03
3.334475e+03	1.405258e-03
3.339520e+03	1.410621e-03
3.344564e+03	1.415971e-03
3.349609e+03	1.421309e-03
3.354654e+03	1.426633e-03
3.359698e+03	1.431945e-03
3.364743e+03	1.437242e-03
3.369787e+03	1.442526e-03
3.374832e+03	1.447795e-03
3.379876e+03	1.453050e-03
3.384921e+03	1.458290e-03
3.389966e+03	1.463515e-03
3.395010e+03	1.468724e-03
3.400055e+03	1.473918e-03
3.405099e+03	1.479096e-03
3.410144e+03	1.484257e-03
3.415189e+03	1.489402e-03
3.420233e+03	1.494530e-03
3.425278e+03	1.499641e-03
3.430322e+03	1.504734e-03
3.435367e+03	1.509809e-03
3.440412e+03	1.514866e-03
3.445456e+03	1.519905e-03
3.450501e+03	1.524926e-03
3.455545e+03	1.529927e-03
3.460590e+03	1.534909e-03
3.465635e+03	1.539871e-03
3.470679e+03	1.544814e-03
3.475724e+03	1.549736e-03
3.480768e+03	1.554638e-03
3.485813e+03	1.559519e-03
3.490858e+03	1.564379e-03
3.495902e+03	1.569218e-03
3.500947e+03	1.574035e-03
3.505991e+03	1.578830e-03
3.511036e+03	1.583603e-03
3.516080e+03	1.588353e-03
3.521125e+03	1.593081e-03
3.526170e+03	1.597786e-03
3.531214e+03	1.602467e-03
3.536259e+03	1.607125e-03
3.541303e+03	1.611759e-03
3.546348e+03	1.616368e-03
3.551393e+03	1.620953e-03
3.556437e+03	1.625513e-03
3.561482e+03	1.630048e-03
3.566526e+03	1.634558e-03
3.571571e+03	1.639042e-03
3.576616e+03	1.643501e-03
3.581660e+03	1.647933e-03
3.586705e+03	1.652338e-03
3.591749e+03	1.656717e-03
3.596794e+03	1.661069e-03
3.601839e+03	1.665394e-03
3.606883e+03	1.669691e-03
3.611928e+03	1.673960e-03
3.616972e+03	1.678201e-03
3.622017e+03	1.682414e-03
3.627061e+03	1.686598e-03
3.632106e+03	1.690753e-03
3.637151e+03	1.694879e-03
3.642195e+03	1.698976e-03
3.647240e+03	1.703043e-03
3.652284e+03	1.707080e-03
3.657329e+03	1.711087e-03
3.662374e+03	1.715063e-03
3.667418e+03	1.719009e-03
3.672463e+03	1.722923e-03
3.677507e+03	1.726807e-03
3.682552e+03	1.730659e-03
3.687597e+03	1.734479e-03
3.692641e+03	1.738267e-03
3.697686e+03	1.742023e-03
3.702730e+03	1.745747e-03
3.707775e+03	1.749437e-03
3.712820e+03	1.753095e-03
3.717864e+03	1.756720e-03
3.722909e+03	1.760311e-03
3.727953e+03	1.763869e-03
3.732998e+03	1.767392e-03
3.738043e+03	1.770882e-03
3.743087e+03	1.774337e-03
3.748132e+03	1.777758e-03
3.753176e+03	1.781144e-03
3.758221e+03	1.784494e-03
3.763265e+03	1.787810e-03
3.768310e+03	1.791090e-03
3.773355e+03	1.794334e-03
3.778399e+03	1.797543e-03
3.783444e+03	1.800715e-03
3.788488e+03	1.803851e-03
3.793533e+03	1.806950e-03
3.798578e+03	1.810013e-03
3.803622e+03	1.813039e-03
3.808667e+03	1.816027e-03
3.813711e+03	1.818979e-03
3.818756e+03	1.821892e-03
3.823801e+03	1.824768e-03
3.828845e+03	1.827606e-03
3.833890e+03	1.830406e-03
3.838934e+03	1.833167e-03
3.843979e+03	1.835890e-03
3.849024e+03	1.838575e-03
3.854068e+03	1.841220e-03
3.859113e+03	1.843826e-03
3.864157e+03	1.846393e-03
3.869202e+03	1.848921e-03
3.874246e+03	1.851409e-03
3.879291e+03	1.853858e-03
3.884336e+03	1.856266e-03
3.889380e+03	1.858634e-03
3.894425e+03	1.860963e-03
3.899469e+03	1.863250e-03
3.904514e+03	1.865497e-03
3.909559e+03	1.867704e-03
3.914603e+03	1.869869e-03
3.919648e+03	1.871994e-03
3.924692e+03	1.874078e-03
3.929737e+03	1.876120e-03
3.934782e+03	1.878120e-03
3.939826e+03	1.880080e-03
3.944871e+03	1.881997e-03
3.949915e+03	1.883873e-03
3.954960e+03	1.885706e-03
3.960005e+03	1.887498e-03
3.965049e+03	1.889247e-03
3.970094e+03	1.890954e-03
3.975138e+03	1.892619e-03
3.980183e+03	1.894241e-03
3.985228e+03	1.895820e-03
3.990272e+03	1.897356e-03
3.995317e+03	1.898850e-03
4.000361e+03	1.900301e-03
4.005406e+03	1.901708e-03
4.010450e+03	1.903072e-03
4.015495e+03	1.904393e-03
4.020540e+03	1.905671e-03
4.025584e+03	1.906905e-03
4.030629e+03	1.908096e-03
4.035673e+03	1.909243e-03
4.040718e+03	1.910346e-03
4.045763e+03	1.911405e-03
4.050807e+03	1.912421e-03
4.055852e+03	1.913392e-03
4.060896e+03	1.914320e-03
4.065941e+03	1.915204e-03
4.070986e+03	1.916043e-03
4.076030e+03	1.916838e-03
4.081075e+03	1.917589e-03
4.086119e+03	1.918296e-03
4.091164e+03	1.918958e-03
4.096209e+03	1.919576e-03
4.101253e+03	1.920150e-03
4.106298e+03	1.920679e-03
4.111342e+03	1.921163e-03
4.116387e+03	1.921603e-03
4.121431e+03	1.921998e-03
4.126476e+03	1.922349e-03
4.131521e+03	1.922655e-03
4.136565e+03	1.922917e-03
4.141610e+03	1.923133e-03
4.146654e+03	1.923306e-03
4.151699e+03	1.923433e-03
4.156744e+03	1.923516e-03
4.161788e+03	1.923554e-03
4.166833e+03	1.923547e-03
4.171877e+03	1.923496e-03
4.176922e+03	1.923399e-03
4.181967e+03	1.923258e-03
4.187011e+03	1.923073e-03
4.192056e+03	1.922843e-03
4.197100e+03	1.922568e-03
4.202145e+03	1.922248e-03
4.207190e+03	1.921884e-03
4.212234e+03	1.921475e-03
4.217279e+03	1.921022e-03
4.222323e+03	1.920524e-03
4.227368e+03	1.919982e-03
4.232413e+03	1.919395e-03
4.237457e+03	1.918764e-03
4.242502e+03	1.918088e-03
4.247546e+03	1.917368e-03
4.252591e+03	1.916604e-03
4.257635e+03	1.915795e-03
4.262680e+03	1.914942e-03
4.267725e+03	1.914046e-03
4.272769e+03	1.913105e-03
4.277814e+03	1.912120e-03
4.282858e+03	1.911091e-03
4.287903e+03	1.910018e-03
4.292948e+03	1.908902e-03
4.297992e+03	1.907742e-03
4.303037e+03	1.906538e-03
4.308081e+03	1.905291e-03
4.313126e+03	1.904000e-03
4.318171e+03	1.902666e-03
4.323215e+03	1.901289e-03
4.328260e+03	1.899869e-03
4.333304e+03	1.898405e-03
4.338349e+03	1.896898e-03
4.343394e+03	1.895349e-03
4.348438e+03	1.893757e-03
4.353483e+03	1.892122e-03
4.358527e+03	1.890445e-03
4.363572e+03	1.888725e-03
4.368616e+03	1.886963e-03
4.373661e+03	1.885159e-03
4.378706e+03	1.883313e-03
4.383750e+03	1.881424e-03
4.388795e+03	1.879494e-03
4.393839e+03	1.877523e-03
4.398884e+03	1.875509e-03
4.403929e+03	1.873455e-03
4.408973e+03	1.871359e-03
4.414018e+03	1.869222e-03
4.419062e+03	1.867044e-03
4.424107e+03	1.864825e-03
4.429152e+03	1.862566e-03
4.434196e+03	1.860266e-03
4.439241e+03	1.857926e-03
4.444285e+03	1.855545e-03
4.449330e+03	1.853125e-03
4.454375e+03	1.850665e-03
4.459419e+03	1.848164e-03
4.464464e+03	1.845625e-03
4.469508e+03	1.843046e-03
4.474553e+03	1.840428e-03
4.479598e+03	1.837771e-03
4.484642e+03	1.835075e-03
4.489687e+03	1.832340e-03
4.494731e+03	1.829567e-03
4.499776e+03	1.826756e-03
4.504820e+03	1.823907e-03
4.509865e+03	1.821019e-03
4.514910e+03	1.818094e-03
4.519954e+03	1.815132e-03
4.524999e+03	1.812132e-03
4.530043e+03	1.809095e-03
4.535088e+03	1.806021e-03
4.540133e+03	1.802911e-03
4.545177e+03	1.799764e-03
4.550222e+03	1.796581e-03
4.555266e+03	1.793362e-03
4.560311e+03	1.790107e-03
4.565356e+03	1.786816e-03
4.570400e+03	1.783490e-03
4.575445e+03	1.780128e-03
4.580489e+03	1.776732e-03
4.585534e+03	1.773301e-03
4.590579e+03	1.769835e-03
4.595623e+03	1.766336e-03
4.600668e+03	1.762802e-03
4.605712e+03	1.759234e-03
4.610757e+03	1.755633e-03
4.615801e+03	1.751998e-03
4.620846e+03	1.748330e-03
4.625891e+03	1.744629e-03
4.630935e+03	1.740896e-03
4.635980e+03	1.737130e-03
4.641024e+03	1.733332e-03
4.646069e+03	1.729503e-03
4.651114e+03	1.725641e-03
4.656158e+03	1.721748e-03
4.661203e+03	1.717824e-03
4.666247e+03	1.713870e-03
4.671292e+03	1.709884e-03
4.676337e+03	1.705868e-03
4.681381e+03	1.701822e-03
4.686426e+03	1.697746e-03
4.691470e+03	1.693641e-03
4.696515e+03	1.689506e-03
4.701560e+03	1.685342e-03
4.706604e+03	1.681149e-03
4.711649e+03	1.676928e-03
4.716693e+03	1.672678e-03
4.721738e+03	1.668400e-03
4.726783e+03	1.664095e-03
4.731827e+03	1.659762e-03
4.736872e+03	1.655402e-03
4.741916e+03	1.651015e-03
4.746961e+03	1.646602e-03
4.752005e+03	1.642162e-03
4.757050e+03	1.637696e-03
4.762095e+03	1.633204e-03
4.767139e+03	1.628686e-03
4.772184e+03	1.624143e-03
4.777228e+03	1.619576e-03
4.782273e+03	1.614983e-03
4.787318e+03	1.610366e-03
4.792362e+03	1.605726e-03
4.797407e+03	1.601061e-03
4.802451e+03	1.596372e-03
4.807496e+03	1.591661e-03
4.812541e+03	1.586926e-03
4.817585e+03	1.582169e-03
4.822630e+03	1.577389e-03
4.827674e+03	1.572587e-03
4.832719e+03	1.567764e-03
4.837764e+03	1.562918e-03
4.842808e+03	1.558052e-03
4.847853e+03	1.553165e-03
4.852897e+03	1.548257e-03
4.857942e+03	1.543328e-03
4.862986e+03	1.538380e-03
4.868031e+03	1.533411e-03
4.873076e+03	1.528424e-03
4.878120e+03	1.523417e-03
4.883165e+03	1.518391e-03
4.888209e+03	1.513346e-03
4.893254e+03	1.508284e-03
4.898299e+03	1.503203e-03
4.903343e+03	1.498104e-03
4.908388e+03	1.492988e-03
4.913432e+03	1.487855e-03
4.918477e+03	1.482706e-03
4.923522e+03	1.477539e-03
4.928566e+03	1.472357e-03
4.933611e+03	1.467158e-03
4.938655e+03	1.461944e-03
4.943700e+03	1.456715e-03
4.948745e+03	1.451470e-03
4.953789e+03	1.446211e-03
4.958834e+03	1.440937e-03
4.963878e+03	1.435649e-03
4.968923e+03	1.430348e-03
4.973967e+03	1.425032e-03
4.979012e+03	1.419704e-03
4.984057e+03	1.414362e-03
4.989101e+03	1.409008e-03
4.994146e+03	1.403642e-03
4.999190e+03	1.398263e-03
5.004235e+03	1.392873e-03
5.009280e+03	1.387471e-03
5.014324e+03	1.382058e-03
5.019369e+03	1.376635e-03
5.024413e+03	1.371200e-03
5.029458e+03	1.365755e-03
5.034503e+03	1.360301e-03
5.039547e+03	1.354836e-03
5.044592e+03	1.349362e-03
5.049636e+03	1.343879e-03
5.054681e+03	1.338388e-03
5.059726e+03	1.332887e-03
5.064770e+03	1.327379e-03
5.069815e+03	1.321862e-03
5.074859e+03	1.316338e-03
5.079904e+03	1.310806e-03
5.084949e+03	1.305268e-03
5.089993e+03	1.299722e-03
5.095038e+03	1.294170e-03
5.100082e+03	1.288612e-03
5.105127e+03	1.283047e-03
5.110171e+03	1.277477e-03
5.115216e+03	1.271902e-03
5.120261e+03	1.266322e-03
5.125305e+03	1.260737e-03
5.130350e+03	1.255147e-03
5.135394e+03	1.249553e-03
5.140439e+03	1.243955e-03
5.145484e+03	1.238353e-03
5.150528e+03	1.232748e-03
5.155573e+03	1.227139e-03
5.160617e+03	1.221528e-03
5.165662e+03	1.215914e-03
5.170707e+03	1.210298e-03
5.175751e+03	1.204680e-03
5.180796e+03	1.199060e-03
5.185840e+03	1.193438e-03
5.190885e+03	1.187816e-03
5.195930e+03	1.182192e-03
5.200974e+03	1.176567e-03
5.206019e+03	1.170942e-03
5.211063e+03	1.165317e-03
5.216108e+03	1.159692e-03
5.221152e+03	1.154067e-03
5.226197e+03	1.148443e-03
5.231242e+03	1.142820e-03
5.236286e+03	1.137197e-03
5.241331e+03	1.131576e-03
5.246375e+03	1.125957e-03
5.251420e+03	1.120340e-03
5.256465e+03	1.114724e-03
5.261509e+03	1.109111e-03
5.266554e+03	1.103501e-03
5.271598e+03	1.097894e-03
5.276643e+03	1.092289e-03
5.281688e+03	1.086688e-03
5.286732e+03	1.081091e-03
5.291777e+03	1.075497e-03
5.296821e+03	1.069907e-03
5.301866e+03	1.064322e-03
5.306911e+03	1.058741e-03
5.311955e+03	1.053166e-03
5.317000e+03	1.047595e-03
5.322044e+03	1.042029e-03
5.327089e+03	1.036469e-03
5.332134e+03	1.030914e-03
5.337178e+03	1.025366e-03
5.342223e+03	1.019823e-03
5.347267e+03	1.014287e-03
5.352312e+03	1.008758e-03
5.357356e+03	1.003235e-03
5.362401e+03	9.977197e-04
5.367446e+03	9.922113e-04
5.372490e+03	9.867105e-04
5.377535e+03	9.812174e-04
5.382579e+03	9.757321e-04
5.387624e+03	9.702550e-04
5.392669e+03	9.647861e-04
5.397713e+03	9.593258e-04
5.402758e+03	9.538743e-04
5.407802e+03	9.484316e-04
5.412847e+03	9.429981e-04
5.417892e+03	9.375739e-04
5.422936e+03	9.321593e-04
5.427981e+03	9.267544e-04
5.433025e+03	9.213594e-04
5.438070e+03	9.159745e-04
5.443115e+03	9.105999e-04
5.448159e+03	9.052358e-04
5.453204e+03	8.998824e-04
5.458248e+03	8.945398e-04
5.463293e+03	8.892083e-04
5.468337e+03	8.838880e-04
5.473382e+03	8.785792e-04
5.478427e+03	8.732819e-04
5.483471e+03	8.679964e-04
5.488516e+03	8.627228e-04
5.493560e+03	8.574613e-04
5.498605e+03	8.522121e-04
5.503650e+03	8.469754e-04
5.508694e+03	8.417512e-04
5.513739e+03	8.365398e-04
5.518783e+03	8.313414e-04
5.523828e+03	8.261561e-04
5.528873e+03	8.209840e-04
5.533917e+03	8.158253e-04
5.538962e+03	8.106803e-04
5.544006e+03	8.055489e-04
5.549051e+03	8.004314e-04
5.554096e+03	7.953279e-04
5.559140e+03	7.902386e-04
5.564185e+03	7.851636e-04
5.569229e+03	7.801031e-04
5.574274e+03	7.750571e-04
5.579319e+03	7.700259e-04
5.584363e+03	7.650096e-04
5.589408e+03	7.600083e-04
5.594452e+03	7.550221e-04
5.599497e+03	7.500512e-04
5.604541e+03	7.450957e-04
5.609586e+03	7.401558e-04
5.614631e+03	7.352315e-04
5.619675e+03	7.303230e-04
5.624720e+03	7.254304e-04
5.629764e+03	7.205538e-04
5.634809e+03	7.156934e-04
5.639854e+03	7.108492e-04
5.644898e+03	7.060214e-04
5.649943e+03	7.012101e-04
5.654987e+03	6.964154e-04
5.660032e+03	6.916373e-04
5.665077e+03	6.868762e-04
5.670121e+03	6.821319e-04
5.675166e+03	6.774046e-04
5.680210e+03	6.726945e-04
5.685255e+03	6.680016e-04
5.690300e+03	6.633260e-04
5.695344e+03	6.586678e-04
5.700389e+03	6.540272e-04
5.705433e+03	6.494041e-04
5.710478e+03	6.447987e-04
5.715522e+03	6.402111e-04
5.720567e+03	6.356414e-04
5.725612e+03	6.310896e-04
5.730656e+03	6.265558e-04
5.735701e+03	6.220402e-04
5.740745e+03	6.175427e-04
5.745790e+03	6.130635e-04
5.750835e+03	6.086026e-04
5.755879e+03	6.041602e-04
5.760924e+03	5.997362e-04
5.765968e+03	5.953308e-04
5.771013e+03	5.909440e-04
5.776058e+03	5.865760e-04
5.781102e+03	5.822266e-04
5.786147e+03	5.778961e-04
5.791191e+03	5.735844e-04
5.796236e+03	5.692917e-04
5.801281e+03	5.650180e-04
5.806325e+03	5.607633e-04
5.811370e+03	5.565278e-04
5.816414e+03	5.523113e-04
5.821459e+03	5.481141e-04
5.826504e+03	5.439361e-04
5.831548e+03	5.397775e-04
5.836593e+03	5.356382e-04
5.841637e+03	5.315182e-04
5.846682e+03	5.274177e-04
5.851726e+03	5.233367e-04
5.856771e+03	5.192751e-04
5.861816e+03	5.152331e-04
5.866860e+03	5.112107e-04
5.871905e+03	5.072079e-04
5.876949e+03	5.032248e-04
5.881994e+03	4.992613e-04
5.887039e+03	4.953175e-04
5.892083e+03	4.913934e-04
5.897128e+03	4.874891e-04
5.902172e+03	4.836046e-04
5.907217e+03	4.797399e-04
5.912262e+03	4.758950e-04
5.917306e+03	4.720699e-04
5.922351e+03	4.682648e-04
5.927395e+03	4.644794e-04
5.932440e+03	4.607140e-04
5.937485e+03	4.569685e-04
5.942529e+03	4.532429e-04
5.947574e+03	4.495372e-04
5.952618e+03	4.458514e-04
5.957663e+03	4.421856e-04
5.962707e+03	4.385397e-04
5.967752e+03	4.349138e-04
5.972797e+03	4.313078e-04
5.977841e+03	4.277218e-04
5.982886e+03	4.241557e-04
5.987930e+03	4.206096e-04
5.992975e+03	4.170835e-04
5.998020e+03	4.135773e-04
6.003064e+03	4.100910e-04
6.008109e+03	4.066247e-04
6.013153e+03	4.031783e-04
6.018198e+03	3.997518e-04
6.023243e+03	3.963452e-04
6.028287e+03	3.929585e-04
6.033332e+03	3.895917e-04
6.038376e+03	3.862448e-04
6.043421e+03	3.829177e-04
6.048466e+03	3.796104e-04
6.053510e+03	3.763230e-04
6.058555e+03	3.730554e-04
6.063599e+03	3.698075e-04
6.068644e+03	3.665794e-04
6.073689e+03	3.633710e-04
6.078733e+03	3.601823e-04
6.083778e+03	3.570134e-04
6.088822e+03	3.538640e-04
6.093867e+03	3.507343e-04
6.098911e+03	3.476242e-04
6.103956e+03	3.445337e-04
6.109001e+03	3.414627e-04
6.114045e+03	3.384112e-04
6.119090e+03	3.353792e-04
6.124134e+03	3.323666e-04
6.129179e+03	3.293734e-04
6.134224e+03	3.263996e-04
6.139268e+03	3.234451e-04
6.144313e+03	3.205100e-04
6.149357e+03	3.175940e-04
6.154402e+03	3.146973e-04
6.159447e+03	3.118198e-04
6.164491e+03	3.089613e-04
6.169536e+03	3.061220e-04
6.174580e+03	3.033017e-04
6.179625e+03	3.005004e-04
6.184670e+03	2.977181e-04
6.189714e+03	2.949547e-04
6.194759e+03	2.922101e-04
6.199803e+03	2.894843e-04
6.204848e+03	2.867773e-04
6.209892e+03	2.840890e-04
6.214937e+03	2.814194e-04
6.219982e+03	2.787683e-04
6.225026e+03	2.761359e-04
6.230071e+03	2.735219e-04
6.235115e+03	2.709263e-04
6.240160e+03	2.683492e-04
6.245205e+03	2.657904e-04
6.250249e+03	2.632499e-04
6.255294e+03	2.607276e-04
6.260338e+03	2.582234e-04
6.265383e+03	2.557374e-04
6.270428e+03	2.532694e-04
6.275472e+03	2.508194e-04
6.280517e+03	2.483873e-04
6.285561e+03	2.459731e-04
6.290606e+03	2.435767e-04
6.295651e+03	2.411980e-04
6.300695e+03	2.388370e-04
6.305740e+03	2.364937e-04
6.310784e+03	2.341678e-04
6.315829e+03	2.318595e-04
6.320874e+03	2.295686e-04
6.325918e+03	2.272950e-04
6.330963e+03	2.250387e-04
6.336007e+03	2.227996e-04
6.341052e+03	2.205777e-04
6.346096e+03	2.183729e-04
6.351141e+03	2.161850e-04
6.356186e+03	2.140142e-04
6.361230e+03	2.118602e-04
6.366275e+03	2.097229e-04
6.371319e+03	2.076025e-04
6.376364e+03	2.054987e-04
6.381409e+03	2.034115e-04
6.386453e+03	2.013408e-04
6.391498e+03	1.992865e-04
6.396542e+03	1.972486e-04
6.401587e+03	1.952271e-04
6.406632e+03	1.932217e-04
6.411676e+03	1.912325e-04
6.416721e+03	1.892594e-04
6.421765e+03	1.873023e-04
6.426810e+03	1.853611e-04
6.431855e+03	1.834358e-04
6.436899e+03	1.815262e-04
6.441944e+03	1.796324e-04
6.446988e+03	1.777541e-04
6.452033e+03	1.758915e-04
6.457077e+03	1.740443e-04
6.462122e+03	1.722125e-04
6.467167e+03	1.703960e-04
6.472211e+03	1.685947e-04
6.477256e+03	1.668086e-04
6.482300e+03	1.650376e-04
6.487345e+03	1.632817e-04
6.492390e+03	1.615406e-04
6.497434e+03	1.598144e-04
6.502479e+03	1.581029e-04
6.507523e+03	1.564062e-04
6.512568e+03	1.547241e-04
6.517613e+03	1.530564e-04
6.522657e+03	1.514033e-04
6.527702e+03	1.497645e-04
6.532746e+03	1.481400e-04
6.537791e+03	1.465298e-04
6.542836e+03	1.449336e-04
6.547880e+03	1.433516e-04
6.552925e+03	1.417835e-04
6.557969e+03	1.402292e-04
6.563014e+03	1.386888e-04
6.568059e+03	1.371622e-04
6.573103e+03	1.356492e-04
6.578148e+03	1.341497e-04
6.583192e+03	1.326638e-04
6.588237e+03	1.311912e-04
6.593281e+03	1.297320e-04
6.598326e+03	1.282860e-04
6.603371e+03	1.268532e-04
6.608415e+03	1.254335e-04
6.613460e+03	1.240268e-04
6.618504e+03	1.226330e-04
6.623549e+03	1.212521e-04
6.628594e+03	1.198839e-04
6.633638e+03	1.185284e-04
6.638683e+03	1.171855e-04
6.643727e+03	1.158552e-04
6.648772e+03	1.145373e-04
6.653817e+03	1.132317e-04
6.658861e+03	1.119384e-04
6.663906e+03	1.106573e-04
6.668950e+03	1.093883e-04
6.673995e+03	1.081314e-04
6.679040e+03	1.068864e-04
6.684084e+03	1.056533e-04
6.689129e+03	1.044320e-04
6.694173e+03	1.032225e-04
6.699218e+03	1.020245e-04
6.704262e+03	1.008381e-04
6.709307e+03	9.966323e-05
6.714352e+03	9.849972e-05
6.719396e+03	9.734754e-05
6.724441e+03	9.620659e-05
6.729485e+03	9.507681e-05
6.734530e+03	9.395811e-05
6.739575e+03	9.285042e-05
6.744619e+03	9.175365e-05
6.749664e+03	9.066773e-05
6.754708e+03	8.959258e-05
6.759753e+03	8.852812e-05
6.764798e+03	8.747427e-05
6.769842e+03	8.643096e-05
6.774887e+03	8.539811e-05
6.779931e+03	8.437564e-05
6.784976e+03	8.336347e-05
6.790021e+03	8.236153e-05
6.795065e+03	8.136974e-05
6.800110e+03	8.038802e-05
6.805154e+03	7.941631e-05
6.810199e+03	7.845451e-05
6.815243e+03	7.750256e-05
6.820288e+03	7.656038e-05
6.825333e+03	7.562790e-05
6.830377e+03	7.470504e-05
6.835422e+03	7.379173e-05
6.840466e+03	7.288788e-05
6.845511e+03	7.199344e-05
6.850556e+03	7.110831e-05
6.855600e+03	7.023244e-05
6.860645e+03	6.936574e-05
6.865689e+03	6.850814e-05
6.870734e+03	6.765958e-05
6.875779e+03	6.681997e-05
6.880823e+03	6.598925e-05
6.885868e+03	6.516734e-05
6.890912e+03	6.435417e-05
6.895957e+03	6.354967e-05
6.901002e+03	6.275377e-05
6.906046e+03	6.196639e-05
6.911091e+03	6.118748e-05
6.916135e+03	6.041695e-05
6.921180e+03	5.965473e-05
6.926225e+03	5.890076e-05
6.931269e+03	5.815497e-05
6.936314e+03	5.741729e-05
6.941358e+03	5.668765e-05
6.946403e+03	5.596598e-05
6.951447e+03	5.525221e-05
6.956492e+03	5.454628e-05
6.961537e+03	5.384811e-05
6.966581e+03	5.315764e-05
6.971626e+03	5.247481e-05
6.976670e+03	5.179955e-05
6.981715e+03	5.113178e-05
6.986760e+03	5.047146e-05
6.991804e+03	4.981850e-05
6.996849e+03	4.917284e-05
7.001893e+03	4.853443e-05
7.006938e+03	4.790319e-05
7.011983e+03	4.727906e-05
7.017027e+03	4.666197e-05
7.022072e+03	4.605188e-05
7.027116e+03	4.544870e-05
7.032161e+03	4.485238e-05
7.037206e+03	4.426285e-05
7.042250e+03	4.368006e-05
7.047295e+03	4.310394e-05
7.052339e+03	4.253443e-05
7.057384e+03	4.197146e-05
7.062428e+03	4.141499e-05
7.067473e+03	4.086494e-05
7.072518e+03	4.032127e-05
7.077562e+03	3.978390e-05
7.082607e+03	3.925278e-05
7.087651e+03	3.872785e-05
7.092696e+03	3.820905e-05
7.097741e+03	3.769632e-05
7.102785e+03	3.718961e-05
7.107830e+03	3.668886e-05
7.112874e+03	3.619401e-05
7.117919e+03	3.570501e-05
7.122964e+03	3.522179e-05
7.128008e+03	3.474430e-05
7.133053e+03	3.427249e-05
7.138097e+03	3.380630e-05
7.143142e+03	3.334568e-05
7.148187e+03	3.289057e-05
7.153231e+03	3.244092e-05
7.158276e+03	3.199667e-05
7.163320e+03	3.155777e-05
7.168365e+03	3.112417e-05
7.173410e+03	3.069581e-05
7.178454e+03	3.027264e-05
7.183499e+03	2.985461e-05
7.188543e+03	2.944167e-05
7.193588e+03	2.903377e-05
7.198632e+03	2.863085e-05
7.203677e+03	2.823287e-05
7.208722e+03	2.783977e-05
7.213766e+03	2.745151e-05
7.218811e+03	2.706804e-05
7.223855e+03	2.668930e-05
7.228900e+03	2.631524e-05
7.233945e+03	2.594583e-05
7.238989e+03	2.558101e-05
7.244034e+03	2.522073e-05
7.249078e+03	2.486495e-05
7.254123e+03	2.451361e-05
7.259168e+03	2.416668e-05
7.264212e+03	2.382411e-05
7.269257e+03	2.348584e-05
7.274301e+03	2.315184e-05
7.279346e+03	2.282206e-05
7.284391e+03	2.249646e-05
7.289435e+03	2.217498e-05
7.294480e+03	2.185759e-05
7.299524e+03	2.154424e-05
7.304569e+03	2.123489e-05
7.309613e+03	2.092950e-05
7.314658e+03	2.062802e-05
7.319703e+03	2.033041e-05
7.324747e+03	2.003662e-05
7.329792e+03	1.974662e-05
7.334836e+03	1.946037e-05
7.339881e+03	1.917782e-05
7.344926e+03	1.889894e-05
7.349970e+03	1.862367e-05
7.355015e+03	1.835199e-05
7.360059e+03	1.808385e-05
7.365104e+03	1.781922e-05
7.370149e+03	1.755805e-05
7.375193e+03	1.730031e-05
7.380238e+03	1.704595e-05
7.385282e+03	1.679494e-05
7.390327e+03	1.654725e-05
7.395372e+03	1.630282e-05
7.400416e+03	1.606164e-05
7.405461e+03	1.582365e-05
7.410505e+03	1.558883e-05
7.415550e+03	1.535714e-05
7.420595e+03	1.512854e-05
7.425639e+03	1.490299e-05
7.430684e+03	1.468047e-05
7.435728e+03	1.446093e-05
7.440773e+03	1.424435e-05
7.445817e+03	1.403068e-05
7.450862e+03	1.381990e-05
7.455907e+03	1.361196e-05
7.460951e+03	1.340685e-05
7.465996e+03	1.320451e-05
7.471040e+03	1.300493e-05
7.476085e+03	1.280807e-05
7.481130e+03	1.261389e-05
7.486174e+03	1.242237e-05
7.491219e+03	1.223347e-05
7.496263e+03	1.204717e-05
7.501308e+03	1.186343e-05
7.506353e+03	1.168221e-05
7.511397e+03	1.150350e-05
7.516442e+03	1.132726e-05
7.521486e+03	1.115346e-05
7.526531e+03	1.098207e-05
7.531576e+03	1.081306e-05
7.536620e+03	1.064641e-05
7.541665e+03	1.048208e-05
7.546709e+03	1.032005e-05
7.551754e+03	1.016028e-05
7.556798e+03	1.000276e-05
7.561843e+03	9.847451e-06
7.566888e+03	9.694328e-06
7.571932e+03	9.543363e-06
7.576977e+03	9.394531e-06
7.582021e+03	9.247806e-06
7.587066e+03	9.103160e-06
7.592111e+03	8.960568e-06
7.597155e+03	8.820005e-06
7.602200e+03	8.681445e-06
7.607244e+03	8.544863e-06
7.612289e+03	8.410234e-06
7.617334e+03	8.277534e-06
7.622378e+03	8.146739e-06
7.627423e+03	8.017823e-06
7.632467e+03	7.890765e-06
7.637512e+03	7.765539e-06
7.642557e+03	7.642123e-06
7.647601e+03	7.520494e-06
7.652646e+03	7.400628e-06
7.657690e+03	7.282503e-06
7.662735e+03	7.166098e-06
7.667780e+03	7.051389e-06
7.672824e+03	6.938355e-06
7.677869e+03	6.826974e-06
7.682913e+03	6.717225e-06
7.687958e+03	6.609087e-06
7.693002e+03	6.502538e-06
7.698047e+03	6.397559e-06
7.703092e+03	6.294128e-06
7.708136e+03	6.192225e-06
7.713181e+03	6.091830e-06
7.718225e+03	5.992924e-06
7.723270e+03	5.895487e-06
7.728315e+03	5.799498e-06
7.733359e+03	5.704941e-06
7.738404e+03	5.611794e-06
7.743448e+03	5.520040e-06
7.748493e+03	5.429660e-06
7.753538e+03	5.340635e-06
7.758582e+03	5.252949e-06
7.763627e+03	5.166581e-06
7.768671e+03	5.081516e-06
7.773716e+03	4.997735e-06
7.778761e+03	4.915221e-06
7.783805e+03	4.833957e-06
7.788850e+03	4.753926e-06
7.793894e+03	4.675111e-06
7.798939e+03	4.597496e-06
7.803983e+03	4.521065e-06
7.809028e+03	4.445801e-06
7.814073e+03	4.371688e-06
7.819117e+03	4.298711e-06
7.824162e+03	4.226853e-06
7.829206e+03	4.156101e-06
7.834251e+03	4.086437e-06
7.839296e+03	4.017848e-06
7.844340e+03	3.950318e-06
7.849385e+03	3.883833e-06
7.854429e+03	3.818378e-06
7.859474e+03	3.753939e-06
7.864519e+03	3.690502e-06
7.869563e+03	3.628052e-06
7.874608e+03	3.566577e-06
7.879652e+03	3.506061e-06
7.884697e+03	3.446492e-06
7.889742e+03	3.387856e-06
7.894786e+03	3.330141e-06
7.899831e+03	3.273333e-06
7.904875e+03	3.217419e-06
7.909920e+03	3.162386e-06
7.914965e+03	3.108223e-06
7.920009e+03	3.054916e-06
7.925054e+03	3.002454e-06
7.930098e+03	2.950824e-06
7.935143e+03	2.900014e-06
7.940187e+03	2.850013e-06
7.945232e+03	2.800809e-06
7.950277e+03	2.752391e-06
7.955321e+03	2.704747e-06
7.960366e+03	2.657865e-06
7.965410e+03	2.611736e-06
7.970455e+03	2.566347e-06
7.975500e+03	2.521689e-06
7.980544e+03	2.477750e-06
7.985589e+03	2.434520e-06
7.990633e+03	2.391989e-06
7.995678e+03	2.350147e-06
8.000723e+03	2.308982e-06
8.005767e+03	2.268486e-06
8.010812e+03	2.228648e-06
8.015856e+03	2.189459e-06
8.020901e+03	2.150909e-06
8.025946e+03	2.112989e-06
8.030990e+03	2.075689e-06
8.036035e+03	2.039000e-06
8.041079e+03	2.002912e-06
8.046124e+03	1.967418e-06
8.051168e+03	1.932508e-06
8.056213e+03	1.898174e-06
8.061258e+03	1.864406e-06
8.066302e+03	1.831196e-06
8.071347e+03	1.798535e-06
8.076391e+03	1.766417e-06
8.081436e+03	1.734831e-06
8.086481e+03	1.703771e-06
8.091525e+03	1.673228e-06
8.096570e+03	1.643194e-06
8.101614e+03	1.613662e-06
8.106659e+03	1.584624e-06
8.111704e+03	1.556072e-06
8.116748e+03	1.527999e-06
8.121793e+03	1.500398e-06
8.126837e+03	1.473261e-06
8.131882e+03	1.446581e-06
8.136927e+03	1.420351e-06
8.141971e+03	1.394565e-06
8.147016e+03	1.369215e-06
8.152060e+03	1.344294e-06
8.157105e+03	1.319796e-06
8.162150e+03	1.295715e-06
8.167194e+03	1.272043e-06
8.172239e+03	1.248775e-06
8.177283e+03	1.225904e-06
8.182328e+03	1.203424e-06
8.187372e+03	1.181328e-06
8.192417e+03	1.159612e-06
8.197462e+03	1.138268e-06
8.202506e+03	1.117291e-06
8.207551e+03	1.096675e-06
8.212595e+03	1.076415e-06
8.217640e+03	1.056504e-06
8.222685e+03	1.036937e-06
8.227729e+03	1.017709e-06
8.232774e+03	9.988147e-07
8.237818e+03	9.802481e-07
8.242863e+03	9.620043e-07
8.247908e+03	9.440781e-07
8.252952e+03	9.264644e-07
8.257997e+03	9.091582e-07
8.263041e+03	8.921546e-07
8.268086e+03	8.754485e-07
8.273131e+03	8.590354e-07
8.278175e+03	8.429104e-07
8.283220e+03	8.270688e-07
8.288264e+03	8.115061e-07
8.293309e+03	7.962177e-07
8.298353e+03	7.811992e-07
8.303398e+03	7.664461e-07
8.308443e+03	7.519542e-07
8.313487e+03	7.377191e-07
8.318532e+03	7.237367e-07
8.323576e+03	7.100029e-07
8.328621e+03	6.965134e-07
8.333666e+03	6.832643e-07
8.338710e+03	6.702517e-07
8.343755e+03	6.574716e-07
8.348799e+03	6.449203e-07
8.353844e+03	6.325938e-07
8.358889e+03	6.204885e-07
8.363933e+03	6.086007e-07
8.368978e+03	5.969267e-07
8.374022e+03	5.854631e-07
8.379067e+03	5.742063e-07
8.384112e+03	5.631529e-07
8.389156e+03	5.522993e-07
8.394201e+03	5.416424e-07
8.399245e+03	5.311787e-07
8.404290e+03	5.209051e-07
8.409335e+03	5.108183e-07
8.414379e+03	5.009152e-07
8.419424e+03	4.911926e-07
8.424468e+03	4.816476e-07
8.429513e+03	4.722771e-07
8.434557e+03	4.630781e-07
8.439602e+03	4.540477e-07
8.444647e+03	4.451831e-07
8.449691e+03	4.364814e-07
8.454736e+03	4.279399e-07
8.459780e+03	4.195557e-07
8.464825e+03	4.113262e-07
8.469870e+03	4.032488e-07
8.474914e+03	3.953208e-07
8.479959e+03	3.875397e-07
8.485003e+03	3.799029e-07
8.490048e+03	3.724079e-07
8.495093e+03	3.650523e-07
8.500137e+03	3.578337e-07
8.505182e+03	3.507497e-07
8.510226e+03	3.437979e-07
8.515271e+03	3.369760e-07
8.520316e+03	3.302819e-07
8.525360e+03	3.237132e-07
8.530405e+03	3.172677e-07
8.535449e+03	3.109434e-07
8.540494e+03	3.047381e-07
8.545538e+03	2.986496e-07
8.550583e+03	2.926760e-07
8.555628e+03	2.868152e-07
8.560672e+03	2.810653e-07
8.565717e+03	2.754242e-07
8.570761e+03	2.698900e-07
8.575806e+03	2.644609e-07
8.580851e+03	2.591350e-07
8.585895e+03	2.539104e-07
8.590940e+03	2.487854e-07
8.595984e+03	2.437582e-07
8.601029e+03	2.388270e-07
8.606074e+03	2.339901e-07
8.611118e+03	2.292459e-07
8.616163e+03	2.245926e-07
8.621207e+03	2.200287e-07
8.626252e+03	2.155525e-07
8.631297e+03	2.111624e-07
8.636341e+03	2.068570e-07
8.641386e+03	2.026346e-07
8.646430e+03	1.984938e-07
8.651475e+03	1.944331e-07
8.656520e+03	1.904510e-07
8.661564e+03	1.865462e-07
8.666609e+03	1.827171e-07
8.671653e+03	1.789625e-07
8.676698e+03	1.752810e-07
8.681742e+03	1.716713e-07
8.686787e+03	1.681319e-07
8.691832e+03	1.646617e-07
8.696876e+03	1.612594e-07
8.701921e+03	1.579237e-07
8.706965e+03	1.546534e-07
8.712010e+03	1.514473e-07
8.717055e+03	1.483042e-07
8.722099e+03	1.452230e-07
8.727144e+03	1.422025e-07
8.732188e+03	1.392416e-07
8.737233e+03	1.363391e-07
8.742278e+03	1.334941e-07
8.747322e+03	1.307054e-07
8.752367e+03	1.279720e-07
8.757411e+03	1.252928e-07
8.762456e+03	1.226668e-07
8.767501e+03	1.200931e-07
8.772545e+03	1.175707e-07
8.777590e+03	1.150986e-07
8.782634e+03	1.126758e-07
8.787679e+03	1.103015e-07
8.792723e+03	1.079747e-07
8.797768e+03	1.056945e-07
8.802813e+03	1.034601e-07
8.807857e+03	1.012705e-07
8.812902e+03	9.912500e-08
8.817946e+03	9.702268e-08
8.822991e+03	9.496275e-08
8.828036e+03	9.294438e-08
8.833080e+03	9.096680e-08
8.838125e+03	8.902923e-08
8.843169e+03	8.713091e-08
8.848214e+03	8.527107e-08
8.853259e+03	8.344900e-08
8.858303e+03	8.166396e-08
8.863348e+03	7.991525e-08
8.868392e+03	7.820216e-08
8.873437e+03	7.652402e-08
8.878482e+03	7.488015e-08
8.883526e+03	7.326989e-08
8.888571e+03	7.169259e-08
8.893615e+03	7.014762e-08
8.898660e+03	6.863434e-08
8.903704e+03	6.715215e-08
8.908749e+03	6.570044e-08
8.913794e+03	6.427862e-08
8.918838e+03	6.288610e-08
8.923883e+03	6.152232e-08
8.928927e+03	6.018672e-08
8.933972e+03	5.887875e-08
8.939017e+03	5.759786e-08
8.944061e+03	5.634353e-08
8.949106e+03	5.511523e-08
8.954150e+03	5.391245e-08
8.959195e+03	5.273470e-08
8.964240e+03	5.158148e-08
8.969284e+03	5.045230e-08
8.974329e+03	4.934670e-08
8.979373e+03	4.826420e-08
8.984418e+03	4.720435e-08
8.989463e+03	4.616670e-08
8.994507e+03	4.515081e-08
8.999552e+03	4.415625e-08
9.004596e+03	4.318259e-08
9.009641e+03	4.222942e-08
9.014686e+03	4.129633e-08
9.019730e+03	4.038292e-08
9.024775e+03	3.948879e-08
9.029819e+03	3.861356e-08
9.034864e+03	3.775686e-08
9.039908e+03	3.691830e-08
9.044953e+03	3.609753e-08
9.049998e+03	3.529418e-08
9.055042e+03	3.450791e-08
9.060087e+03	3.373838e-08
9.065131e+03	3.298523e-08
9.070176e+03	3.224815e-08
9.075221e+03	3.152681e-08
9.080265e+03	3.082089e-08
9.085310e+03	3.013007e-08
9.090354e+03	2.945405e-08
9.095399e+03	2.879253e-08
9.100444e+03	2.814521e-08
9.105488e+03	2.751181e-08
9.110533e+03	2.689203e-08
9.115577e+03	2.628561e-08
9.120622e+03	2.569226e-08
9.125667e+03	2.511173e-08
9.130711e+03	2.454374e-08
9.135756e+03	2.398804e-08
9.140800e+03	2.344438e-08
9.145845e+03	2.291250e-08
9.150889e+03	2.239218e-08
9.155934e+03	2.188316e-08
9.160979e+03	2.138521e-08
9.166023e+03	2.089811e-08
9.171068e+03	2.042163e-08
9.176112e+03	1.995555e-08
9.181157e+03	1.949965e-08
9.186202e+03	1.905372e-08
9.191246e+03	1.861756e-08
9.196291e+03	1.819096e-08
9.201335e+03	1.777373e-08
9.206380e+03	1.736566e-08
9.211425e+03	1.696656e-08
9.216469e+03	1.657625e-08
9.221514e+03	1.619454e-08
9.226558e+03	1.582126e-08
9.231603e+03	1.545622e-08
9.236648e+03	1.509925e-08
9.241692e+03	1.475018e-08
9.246737e+03	1.440885e-08
9.251781e+03	1.407509e-08
9.256826e+03	1.374874e-08
9.261871e+03	1.342964e-08
9.266915e+03	1.311765e-08
9.271960e+03	1.281261e-08
9.277004e+03	1.251437e-08
9.282049e+03	1.222278e-08
9.287093e+03	1.193772e-08
9.292138e+03	1.165903e-08
9.297183e+03	1.138658e-08
9.302227e+03	1.112024e-08
9.307272e+03	1.085988e-08
9.312316e+03	1.060536e-08
9.317361e+03	1.035658e-08
9.322406e+03	1.011339e-08
9.327450e+03	9.875681e-09
9.332495e+03	9.643338e-09
9.337539e+03	9.416241e-09
9.342584e+03	9.194279e-09
9.347629e+03	8.977340e-09
9.352673e+03	8.765316e-09
9.357718e+03	8.558101e-09
9.362762e+03	8.355590e-09
9.367807e+03	8.157682e-09
9.372852e+03	7.964276e-09
9.377896e+03	7.775274e-09
9.382941e+03	7.590582e-09
9.387985e+03	7.410104e-09
9.393030e+03	7.233749e-09
9.398074e+03	7.061427e-09
9.403119e+03	6.893050e-09
9.408164e+03	6.728532e-09
9.413208e+03	6.567787e-09
9.418253e+03	6.410734e-09
9.423297e+03	6.257290e-09
9.428342e+03	6.107378e-09
9.433387e+03	5.960918e-09
9.438431e+03	5.817835e-09
9.443476e+03	5.678055e-09
9.448520e+03	5.541505e-09
9.453565e+03	5.408112e-09
9.458610e+03	5.277808e-09
9.463654e+03	5.150524e-09
9.468699e+03	5.026192e-09
9.473743e+03	4.904748e-09
9.478788e+03	4.786127e-09
9.483833e+03	4.670266e-09
9.488877e+03	4.557104e-09
9.493922e+03	4.446581e-09
9.498966e+03	4.338637e-09
9.504011e+03	4.233216e-09
9.509056e+03	4.130259e-09
9.514100e+03	4.029713e-09
9.519145e+03	3.931524e-09
9.524189e+03	3.835638e-09
9.529234e+03	3.742003e-09
9.534278e+03	3.650569e-09
9.539323e+03	3.561287e-09
9.544368e+03	3.474107e-09
9.549412e+03	3.388983e-09
9.554457e+03	3.305868e-09
9.559501e+03	3.224716e-09
9.564546e+03	3.145483e-09
9.569591e+03	3.068125e-09
9.574635e+03	2.992601e-09
9.579680e+03	2.918868e-09
9.584724e+03	2.846885e-09
9.589769e+03	2.776613e-09
9.594814e+03	2.708012e-09
9.599858e+03	2.641045e-09
9.604903e+03	2.575674e-09
9.609947e+03	2.511863e-09
9.614992e+03	2.449576e-09
9.620037e+03	2.388778e-09
9.625081e+03	2.329434e-09
9.630126e+03	2.271512e-09
9.635170e+03	2.214979e-09
9.640215e+03	2.159803e-09
9.645259e+03	2.105952e-09
9.650304e+03	2.053396e-09
9.655349e+03	2.002105e-09
9.660393e+03	1.952050e-09
9.665438e+03	1.903202e-09
9.670482e+03	1.855533e-09
9.675527e+03	1.809017e-09
9.680572e+03	1.763625e-09
9.685616e+03	1.719332e-09
9.690661e+03	1.676113e-09
9.695705e+03	1.633942e-09
9.700750e+03	1.592795e-09
9.705795e+03	1.552649e-09
9.710839e+03	1.513479e-09
9.715884e+03	1.475262e-09
9.720928e+03	1.437978e-09
9.725973e+03	1.401603e-09
9.731018e+03	1.366117e-09
9.736062e+03	1.331498e-09
9.741107e+03	1.297726e-09
9.746151e+03	1.264781e-09
9.751196e+03	1.232644e-09
9.756241e+03	1.201296e-09
9.761285e+03	1.170717e-09
9.766330e+03	1.140891e-09
9.771374e+03	1.111798e-09
9.776419e+03	1.083423e-09
9.781463e+03	1.055747e-09
9.786508e+03	1.028754e-09
9.791553e+03	1.002427e-09
9.796597e+03	9.767522e-10
9.801642e+03	9.517125e-10
9.806686e+03	9.272932e-10
9.811731e+03	9.034794e-10
9.816776e+03	8.802567e-10
9.821820e+03	8.576110e-10
9.826865e+03	8.355284e-10
9.831909e+03	8.139956e-10
9.836954e+03	7.929992e-10
9.841999e+03	7.725265e-10
9.847043e+03	7.525648e-10
9.852088e+03	7.331018e-10
9.857132e+03	7.141256e-10
9.862177e+03	6.956245e-10
9.867222e+03	6.775869e-10
9.872266e+03	6.600016e-10
9.877311e+03	6.428579e-10
9.882355e+03	6.261448e-10
9.887400e+03	6.098521e-10
9.892444e+03	5.939696e-10
9.897489e+03	5.784872e-10
9.902534e+03	5.633953e-10
9.907578e+03	5.486844e-10
9.912623e+03	5.343451e-10
9.917667e+03	5.203685e-10
9.922712e+03	5.067457e-10
9.927757e+03	4.934681e-10
9.932801e+03	4.805272e-10
9.937846e+03	4.679148e-10
9.942890e+03	4.556228e-10
9.947935e+03	4.436434e-10
9.952980e+03	4.319690e-10
9.958024e+03	4.205920e-10
9.963069e+03	4.095051e-10
9.968113e+03	3.987012e-10
9.973158e+03	3.881733e-10
9.978203e+03	3.779146e-10
9.983247e+03	3.679184e-10
9.988292e+03	3.581784e-10
9.993336e+03	3.486881e-10
9.998381e+03	3.394414e-10
1.000343e+04	3.304322e-10
1.000847e+04	3.216546e-10
1.001351e+04	3.131029e-10
1.001856e+04	3.047715e-10
1.002360e+04	2.966549e-10
1.002865e+04	2.887477e-10
1.003369e+04	2.810448e-10
1.003874e+04	2.735410e-10
1.004378e+04	2.662314e-10
1.004883e+04	2.591110e-10
1.005387e+04	2.521753e-10
1.005892e+04	2.454194e-10
1.006396e+04	2.388391e-10
1.006901e+04	2.324297e-10
1.007405e+04	2.261871e-10
1.007909e+04	2.201070e-10
1.008414e+04	2.141854e-10
1.008918e+04	2.084183e-10
1.009423e+04	2.028017e-10
1.009927e+04	1.973320e-10
1.010432e+04	1.920052e-10
1.010936e+04	1.868179e-10
1.011441e+04	1.817666e-10
1.011945e+04	1.768477e-10
1.012450e+04	1.720579e-10
1.012954e+04	1.673939e-10
1.013458e+04	1.628526e-10
1.013963e+04	1.584308e-10
1.014467e+04	1.541255e-10
1.014972e+04	1.499337e-10
1.015476e+04	1.458525e-10
1.015981e+04	1.418792e-10
1.016485e+04	1.380108e-10
1.016990e+04	1.342448e-10
1.017494e+04	1.305785e-10
1.017999e+04	1.270094e-10
1.018503e+04	1.235350e-10
1.019008e+04	1.201528e-10
1.019512e+04	1.168605e-10
1.020016e+04	1.136558e-10
1.020521e+04	1.105364e-10
1.021025e+04	1.075001e-10
1.021530e+04	1.045448e-10
1.022034e+04	1.016684e-10
1.022539e+04	9.886881e-11
1.023043e+04	9.614407e-11
1.023548e+04	9.349226e-11
1.024052e+04	9.091147e-11
1.024557e+04	8.839987e-11
1.025061e+04	8.595566e-11
1.025566e+04	8.357709e-11
1.026070e+04	8.126244e-11
1.026574e+04	7.901007e-11
1.027079e+04	7.681834e-11
1.027583e+04	7.468567e-11
1.028088e+04	7.261052e-11
1.028592e+04	7.059139e-11
1.029097e+04	6.862681e-11
1.029601e+04	6.671535e-11
1.030106e+04	6.485563e-11
1.030610e+04	6.304628e-11
1.031115e+04	6.128598e-11
1.031619e+04	5.957345e-11
1.032123e+04	5.790742e-11
1.032628e+04	5.628668e-11
1.033132e+04	5.471003e-11
1.033637e+04	5.317631e-11
1.034141e+04	5.168438e-11
1.034646e+04	5.023314e-11
1.035150e+04	4.882151e-11
1.035655e+04	4.744845e-11
1.036159e+04	4.611294e-11
1.036664e+04	4.481397e-11
1.037168e+04	4.355059e-11
1.037673e+04	4.232183e-11
1.038177e+04	4.112679e-11
1.038681e+04	3.996456e-11
1.039186e+04	3.883428e-11
1.039690e+04	3.773508e-11
1.040195e+04	3.666614e-11
1.040699e+04	3.562666e-11
1.041204e+04	3.461584e-11
1.041708e+04	3.363292e-11
1.042213e+04	3.267715e-11
1.042717e+04	3.174780e-11
1.043222e+04	3.084417e-11
1.043726e+04	2.996556e-11
1.044230e+04	2.911130e-11
1.044735e+04	2.828073e-11
1.045239e+04	2.747323e-11
1.045744e+04	2.668816e-11
1.046248e+04	2.592492e-11
1.046753e+04	2.518292e-11
1.047257e+04	2.446159e-11
1.047762e+04	2.376037e-11
1.048266e+04	2.307872e-11
1.048771e+04	2.241610e-11
1.049275e+04	2.177200e-11
1.049780e+04	2.114591e-11
1.050284e+04	2.053735e-11
1.050788e+04	1.994584e-11
1.051293e+04	1.937092e-11
1.051797e+04	1.881213e-11
1.052302e+04	1.826904e-11
1.052806e+04	1.774121e-11
1.053311e+04	1.722823e-11
1.053815e+04	1.672970e-11
1.054320e+04	1.624521e-11
1.054824e+04	1.577439e-11
1.055329e+04	1.531686e-11
1.055833e+04	1.487225e-11
1.056338e+04	1.444021e-11
1.056842e+04	1.402040e-11
1.057346e+04	1.361248e-11
1.057851e+04	1.321611e-11
1.058355e+04	1.283099e-11
1.058860e+04	1.245681e-11
1.059364e+04	1.209325e-11
1.059869e+04	1.174003e-11
1.060373e+04	1.139686e-11
1.060878e+04	1.106347e-11
1.061382e+04	1.073958e-11
1.061887e+04	1.042493e-11
1.062391e+04	1.011926e-11
1.062895e+04	9.822332e-12
1.063400e+04	9.533890e-12
1.063904e+04	9.253704e-12
1.064409e+04	8.981543e-12
1.064913e+04	8.717185e-12
1.065418e+04	8.460410e-12
1.065922e+04	8.211008e-12
1.066427e+04	7.968774e-12
1.066931e+04	7.733505e-12
1.067436e+04	7.505008e-12
1.067940e+04	7.283093e-12
1.068445e+04	7.067575e-12
1.068949e+04	6.858276e-12
1.069453e+04	6.655020e-12
1.069958e+04	6.457638e-12
1.070462e+04	6.265964e-12
1.070967e+04	6.079838e-12
1.071471e+04	5.899104e-12
1.071976e+04	5.723609e-12
1.072480e+04	5.553206e-12
1.072985e+04	5.387751e-12
1.073489e+04	5.227104e-12
1.073994e+04	5.071130e-12
1.074498e+04	4.919695e-12
1.075003e+04	4.772671e-12
1.075507e+04	4.629934e-12
1.076011e+04	4.491361e-12
1.076516e+04	4.356834e-12
1.077020e+04	4.226238e-12
1.077525e+04	4.099462e-12
1.078029e+04	3.976396e-12
1.078534e+04	3.856935e-12
1.079038e+04	3.740976e-12
1.079543e+04	3.628419e-12
1.080047e+04	3.519166e-12
1.080552e+04	3.413124e-12
1.081056e+04	3.310200e-12
1.081560e+04	3.210306e-12
1.082065e+04	3.113353e-12
1.082569e+04	3.019259e-12
1.083074e+04	2.927940e-12
1.083578e+04	2.839317e-12
1.084083e+04	2.753312e-12
1.084587e+04	2.669851e-12
1.085092e+04	2.588859e-12
1.085596e+04	2.510266e-12
1.086101e+04	2.434002e-12
1.086605e+04	2.360001e-12
1.087110e+04	2.288196e-12
1.087614e+04	2.218524e-12
1.088118e+04	2.150924e-12
1.088623e+04	2.085335e-12
1.089127e+04	2.021699e-12
1.089632e+04	1.959959e-12
1.090136e+04	1.900061e-12
1.090641e+04	1.841950e-12
1.091145e+04	1.785575e-12
1.091650e+04	1.730886e-12
1.092154e+04	1.677832e-12
1.092659e+04	1.626367e-12
1.093163e+04	1.576443e-12
1.093667e+04	1.528017e-12
1.094172e+04	1.481044e-12
1.094676e+04	1.435481e-12
1.095181e+04	1.391288e-12
1.095685e+04	1.348424e-12
1.096190e+04	1.306850e-12
1.096694e+04	1.266529e-12
1.097199e+04	1.227423e-12
1.097703e+04	1.189496e-12
1.098208e+04	1.152715e-12
1.098712e+04	1.117046e-12
1.099217e+04	1.082455e-12
1.099721e+04	1.048910e-12
1.100225e+04	1.016382e-12
1.100730e+04	9.848393e-13
1.101234e+04	9.542534e-13
1.101739e+04	9.245960e-13
1.102243e+04	8.958394e-13
1.102748e+04	8.679571e-13
1.103252e+04	8.409230e-13
1.103757e+04	8.147120e-13
1.104261e+04	7.892997e-13
1.104766e+04	7.646622e-13
1.105270e+04	7.407765e-13
1.105775e+04	7.176203e-13
1.106279e+04	6.951718e-13
1.106783e+04	6.734098e-13
1.107288e+04	6.523139e-13
1.107792e+04	6.318642e-13
1.108297e+04	6.120414e-13
1.108801e+04	5.928267e-13
1.109306e+04	5.742018e-13
1.109810e+04	5.561492e-13
1.110315e+04	5.386516e-13
1.110819e+04	5.216924e-13
1.111324e+04	5.052554e-13
1.111828e+04	4.893249e-13
1.112332e+04	4.738856e-13
1.112837e+04	4.589229e-13
1.113341e+04	4.444222e-13
1.113846e+04	4.303697e-13
1.114350e+04	4.167519e-13
1.114855e+04	4.035556e-13
1.115359e+04	3.907681e-13
1.115864e+04	3.783769e-13
1.116368e+04	3.663702e-13
1.116873e+04	3.547362e-13
1.117377e+04	3.434637e-13
1.117882e+04	3.325416e-13
1.118386e+04	3.219594e-13
1.118890e+04	3.117067e-13
1.119395e+04	3.017735e-13
1.119899e+04	2.921500e-13
1.120404e+04	2.828268e-13
1.120908e+04	2.737948e-13
1.121413e+04	2.650451e-13
1.121917e+04	2.565690e-13
1.122422e+04	2.483582e-13
1.122926e+04	2.404046e-13
1.123431e+04	2.327003e-13
1.123935e+04	2.252377e-13
1.124440e+04	2.180093e-13
1.124944e+04	2.110079e-13
1.125448e+04	2.042267e-13
1.125953e+04	1.976588e-13
1.126457e+04	1.912977e-13
1.126962e+04	1.851370e-13
1.127466e+04	1.791706e-13
1.127971e+04	1.733924e-13
1.128475e+04	1.677966e-13
1.128980e+04	1.623776e-13
1.129484e+04	1.571300e-13
1.129989e+04	1.520485e-13
1.130493e+04	1.471279e-13
1.130997e+04	1.423632e-13
1.131502e+04	1.377496e-13
1.132006e+04	1.332824e-13
1.132511e+04	1.289571e-13
1.133015e+04	1.247692e-13
1.133520e+04	1.207146e-13
1.134024e+04	1.167890e-13
1.134529e+04	1.129884e-13
1.135033e+04	1.093090e-13
1.135538e+04	1.057469e-13
1.136042e+04	1.022985e-13
1.136547e+04	9.896033e-14
1.137051e+04	9.572882e-14
1.137555e+04	9.260067e-14
1.138060e+04	8.957267e-14
1.138564e+04	8.664166e-14
1.139069e+04	8.380462e-14
1.139573e+04	8.105859e-14
1.140078e+04	7.840072e-14
1.140582e+04	7.582823e-14
