# # p(y | x = 2.100000e-03)
# # y_val	p(y|x)
0.000000e+00	4.213494e-06
5.044592e+00	4.275914e-06
1.008918e+01	4.339180e-06
1.513378e+01	4.403303e-06
2.017837e+01	4.468293e-06
2.522296e+01	4.534160e-06
3.026755e+01	4.600915e-06
3.531214e+01	4.668568e-06
4.035673e+01	4.737131e-06
4.540133e+01	4.806614e-06
5.044592e+01	4.877028e-06
5.549051e+01	4.948385e-06
6.053510e+01	5.020695e-06
6.557969e+01	5.093969e-06
7.062428e+01	5.168220e-06
7.566888e+01	5.243458e-06
8.071347e+01	5.319695e-06
8.575806e+01	5.396944e-06
9.080265e+01	5.475215e-06
9.584724e+01	5.554521e-06
1.008918e+02	5.634875e-06
1.059364e+02	5.716287e-06
1.109810e+02	5.798771e-06
1.160256e+02	5.882339e-06
1.210702e+02	5.967004e-06
1.261148e+02	6.052778e-06
1.311594e+02	6.139674e-06
1.362040e+02	6.227706e-06
1.412486e+02	6.316885e-06
1.462932e+02	6.407226e-06
1.513378e+02	6.498742e-06
1.563823e+02	6.591445e-06
1.614269e+02	6.685351e-06
1.664715e+02	6.780472e-06
1.715161e+02	6.876822e-06
1.765607e+02	6.974415e-06
1.816053e+02	7.073266e-06
1.866499e+02	7.173388e-06
1.916945e+02	7.274796e-06
1.967391e+02	7.377505e-06
2.017837e+02	7.481529e-06
2.068283e+02	7.586882e-06
2.118729e+02	7.693580e-06
2.169174e+02	7.801638e-06
2.219620e+02	7.911071e-06
2.270066e+02	8.021893e-06
2.320512e+02	8.134122e-06
2.370958e+02	8.247772e-06
2.421404e+02	8.362858e-06
2.471850e+02	8.479398e-06
2.522296e+02	8.597406e-06
2.572742e+02	8.716899e-06
2.623188e+02	8.837894e-06
2.673634e+02	8.960406e-06
2.724080e+02	9.084453e-06
2.774525e+02	9.210051e-06
2.824971e+02	9.337216e-06
2.875417e+02	9.465967e-06
2.925863e+02	9.596319e-06
2.976309e+02	9.728291e-06
3.026755e+02	9.861900e-06
3.077201e+02	9.997163e-06
3.127647e+02	1.013410e-05
3.178093e+02	1.027273e-05
3.228539e+02	1.041306e-05
3.278985e+02	1.055512e-05
3.329431e+02	1.069893e-05
3.379876e+02	1.084450e-05
3.430322e+02	1.099185e-05
3.480768e+02	1.114100e-05
3.531214e+02	1.129197e-05
3.581660e+02	1.144478e-05
3.632106e+02	1.159945e-05
3.682552e+02	1.175600e-05
3.732998e+02	1.191445e-05
3.783444e+02	1.207481e-05
3.833890e+02	1.223711e-05
3.884336e+02	1.240137e-05
3.934782e+02	1.256761e-05
3.985228e+02	1.273585e-05
4.035673e+02	1.290610e-05
4.086119e+02	1.307839e-05
4.136565e+02	1.325275e-05
4.187011e+02	1.342919e-05
4.237457e+02	1.360773e-05
4.287903e+02	1.378839e-05
4.338349e+02	1.397121e-05
4.388795e+02	1.415619e-05
4.439241e+02	1.434336e-05
4.489687e+02	1.453274e-05
4.540133e+02	1.472436e-05
4.590579e+02	1.491823e-05
4.641024e+02	1.511439e-05
4.691470e+02	1.531284e-05
4.741916e+02	1.551363e-05
4.792362e+02	1.571676e-05
4.842808e+02	1.592226e-05
4.893254e+02	1.613016e-05
4.943700e+02	1.634048e-05
4.994146e+02	1.655325e-05
5.044592e+02	1.676848e-05
5.095038e+02	1.698620e-05
5.145484e+02	1.720644e-05
5.195930e+02	1.742922e-05
5.246375e+02	1.765457e-05
5.296821e+02	1.788250e-05
5.347267e+02	1.811306e-05
5.397713e+02	1.834625e-05
5.448159e+02	1.858211e-05
5.498605e+02	1.882066e-05
5.549051e+02	1.906194e-05
5.599497e+02	1.930595e-05
5.649943e+02	1.955274e-05
5.700389e+02	1.980232e-05
5.750835e+02	2.005473e-05
5.801281e+02	2.030999e-05
5.851726e+02	2.056813e-05
5.902172e+02	2.082917e-05
5.952618e+02	2.109314e-05
6.003064e+02	2.136007e-05
6.053510e+02	2.163000e-05
6.103956e+02	2.190293e-05
6.154402e+02	2.217891e-05
6.204848e+02	2.245796e-05
6.255294e+02	2.274012e-05
6.305740e+02	2.302540e-05
6.356186e+02	2.331384e-05
6.406632e+02	2.360547e-05
6.457077e+02	2.390031e-05
6.507523e+02	2.419840e-05
6.557969e+02	2.449976e-05
6.608415e+02	2.480443e-05
6.658861e+02	2.511244e-05
6.709307e+02	2.542381e-05
6.759753e+02	2.573858e-05
6.810199e+02	2.605677e-05
6.860645e+02	2.637843e-05
6.911091e+02	2.670357e-05
6.961537e+02	2.703223e-05
7.011983e+02	2.736444e-05
7.062428e+02	2.770023e-05
7.112874e+02	2.803964e-05
7.163320e+02	2.838269e-05
7.213766e+02	2.872943e-05
7.264212e+02	2.907987e-05
7.314658e+02	2.943406e-05
7.365104e+02	2.979202e-05
7.415550e+02	3.015380e-05
7.465996e+02	3.051941e-05
7.516442e+02	3.088890e-05
7.566888e+02	3.126230e-05
7.617334e+02	3.163964e-05
7.667780e+02	3.202096e-05
7.718225e+02	3.240629e-05
7.768671e+02	3.279567e-05
7.819117e+02	3.318912e-05
7.869563e+02	3.358669e-05
7.920009e+02	3.398841e-05
7.970455e+02	3.439431e-05
8.020901e+02	3.480443e-05
8.071347e+02	3.521880e-05
8.121793e+02	3.563746e-05
8.172239e+02	3.606045e-05
8.222685e+02	3.648781e-05
8.273131e+02	3.691956e-05
8.323576e+02	3.735574e-05
8.374022e+02	3.779640e-05
8.424468e+02	3.824156e-05
8.474914e+02	3.869127e-05
8.525360e+02	3.914556e-05
8.575806e+02	3.960447e-05
8.626252e+02	4.006803e-05
8.676698e+02	4.053629e-05
8.727144e+02	4.100929e-05
8.777590e+02	4.148705e-05
8.828036e+02	4.196962e-05
8.878482e+02	4.245704e-05
8.928927e+02	4.294934e-05
8.979373e+02	4.344657e-05
9.029819e+02	4.394876e-05
9.080265e+02	4.445595e-05
9.130711e+02	4.496818e-05
9.181157e+02	4.548550e-05
9.231603e+02	4.600793e-05
9.282049e+02	4.653553e-05
9.332495e+02	4.706832e-05
9.382941e+02	4.760636e-05
9.433387e+02	4.814968e-05
9.483833e+02	4.869832e-05
9.534278e+02	4.925232e-05
9.584724e+02	4.981173e-05
9.635170e+02	5.037658e-05
9.685616e+02	5.094691e-05
9.736062e+02	5.152278e-05
9.786508e+02	5.210421e-05
9.836954e+02	5.269125e-05
9.887400e+02	5.328394e-05
9.937846e+02	5.388233e-05
9.988292e+02	5.448645e-05
1.003874e+03	5.509636e-05
1.008918e+03	5.571208e-05
1.013963e+03	5.633367e-05
1.019008e+03	5.696117e-05
1.024052e+03	5.759461e-05
1.029097e+03	5.823405e-05
1.034141e+03	5.887952e-05
1.039186e+03	5.953108e-05
1.044230e+03	6.018876e-05
1.049275e+03	6.085260e-05
1.054320e+03	6.152266e-05
1.059364e+03	6.219897e-05
1.064409e+03	6.288158e-05
1.069453e+03	6.357054e-05
1.074498e+03	6.426588e-05
1.079543e+03	6.496766e-05
1.084587e+03	6.567592e-05
1.089632e+03	6.639069e-05
1.094676e+03	6.711204e-05
1.099721e+03	6.784000e-05
1.104766e+03	6.857461e-05
1.109810e+03	6.931593e-05
1.114855e+03	7.006400e-05
1.119899e+03	7.081887e-05
1.124944e+03	7.158057e-05
1.129989e+03	7.234916e-05
1.135033e+03	7.312469e-05
1.140078e+03	7.390719e-05
1.145122e+03	7.469672e-05
1.150167e+03	7.549332e-05
1.155212e+03	7.629704e-05
1.160256e+03	7.710792e-05
1.165301e+03	7.792601e-05
1.170345e+03	7.875136e-05
1.175390e+03	7.958402e-05
1.180434e+03	8.042403e-05
1.185479e+03	8.127144e-05
1.190524e+03	8.212629e-05
1.195568e+03	8.298864e-05
1.200613e+03	8.385853e-05
1.205657e+03	8.473601e-05
1.210702e+03	8.562113e-05
1.215747e+03	8.651392e-05
1.220791e+03	8.741445e-05
1.225836e+03	8.832276e-05
1.230880e+03	8.923890e-05
1.235925e+03	9.016291e-05
1.240970e+03	9.109485e-05
1.246014e+03	9.203475e-05
1.251059e+03	9.298268e-05
1.256103e+03	9.393867e-05
1.261148e+03	9.490278e-05
1.266193e+03	9.587505e-05
1.271237e+03	9.685554e-05
1.276282e+03	9.784428e-05
1.281326e+03	9.884134e-05
1.286371e+03	9.984675e-05
1.291415e+03	1.008606e-04
1.296460e+03	1.018828e-04
1.301505e+03	1.029136e-04
1.306549e+03	1.039530e-04
1.311594e+03	1.050009e-04
1.316638e+03	1.060575e-04
1.321683e+03	1.071227e-04
1.326728e+03	1.081968e-04
1.331772e+03	1.092796e-04
1.336817e+03	1.103713e-04
1.341861e+03	1.114718e-04
1.346906e+03	1.125813e-04
1.351951e+03	1.136998e-04
1.356995e+03	1.148273e-04
1.362040e+03	1.159640e-04
1.367084e+03	1.171097e-04
1.372129e+03	1.182647e-04
1.377174e+03	1.194288e-04
1.382218e+03	1.206023e-04
1.387263e+03	1.217851e-04
1.392307e+03	1.229773e-04
1.397352e+03	1.241789e-04
1.402397e+03	1.253899e-04
1.407441e+03	1.266105e-04
1.412486e+03	1.278407e-04
1.417530e+03	1.290805e-04
1.422575e+03	1.303300e-04
1.427619e+03	1.315892e-04
1.432664e+03	1.328581e-04
1.437709e+03	1.341369e-04
1.442753e+03	1.354255e-04
1.447798e+03	1.367241e-04
1.452842e+03	1.380326e-04
1.457887e+03	1.393511e-04
1.462932e+03	1.406797e-04
1.467976e+03	1.420184e-04
1.473021e+03	1.433672e-04
1.478065e+03	1.447262e-04
1.483110e+03	1.460955e-04
1.488155e+03	1.474750e-04
1.493199e+03	1.488649e-04
1.498244e+03	1.502652e-04
1.503288e+03	1.516759e-04
1.508333e+03	1.530971e-04
1.513378e+03	1.545289e-04
1.518422e+03	1.559712e-04
1.523467e+03	1.574241e-04
1.528511e+03	1.588877e-04
1.533556e+03	1.603620e-04
1.538600e+03	1.618470e-04
1.543645e+03	1.633429e-04
1.548690e+03	1.648496e-04
1.553734e+03	1.663672e-04
1.558779e+03	1.678958e-04
1.563823e+03	1.694353e-04
1.568868e+03	1.709859e-04
1.573913e+03	1.725475e-04
1.578957e+03	1.741202e-04
1.584002e+03	1.757042e-04
1.589046e+03	1.772993e-04
1.594091e+03	1.789057e-04
1.599136e+03	1.805234e-04
1.604180e+03	1.821524e-04
1.609225e+03	1.837928e-04
1.614269e+03	1.854446e-04
1.619314e+03	1.871079e-04
1.624359e+03	1.887827e-04
1.629403e+03	1.904690e-04
1.634448e+03	1.921670e-04
1.639492e+03	1.938766e-04
1.644537e+03	1.955978e-04
1.649582e+03	1.973308e-04
1.654626e+03	1.990756e-04
1.659671e+03	2.008321e-04
1.664715e+03	2.026005e-04
1.669760e+03	2.043808e-04
1.674804e+03	2.061730e-04
1.679849e+03	2.079771e-04
1.684894e+03	2.097933e-04
1.689938e+03	2.116215e-04
1.694983e+03	2.134617e-04
1.700027e+03	2.153141e-04
1.705072e+03	2.171787e-04
1.710117e+03	2.190554e-04
1.715161e+03	2.209444e-04
1.720206e+03	2.228456e-04
1.725250e+03	2.247591e-04
1.730295e+03	2.266850e-04
1.735340e+03	2.286232e-04
1.740384e+03	2.305739e-04
1.745429e+03	2.325370e-04
1.750473e+03	2.345126e-04
1.755518e+03	2.365007e-04
1.760563e+03	2.385013e-04
1.765607e+03	2.405146e-04
1.770652e+03	2.425404e-04
1.775696e+03	2.445789e-04
1.780741e+03	2.466301e-04
1.785785e+03	2.486940e-04
1.790830e+03	2.507706e-04
1.795875e+03	2.528600e-04
1.800919e+03	2.549622e-04
1.805964e+03	2.570773e-04
1.811008e+03	2.592052e-04
1.816053e+03	2.613460e-04
1.821098e+03	2.634997e-04
1.826142e+03	2.656664e-04
1.831187e+03	2.678461e-04
1.836231e+03	2.700388e-04
1.841276e+03	2.722445e-04
1.846321e+03	2.744633e-04
1.851365e+03	2.766952e-04
1.856410e+03	2.789401e-04
1.861454e+03	2.811983e-04
1.866499e+03	2.834695e-04
1.871544e+03	2.857540e-04
1.876588e+03	2.880517e-04
1.881633e+03	2.903626e-04
1.886677e+03	2.926868e-04
1.891722e+03	2.950242e-04
1.896767e+03	2.973750e-04
1.901811e+03	2.997390e-04
1.906856e+03	3.021165e-04
1.911900e+03	3.045072e-04
1.916945e+03	3.069114e-04
1.921989e+03	3.093289e-04
1.927034e+03	3.117599e-04
1.932079e+03	3.142043e-04
1.937123e+03	3.166621e-04
1.942168e+03	3.191334e-04
1.947212e+03	3.216182e-04
1.952257e+03	3.241165e-04
1.957302e+03	3.266283e-04
1.962346e+03	3.291536e-04
1.967391e+03	3.316925e-04
1.972435e+03	3.342449e-04
1.977480e+03	3.368108e-04
1.982525e+03	3.393904e-04
1.987569e+03	3.419835e-04
1.992614e+03	3.445902e-04
1.997658e+03	3.472105e-04
2.002703e+03	3.498445e-04
2.007748e+03	3.524920e-04
2.012792e+03	3.551532e-04
2.017837e+03	3.578280e-04
2.022881e+03	3.605164e-04
2.027926e+03	3.632185e-04
2.032970e+03	3.659342e-04
2.038015e+03	3.686636e-04
2.043060e+03	3.714066e-04
2.048104e+03	3.741633e-04
2.053149e+03	3.769336e-04
2.058193e+03	3.797176e-04
2.063238e+03	3.825153e-04
2.068283e+03	3.853266e-04
2.073327e+03	3.881516e-04
2.078372e+03	3.909902e-04
2.083416e+03	3.938425e-04
2.088461e+03	3.967084e-04
2.093506e+03	3.995879e-04
2.098550e+03	4.024811e-04
2.103595e+03	4.053879e-04
2.108639e+03	4.083084e-04
2.113684e+03	4.112425e-04
2.118729e+03	4.141901e-04
2.123773e+03	4.171514e-04
2.128818e+03	4.201263e-04
2.133862e+03	4.231147e-04
2.138907e+03	4.261167e-04
2.143952e+03	4.291322e-04
2.148996e+03	4.321613e-04
2.154041e+03	4.352039e-04
2.159085e+03	4.382601e-04
2.164130e+03	4.413297e-04
2.169174e+03	4.444128e-04
2.174219e+03	4.475093e-04
2.179264e+03	4.506193e-04
2.184308e+03	4.537428e-04
2.189353e+03	4.568796e-04
2.194397e+03	4.600298e-04
2.199442e+03	4.631934e-04
2.204487e+03	4.663703e-04
2.209531e+03	4.695605e-04
2.214576e+03	4.727640e-04
2.219620e+03	4.759808e-04
2.224665e+03	4.792108e-04
2.229710e+03	4.824540e-04
2.234754e+03	4.857104e-04
2.239799e+03	4.889799e-04
2.244843e+03	4.922626e-04
2.249888e+03	4.955584e-04
2.254933e+03	4.988672e-04
2.259977e+03	5.021890e-04
2.265022e+03	5.055239e-04
2.270066e+03	5.088717e-04
2.275111e+03	5.122324e-04
2.280155e+03	5.156060e-04
2.285200e+03	5.189925e-04
2.290245e+03	5.223918e-04
2.295289e+03	5.258038e-04
2.300334e+03	5.292286e-04
2.305378e+03	5.326661e-04
2.310423e+03	5.361162e-04
2.315468e+03	5.395790e-04
2.320512e+03	5.430543e-04
2.325557e+03	5.465421e-04
2.330601e+03	5.500424e-04
2.335646e+03	5.535551e-04
2.340691e+03	5.570802e-04
2.345735e+03	5.606176e-04
2.350780e+03	5.641673e-04
2.355824e+03	5.677292e-04
2.360869e+03	5.713033e-04
2.365914e+03	5.748895e-04
2.370958e+03	5.784878e-04
2.376003e+03	5.820981e-04
2.381047e+03	5.857204e-04
2.386092e+03	5.893545e-04
2.391137e+03	5.930005e-04
2.396181e+03	5.966583e-04
2.401226e+03	6.003279e-04
2.406270e+03	6.040090e-04
2.411315e+03	6.077018e-04
2.416359e+03	6.114062e-04
2.421404e+03	6.151220e-04
2.426449e+03	6.188492e-04
2.431493e+03	6.225877e-04
2.436538e+03	6.263376e-04
2.441582e+03	6.300986e-04
2.446627e+03	6.338708e-04
2.451672e+03	6.376541e-04
2.456716e+03	6.414484e-04
2.461761e+03	6.452536e-04
2.466805e+03	6.490696e-04
2.471850e+03	6.528964e-04
2.476895e+03	6.567340e-04
2.481939e+03	6.605822e-04
2.486984e+03	6.644409e-04
2.492028e+03	6.683101e-04
2.497073e+03	6.721897e-04
2.502118e+03	6.760796e-04
2.507162e+03	6.799798e-04
2.512207e+03	6.838901e-04
2.517251e+03	6.878105e-04
2.522296e+03	6.917408e-04
2.527340e+03	6.956811e-04
2.532385e+03	6.996312e-04
2.537430e+03	7.035910e-04
2.542474e+03	7.075605e-04
2.547519e+03	7.115395e-04
2.552563e+03	7.155279e-04
2.557608e+03	7.195258e-04
2.562653e+03	7.235329e-04
2.567697e+03	7.275492e-04
2.572742e+03	7.315745e-04
2.577786e+03	7.356089e-04
2.582831e+03	7.396522e-04
2.587876e+03	7.437042e-04
2.592920e+03	7.477650e-04
2.597965e+03	7.518344e-04
2.603009e+03	7.559122e-04
2.608054e+03	7.599985e-04
2.613099e+03	7.640931e-04
2.618143e+03	7.681958e-04
2.623188e+03	7.723067e-04
2.628232e+03	7.764255e-04
2.633277e+03	7.805522e-04
2.638322e+03	7.846867e-04
2.643366e+03	7.888288e-04
2.648411e+03	7.929785e-04
2.653455e+03	7.971356e-04
2.658500e+03	8.013001e-04
2.663544e+03	8.054717e-04
2.668589e+03	8.096505e-04
2.673634e+03	8.138363e-04
2.678678e+03	8.180289e-04
2.683723e+03	8.222283e-04
2.688767e+03	8.264343e-04
2.693812e+03	8.306469e-04
2.698857e+03	8.348658e-04
2.703901e+03	8.390910e-04
2.708946e+03	8.433224e-04
2.713990e+03	8.475599e-04
2.719035e+03	8.518032e-04
2.724080e+03	8.560524e-04
2.729124e+03	8.603072e-04
2.734169e+03	8.645675e-04
2.739213e+03	8.688333e-04
2.744258e+03	8.731043e-04
2.749303e+03	8.773805e-04
2.754347e+03	8.816618e-04
2.759392e+03	8.859479e-04
2.764436e+03	8.902388e-04
2.769481e+03	8.945343e-04
2.774525e+03	8.988344e-04
2.779570e+03	9.031388e-04
2.784615e+03	9.074474e-04
2.789659e+03	9.117601e-04
2.794704e+03	9.160768e-04
2.799748e+03	9.203973e-04
2.804793e+03	9.247215e-04
2.809838e+03	9.290493e-04
2.814882e+03	9.333804e-04
2.819927e+03	9.377148e-04
2.824971e+03	9.420524e-04
2.830016e+03	9.463929e-04
2.835061e+03	9.507362e-04
2.840105e+03	9.550823e-04
2.845150e+03	9.594309e-04
2.850194e+03	9.637819e-04
2.855239e+03	9.681351e-04
2.860284e+03	9.724905e-04
2.865328e+03	9.768478e-04
2.870373e+03	9.812069e-04
2.875417e+03	9.855677e-04
2.880462e+03	9.899300e-04
2.885507e+03	9.942937e-04
2.890551e+03	9.986586e-04
2.895596e+03	1.003025e-03
2.900640e+03	1.007391e-03
2.905685e+03	1.011759e-03
2.910729e+03	1.016127e-03
2.915774e+03	1.020496e-03
2.920819e+03	1.024865e-03
2.925863e+03	1.029234e-03
2.930908e+03	1.033603e-03
2.935952e+03	1.037971e-03
2.940997e+03	1.042340e-03
2.946042e+03	1.046708e-03
2.951086e+03	1.051075e-03
2.956131e+03	1.055441e-03
2.961175e+03	1.059807e-03
2.966220e+03	1.064171e-03
2.971265e+03	1.068534e-03
2.976309e+03	1.072896e-03
2.981354e+03	1.077255e-03
2.986398e+03	1.081613e-03
2.991443e+03	1.085970e-03
2.996488e+03	1.090323e-03
3.001532e+03	1.094675e-03
3.006577e+03	1.099024e-03
3.011621e+03	1.103371e-03
3.016666e+03	1.107714e-03
3.021710e+03	1.112055e-03
3.026755e+03	1.116393e-03
3.031800e+03	1.120727e-03
3.036844e+03	1.125058e-03
3.041889e+03	1.129385e-03
3.046933e+03	1.133708e-03
3.051978e+03	1.138028e-03
3.057023e+03	1.142343e-03
3.062067e+03	1.146654e-03
3.067112e+03	1.150960e-03
3.072156e+03	1.155262e-03
3.077201e+03	1.159558e-03
3.082246e+03	1.163850e-03
3.087290e+03	1.168137e-03
3.092335e+03	1.172418e-03
3.097379e+03	1.176694e-03
3.102424e+03	1.180963e-03
3.107469e+03	1.185227e-03
3.112513e+03	1.189485e-03
3.117558e+03	1.193737e-03
3.122602e+03	1.197982e-03
3.127647e+03	1.202221e-03
3.132691e+03	1.206453e-03
3.137736e+03	1.210678e-03
3.142781e+03	1.214895e-03
3.147825e+03	1.219106e-03
3.152870e+03	1.223309e-03
3.157914e+03	1.227504e-03
3.162959e+03	1.231692e-03
3.168004e+03	1.235871e-03
3.173048e+03	1.240042e-03
3.178093e+03	1.244205e-03
3.183137e+03	1.248359e-03
3.188182e+03	1.252505e-03
3.193227e+03	1.256642e-03
3.198271e+03	1.260769e-03
3.203316e+03	1.264887e-03
3.208360e+03	1.268996e-03
3.213405e+03	1.273095e-03
3.218450e+03	1.277185e-03
3.223494e+03	1.281264e-03
3.228539e+03	1.285333e-03
3.233583e+03	1.289392e-03
3.238628e+03	1.293440e-03
3.243673e+03	1.297478e-03
3.248717e+03	1.301505e-03
3.253762e+03	1.305520e-03
3.258806e+03	1.309525e-03
3.263851e+03	1.313518e-03
3.268895e+03	1.317499e-03
3.273940e+03	1.321468e-03
3.278985e+03	1.325426e-03
3.284029e+03	1.329372e-03
3.289074e+03	1.333305e-03
3.294118e+03	1.337225e-03
3.299163e+03	1.341133e-03
3.304208e+03	1.345028e-03
3.309252e+03	1.348910e-03
3.314297e+03	1.352779e-03
3.319341e+03	1.356635e-03
3.324386e+03	1.360476e-03
3.329431e+03	1.364305e-03
3.334475e+03	1.368119e-03
3.339520e+03	1.371919e-03
3.344564e+03	1.375705e-03
3.349609e+03	1.379476e-03
3.354654e+03	1.383233e-03
3.359698e+03	1.386975e-03
3.364743e+03	1.390702e-03
3.369787e+03	1.394413e-03
3.374832e+03	1.398110e-03
3.379876e+03	1.401791e-03
3.384921e+03	1.405456e-03
3.389966e+03	1.409106e-03
3.395010e+03	1.412739e-03
3.400055e+03	1.416356e-03
3.405099e+03	1.419957e-03
3.410144e+03	1.423541e-03
3.415189e+03	1.427109e-03
3.420233e+03	1.430659e-03
3.425278e+03	1.434193e-03
3.430322e+03	1.437709e-03
3.435367e+03	1.441208e-03
3.440412e+03	1.444690e-03
3.445456e+03	1.448154e-03
3.450501e+03	1.451599e-03
3.455545e+03	1.455027e-03
3.460590e+03	1.458437e-03
3.465635e+03	1.461828e-03
3.470679e+03	1.465200e-03
3.475724e+03	1.468554e-03
3.480768e+03	1.471889e-03
3.485813e+03	1.475205e-03
3.490858e+03	1.478502e-03
3.495902e+03	1.481779e-03
3.500947e+03	1.485037e-03
3.505991e+03	1.488275e-03
3.511036e+03	1.491493e-03
3.516080e+03	1.494691e-03
3.521125e+03	1.497869e-03
3.526170e+03	1.501027e-03
3.531214e+03	1.504164e-03
3.536259e+03	1.507280e-03
3.541303e+03	1.510376e-03
3.546348e+03	1.513451e-03
3.551393e+03	1.516504e-03
3.556437e+03	1.519536e-03
3.561482e+03	1.522547e-03
3.566526e+03	1.525537e-03
3.571571e+03	1.528504e-03
3.576616e+03	1.531450e-03
3.581660e+03	1.534374e-03
3.586705e+03	1.537275e-03
3.591749e+03	1.540155e-03
3.596794e+03	1.543011e-03
3.601839e+03	1.545845e-03
3.606883e+03	1.548657e-03
3.611928e+03	1.551445e-03
3.616972e+03	1.554211e-03
3.622017e+03	1.556953e-03
3.627061e+03	1.559672e-03
3.632106e+03	1.562368e-03
3.637151e+03	1.565040e-03
3.642195e+03	1.567688e-03
3.647240e+03	1.570312e-03
3.652284e+03	1.572913e-03
3.657329e+03	1.575489e-03
3.662374e+03	1.578041e-03
3.667418e+03	1.580568e-03
3.672463e+03	1.583071e-03
3.677507e+03	1.585550e-03
3.682552e+03	1.588003e-03
3.687597e+03	1.590432e-03
3.692641e+03	1.592836e-03
3.697686e+03	1.595214e-03
3.702730e+03	1.597567e-03
3.707775e+03	1.599895e-03
3.712820e+03	1.602197e-03
3.717864e+03	1.604474e-03
3.722909e+03	1.606725e-03
3.727953e+03	1.608950e-03
3.732998e+03	1.611149e-03
3.738043e+03	1.613321e-03
3.743087e+03	1.615468e-03
3.748132e+03	1.617588e-03
3.753176e+03	1.619682e-03
3.758221e+03	1.621749e-03
3.763265e+03	1.623790e-03
3.768310e+03	1.625804e-03
3.773355e+03	1.627790e-03
3.778399e+03	1.629750e-03
3.783444e+03	1.631683e-03
3.788488e+03	1.633589e-03
3.793533e+03	1.635467e-03
3.798578e+03	1.637318e-03
3.803622e+03	1.639141e-03
3.808667e+03	1.640937e-03
3.813711e+03	1.642705e-03
3.818756e+03	1.644446e-03
3.823801e+03	1.646158e-03
3.828845e+03	1.647843e-03
3.833890e+03	1.649499e-03
3.838934e+03	1.651127e-03
3.843979e+03	1.652728e-03
3.849024e+03	1.654299e-03
3.854068e+03	1.655843e-03
3.859113e+03	1.657358e-03
3.864157e+03	1.658844e-03
3.869202e+03	1.660302e-03
3.874246e+03	1.661731e-03
3.879291e+03	1.663131e-03
3.884336e+03	1.664502e-03
3.889380e+03	1.665845e-03
3.894425e+03	1.667158e-03
3.899469e+03	1.668443e-03
3.904514e+03	1.669698e-03
3.909559e+03	1.670924e-03
3.914603e+03	1.672120e-03
3.919648e+03	1.673288e-03
3.924692e+03	1.674425e-03
3.929737e+03	1.675534e-03
3.934782e+03	1.676613e-03
3.939826e+03	1.677662e-03
3.944871e+03	1.678682e-03
3.949915e+03	1.679672e-03
3.954960e+03	1.680632e-03
3.960005e+03	1.681562e-03
3.965049e+03	1.682463e-03
3.970094e+03	1.683334e-03
3.975138e+03	1.684174e-03
3.980183e+03	1.684985e-03
3.985228e+03	1.685766e-03
3.990272e+03	1.686516e-03
3.995317e+03	1.687237e-03
4.000361e+03	1.687927e-03
4.005406e+03	1.688587e-03
4.010450e+03	1.689217e-03
4.015495e+03	1.689816e-03
4.020540e+03	1.690386e-03
4.025584e+03	1.690925e-03
4.030629e+03	1.691433e-03
4.035673e+03	1.691912e-03
4.040718e+03	1.692359e-03
4.045763e+03	1.692777e-03
4.050807e+03	1.693164e-03
4.055852e+03	1.693520e-03
4.060896e+03	1.693846e-03
4.065941e+03	1.694141e-03
4.070986e+03	1.694406e-03
4.076030e+03	1.694640e-03
4.081075e+03	1.694844e-03
4.086119e+03	1.695017e-03
4.091164e+03	1.695160e-03
4.096209e+03	1.695272e-03
4.101253e+03	1.695353e-03
4.106298e+03	1.695404e-03
4.111342e+03	1.695424e-03
4.116387e+03	1.695414e-03
4.121431e+03	1.695373e-03
4.126476e+03	1.695301e-03
4.131521e+03	1.695199e-03
4.136565e+03	1.695066e-03
4.141610e+03	1.694903e-03
4.146654e+03	1.694709e-03
4.151699e+03	1.694484e-03
4.156744e+03	1.694229e-03
4.161788e+03	1.693944e-03
4.166833e+03	1.693628e-03
4.171877e+03	1.693281e-03
4.176922e+03	1.692904e-03
4.181967e+03	1.692496e-03
4.187011e+03	1.692058e-03
4.192056e+03	1.691590e-03
4.197100e+03	1.691091e-03
4.202145e+03	1.690562e-03
4.207190e+03	1.690002e-03
4.212234e+03	1.689412e-03
4.217279e+03	1.688792e-03
4.222323e+03	1.688141e-03
4.227368e+03	1.687461e-03
4.232413e+03	1.686750e-03
4.237457e+03	1.686009e-03
4.242502e+03	1.685238e-03
4.247546e+03	1.684437e-03
4.252591e+03	1.683606e-03
4.257635e+03	1.682745e-03
4.262680e+03	1.681854e-03
4.267725e+03	1.680933e-03
4.272769e+03	1.679982e-03
4.277814e+03	1.679002e-03
4.282858e+03	1.677992e-03
4.287903e+03	1.676952e-03
4.292948e+03	1.675882e-03
4.297992e+03	1.674783e-03
4.303037e+03	1.673655e-03
4.308081e+03	1.672497e-03
4.313126e+03	1.671310e-03
4.318171e+03	1.670093e-03
4.323215e+03	1.668847e-03
4.328260e+03	1.667572e-03
4.333304e+03	1.666268e-03
4.338349e+03	1.664935e-03
4.343394e+03	1.663573e-03
4.348438e+03	1.662182e-03
4.353483e+03	1.660762e-03
4.358527e+03	1.659314e-03
4.363572e+03	1.657837e-03
4.368616e+03	1.656331e-03
4.373661e+03	1.654796e-03
4.378706e+03	1.653234e-03
4.383750e+03	1.651643e-03
4.388795e+03	1.650023e-03
4.393839e+03	1.648376e-03
4.398884e+03	1.646700e-03
4.403929e+03	1.644997e-03
4.408973e+03	1.643265e-03
4.414018e+03	1.641506e-03
4.419062e+03	1.639719e-03
4.424107e+03	1.637904e-03
4.429152e+03	1.636062e-03
4.434196e+03	1.634193e-03
4.439241e+03	1.632296e-03
4.444285e+03	1.630372e-03
4.449330e+03	1.628421e-03
4.454375e+03	1.626442e-03
4.459419e+03	1.624437e-03
4.464464e+03	1.622405e-03
4.469508e+03	1.620346e-03
4.474553e+03	1.618261e-03
4.479598e+03	1.616149e-03
4.484642e+03	1.614011e-03
4.489687e+03	1.611847e-03
4.494731e+03	1.609656e-03
4.499776e+03	1.607440e-03
4.504820e+03	1.605197e-03
4.509865e+03	1.602929e-03
4.514910e+03	1.600635e-03
4.519954e+03	1.598315e-03
4.524999e+03	1.595970e-03
4.530043e+03	1.593600e-03
4.535088e+03	1.591204e-03
4.540133e+03	1.588783e-03
4.545177e+03	1.586338e-03
4.550222e+03	1.583867e-03
4.555266e+03	1.581372e-03
4.560311e+03	1.578852e-03
4.565356e+03	1.576308e-03
4.570400e+03	1.573740e-03
4.575445e+03	1.571147e-03
4.580489e+03	1.568530e-03
4.585534e+03	1.565890e-03
4.590579e+03	1.563225e-03
4.595623e+03	1.560537e-03
4.600668e+03	1.557826e-03
4.605712e+03	1.555091e-03
4.610757e+03	1.552333e-03
4.615801e+03	1.549552e-03
4.620846e+03	1.546748e-03
4.625891e+03	1.543921e-03
4.630935e+03	1.541071e-03
4.635980e+03	1.538199e-03
4.641024e+03	1.535305e-03
4.646069e+03	1.532388e-03
4.651114e+03	1.529449e-03
4.656158e+03	1.526489e-03
4.661203e+03	1.523506e-03
4.666247e+03	1.520502e-03
4.671292e+03	1.517477e-03
4.676337e+03	1.514430e-03
4.681381e+03	1.511362e-03
4.686426e+03	1.508273e-03
4.691470e+03	1.505163e-03
4.696515e+03	1.502033e-03
4.701560e+03	1.498882e-03
4.706604e+03	1.495710e-03
4.711649e+03	1.492519e-03
4.716693e+03	1.489307e-03
4.721738e+03	1.486075e-03
4.726783e+03	1.482824e-03
4.731827e+03	1.479553e-03
4.736872e+03	1.476262e-03
4.741916e+03	1.472952e-03
4.746961e+03	1.469624e-03
4.752005e+03	1.466276e-03
4.757050e+03	1.462909e-03
4.762095e+03	1.459524e-03
4.767139e+03	1.456120e-03
4.772184e+03	1.452698e-03
4.777228e+03	1.449258e-03
4.782273e+03	1.445800e-03
4.787318e+03	1.442325e-03
4.792362e+03	1.438831e-03
4.797407e+03	1.435320e-03
4.802451e+03	1.431792e-03
4.807496e+03	1.428247e-03
4.812541e+03	1.424685e-03
4.817585e+03	1.421106e-03
4.822630e+03	1.417510e-03
4.827674e+03	1.413898e-03
4.832719e+03	1.410270e-03
4.837764e+03	1.406626e-03
4.842808e+03	1.402966e-03
4.847853e+03	1.399290e-03
4.852897e+03	1.395598e-03
4.857942e+03	1.391891e-03
4.862986e+03	1.388169e-03
4.868031e+03	1.384432e-03
4.873076e+03	1.380680e-03
4.878120e+03	1.376913e-03
4.883165e+03	1.373132e-03
4.888209e+03	1.369337e-03
4.893254e+03	1.365527e-03
4.898299e+03	1.361703e-03
4.903343e+03	1.357866e-03
4.908388e+03	1.354015e-03
4.913432e+03	1.350150e-03
4.918477e+03	1.346272e-03
4.923522e+03	1.342381e-03
4.928566e+03	1.338477e-03
4.933611e+03	1.334561e-03
4.938655e+03	1.330632e-03
4.943700e+03	1.326690e-03
4.948745e+03	1.322736e-03
4.953789e+03	1.318771e-03
4.958834e+03	1.314793e-03
4.963878e+03	1.310804e-03
4.968923e+03	1.306803e-03
4.973967e+03	1.302791e-03
4.979012e+03	1.298768e-03
4.984057e+03	1.294734e-03
4.989101e+03	1.290689e-03
4.994146e+03	1.286633e-03
4.999190e+03	1.282567e-03
5.004235e+03	1.278491e-03
5.009280e+03	1.274405e-03
5.014324e+03	1.270309e-03
5.019369e+03	1.266203e-03
5.024413e+03	1.262088e-03
5.029458e+03	1.257964e-03
5.034503e+03	1.253830e-03
5.039547e+03	1.249687e-03
5.044592e+03	1.245536e-03
5.049636e+03	1.241375e-03
5.054681e+03	1.237207e-03
5.059726e+03	1.233030e-03
5.064770e+03	1.228845e-03
5.069815e+03	1.224652e-03
5.074859e+03	1.220452e-03
5.079904e+03	1.216244e-03
5.084949e+03	1.212028e-03
5.089993e+03	1.207806e-03
5.095038e+03	1.203576e-03
5.100082e+03	1.199340e-03
5.105127e+03	1.195096e-03
5.110171e+03	1.190847e-03
5.115216e+03	1.186591e-03
5.120261e+03	1.182329e-03
5.125305e+03	1.178061e-03
5.130350e+03	1.173787e-03
5.135394e+03	1.169507e-03
5.140439e+03	1.165223e-03
5.145484e+03	1.160933e-03
5.150528e+03	1.156637e-03
5.155573e+03	1.152337e-03
5.160617e+03	1.148032e-03
5.165662e+03	1.143723e-03
5.170707e+03	1.139409e-03
5.175751e+03	1.135091e-03
5.180796e+03	1.130769e-03
5.185840e+03	1.126443e-03
5.190885e+03	1.122113e-03
5.195930e+03	1.117780e-03
5.200974e+03	1.113444e-03
5.206019e+03	1.109104e-03
5.211063e+03	1.104761e-03
5.216108e+03	1.100416e-03
5.221152e+03	1.096067e-03
5.226197e+03	1.091716e-03
5.231242e+03	1.087363e-03
5.236286e+03	1.083008e-03
5.241331e+03	1.078650e-03
5.246375e+03	1.074291e-03
5.251420e+03	1.069930e-03
5.256465e+03	1.065568e-03
5.261509e+03	1.061204e-03
5.266554e+03	1.056839e-03
5.271598e+03	1.052473e-03
5.276643e+03	1.048106e-03
5.281688e+03	1.043738e-03
5.286732e+03	1.039369e-03
5.291777e+03	1.035001e-03
5.296821e+03	1.030632e-03
5.301866e+03	1.026263e-03
5.306911e+03	1.021894e-03
5.311955e+03	1.017525e-03
5.317000e+03	1.013157e-03
5.322044e+03	1.008789e-03
5.327089e+03	1.004422e-03
5.332134e+03	1.000056e-03
5.337178e+03	9.956905e-04
5.342223e+03	9.913264e-04
5.347267e+03	9.869637e-04
5.352312e+03	9.826024e-04
5.357356e+03	9.782427e-04
5.362401e+03	9.738848e-04
5.367446e+03	9.695288e-04
5.372490e+03	9.651748e-04
5.377535e+03	9.608231e-04
5.382579e+03	9.564737e-04
5.387624e+03	9.521269e-04
5.392669e+03	9.477826e-04
5.397713e+03	9.434412e-04
5.402758e+03	9.391027e-04
5.407802e+03	9.347673e-04
5.412847e+03	9.304350e-04
5.417892e+03	9.261062e-04
5.422936e+03	9.217808e-04
5.427981e+03	9.174591e-04
5.433025e+03	9.131412e-04
5.438070e+03	9.088272e-04
5.443115e+03	9.045172e-04
5.448159e+03	9.002115e-04
5.453204e+03	8.959100e-04
5.458248e+03	8.916130e-04
5.463293e+03	8.873206e-04
5.468337e+03	8.830330e-04
5.473382e+03	8.787501e-04
5.478427e+03	8.744723e-04
5.483471e+03	8.701996e-04
5.488516e+03	8.659321e-04
5.493560e+03	8.616700e-04
5.498605e+03	8.574134e-04
5.503650e+03	8.531625e-04
5.508694e+03	8.489173e-04
5.513739e+03	8.446779e-04
5.518783e+03	8.404446e-04
5.523828e+03	8.362174e-04
5.528873e+03	8.319964e-04
5.533917e+03	8.277818e-04
5.538962e+03	8.235736e-04
5.544006e+03	8.193721e-04
5.549051e+03	8.151773e-04
5.554096e+03	8.109893e-04
5.559140e+03	8.068083e-04
5.564185e+03	8.026344e-04
5.569229e+03	7.984676e-04
5.574274e+03	7.943081e-04
5.579319e+03	7.901560e-04
5.584363e+03	7.860115e-04
5.589408e+03	7.818745e-04
5.594452e+03	7.777453e-04
5.599497e+03	7.736240e-04
5.604541e+03	7.695106e-04
5.609586e+03	7.654052e-04
5.614631e+03	7.613080e-04
5.619675e+03	7.572191e-04
5.624720e+03	7.531385e-04
5.629764e+03	7.490664e-04
5.634809e+03	7.450029e-04
5.639854e+03	7.409480e-04
5.644898e+03	7.369019e-04
5.649943e+03	7.328647e-04
5.654987e+03	7.288364e-04
5.660032e+03	7.248172e-04
5.665077e+03	7.208072e-04
5.670121e+03	7.168064e-04
5.675166e+03	7.128149e-04
5.680210e+03	7.088329e-04
5.685255e+03	7.048603e-04
5.690300e+03	7.008974e-04
5.695344e+03	6.969442e-04
5.700389e+03	6.930008e-04
5.705433e+03	6.890673e-04
5.710478e+03	6.851437e-04
5.715522e+03	6.812301e-04
5.720567e+03	6.773267e-04
5.725612e+03	6.734335e-04
5.730656e+03	6.695506e-04
5.735701e+03	6.656780e-04
5.740745e+03	6.618160e-04
5.745790e+03	6.579644e-04
5.750835e+03	6.541234e-04
5.755879e+03	6.502932e-04
5.760924e+03	6.464737e-04
5.765968e+03	6.426650e-04
5.771013e+03	6.388672e-04
5.776058e+03	6.350804e-04
5.781102e+03	6.313047e-04
5.786147e+03	6.275400e-04
5.791191e+03	6.237866e-04
5.796236e+03	6.200444e-04
5.801281e+03	6.163136e-04
5.806325e+03	6.125941e-04
5.811370e+03	6.088861e-04
5.816414e+03	6.051896e-04
5.821459e+03	6.015047e-04
5.826504e+03	5.978314e-04
5.831548e+03	5.941699e-04
5.836593e+03	5.905201e-04
5.841637e+03	5.868821e-04
5.846682e+03	5.832561e-04
5.851726e+03	5.796419e-04
5.856771e+03	5.760398e-04
5.861816e+03	5.724497e-04
5.866860e+03	5.688717e-04
5.871905e+03	5.653059e-04
5.876949e+03	5.617523e-04
5.881994e+03	5.582109e-04
5.887039e+03	5.546819e-04
5.892083e+03	5.511652e-04
5.897128e+03	5.476609e-04
5.902172e+03	5.441691e-04
5.907217e+03	5.406898e-04
5.912262e+03	5.372231e-04
5.917306e+03	5.337689e-04
5.922351e+03	5.303274e-04
5.927395e+03	5.268985e-04
5.932440e+03	5.234824e-04
5.937485e+03	5.200790e-04
5.942529e+03	5.166884e-04
5.947574e+03	5.133107e-04
5.952618e+03	5.099458e-04
5.957663e+03	5.065939e-04
5.962707e+03	5.032549e-04
5.967752e+03	4.999289e-04
5.972797e+03	4.966159e-04
5.977841e+03	4.933159e-04
5.982886e+03	4.900291e-04
5.987930e+03	4.867553e-04
5.992975e+03	4.834947e-04
5.998020e+03	4.802473e-04
6.003064e+03	4.770130e-04
6.008109e+03	4.737920e-04
6.013153e+03	4.705843e-04
6.018198e+03	4.673898e-04
6.023243e+03	4.642086e-04
6.028287e+03	4.610408e-04
6.033332e+03	4.578863e-04
6.038376e+03	4.547452e-04
6.043421e+03	4.516175e-04
6.048466e+03	4.485032e-04
6.053510e+03	4.454023e-04
6.058555e+03	4.423149e-04
6.063599e+03	4.392410e-04
6.068644e+03	4.361806e-04
6.073689e+03	4.331336e-04
6.078733e+03	4.301002e-04
6.083778e+03	4.270803e-04
6.088822e+03	4.240740e-04
6.093867e+03	4.210812e-04
6.098911e+03	4.181020e-04
6.103956e+03	4.151364e-04
6.109001e+03	4.121843e-04
6.114045e+03	4.092459e-04
6.119090e+03	4.063211e-04
6.124134e+03	4.034099e-04
6.129179e+03	4.005124e-04
6.134224e+03	3.976285e-04
6.139268e+03	3.947582e-04
6.144313e+03	3.919015e-04
6.149357e+03	3.890585e-04
6.154402e+03	3.862292e-04
6.159447e+03	3.834135e-04
6.164491e+03	3.806115e-04
6.169536e+03	3.778231e-04
6.174580e+03	3.750484e-04
6.179625e+03	3.722874e-04
6.184670e+03	3.695400e-04
6.189714e+03	3.668062e-04
6.194759e+03	3.640861e-04
6.199803e+03	3.613797e-04
6.204848e+03	3.586869e-04
6.209892e+03	3.560077e-04
6.214937e+03	3.533422e-04
6.219982e+03	3.506903e-04
6.225026e+03	3.480520e-04
6.230071e+03	3.454273e-04
6.235115e+03	3.428163e-04
6.240160e+03	3.402188e-04
6.245205e+03	3.376349e-04
6.250249e+03	3.350646e-04
6.255294e+03	3.325079e-04
6.260338e+03	3.299647e-04
6.265383e+03	3.274350e-04
6.270428e+03	3.249189e-04
6.275472e+03	3.224163e-04
6.280517e+03	3.199272e-04
6.285561e+03	3.174516e-04
6.290606e+03	3.149894e-04
6.295651e+03	3.125407e-04
6.300695e+03	3.101055e-04
6.305740e+03	3.076836e-04
6.310784e+03	3.052752e-04
6.315829e+03	3.028801e-04
6.320874e+03	3.004985e-04
6.325918e+03	2.981301e-04
6.330963e+03	2.957751e-04
6.336007e+03	2.934334e-04
6.341052e+03	2.911050e-04
6.346096e+03	2.887898e-04
6.351141e+03	2.864879e-04
6.356186e+03	2.841992e-04
6.361230e+03	2.819237e-04
6.366275e+03	2.796614e-04
6.371319e+03	2.774122e-04
6.376364e+03	2.751761e-04
6.381409e+03	2.729532e-04
6.386453e+03	2.707433e-04
6.391498e+03	2.685464e-04
6.396542e+03	2.663626e-04
6.401587e+03	2.641918e-04
6.406632e+03	2.620339e-04
6.411676e+03	2.598889e-04
6.416721e+03	2.577569e-04
6.421765e+03	2.556377e-04
6.426810e+03	2.535314e-04
6.431855e+03	2.514379e-04
6.436899e+03	2.493572e-04
6.441944e+03	2.472892e-04
6.446988e+03	2.452340e-04
6.452033e+03	2.431914e-04
6.457077e+03	2.411615e-04
6.462122e+03	2.391443e-04
6.467167e+03	2.371396e-04
6.472211e+03	2.351475e-04
6.477256e+03	2.331679e-04
6.482300e+03	2.312008e-04
6.487345e+03	2.292462e-04
6.492390e+03	2.273040e-04
6.497434e+03	2.253741e-04
6.502479e+03	2.234567e-04
6.507523e+03	2.215515e-04
6.512568e+03	2.196586e-04
6.517613e+03	2.177780e-04
6.522657e+03	2.159095e-04
6.527702e+03	2.140533e-04
6.532746e+03	2.122091e-04
6.537791e+03	2.103771e-04
6.542836e+03	2.085571e-04
6.547880e+03	2.067491e-04
6.552925e+03	2.049530e-04
6.557969e+03	2.031690e-04
6.563014e+03	2.013968e-04
6.568059e+03	1.996364e-04
6.573103e+03	1.978879e-04
6.578148e+03	1.961512e-04
6.583192e+03	1.944262e-04
6.588237e+03	1.927129e-04
6.593281e+03	1.910112e-04
6.598326e+03	1.893211e-04
6.603371e+03	1.876426e-04
6.608415e+03	1.859757e-04
6.613460e+03	1.843202e-04
6.618504e+03	1.826761e-04
6.623549e+03	1.810435e-04
6.628594e+03	1.794222e-04
6.633638e+03	1.778122e-04
6.638683e+03	1.762134e-04
6.643727e+03	1.746259e-04
6.648772e+03	1.730496e-04
6.653817e+03	1.714844e-04
6.658861e+03	1.699303e-04
6.663906e+03	1.683873e-04
6.668950e+03	1.668552e-04
6.673995e+03	1.653341e-04
6.679040e+03	1.638239e-04
6.684084e+03	1.623246e-04
6.689129e+03	1.608361e-04
6.694173e+03	1.593583e-04
6.699218e+03	1.578913e-04
6.704262e+03	1.564350e-04
6.709307e+03	1.549893e-04
6.714352e+03	1.535542e-04
6.719396e+03	1.521296e-04
6.724441e+03	1.507156e-04
6.729485e+03	1.493119e-04
6.734530e+03	1.479187e-04
6.739575e+03	1.465359e-04
6.744619e+03	1.451633e-04
6.749664e+03	1.438010e-04
6.754708e+03	1.424489e-04
6.759753e+03	1.411070e-04
6.764798e+03	1.397752e-04
6.769842e+03	1.384535e-04
6.774887e+03	1.371418e-04
6.779931e+03	1.358400e-04
6.784976e+03	1.345482e-04
6.790021e+03	1.332663e-04
6.795065e+03	1.319942e-04
6.800110e+03	1.307319e-04
6.805154e+03	1.294793e-04
6.810199e+03	1.282364e-04
6.815243e+03	1.270032e-04
6.820288e+03	1.257795e-04
6.825333e+03	1.245654e-04
6.830377e+03	1.233608e-04
6.835422e+03	1.221656e-04
6.840466e+03	1.209798e-04
6.845511e+03	1.198034e-04
6.850556e+03	1.186362e-04
6.855600e+03	1.174783e-04
6.860645e+03	1.163297e-04
6.865689e+03	1.151901e-04
6.870734e+03	1.140597e-04
6.875779e+03	1.129383e-04
6.880823e+03	1.118259e-04
6.885868e+03	1.107225e-04
6.890912e+03	1.096280e-04
6.895957e+03	1.085424e-04
6.901002e+03	1.074655e-04
6.906046e+03	1.063975e-04
6.911091e+03	1.053381e-04
6.916135e+03	1.042874e-04
6.921180e+03	1.032453e-04
6.926225e+03	1.022118e-04
6.931269e+03	1.011868e-04
6.936314e+03	1.001703e-04
6.941358e+03	9.916220e-05
6.946403e+03	9.816247e-05
6.951447e+03	9.717107e-05
6.956492e+03	9.618795e-05
6.961537e+03	9.521305e-05
6.966581e+03	9.424634e-05
6.971626e+03	9.328775e-05
6.976670e+03	9.233725e-05
6.981715e+03	9.139478e-05
6.986760e+03	9.046030e-05
6.991804e+03	8.953376e-05
6.996849e+03	8.861511e-05
7.001893e+03	8.770430e-05
7.006938e+03	8.680128e-05
7.011983e+03	8.590602e-05
7.017027e+03	8.501845e-05
7.022072e+03	8.413853e-05
7.027116e+03	8.326622e-05
7.032161e+03	8.240146e-05
7.037206e+03	8.154421e-05
7.042250e+03	8.069443e-05
7.047295e+03	7.985205e-05
7.052339e+03	7.901705e-05
7.057384e+03	7.818936e-05
7.062428e+03	7.736895e-05
7.067473e+03	7.655577e-05
7.072518e+03	7.574976e-05
7.077562e+03	7.495089e-05
7.082607e+03	7.415910e-05
7.087651e+03	7.337436e-05
7.092696e+03	7.259660e-05
7.097741e+03	7.182580e-05
7.102785e+03	7.106189e-05
7.107830e+03	7.030485e-05
7.112874e+03	6.955461e-05
7.117919e+03	6.881113e-05
7.122964e+03	6.807437e-05
7.128008e+03	6.734429e-05
7.133053e+03	6.662083e-05
7.138097e+03	6.590396e-05
7.143142e+03	6.519362e-05
7.148187e+03	6.448978e-05
7.153231e+03	6.379238e-05
7.158276e+03	6.310138e-05
7.163320e+03	6.241675e-05
7.168365e+03	6.173842e-05
7.173410e+03	6.106637e-05
7.178454e+03	6.040054e-05
7.183499e+03	5.974089e-05
7.188543e+03	5.908738e-05
7.193588e+03	5.843997e-05
7.198632e+03	5.779860e-05
7.203677e+03	5.716324e-05
7.208722e+03	5.653385e-05
7.213766e+03	5.591037e-05
7.218811e+03	5.529278e-05
7.223855e+03	5.468102e-05
7.228900e+03	5.407505e-05
7.233945e+03	5.347483e-05
7.238989e+03	5.288032e-05
7.244034e+03	5.229147e-05
7.249078e+03	5.170825e-05
7.254123e+03	5.113061e-05
7.259168e+03	5.055851e-05
7.264212e+03	4.999191e-05
7.269257e+03	4.943076e-05
7.274301e+03	4.887504e-05
7.279346e+03	4.832468e-05
7.284391e+03	4.777967e-05
7.289435e+03	4.723994e-05
7.294480e+03	4.670548e-05
7.299524e+03	4.617622e-05
7.304569e+03	4.565214e-05
7.309613e+03	4.513319e-05
7.314658e+03	4.461933e-05
7.319703e+03	4.411053e-05
7.324747e+03	4.360674e-05
7.329792e+03	4.310793e-05
7.334836e+03	4.261406e-05
7.339881e+03	4.212508e-05
7.344926e+03	4.164096e-05
7.349970e+03	4.116167e-05
7.355015e+03	4.068715e-05
7.360059e+03	4.021738e-05
7.365104e+03	3.975232e-05
7.370149e+03	3.929192e-05
7.375193e+03	3.883616e-05
7.380238e+03	3.838499e-05
7.385282e+03	3.793837e-05
7.390327e+03	3.749628e-05
7.395372e+03	3.705867e-05
7.400416e+03	3.662550e-05
7.405461e+03	3.619675e-05
7.410505e+03	3.577236e-05
7.415550e+03	3.535232e-05
7.420595e+03	3.493658e-05
7.425639e+03	3.452510e-05
7.430684e+03	3.411785e-05
7.435728e+03	3.371480e-05
7.440773e+03	3.331591e-05
7.445817e+03	3.292114e-05
7.450862e+03	3.253047e-05
7.455907e+03	3.214385e-05
7.460951e+03	3.176125e-05
7.465996e+03	3.138264e-05
7.471040e+03	3.100798e-05
7.476085e+03	3.063724e-05
7.481130e+03	3.027039e-05
7.486174e+03	2.990739e-05
7.491219e+03	2.954821e-05
7.496263e+03	2.919282e-05
7.501308e+03	2.884118e-05
7.506353e+03	2.849326e-05
7.511397e+03	2.814903e-05
7.516442e+03	2.780846e-05
7.521486e+03	2.747151e-05
7.526531e+03	2.713816e-05
7.531576e+03	2.680837e-05
7.536620e+03	2.648210e-05
7.541665e+03	2.615934e-05
7.546709e+03	2.584004e-05
7.551754e+03	2.552418e-05
7.556798e+03	2.521172e-05
7.561843e+03	2.490264e-05
7.566888e+03	2.459691e-05
7.571932e+03	2.429449e-05
7.576977e+03	2.399535e-05
7.582021e+03	2.369948e-05
7.587066e+03	2.340682e-05
7.592111e+03	2.311737e-05
7.597155e+03	2.283108e-05
7.602200e+03	2.254792e-05
7.607244e+03	2.226788e-05
7.612289e+03	2.199092e-05
7.617334e+03	2.171702e-05
7.622378e+03	2.144613e-05
7.627423e+03	2.117825e-05
7.632467e+03	2.091333e-05
7.637512e+03	2.065135e-05
7.642557e+03	2.039229e-05
7.647601e+03	2.013611e-05
7.652646e+03	1.988280e-05
7.657690e+03	1.963231e-05
7.662735e+03	1.938463e-05
7.667780e+03	1.913973e-05
7.672824e+03	1.889758e-05
7.677869e+03	1.865816e-05
7.682913e+03	1.842144e-05
7.687958e+03	1.818740e-05
7.693002e+03	1.795600e-05
7.698047e+03	1.772723e-05
7.703092e+03	1.750106e-05
7.708136e+03	1.727746e-05
7.713181e+03	1.705641e-05
7.718225e+03	1.683789e-05
7.723270e+03	1.662186e-05
7.728315e+03	1.640831e-05
7.733359e+03	1.619721e-05
7.738404e+03	1.598854e-05
7.743448e+03	1.578227e-05
7.748493e+03	1.557838e-05
7.753538e+03	1.537685e-05
7.758582e+03	1.517765e-05
7.763627e+03	1.498076e-05
7.768671e+03	1.478616e-05
7.773716e+03	1.459382e-05
7.778761e+03	1.440372e-05
7.783805e+03	1.421585e-05
7.788850e+03	1.403017e-05
7.793894e+03	1.384667e-05
7.798939e+03	1.366532e-05
7.803983e+03	1.348610e-05
7.809028e+03	1.330899e-05
7.814073e+03	1.313397e-05
7.819117e+03	1.296102e-05
7.824162e+03	1.279011e-05
7.829206e+03	1.262123e-05
7.834251e+03	1.245436e-05
7.839296e+03	1.228947e-05
7.844340e+03	1.212654e-05
7.849385e+03	1.196556e-05
7.854429e+03	1.180650e-05
7.859474e+03	1.164935e-05
7.864519e+03	1.149408e-05
7.869563e+03	1.134068e-05
7.874608e+03	1.118912e-05
7.879652e+03	1.103938e-05
7.884697e+03	1.089146e-05
7.889742e+03	1.074532e-05
7.894786e+03	1.060095e-05
7.899831e+03	1.045834e-05
7.904875e+03	1.031745e-05
7.909920e+03	1.017828e-05
7.914965e+03	1.004081e-05
7.920009e+03	9.905008e-06
7.925054e+03	9.770872e-06
7.930098e+03	9.638378e-06
7.935143e+03	9.507509e-06
7.940187e+03	9.378248e-06
7.945232e+03	9.250577e-06
7.950277e+03	9.124479e-06
7.955321e+03	8.999938e-06
7.960366e+03	8.876937e-06
7.965410e+03	8.755458e-06
7.970455e+03	8.635486e-06
7.975500e+03	8.517004e-06
7.980544e+03	8.399996e-06
7.985589e+03	8.284447e-06
7.990633e+03	8.170339e-06
7.995678e+03	8.057657e-06
8.000723e+03	7.946386e-06
8.005767e+03	7.836510e-06
8.010812e+03	7.728014e-06
8.015856e+03	7.620882e-06
8.020901e+03	7.515100e-06
8.025946e+03	7.410653e-06
8.030990e+03	7.307525e-06
8.036035e+03	7.205702e-06
8.041079e+03	7.105170e-06
8.046124e+03	7.005914e-06
8.051168e+03	6.907919e-06
8.056213e+03	6.811173e-06
8.061258e+03	6.715660e-06
8.066302e+03	6.621367e-06
8.071347e+03	6.528280e-06
8.076391e+03	6.436386e-06
8.081436e+03	6.345671e-06
8.086481e+03	6.256121e-06
8.091525e+03	6.167724e-06
8.096570e+03	6.080466e-06
8.101614e+03	5.994334e-06
8.106659e+03	5.909315e-06
8.111704e+03	5.825398e-06
8.116748e+03	5.742568e-06
8.121793e+03	5.660814e-06
8.126837e+03	5.580123e-06
8.131882e+03	5.500483e-06
8.136927e+03	5.421882e-06
8.141971e+03	5.344307e-06
8.147016e+03	5.267747e-06
8.152060e+03	5.192191e-06
8.157105e+03	5.117625e-06
8.162150e+03	5.044040e-06
8.167194e+03	4.971422e-06
8.172239e+03	4.899762e-06
8.177283e+03	4.829048e-06
8.182328e+03	4.759268e-06
8.187372e+03	4.690412e-06
8.192417e+03	4.622468e-06
8.197462e+03	4.555427e-06
8.202506e+03	4.489277e-06
8.207551e+03	4.424007e-06
8.212595e+03	4.359608e-06
8.217640e+03	4.296069e-06
8.222685e+03	4.233379e-06
8.227729e+03	4.171529e-06
8.232774e+03	4.110508e-06
8.237818e+03	4.050307e-06
8.242863e+03	3.990915e-06
8.247908e+03	3.932324e-06
8.252952e+03	3.874522e-06
8.257997e+03	3.817502e-06
8.263041e+03	3.761252e-06
8.268086e+03	3.705765e-06
8.273131e+03	3.651030e-06
8.278175e+03	3.597038e-06
8.283220e+03	3.543781e-06
8.288264e+03	3.491250e-06
8.293309e+03	3.439435e-06
8.298353e+03	3.388328e-06
8.303398e+03	3.337921e-06
8.308443e+03	3.288203e-06
8.313487e+03	3.239168e-06
8.318532e+03	3.190807e-06
8.323576e+03	3.143110e-06
8.328621e+03	3.096071e-06
8.333666e+03	3.049681e-06
8.338710e+03	3.003931e-06
8.343755e+03	2.958815e-06
8.348799e+03	2.914324e-06
8.353844e+03	2.870449e-06
8.358889e+03	2.827184e-06
8.363933e+03	2.784521e-06
8.368978e+03	2.742453e-06
8.374022e+03	2.700971e-06
8.379067e+03	2.660069e-06
8.384112e+03	2.619738e-06
8.389156e+03	2.579973e-06
8.394201e+03	2.540765e-06
8.399245e+03	2.502108e-06
8.404290e+03	2.463995e-06
8.409335e+03	2.426418e-06
8.414379e+03	2.389372e-06
8.419424e+03	2.352848e-06
8.424468e+03	2.316841e-06
8.429513e+03	2.281344e-06
8.434557e+03	2.246350e-06
8.439602e+03	2.211853e-06
8.444647e+03	2.177847e-06
8.449691e+03	2.144324e-06
8.454736e+03	2.111280e-06
8.459780e+03	2.078707e-06
8.464825e+03	2.046600e-06
8.469870e+03	2.014952e-06
8.474914e+03	1.983758e-06
8.479959e+03	1.953011e-06
8.485003e+03	1.922707e-06
8.490048e+03	1.892838e-06
8.495093e+03	1.863400e-06
8.500137e+03	1.834387e-06
8.505182e+03	1.805792e-06
8.510226e+03	1.777612e-06
8.515271e+03	1.749839e-06
8.520316e+03	1.722469e-06
8.525360e+03	1.695497e-06
8.530405e+03	1.668917e-06
8.535449e+03	1.642724e-06
8.540494e+03	1.616913e-06
8.545538e+03	1.591479e-06
8.550583e+03	1.566417e-06
8.555628e+03	1.541721e-06
8.560672e+03	1.517388e-06
8.565717e+03	1.493411e-06
8.570761e+03	1.469787e-06
8.575806e+03	1.446510e-06
8.580851e+03	1.423577e-06
8.585895e+03	1.400981e-06
8.590940e+03	1.378720e-06
8.595984e+03	1.356787e-06
8.601029e+03	1.335180e-06
8.606074e+03	1.313893e-06
8.611118e+03	1.292922e-06
8.616163e+03	1.272262e-06
8.621207e+03	1.251911e-06
8.626252e+03	1.231862e-06
8.631297e+03	1.212113e-06
8.636341e+03	1.192658e-06
8.641386e+03	1.173495e-06
8.646430e+03	1.154619e-06
8.651475e+03	1.136026e-06
8.656520e+03	1.117712e-06
8.661564e+03	1.099674e-06
8.666609e+03	1.081907e-06
8.671653e+03	1.064408e-06
8.676698e+03	1.047173e-06
8.681742e+03	1.030199e-06
8.686787e+03	1.013482e-06
8.691832e+03	9.970174e-07
8.696876e+03	9.808029e-07
8.701921e+03	9.648347e-07
8.706965e+03	9.491094e-07
8.712010e+03	9.336235e-07
8.717055e+03	9.183737e-07
8.722099e+03	9.033567e-07
8.727144e+03	8.885692e-07
8.732188e+03	8.740080e-07
8.737233e+03	8.596698e-07
8.742278e+03	8.455517e-07
8.747322e+03	8.316504e-07
8.752367e+03	8.179628e-07
8.757411e+03	8.044860e-07
8.762456e+03	7.912170e-07
8.767501e+03	7.781528e-07
8.772545e+03	7.652905e-07
8.777590e+03	7.526272e-07
8.782634e+03	7.401601e-07
8.787679e+03	7.278863e-07
8.792723e+03	7.158032e-07
8.797768e+03	7.039079e-07
8.802813e+03	6.921978e-07
8.807857e+03	6.806703e-07
8.812902e+03	6.693226e-07
8.817946e+03	6.581523e-07
8.822991e+03	6.471566e-07
8.828036e+03	6.363332e-07
8.833080e+03	6.256795e-07
8.838125e+03	6.151931e-07
8.843169e+03	6.048715e-07
8.848214e+03	5.947124e-07
8.853259e+03	5.847133e-07
8.858303e+03	5.748719e-07
8.863348e+03	5.651860e-07
8.868392e+03	5.556533e-07
8.873437e+03	5.462715e-07
8.878482e+03	5.370384e-07
8.883526e+03	5.279518e-07
8.888571e+03	5.190096e-07
8.893615e+03	5.102097e-07
8.898660e+03	5.015499e-07
8.903704e+03	4.930282e-07
8.908749e+03	4.846425e-07
8.913794e+03	4.763908e-07
8.918838e+03	4.682712e-07
8.923883e+03	4.602817e-07
8.928927e+03	4.524203e-07
8.933972e+03	4.446852e-07
8.939017e+03	4.370744e-07
8.944061e+03	4.295862e-07
8.949106e+03	4.222186e-07
8.954150e+03	4.149698e-07
8.959195e+03	4.078382e-07
8.964240e+03	4.008219e-07
8.969284e+03	3.939192e-07
8.974329e+03	3.871283e-07
8.979373e+03	3.804477e-07
8.984418e+03	3.738756e-07
8.989463e+03	3.674104e-07
8.994507e+03	3.610505e-07
8.999552e+03	3.547943e-07
9.004596e+03	3.486401e-07
9.009641e+03	3.425866e-07
9.014686e+03	3.366321e-07
9.019730e+03	3.307751e-07
9.024775e+03	3.250141e-07
9.029819e+03	3.193477e-07
9.034864e+03	3.137745e-07
9.039908e+03	3.082929e-07
9.044953e+03	3.029016e-07
9.049998e+03	2.975993e-07
9.055042e+03	2.923845e-07
9.060087e+03	2.872558e-07
9.065131e+03	2.822121e-07
9.070176e+03	2.772519e-07
9.075221e+03	2.723739e-07
9.080265e+03	2.675770e-07
9.085310e+03	2.628598e-07
9.090354e+03	2.582211e-07
9.095399e+03	2.536596e-07
9.100444e+03	2.491743e-07
9.105488e+03	2.447638e-07
9.110533e+03	2.404271e-07
9.115577e+03	2.361629e-07
9.120622e+03	2.319702e-07
9.125667e+03	2.278478e-07
9.130711e+03	2.237947e-07
9.135756e+03	2.198096e-07
9.140800e+03	2.158916e-07
9.145845e+03	2.120397e-07
9.150889e+03	2.082527e-07
9.155934e+03	2.045296e-07
9.160979e+03	2.008695e-07
9.166023e+03	1.972713e-07
9.171068e+03	1.937341e-07
9.176112e+03	1.902569e-07
9.181157e+03	1.868387e-07
9.186202e+03	1.834786e-07
9.191246e+03	1.801756e-07
9.196291e+03	1.769290e-07
9.201335e+03	1.737377e-07
9.206380e+03	1.706009e-07
9.211425e+03	1.675177e-07
9.216469e+03	1.644872e-07
9.221514e+03	1.615087e-07
9.226558e+03	1.585812e-07
9.231603e+03	1.557040e-07
9.236648e+03	1.528762e-07
9.241692e+03	1.500971e-07
9.246737e+03	1.473658e-07
9.251781e+03	1.446817e-07
9.256826e+03	1.420438e-07
9.261871e+03	1.394515e-07
9.266915e+03	1.369041e-07
9.271960e+03	1.344008e-07
9.277004e+03	1.319408e-07
9.282049e+03	1.295236e-07
9.287093e+03	1.271483e-07
9.292138e+03	1.248144e-07
9.297183e+03	1.225211e-07
9.302227e+03	1.202677e-07
9.307272e+03	1.180537e-07
9.312316e+03	1.158783e-07
9.317361e+03	1.137409e-07
9.322406e+03	1.116410e-07
9.327450e+03	1.095779e-07
9.332495e+03	1.075509e-07
9.337539e+03	1.055595e-07
9.342584e+03	1.036032e-07
9.347629e+03	1.016812e-07
9.352673e+03	9.979312e-08
9.357718e+03	9.793832e-08
9.362762e+03	9.611625e-08
9.367807e+03	9.432638e-08
9.372852e+03	9.256818e-08
9.377896e+03	9.084110e-08
9.382941e+03	8.914464e-08
9.387985e+03	8.747828e-08
9.393030e+03	8.584152e-08
9.398074e+03	8.423386e-08
9.403119e+03	8.265482e-08
9.408164e+03	8.110392e-08
9.413208e+03	7.958068e-08
9.418253e+03	7.808464e-08
9.423297e+03	7.661534e-08
9.428342e+03	7.517233e-08
9.433387e+03	7.375517e-08
9.438431e+03	7.236342e-08
9.443476e+03	7.099665e-08
9.448520e+03	6.965443e-08
9.453565e+03	6.833636e-08
9.458610e+03	6.704202e-08
9.463654e+03	6.577101e-08
9.468699e+03	6.452293e-08
9.473743e+03	6.329739e-08
9.478788e+03	6.209401e-08
9.483833e+03	6.091240e-08
9.488877e+03	5.975221e-08
9.493922e+03	5.861305e-08
9.498966e+03	5.749457e-08
9.504011e+03	5.639642e-08
9.509056e+03	5.531825e-08
9.514100e+03	5.425970e-08
9.519145e+03	5.322046e-08
9.524189e+03	5.220017e-08
9.529234e+03	5.119852e-08
9.534278e+03	5.021519e-08
9.539323e+03	4.924985e-08
9.544368e+03	4.830219e-08
9.549412e+03	4.737192e-08
9.554457e+03	4.645873e-08
9.559501e+03	4.556231e-08
9.564546e+03	4.468239e-08
9.569591e+03	4.381866e-08
9.574635e+03	4.297086e-08
9.579680e+03	4.213870e-08
9.584724e+03	4.132191e-08
9.589769e+03	4.052023e-08
9.594814e+03	3.973337e-08
9.599858e+03	3.896110e-08
9.604903e+03	3.820314e-08
9.609947e+03	3.745926e-08
9.614992e+03	3.672919e-08
9.620037e+03	3.601270e-08
9.625081e+03	3.530956e-08
9.630126e+03	3.461952e-08
9.635170e+03	3.394235e-08
9.640215e+03	3.327782e-08
9.645259e+03	3.262572e-08
9.650304e+03	3.198581e-08
9.655349e+03	3.135790e-08
9.660393e+03	3.074175e-08
9.665438e+03	3.013717e-08
9.670482e+03	2.954394e-08
9.675527e+03	2.896187e-08
9.680572e+03	2.839075e-08
9.685616e+03	2.783039e-08
9.690661e+03	2.728060e-08
9.695705e+03	2.674119e-08
9.700750e+03	2.621197e-08
9.705795e+03	2.569276e-08
9.710839e+03	2.518338e-08
9.715884e+03	2.468366e-08
9.720928e+03	2.419341e-08
9.725973e+03	2.371247e-08
9.731018e+03	2.324068e-08
9.736062e+03	2.277785e-08
9.741107e+03	2.232385e-08
9.746151e+03	2.187849e-08
9.751196e+03	2.144164e-08
9.756241e+03	2.101313e-08
9.761285e+03	2.059281e-08
9.766330e+03	2.018053e-08
9.771374e+03	1.977615e-08
9.776419e+03	1.937953e-08
9.781463e+03	1.899051e-08
9.786508e+03	1.860897e-08
9.791553e+03	1.823477e-08
9.796597e+03	1.786776e-08
9.801642e+03	1.750783e-08
9.806686e+03	1.715484e-08
9.811731e+03	1.680866e-08
9.816776e+03	1.646917e-08
9.821820e+03	1.613625e-08
9.826865e+03	1.580977e-08
9.831909e+03	1.548962e-08
9.836954e+03	1.517567e-08
9.841999e+03	1.486782e-08
9.847043e+03	1.456596e-08
9.852088e+03	1.426996e-08
9.857132e+03	1.397973e-08
9.862177e+03	1.369515e-08
9.867222e+03	1.341612e-08
9.872266e+03	1.314254e-08
9.877311e+03	1.287431e-08
9.882355e+03	1.261132e-08
9.887400e+03	1.235349e-08
9.892444e+03	1.210070e-08
9.897489e+03	1.185288e-08
9.902534e+03	1.160992e-08
9.907578e+03	1.137174e-08
9.912623e+03	1.113824e-08
9.917667e+03	1.090933e-08
9.922712e+03	1.068494e-08
9.927757e+03	1.046498e-08
9.932801e+03	1.024936e-08
9.937846e+03	1.003800e-08
9.942890e+03	9.830824e-09
9.947935e+03	9.627748e-09
9.952980e+03	9.428697e-09
9.958024e+03	9.233595e-09
9.963069e+03	9.042367e-09
9.968113e+03	8.854939e-09
9.973158e+03	8.671240e-09
9.978203e+03	8.491198e-09
9.983247e+03	8.314744e-09
9.988292e+03	8.141811e-09
9.993336e+03	7.972330e-09
9.998381e+03	7.806236e-09
1.000343e+04	7.643464e-09
1.000847e+04	7.483952e-09
1.001351e+04	7.327636e-09
1.001856e+04	7.174455e-09
1.002360e+04	7.024350e-09
1.002865e+04	6.877261e-09
1.003369e+04	6.733131e-09
1.003874e+04	6.591902e-09
1.004378e+04	6.453519e-09
1.004883e+04	6.317928e-09
1.005387e+04	6.185073e-09
1.005892e+04	6.054903e-09
1.006396e+04	5.927365e-09
1.006901e+04	5.802409e-09
1.007405e+04	5.679984e-09
1.007909e+04	5.560043e-09
1.008414e+04	5.442536e-09
1.008918e+04	5.327416e-09
1.009423e+04	5.214637e-09
1.009927e+04	5.104153e-09
1.010432e+04	4.995920e-09
1.010936e+04	4.889893e-09
1.011441e+04	4.786031e-09
1.011945e+04	4.684290e-09
1.012450e+04	4.584629e-09
1.012954e+04	4.487007e-09
1.013458e+04	4.391385e-09
1.013963e+04	4.297723e-09
1.014467e+04	4.205983e-09
1.014972e+04	4.116127e-09
1.015476e+04	4.028117e-09
1.015981e+04	3.941919e-09
1.016485e+04	3.857495e-09
1.016990e+04	3.774811e-09
1.017494e+04	3.693833e-09
1.017999e+04	3.614527e-09
1.018503e+04	3.536860e-09
1.019008e+04	3.460799e-09
1.019512e+04	3.386312e-09
1.020016e+04	3.313369e-09
1.020521e+04	3.241939e-09
1.021025e+04	3.171991e-09
1.021530e+04	3.103497e-09
1.022034e+04	3.036427e-09
1.022539e+04	2.970752e-09
1.023043e+04	2.906446e-09
1.023548e+04	2.843480e-09
1.024052e+04	2.781828e-09
1.024557e+04	2.721464e-09
1.025061e+04	2.662361e-09
1.025566e+04	2.604495e-09
1.026070e+04	2.547841e-09
1.026574e+04	2.492374e-09
1.027079e+04	2.438071e-09
1.027583e+04	2.384908e-09
1.028088e+04	2.332862e-09
1.028592e+04	2.281910e-09
1.029097e+04	2.232031e-09
1.029601e+04	2.183203e-09
1.030106e+04	2.135405e-09
1.030610e+04	2.088615e-09
1.031115e+04	2.042814e-09
1.031619e+04	1.997981e-09
1.032123e+04	1.954096e-09
1.032628e+04	1.911141e-09
1.033132e+04	1.869097e-09
1.033637e+04	1.827944e-09
1.034141e+04	1.787666e-09
1.034646e+04	1.748243e-09
1.035150e+04	1.709659e-09
1.035655e+04	1.671896e-09
1.036159e+04	1.634938e-09
1.036664e+04	1.598768e-09
1.037168e+04	1.563370e-09
1.037673e+04	1.528728e-09
1.038177e+04	1.494826e-09
1.038681e+04	1.461650e-09
1.039186e+04	1.429185e-09
1.039690e+04	1.397415e-09
1.040195e+04	1.366327e-09
1.040699e+04	1.335907e-09
1.041204e+04	1.306140e-09
1.041708e+04	1.277013e-09
1.042213e+04	1.248514e-09
1.042717e+04	1.220628e-09
1.043222e+04	1.193344e-09
1.043726e+04	1.166648e-09
1.044230e+04	1.140530e-09
1.044735e+04	1.114975e-09
1.045239e+04	1.089974e-09
1.045744e+04	1.065514e-09
1.046248e+04	1.041584e-09
1.046753e+04	1.018173e-09
1.047257e+04	9.952705e-10
1.047762e+04	9.728654e-10
1.048266e+04	9.509476e-10
1.048771e+04	9.295068e-10
1.049275e+04	9.085330e-10
1.049780e+04	8.880164e-10
1.050284e+04	8.679475e-10
1.050788e+04	8.483168e-10
1.051293e+04	8.291152e-10
1.051797e+04	8.103335e-10
1.052302e+04	7.919630e-10
1.052806e+04	7.739950e-10
1.053311e+04	7.564210e-10
1.053815e+04	7.392327e-10
1.054320e+04	7.224219e-10
1.054824e+04	7.059807e-10
1.055329e+04	6.899012e-10
1.055833e+04	6.741757e-10
1.056338e+04	6.587968e-10
1.056842e+04	6.437571e-10
1.057346e+04	6.290494e-10
1.057851e+04	6.146666e-10
1.058355e+04	6.006018e-10
1.058860e+04	5.868483e-10
1.059364e+04	5.733993e-10
1.059869e+04	5.602485e-10
1.060373e+04	5.473894e-10
1.060878e+04	5.348158e-10
1.061382e+04	5.225215e-10
1.061887e+04	5.105007e-10
1.062391e+04	4.987474e-10
1.062895e+04	4.872559e-10
1.063400e+04	4.760206e-10
1.063904e+04	4.650360e-10
1.064409e+04	4.542966e-10
1.064913e+04	4.437973e-10
1.065418e+04	4.335327e-10
1.065922e+04	4.234980e-10
1.066427e+04	4.136880e-10
1.066931e+04	4.040980e-10
1.067436e+04	3.947231e-10
1.067940e+04	3.855588e-10
1.068445e+04	3.766005e-10
1.068949e+04	3.678437e-10
1.069453e+04	3.592840e-10
1.069958e+04	3.509171e-10
1.070462e+04	3.427389e-10
1.070967e+04	3.347453e-10
1.071471e+04	3.269322e-10
1.071976e+04	3.192957e-10
1.072480e+04	3.118319e-10
1.072985e+04	3.045371e-10
1.073489e+04	2.974076e-10
1.073994e+04	2.904398e-10
1.074498e+04	2.836301e-10
1.075003e+04	2.769750e-10
1.075507e+04	2.704712e-10
1.076011e+04	2.641154e-10
1.076516e+04	2.579042e-10
1.077020e+04	2.518346e-10
1.077525e+04	2.459034e-10
1.078029e+04	2.401076e-10
1.078534e+04	2.344441e-10
1.079038e+04	2.289101e-10
1.079543e+04	2.235027e-10
1.080047e+04	2.182190e-10
1.080552e+04	2.130565e-10
1.081056e+04	2.080123e-10
1.081560e+04	2.030838e-10
1.082065e+04	1.982686e-10
1.082569e+04	1.935640e-10
1.083074e+04	1.889677e-10
1.083578e+04	1.844772e-10
1.084083e+04	1.800901e-10
1.084587e+04	1.758042e-10
1.085092e+04	1.716172e-10
1.085596e+04	1.675268e-10
1.086101e+04	1.635311e-10
1.086605e+04	1.596277e-10
1.087110e+04	1.558147e-10
1.087614e+04	1.520900e-10
1.088118e+04	1.484517e-10
1.088623e+04	1.448978e-10
1.089127e+04	1.414265e-10
1.089632e+04	1.380358e-10
1.090136e+04	1.347240e-10
1.090641e+04	1.314892e-10
1.091145e+04	1.283298e-10
1.091650e+04	1.252441e-10
1.092154e+04	1.222303e-10
1.092659e+04	1.192869e-10
1.093163e+04	1.164123e-10
1.093667e+04	1.136050e-10
1.094172e+04	1.108633e-10
1.094676e+04	1.081858e-10
1.095181e+04	1.055711e-10
1.095685e+04	1.030177e-10
1.096190e+04	1.005243e-10
1.096694e+04	9.808943e-11
1.097199e+04	9.571182e-11
1.097703e+04	9.339016e-11
1.098208e+04	9.112317e-11
1.098712e+04	8.890961e-11
1.099217e+04	8.674825e-11
1.099721e+04	8.463790e-11
1.100225e+04	8.257741e-11
1.100730e+04	8.056562e-11
1.101234e+04	7.860142e-11
1.101739e+04	7.668373e-11
1.102243e+04	7.481148e-11
1.102748e+04	7.298361e-11
1.103252e+04	7.119913e-11
1.103757e+04	6.945702e-11
1.104261e+04	6.775631e-11
1.104766e+04	6.609606e-11
1.105270e+04	6.447532e-11
1.105775e+04	6.289319e-11
1.106279e+04	6.134877e-11
1.106783e+04	5.984120e-11
1.107288e+04	5.836963e-11
1.107792e+04	5.693321e-11
1.108297e+04	5.553114e-11
1.108801e+04	5.416262e-11
1.109306e+04	5.282687e-11
1.109810e+04	5.152313e-11
1.110315e+04	5.025067e-11
1.110819e+04	4.900874e-11
1.111324e+04	4.779664e-11
1.111828e+04	4.661369e-11
1.112332e+04	4.545918e-11
1.112837e+04	4.433248e-11
1.113341e+04	4.323291e-11
1.113846e+04	4.215986e-11
1.114350e+04	4.111270e-11
1.114855e+04	4.009083e-11
1.115359e+04	3.909365e-11
1.115864e+04	3.812058e-11
1.116368e+04	3.717106e-11
1.116873e+04	3.624454e-11
1.117377e+04	3.534048e-11
1.117882e+04	3.445834e-11
1.118386e+04	3.359762e-11
1.118890e+04	3.275780e-11
1.119395e+04	3.193840e-11
1.119899e+04	3.113894e-11
1.120404e+04	3.035894e-11
1.120908e+04	2.959794e-11
1.121413e+04	2.885550e-11
1.121917e+04	2.813117e-11
1.122422e+04	2.742453e-11
1.122926e+04	2.673516e-11
1.123431e+04	2.606265e-11
1.123935e+04	2.540659e-11
1.124440e+04	2.476660e-11
1.124944e+04	2.414230e-11
1.125448e+04	2.353331e-11
1.125953e+04	2.293927e-11
1.126457e+04	2.235982e-11
1.126962e+04	2.179461e-11
1.127466e+04	2.124331e-11
1.127971e+04	2.070557e-11
1.128475e+04	2.018109e-11
1.128980e+04	1.966953e-11
1.129484e+04	1.917060e-11
1.129989e+04	1.868399e-11
1.130493e+04	1.820940e-11
1.130997e+04	1.774654e-11
1.131502e+04	1.729513e-11
1.132006e+04	1.685491e-11
1.132511e+04	1.642559e-11
1.133015e+04	1.600692e-11
1.133520e+04	1.559864e-11
1.134024e+04	1.520050e-11
1.134529e+04	1.481225e-11
1.135033e+04	1.443366e-11
1.135538e+04	1.406449e-11
1.136042e+04	1.370452e-11
1.136547e+04	1.335352e-11
1.137051e+04	1.301127e-11
1.137555e+04	1.267757e-11
1.138060e+04	1.235220e-11
1.138564e+04	1.203497e-11
1.139069e+04	1.172567e-11
1.139573e+04	1.142411e-11
1.140078e+04	1.113011e-11
1.140582e+04	1.084348e-11
