# # p(y | x = 5.200000e-03)
# # y_val	p(y|x)
0.000000e+00	9.882351e-07
5.044592e+00	1.006214e-06
1.008918e+01	1.024499e-06
1.513378e+01	1.043093e-06
2.017837e+01	1.062002e-06
2.522296e+01	1.081230e-06
3.026755e+01	1.100782e-06
3.531214e+01	1.120664e-06
4.035673e+01	1.140880e-06
4.540133e+01	1.161436e-06
5.044592e+01	1.182337e-06
5.549051e+01	1.203588e-06
6.053510e+01	1.225194e-06
6.557969e+01	1.247161e-06
7.062428e+01	1.269495e-06
7.566888e+01	1.292201e-06
8.071347e+01	1.315284e-06
8.575806e+01	1.338751e-06
9.080265e+01	1.362608e-06
9.584724e+01	1.386859e-06
1.008918e+02	1.411512e-06
1.059364e+02	1.436571e-06
1.109810e+02	1.462044e-06
1.160256e+02	1.487937e-06
1.210702e+02	1.514255e-06
1.261148e+02	1.541006e-06
1.311594e+02	1.568196e-06
1.362040e+02	1.595830e-06
1.412486e+02	1.623917e-06
1.462932e+02	1.652462e-06
1.513378e+02	1.681473e-06
1.563823e+02	1.710956e-06
1.614269e+02	1.740919e-06
1.664715e+02	1.771368e-06
1.715161e+02	1.802310e-06
1.765607e+02	1.833754e-06
1.816053e+02	1.865706e-06
1.866499e+02	1.898173e-06
1.916945e+02	1.931164e-06
1.967391e+02	1.964686e-06
2.017837e+02	1.998747e-06
2.068283e+02	2.033354e-06
2.118729e+02	2.068515e-06
2.169174e+02	2.104240e-06
2.219620e+02	2.140535e-06
2.270066e+02	2.177409e-06
2.320512e+02	2.214870e-06
2.370958e+02	2.252928e-06
2.421404e+02	2.291589e-06
2.471850e+02	2.330864e-06
2.522296e+02	2.370761e-06
2.572742e+02	2.411289e-06
2.623188e+02	2.452456e-06
2.673634e+02	2.494273e-06
2.724080e+02	2.536748e-06
2.774525e+02	2.579890e-06
2.824971e+02	2.623709e-06
2.875417e+02	2.668216e-06
2.925863e+02	2.713418e-06
2.976309e+02	2.759327e-06
3.026755e+02	2.805951e-06
3.077201e+02	2.853302e-06
3.127647e+02	2.901390e-06
3.178093e+02	2.950224e-06
3.228539e+02	2.999815e-06
3.278985e+02	3.050174e-06
3.329431e+02	3.101312e-06
3.379876e+02	3.153239e-06
3.430322e+02	3.205966e-06
3.480768e+02	3.259504e-06
3.531214e+02	3.313865e-06
3.581660e+02	3.369060e-06
3.632106e+02	3.425100e-06
3.682552e+02	3.481996e-06
3.732998e+02	3.539762e-06
3.783444e+02	3.598409e-06
3.833890e+02	3.657948e-06
3.884336e+02	3.718391e-06
3.934782e+02	3.779752e-06
3.985228e+02	3.842043e-06
4.035673e+02	3.905276e-06
4.086119e+02	3.969464e-06
4.136565e+02	4.034619e-06
4.187011e+02	4.100756e-06
4.237457e+02	4.167887e-06
4.287903e+02	4.236025e-06
4.338349e+02	4.305185e-06
4.388795e+02	4.375378e-06
4.439241e+02	4.446621e-06
4.489687e+02	4.518926e-06
4.540133e+02	4.592307e-06
4.590579e+02	4.666779e-06
4.641024e+02	4.742357e-06
4.691470e+02	4.819054e-06
4.741916e+02	4.896887e-06
4.792362e+02	4.975868e-06
4.842808e+02	5.056015e-06
4.893254e+02	5.137341e-06
4.943700e+02	5.219863e-06
4.994146e+02	5.303596e-06
5.044592e+02	5.388556e-06
5.095038e+02	5.474759e-06
5.145484e+02	5.562220e-06
5.195930e+02	5.650957e-06
5.246375e+02	5.740986e-06
5.296821e+02	5.832322e-06
5.347267e+02	5.924984e-06
5.397713e+02	6.018989e-06
5.448159e+02	6.114352e-06
5.498605e+02	6.211093e-06
5.549051e+02	6.309228e-06
5.599497e+02	6.408775e-06
5.649943e+02	6.509752e-06
5.700389e+02	6.612177e-06
5.750835e+02	6.716069e-06
5.801281e+02	6.821446e-06
5.851726e+02	6.928327e-06
5.902172e+02	7.036730e-06
5.952618e+02	7.146676e-06
6.003064e+02	7.258182e-06
6.053510e+02	7.371269e-06
6.103956e+02	7.485956e-06
6.154402e+02	7.602264e-06
6.204848e+02	7.720212e-06
6.255294e+02	7.839821e-06
6.305740e+02	7.961111e-06
6.356186e+02	8.084102e-06
6.406632e+02	8.208817e-06
6.457077e+02	8.335276e-06
6.507523e+02	8.463500e-06
6.557969e+02	8.593511e-06
6.608415e+02	8.725330e-06
6.658861e+02	8.858981e-06
6.709307e+02	8.994484e-06
6.759753e+02	9.131863e-06
6.810199e+02	9.271140e-06
6.860645e+02	9.412338e-06
6.911091e+02	9.555480e-06
6.961537e+02	9.700590e-06
7.011983e+02	9.847690e-06
7.062428e+02	9.996806e-06
7.112874e+02	1.014796e-05
7.163320e+02	1.030118e-05
7.213766e+02	1.045648e-05
7.264212e+02	1.061390e-05
7.314658e+02	1.077345e-05
7.365104e+02	1.093517e-05
7.415550e+02	1.109907e-05
7.465996e+02	1.126519e-05
7.516442e+02	1.143355e-05
7.566888e+02	1.160417e-05
7.617334e+02	1.177709e-05
7.667780e+02	1.195232e-05
7.718225e+02	1.212990e-05
7.768671e+02	1.230985e-05
7.819117e+02	1.249220e-05
7.869563e+02	1.267698e-05
7.920009e+02	1.286421e-05
7.970455e+02	1.305393e-05
8.020901e+02	1.324616e-05
8.071347e+02	1.344093e-05
8.121793e+02	1.363827e-05
8.172239e+02	1.383821e-05
8.222685e+02	1.404077e-05
8.273131e+02	1.424600e-05
8.323576e+02	1.445391e-05
8.374022e+02	1.466454e-05
8.424468e+02	1.487791e-05
8.474914e+02	1.509407e-05
8.525360e+02	1.531304e-05
8.575806e+02	1.553484e-05
8.626252e+02	1.575952e-05
8.676698e+02	1.598710e-05
8.727144e+02	1.621762e-05
8.777590e+02	1.645111e-05
8.828036e+02	1.668760e-05
8.878482e+02	1.692713e-05
8.928927e+02	1.716972e-05
8.979373e+02	1.741541e-05
9.029819e+02	1.766424e-05
9.080265e+02	1.791623e-05
9.130711e+02	1.817143e-05
9.181157e+02	1.842986e-05
9.231603e+02	1.869157e-05
9.282049e+02	1.895658e-05
9.332495e+02	1.922493e-05
9.382941e+02	1.949667e-05
9.433387e+02	1.977181e-05
9.483833e+02	2.005041e-05
9.534278e+02	2.033249e-05
9.584724e+02	2.061810e-05
9.635170e+02	2.090727e-05
9.685616e+02	2.120003e-05
9.736062e+02	2.149643e-05
9.786508e+02	2.179651e-05
9.836954e+02	2.210029e-05
9.887400e+02	2.240783e-05
9.937846e+02	2.271915e-05
9.988292e+02	2.303431e-05
1.003874e+03	2.335333e-05
1.008918e+03	2.367626e-05
1.013963e+03	2.400313e-05
1.019008e+03	2.433399e-05
1.024052e+03	2.466888e-05
1.029097e+03	2.500784e-05
1.034141e+03	2.535091e-05
1.039186e+03	2.569813e-05
1.044230e+03	2.604954e-05
1.049275e+03	2.640519e-05
1.054320e+03	2.676512e-05
1.059364e+03	2.712937e-05
1.064409e+03	2.749798e-05
1.069453e+03	2.787099e-05
1.074498e+03	2.824846e-05
1.079543e+03	2.863042e-05
1.084587e+03	2.901692e-05
1.089632e+03	2.940800e-05
1.094676e+03	2.980371e-05
1.099721e+03	3.020409e-05
1.104766e+03	3.060919e-05
1.109810e+03	3.101905e-05
1.114855e+03	3.143373e-05
1.119899e+03	3.185325e-05
1.124944e+03	3.227768e-05
1.129989e+03	3.270706e-05
1.135033e+03	3.314144e-05
1.140078e+03	3.358086e-05
1.145122e+03	3.402537e-05
1.150167e+03	3.447502e-05
1.155212e+03	3.492986e-05
1.160256e+03	3.538993e-05
1.165301e+03	3.585529e-05
1.170345e+03	3.632599e-05
1.175390e+03	3.680207e-05
1.180434e+03	3.728358e-05
1.185479e+03	3.777058e-05
1.190524e+03	3.826312e-05
1.195568e+03	3.876124e-05
1.200613e+03	3.926499e-05
1.205657e+03	3.977444e-05
1.210702e+03	4.028962e-05
1.215747e+03	4.081060e-05
1.220791e+03	4.133742e-05
1.225836e+03	4.187014e-05
1.230880e+03	4.240881e-05
1.235925e+03	4.295348e-05
1.240970e+03	4.350420e-05
1.246014e+03	4.406104e-05
1.251059e+03	4.462404e-05
1.256103e+03	4.519325e-05
1.261148e+03	4.576874e-05
1.266193e+03	4.635056e-05
1.271237e+03	4.693876e-05
1.276282e+03	4.753340e-05
1.281326e+03	4.813453e-05
1.286371e+03	4.874221e-05
1.291415e+03	4.935650e-05
1.296460e+03	4.997745e-05
1.301505e+03	5.060512e-05
1.306549e+03	5.123956e-05
1.311594e+03	5.188084e-05
1.316638e+03	5.252901e-05
1.321683e+03	5.318414e-05
1.326728e+03	5.384626e-05
1.331772e+03	5.451546e-05
1.336817e+03	5.519178e-05
1.341861e+03	5.587528e-05
1.346906e+03	5.656603e-05
1.351951e+03	5.726408e-05
1.356995e+03	5.796950e-05
1.362040e+03	5.868233e-05
1.367084e+03	5.940265e-05
1.372129e+03	6.013051e-05
1.377174e+03	6.086598e-05
1.382218e+03	6.160911e-05
1.387263e+03	6.235997e-05
1.392307e+03	6.311861e-05
1.397352e+03	6.388511e-05
1.402397e+03	6.465952e-05
1.407441e+03	6.544190e-05
1.412486e+03	6.623232e-05
1.417530e+03	6.703084e-05
1.422575e+03	6.783752e-05
1.427619e+03	6.865243e-05
1.432664e+03	6.947562e-05
1.437709e+03	7.030717e-05
1.442753e+03	7.114714e-05
1.447798e+03	7.199558e-05
1.452842e+03	7.285257e-05
1.457887e+03	7.371817e-05
1.462932e+03	7.459245e-05
1.467976e+03	7.547546e-05
1.473021e+03	7.636728e-05
1.478065e+03	7.726797e-05
1.483110e+03	7.817759e-05
1.488155e+03	7.909621e-05
1.493199e+03	8.002390e-05
1.498244e+03	8.096072e-05
1.503288e+03	8.190674e-05
1.508333e+03	8.286202e-05
1.513378e+03	8.382664e-05
1.518422e+03	8.480065e-05
1.523467e+03	8.578413e-05
1.528511e+03	8.677714e-05
1.533556e+03	8.777976e-05
1.538600e+03	8.879203e-05
1.543645e+03	8.981405e-05
1.548690e+03	9.084586e-05
1.553734e+03	9.188754e-05
1.558779e+03	9.293917e-05
1.563823e+03	9.400079e-05
1.568868e+03	9.507250e-05
1.573913e+03	9.615434e-05
1.578957e+03	9.724639e-05
1.584002e+03	9.834873e-05
1.589046e+03	9.946141e-05
1.594091e+03	1.005845e-04
1.599136e+03	1.017181e-04
1.604180e+03	1.028622e-04
1.609225e+03	1.040170e-04
1.614269e+03	1.051824e-04
1.619314e+03	1.063587e-04
1.624359e+03	1.075457e-04
1.629403e+03	1.087437e-04
1.634448e+03	1.099526e-04
1.639492e+03	1.111725e-04
1.644537e+03	1.124036e-04
1.649582e+03	1.136458e-04
1.654626e+03	1.148993e-04
1.659671e+03	1.161641e-04
1.664715e+03	1.174403e-04
1.669760e+03	1.187280e-04
1.674804e+03	1.200272e-04
1.679849e+03	1.213380e-04
1.684894e+03	1.226604e-04
1.689938e+03	1.239946e-04
1.694983e+03	1.253406e-04
1.700027e+03	1.266984e-04
1.705072e+03	1.280682e-04
1.710117e+03	1.294500e-04
1.715161e+03	1.308439e-04
1.720206e+03	1.322500e-04
1.725250e+03	1.336683e-04
1.730295e+03	1.350989e-04
1.735340e+03	1.365418e-04
1.740384e+03	1.379972e-04
1.745429e+03	1.394650e-04
1.750473e+03	1.409455e-04
1.755518e+03	1.424385e-04
1.760563e+03	1.439443e-04
1.765607e+03	1.454629e-04
1.770652e+03	1.469943e-04
1.775696e+03	1.485386e-04
1.780741e+03	1.500959e-04
1.785785e+03	1.516663e-04
1.790830e+03	1.532498e-04
1.795875e+03	1.548465e-04
1.800919e+03	1.564564e-04
1.805964e+03	1.580797e-04
1.811008e+03	1.597163e-04
1.816053e+03	1.613664e-04
1.821098e+03	1.630300e-04
1.826142e+03	1.647073e-04
1.831187e+03	1.663982e-04
1.836231e+03	1.681028e-04
1.841276e+03	1.698212e-04
1.846321e+03	1.715535e-04
1.851365e+03	1.732997e-04
1.856410e+03	1.750599e-04
1.861454e+03	1.768342e-04
1.866499e+03	1.786226e-04
1.871544e+03	1.804251e-04
1.876588e+03	1.822420e-04
1.881633e+03	1.840731e-04
1.886677e+03	1.859187e-04
1.891722e+03	1.877787e-04
1.896767e+03	1.896532e-04
1.901811e+03	1.915423e-04
1.906856e+03	1.934460e-04
1.911900e+03	1.953644e-04
1.916945e+03	1.972976e-04
1.921989e+03	1.992456e-04
1.927034e+03	2.012085e-04
1.932079e+03	2.031864e-04
1.937123e+03	2.051792e-04
1.942168e+03	2.071872e-04
1.947212e+03	2.092102e-04
1.952257e+03	2.112485e-04
1.957302e+03	2.133020e-04
1.962346e+03	2.153709e-04
1.967391e+03	2.174551e-04
1.972435e+03	2.195547e-04
1.977480e+03	2.216698e-04
1.982525e+03	2.238005e-04
1.987569e+03	2.259467e-04
1.992614e+03	2.281086e-04
1.997658e+03	2.302863e-04
2.002703e+03	2.324797e-04
2.007748e+03	2.346889e-04
2.012792e+03	2.369140e-04
2.017837e+03	2.391550e-04
2.022881e+03	2.414121e-04
2.027926e+03	2.436851e-04
2.032970e+03	2.459743e-04
2.038015e+03	2.482796e-04
2.043060e+03	2.506011e-04
2.048104e+03	2.529388e-04
2.053149e+03	2.552928e-04
2.058193e+03	2.576632e-04
2.063238e+03	2.600500e-04
2.068283e+03	2.624532e-04
2.073327e+03	2.648729e-04
2.078372e+03	2.673091e-04
2.083416e+03	2.697619e-04
2.088461e+03	2.722314e-04
2.093506e+03	2.747175e-04
2.098550e+03	2.772204e-04
2.103595e+03	2.797400e-04
2.108639e+03	2.822764e-04
2.113684e+03	2.848296e-04
2.118729e+03	2.873998e-04
2.123773e+03	2.899869e-04
2.128818e+03	2.925909e-04
2.133862e+03	2.952120e-04
2.138907e+03	2.978501e-04
2.143952e+03	3.005053e-04
2.148996e+03	3.031776e-04
2.154041e+03	3.058671e-04
2.159085e+03	3.085737e-04
2.164130e+03	3.112976e-04
2.169174e+03	3.140388e-04
2.174219e+03	3.167973e-04
2.179264e+03	3.195731e-04
2.184308e+03	3.223662e-04
2.189353e+03	3.251768e-04
2.194397e+03	3.280047e-04
2.199442e+03	3.308502e-04
2.204487e+03	3.337131e-04
2.209531e+03	3.365935e-04
2.214576e+03	3.394914e-04
2.219620e+03	3.424069e-04
2.224665e+03	3.453400e-04
2.229710e+03	3.482906e-04
2.234754e+03	3.512589e-04
2.239799e+03	3.542449e-04
2.244843e+03	3.572485e-04
2.249888e+03	3.602698e-04
2.254933e+03	3.633088e-04
2.259977e+03	3.663656e-04
2.265022e+03	3.694401e-04
2.270066e+03	3.725323e-04
2.275111e+03	3.756423e-04
2.280155e+03	3.787701e-04
2.285200e+03	3.819157e-04
2.290245e+03	3.850791e-04
2.295289e+03	3.882603e-04
2.300334e+03	3.914594e-04
2.305378e+03	3.946763e-04
2.310423e+03	3.979110e-04
2.315468e+03	4.011636e-04
2.320512e+03	4.044340e-04
2.325557e+03	4.077223e-04
2.330601e+03	4.110285e-04
2.335646e+03	4.143525e-04
2.340691e+03	4.176944e-04
2.345735e+03	4.210541e-04
2.350780e+03	4.244317e-04
2.355824e+03	4.278272e-04
2.360869e+03	4.312405e-04
2.365914e+03	4.346716e-04
2.370958e+03	4.381206e-04
2.376003e+03	4.415875e-04
2.381047e+03	4.450721e-04
2.386092e+03	4.485746e-04
2.391137e+03	4.520948e-04
2.396181e+03	4.556329e-04
2.401226e+03	4.591887e-04
2.406270e+03	4.627623e-04
2.411315e+03	4.663536e-04
2.416359e+03	4.699627e-04
2.421404e+03	4.735894e-04
2.426449e+03	4.772339e-04
2.431493e+03	4.808960e-04
2.436538e+03	4.845757e-04
2.441582e+03	4.882731e-04
2.446627e+03	4.919880e-04
2.451672e+03	4.957205e-04
2.456716e+03	4.994705e-04
2.461761e+03	5.032381e-04
2.466805e+03	5.070231e-04
2.471850e+03	5.108255e-04
2.476895e+03	5.146454e-04
2.481939e+03	5.184826e-04
2.486984e+03	5.223371e-04
2.492028e+03	5.262090e-04
2.497073e+03	5.300981e-04
2.502118e+03	5.340044e-04
2.507162e+03	5.379279e-04
2.512207e+03	5.418685e-04
2.517251e+03	5.458262e-04
2.522296e+03	5.498009e-04
2.527340e+03	5.537926e-04
2.532385e+03	5.578013e-04
2.537430e+03	5.618268e-04
2.542474e+03	5.658692e-04
2.547519e+03	5.699283e-04
2.552563e+03	5.740042e-04
2.557608e+03	5.780968e-04
2.562653e+03	5.822059e-04
2.567697e+03	5.863316e-04
2.572742e+03	5.904738e-04
2.577786e+03	5.946324e-04
2.582831e+03	5.988074e-04
2.587876e+03	6.029986e-04
2.592920e+03	6.072061e-04
2.597965e+03	6.114297e-04
2.603009e+03	6.156695e-04
2.608054e+03	6.199252e-04
2.613099e+03	6.241969e-04
2.618143e+03	6.284844e-04
2.623188e+03	6.327878e-04
2.628232e+03	6.371068e-04
2.633277e+03	6.414415e-04
2.638322e+03	6.457917e-04
2.643366e+03	6.501574e-04
2.648411e+03	6.545384e-04
2.653455e+03	6.589348e-04
2.658500e+03	6.633463e-04
2.663544e+03	6.677730e-04
2.668589e+03	6.722147e-04
2.673634e+03	6.766714e-04
2.678678e+03	6.811428e-04
2.683723e+03	6.856290e-04
2.688767e+03	6.901299e-04
2.693812e+03	6.946453e-04
2.698857e+03	6.991752e-04
2.703901e+03	7.037194e-04
2.708946e+03	7.082778e-04
2.713990e+03	7.128504e-04
2.719035e+03	7.174370e-04
2.724080e+03	7.220376e-04
2.729124e+03	7.266519e-04
2.734169e+03	7.312800e-04
2.739213e+03	7.359216e-04
2.744258e+03	7.405767e-04
2.749303e+03	7.452452e-04
2.754347e+03	7.499269e-04
2.759392e+03	7.546217e-04
2.764436e+03	7.593295e-04
2.769481e+03	7.640501e-04
2.774525e+03	7.687836e-04
2.779570e+03	7.735296e-04
2.784615e+03	7.782882e-04
2.789659e+03	7.830591e-04
2.794704e+03	7.878422e-04
2.799748e+03	7.926375e-04
2.804793e+03	7.974447e-04
2.809838e+03	8.022637e-04
2.814882e+03	8.070945e-04
2.819927e+03	8.119368e-04
2.824971e+03	8.167905e-04
2.830016e+03	8.216555e-04
2.835061e+03	8.265316e-04
2.840105e+03	8.314187e-04
2.845150e+03	8.363167e-04
2.850194e+03	8.412253e-04
2.855239e+03	8.461445e-04
2.860284e+03	8.510740e-04
2.865328e+03	8.560138e-04
2.870373e+03	8.609637e-04
2.875417e+03	8.659235e-04
2.880462e+03	8.708931e-04
2.885507e+03	8.758723e-04
2.890551e+03	8.808609e-04
2.895596e+03	8.858588e-04
2.900640e+03	8.908659e-04
2.905685e+03	8.958819e-04
2.910729e+03	9.009067e-04
2.915774e+03	9.059401e-04
2.920819e+03	9.109819e-04
2.925863e+03	9.160321e-04
2.930908e+03	9.210903e-04
2.935952e+03	9.261565e-04
2.940997e+03	9.312305e-04
2.946042e+03	9.363120e-04
2.951086e+03	9.414009e-04
2.956131e+03	9.464971e-04
2.961175e+03	9.516003e-04
2.966220e+03	9.567103e-04
2.971265e+03	9.618270e-04
2.976309e+03	9.669502e-04
2.981354e+03	9.720797e-04
2.986398e+03	9.772154e-04
2.991443e+03	9.823569e-04
2.996488e+03	9.875042e-04
3.001532e+03	9.926570e-04
3.006577e+03	9.978151e-04
3.011621e+03	1.002978e-03
3.016666e+03	1.008147e-03
3.021710e+03	1.013320e-03
3.026755e+03	1.018497e-03
3.031800e+03	1.023679e-03
3.036844e+03	1.028865e-03
3.041889e+03	1.034055e-03
3.046933e+03	1.039249e-03
3.051978e+03	1.044446e-03
3.057023e+03	1.049647e-03
3.062067e+03	1.054850e-03
3.067112e+03	1.060057e-03
3.072156e+03	1.065266e-03
3.077201e+03	1.070478e-03
3.082246e+03	1.075692e-03
3.087290e+03	1.080908e-03
3.092335e+03	1.086126e-03
3.097379e+03	1.091346e-03
3.102424e+03	1.096567e-03
3.107469e+03	1.101789e-03
3.112513e+03	1.107012e-03
3.117558e+03	1.112236e-03
3.122602e+03	1.117461e-03
3.127647e+03	1.122686e-03
3.132691e+03	1.127910e-03
3.137736e+03	1.133135e-03
3.142781e+03	1.138359e-03
3.147825e+03	1.143583e-03
3.152870e+03	1.148806e-03
3.157914e+03	1.154028e-03
3.162959e+03	1.159248e-03
3.168004e+03	1.164467e-03
3.173048e+03	1.169684e-03
3.178093e+03	1.174899e-03
3.183137e+03	1.180112e-03
3.188182e+03	1.185323e-03
3.193227e+03	1.190531e-03
3.198271e+03	1.195736e-03
3.203316e+03	1.200937e-03
3.208360e+03	1.206136e-03
3.213405e+03	1.211330e-03
3.218450e+03	1.216521e-03
3.223494e+03	1.221708e-03
3.228539e+03	1.226890e-03
3.233583e+03	1.232067e-03
3.238628e+03	1.237240e-03
3.243673e+03	1.242408e-03
3.248717e+03	1.247570e-03
3.253762e+03	1.252727e-03
3.258806e+03	1.257878e-03
3.263851e+03	1.263022e-03
3.268895e+03	1.268161e-03
3.273940e+03	1.273292e-03
3.278985e+03	1.278417e-03
3.284029e+03	1.283535e-03
3.289074e+03	1.288646e-03
3.294118e+03	1.293749e-03
3.299163e+03	1.298844e-03
3.304208e+03	1.303931e-03
3.309252e+03	1.309010e-03
3.314297e+03	1.314080e-03
3.319341e+03	1.319141e-03
3.324386e+03	1.324193e-03
3.329431e+03	1.329236e-03
3.334475e+03	1.334269e-03
3.339520e+03	1.339293e-03
3.344564e+03	1.344306e-03
3.349609e+03	1.349309e-03
3.354654e+03	1.354301e-03
3.359698e+03	1.359282e-03
3.364743e+03	1.364253e-03
3.369787e+03	1.369211e-03
3.374832e+03	1.374159e-03
3.379876e+03	1.379094e-03
3.384921e+03	1.384017e-03
3.389966e+03	1.388928e-03
3.395010e+03	1.393826e-03
3.400055e+03	1.398711e-03
3.405099e+03	1.403583e-03
3.410144e+03	1.408441e-03
3.415189e+03	1.413286e-03
3.420233e+03	1.418117e-03
3.425278e+03	1.422934e-03
3.430322e+03	1.427736e-03
3.435367e+03	1.432523e-03
3.440412e+03	1.437296e-03
3.445456e+03	1.442053e-03
3.450501e+03	1.446795e-03
3.455545e+03	1.451521e-03
3.460590e+03	1.456230e-03
3.465635e+03	1.460924e-03
3.470679e+03	1.465601e-03
3.475724e+03	1.470262e-03
3.480768e+03	1.474905e-03
3.485813e+03	1.479531e-03
3.490858e+03	1.484140e-03
3.495902e+03	1.488731e-03
3.500947e+03	1.493303e-03
3.505991e+03	1.497858e-03
3.511036e+03	1.502394e-03
3.516080e+03	1.506911e-03
3.521125e+03	1.511409e-03
3.526170e+03	1.515888e-03
3.531214e+03	1.520347e-03
3.536259e+03	1.524786e-03
3.541303e+03	1.529205e-03
3.546348e+03	1.533605e-03
3.551393e+03	1.537983e-03
3.556437e+03	1.542341e-03
3.561482e+03	1.546677e-03
3.566526e+03	1.550993e-03
3.571571e+03	1.555286e-03
3.576616e+03	1.559558e-03
3.581660e+03	1.563808e-03
3.586705e+03	1.568036e-03
3.591749e+03	1.572241e-03
3.596794e+03	1.576424e-03
3.601839e+03	1.580583e-03
3.606883e+03	1.584719e-03
3.611928e+03	1.588832e-03
3.616972e+03	1.592921e-03
3.622017e+03	1.596986e-03
3.627061e+03	1.601027e-03
3.632106e+03	1.605043e-03
3.637151e+03	1.609035e-03
3.642195e+03	1.613001e-03
3.647240e+03	1.616943e-03
3.652284e+03	1.620859e-03
3.657329e+03	1.624750e-03
3.662374e+03	1.628615e-03
3.667418e+03	1.632454e-03
3.672463e+03	1.636266e-03
3.677507e+03	1.640052e-03
3.682552e+03	1.643812e-03
3.687597e+03	1.647544e-03
3.692641e+03	1.651249e-03
3.697686e+03	1.654927e-03
3.702730e+03	1.658577e-03
3.707775e+03	1.662199e-03
3.712820e+03	1.665794e-03
3.717864e+03	1.669360e-03
3.722909e+03	1.672897e-03
3.727953e+03	1.676406e-03
3.732998e+03	1.679886e-03
3.738043e+03	1.683337e-03
3.743087e+03	1.686758e-03
3.748132e+03	1.690150e-03
3.753176e+03	1.693512e-03
3.758221e+03	1.696844e-03
3.763265e+03	1.700146e-03
3.768310e+03	1.703418e-03
3.773355e+03	1.706659e-03
3.778399e+03	1.709869e-03
3.783444e+03	1.713049e-03
3.788488e+03	1.716197e-03
3.793533e+03	1.719314e-03
3.798578e+03	1.722399e-03
3.803622e+03	1.725453e-03
3.808667e+03	1.728475e-03
3.813711e+03	1.731465e-03
3.818756e+03	1.734422e-03
3.823801e+03	1.737347e-03
3.828845e+03	1.740239e-03
3.833890e+03	1.743099e-03
3.838934e+03	1.745925e-03
3.843979e+03	1.748719e-03
3.849024e+03	1.751479e-03
3.854068e+03	1.754205e-03
3.859113e+03	1.756898e-03
3.864157e+03	1.759557e-03
3.869202e+03	1.762182e-03
3.874246e+03	1.764772e-03
3.879291e+03	1.767329e-03
3.884336e+03	1.769850e-03
3.889380e+03	1.772338e-03
3.894425e+03	1.774790e-03
3.899469e+03	1.777207e-03
3.904514e+03	1.779589e-03
3.909559e+03	1.781936e-03
3.914603e+03	1.784248e-03
3.919648e+03	1.786524e-03
3.924692e+03	1.788764e-03
3.929737e+03	1.790968e-03
3.934782e+03	1.793137e-03
3.939826e+03	1.795269e-03
3.944871e+03	1.797365e-03
3.949915e+03	1.799424e-03
3.954960e+03	1.801447e-03
3.960005e+03	1.803434e-03
3.965049e+03	1.805383e-03
3.970094e+03	1.807296e-03
3.975138e+03	1.809171e-03
3.980183e+03	1.811010e-03
3.985228e+03	1.812811e-03
3.990272e+03	1.814575e-03
3.995317e+03	1.816301e-03
4.000361e+03	1.817990e-03
4.005406e+03	1.819641e-03
4.010450e+03	1.821254e-03
4.015495e+03	1.822829e-03
4.020540e+03	1.824366e-03
4.025584e+03	1.825865e-03
4.030629e+03	1.827326e-03
4.035673e+03	1.828748e-03
4.040718e+03	1.830132e-03
4.045763e+03	1.831478e-03
4.050807e+03	1.832785e-03
4.055852e+03	1.834053e-03
4.060896e+03	1.835283e-03
4.065941e+03	1.836474e-03
4.070986e+03	1.837625e-03
4.076030e+03	1.838738e-03
4.081075e+03	1.839812e-03
4.086119e+03	1.840847e-03
4.091164e+03	1.841842e-03
4.096209e+03	1.842798e-03
4.101253e+03	1.843715e-03
4.106298e+03	1.844593e-03
4.111342e+03	1.845431e-03
4.116387e+03	1.846230e-03
4.121431e+03	1.846989e-03
4.126476e+03	1.847708e-03
4.131521e+03	1.848388e-03
4.136565e+03	1.849028e-03
4.141610e+03	1.849629e-03
4.146654e+03	1.850190e-03
4.151699e+03	1.850711e-03
4.156744e+03	1.851192e-03
4.161788e+03	1.851633e-03
4.166833e+03	1.852035e-03
4.171877e+03	1.852396e-03
4.176922e+03	1.852718e-03
4.181967e+03	1.852999e-03
4.187011e+03	1.853241e-03
4.192056e+03	1.853442e-03
4.197100e+03	1.853604e-03
4.202145e+03	1.853726e-03
4.207190e+03	1.853807e-03
4.212234e+03	1.853849e-03
4.217279e+03	1.853851e-03
4.222323e+03	1.853812e-03
4.227368e+03	1.853734e-03
4.232413e+03	1.853615e-03
4.237457e+03	1.853457e-03
4.242502e+03	1.853258e-03
4.247546e+03	1.853019e-03
4.252591e+03	1.852741e-03
4.257635e+03	1.852423e-03
4.262680e+03	1.852064e-03
4.267725e+03	1.851666e-03
4.272769e+03	1.851228e-03
4.277814e+03	1.850750e-03
4.282858e+03	1.850232e-03
4.287903e+03	1.849674e-03
4.292948e+03	1.849077e-03
4.297992e+03	1.848440e-03
4.303037e+03	1.847763e-03
4.308081e+03	1.847046e-03
4.313126e+03	1.846290e-03
4.318171e+03	1.845495e-03
4.323215e+03	1.844660e-03
4.328260e+03	1.843785e-03
4.333304e+03	1.842871e-03
4.338349e+03	1.841918e-03
4.343394e+03	1.840926e-03
4.348438e+03	1.839894e-03
4.353483e+03	1.838823e-03
4.358527e+03	1.837714e-03
4.363572e+03	1.836565e-03
4.368616e+03	1.835377e-03
4.373661e+03	1.834151e-03
4.378706e+03	1.832885e-03
4.383750e+03	1.831581e-03
4.388795e+03	1.830239e-03
4.393839e+03	1.828858e-03
4.398884e+03	1.827438e-03
4.403929e+03	1.825980e-03
4.408973e+03	1.824484e-03
4.414018e+03	1.822950e-03
4.419062e+03	1.821378e-03
4.424107e+03	1.819768e-03
4.429152e+03	1.818120e-03
4.434196e+03	1.816434e-03
4.439241e+03	1.814711e-03
4.444285e+03	1.812950e-03
4.449330e+03	1.811152e-03
4.454375e+03	1.809316e-03
4.459419e+03	1.807444e-03
4.464464e+03	1.805534e-03
4.469508e+03	1.803587e-03
4.474553e+03	1.801604e-03
4.479598e+03	1.799584e-03
4.484642e+03	1.797527e-03
4.489687e+03	1.795434e-03
4.494731e+03	1.793304e-03
4.499776e+03	1.791139e-03
4.504820e+03	1.788937e-03
4.509865e+03	1.786700e-03
4.514910e+03	1.784427e-03
4.519954e+03	1.782118e-03
4.524999e+03	1.779774e-03
4.530043e+03	1.777394e-03
4.535088e+03	1.774980e-03
4.540133e+03	1.772530e-03
4.545177e+03	1.770046e-03
4.550222e+03	1.767527e-03
4.555266e+03	1.764973e-03
4.560311e+03	1.762385e-03
4.565356e+03	1.759763e-03
4.570400e+03	1.757107e-03
4.575445e+03	1.754416e-03
4.580489e+03	1.751693e-03
4.585534e+03	1.748935e-03
4.590579e+03	1.746144e-03
4.595623e+03	1.743321e-03
4.600668e+03	1.740464e-03
4.605712e+03	1.737574e-03
4.610757e+03	1.734651e-03
4.615801e+03	1.731697e-03
4.620846e+03	1.728709e-03
4.625891e+03	1.725690e-03
4.630935e+03	1.722639e-03
4.635980e+03	1.719556e-03
4.641024e+03	1.716441e-03
4.646069e+03	1.713296e-03
4.651114e+03	1.710119e-03
4.656158e+03	1.706911e-03
4.661203e+03	1.703672e-03
4.666247e+03	1.700403e-03
4.671292e+03	1.697103e-03
4.676337e+03	1.693773e-03
4.681381e+03	1.690413e-03
4.686426e+03	1.687024e-03
4.691470e+03	1.683605e-03
4.696515e+03	1.680156e-03
4.701560e+03	1.676679e-03
4.706604e+03	1.673172e-03
4.711649e+03	1.669637e-03
4.716693e+03	1.666073e-03
4.721738e+03	1.662481e-03
4.726783e+03	1.658861e-03
4.731827e+03	1.655213e-03
4.736872e+03	1.651537e-03
4.741916e+03	1.647834e-03
4.746961e+03	1.644104e-03
4.752005e+03	1.640347e-03
4.757050e+03	1.636563e-03
4.762095e+03	1.632752e-03
4.767139e+03	1.628915e-03
4.772184e+03	1.625053e-03
4.777228e+03	1.621164e-03
4.782273e+03	1.617250e-03
4.787318e+03	1.613310e-03
4.792362e+03	1.609345e-03
4.797407e+03	1.605355e-03
4.802451e+03	1.601341e-03
4.807496e+03	1.597302e-03
4.812541e+03	1.593239e-03
4.817585e+03	1.589152e-03
4.822630e+03	1.585041e-03
4.827674e+03	1.580907e-03
4.832719e+03	1.576749e-03
4.837764e+03	1.572568e-03
4.842808e+03	1.568365e-03
4.847853e+03	1.564139e-03
4.852897e+03	1.559891e-03
4.857942e+03	1.555620e-03
4.862986e+03	1.551328e-03
4.868031e+03	1.547015e-03
4.873076e+03	1.542680e-03
4.878120e+03	1.538324e-03
4.883165e+03	1.533947e-03
4.888209e+03	1.529550e-03
4.893254e+03	1.525132e-03
4.898299e+03	1.520694e-03
4.903343e+03	1.516236e-03
4.908388e+03	1.511759e-03
4.913432e+03	1.507263e-03
4.918477e+03	1.502747e-03
4.923522e+03	1.498212e-03
4.928566e+03	1.493659e-03
4.933611e+03	1.489088e-03
4.938655e+03	1.484499e-03
4.943700e+03	1.479892e-03
4.948745e+03	1.475267e-03
4.953789e+03	1.470625e-03
4.958834e+03	1.465966e-03
4.963878e+03	1.461290e-03
4.968923e+03	1.456597e-03
4.973967e+03	1.451889e-03
4.979012e+03	1.447164e-03
4.984057e+03	1.442423e-03
4.989101e+03	1.437667e-03
4.994146e+03	1.432896e-03
4.999190e+03	1.428110e-03
5.004235e+03	1.423309e-03
5.009280e+03	1.418493e-03
5.014324e+03	1.413664e-03
5.019369e+03	1.408820e-03
5.024413e+03	1.403962e-03
5.029458e+03	1.399092e-03
5.034503e+03	1.394207e-03
5.039547e+03	1.389310e-03
5.044592e+03	1.384401e-03
5.049636e+03	1.379479e-03
5.054681e+03	1.374544e-03
5.059726e+03	1.369598e-03
5.064770e+03	1.364640e-03
5.069815e+03	1.359671e-03
5.074859e+03	1.354690e-03
5.079904e+03	1.349699e-03
5.084949e+03	1.344697e-03
5.089993e+03	1.339684e-03
5.095038e+03	1.334662e-03
5.100082e+03	1.329629e-03
5.105127e+03	1.324587e-03
5.110171e+03	1.319536e-03
5.115216e+03	1.314475e-03
5.120261e+03	1.309406e-03
5.125305e+03	1.304328e-03
5.130350e+03	1.299241e-03
5.135394e+03	1.294147e-03
5.140439e+03	1.289044e-03
5.145484e+03	1.283934e-03
5.150528e+03	1.278817e-03
5.155573e+03	1.273693e-03
5.160617e+03	1.268561e-03
5.165662e+03	1.263424e-03
5.170707e+03	1.258279e-03
5.175751e+03	1.253129e-03
5.180796e+03	1.247973e-03
5.185840e+03	1.242811e-03
5.190885e+03	1.237644e-03
5.195930e+03	1.232471e-03
5.200974e+03	1.227294e-03
5.206019e+03	1.222112e-03
5.211063e+03	1.216926e-03
5.216108e+03	1.211735e-03
5.221152e+03	1.206541e-03
5.226197e+03	1.201343e-03
5.231242e+03	1.196142e-03
5.236286e+03	1.190937e-03
5.241331e+03	1.185729e-03
5.246375e+03	1.180519e-03
5.251420e+03	1.175306e-03
5.256465e+03	1.170091e-03
5.261509e+03	1.164874e-03
5.266554e+03	1.159655e-03
5.271598e+03	1.154435e-03
5.276643e+03	1.149213e-03
5.281688e+03	1.143991e-03
5.286732e+03	1.138767e-03
5.291777e+03	1.133543e-03
5.296821e+03	1.128318e-03
5.301866e+03	1.123093e-03
5.306911e+03	1.117869e-03
5.311955e+03	1.112644e-03
5.317000e+03	1.107420e-03
5.322044e+03	1.102197e-03
5.327089e+03	1.096975e-03
5.332134e+03	1.091753e-03
5.337178e+03	1.086534e-03
5.342223e+03	1.081316e-03
5.347267e+03	1.076099e-03
5.352312e+03	1.070885e-03
5.357356e+03	1.065673e-03
5.362401e+03	1.060464e-03
5.367446e+03	1.055257e-03
5.372490e+03	1.050053e-03
5.377535e+03	1.044852e-03
5.382579e+03	1.039654e-03
5.387624e+03	1.034460e-03
5.392669e+03	1.029270e-03
5.397713e+03	1.024084e-03
5.402758e+03	1.018901e-03
5.407802e+03	1.013724e-03
5.412847e+03	1.008550e-03
5.417892e+03	1.003382e-03
5.422936e+03	9.982179e-04
5.427981e+03	9.930593e-04
5.433025e+03	9.879061e-04
5.438070e+03	9.827584e-04
5.443115e+03	9.776164e-04
5.448159e+03	9.724803e-04
5.453204e+03	9.673503e-04
5.458248e+03	9.622266e-04
5.463293e+03	9.571094e-04
5.468337e+03	9.519988e-04
5.473382e+03	9.468951e-04
5.478427e+03	9.417984e-04
5.483471e+03	9.367089e-04
5.488516e+03	9.316268e-04
5.493560e+03	9.265522e-04
5.498605e+03	9.214854e-04
5.503650e+03	9.164265e-04
5.508694e+03	9.113758e-04
5.513739e+03	9.063332e-04
5.518783e+03	9.012992e-04
5.523828e+03	8.962737e-04
5.528873e+03	8.912570e-04
5.533917e+03	8.862493e-04
5.538962e+03	8.812506e-04
5.544006e+03	8.762613e-04
5.549051e+03	8.712813e-04
5.554096e+03	8.663110e-04
5.559140e+03	8.613504e-04
5.564185e+03	8.563998e-04
5.569229e+03	8.514592e-04
5.574274e+03	8.465288e-04
5.579319e+03	8.416088e-04
5.584363e+03	8.366993e-04
5.589408e+03	8.318006e-04
5.594452e+03	8.269126e-04
5.599497e+03	8.220356e-04
5.604541e+03	8.171697e-04
5.609586e+03	8.123151e-04
5.614631e+03	8.074720e-04
5.619675e+03	8.026403e-04
5.624720e+03	7.978203e-04
5.629764e+03	7.930122e-04
5.634809e+03	7.882160e-04
5.639854e+03	7.834319e-04
5.644898e+03	7.786600e-04
5.649943e+03	7.739005e-04
5.654987e+03	7.691535e-04
5.660032e+03	7.644191e-04
5.665077e+03	7.596974e-04
5.670121e+03	7.549886e-04
5.675166e+03	7.502928e-04
5.680210e+03	7.456100e-04
5.685255e+03	7.409405e-04
5.690300e+03	7.362844e-04
5.695344e+03	7.316417e-04
5.700389e+03	7.270126e-04
5.705433e+03	7.223972e-04
5.710478e+03	7.177956e-04
5.715522e+03	7.132079e-04
5.720567e+03	7.086342e-04
5.725612e+03	7.040746e-04
5.730656e+03	6.995293e-04
5.735701e+03	6.949983e-04
5.740745e+03	6.904818e-04
5.745790e+03	6.859798e-04
5.750835e+03	6.814924e-04
5.755879e+03	6.770198e-04
5.760924e+03	6.725620e-04
5.765968e+03	6.681191e-04
5.771013e+03	6.636912e-04
5.776058e+03	6.592785e-04
5.781102e+03	6.548810e-04
5.786147e+03	6.504987e-04
5.791191e+03	6.461318e-04
5.796236e+03	6.417804e-04
5.801281e+03	6.374445e-04
5.806325e+03	6.331242e-04
5.811370e+03	6.288197e-04
5.816414e+03	6.245309e-04
5.821459e+03	6.202580e-04
5.826504e+03	6.160010e-04
5.831548e+03	6.117600e-04
5.836593e+03	6.075351e-04
5.841637e+03	6.033264e-04
5.846682e+03	5.991339e-04
5.851726e+03	5.949576e-04
5.856771e+03	5.907977e-04
5.861816e+03	5.866543e-04
5.866860e+03	5.825273e-04
5.871905e+03	5.784168e-04
5.876949e+03	5.743230e-04
5.881994e+03	5.702458e-04
5.887039e+03	5.661854e-04
5.892083e+03	5.621417e-04
5.897128e+03	5.581148e-04
5.902172e+03	5.541049e-04
5.907217e+03	5.501118e-04
5.912262e+03	5.461358e-04
5.917306e+03	5.421767e-04
5.922351e+03	5.382348e-04
5.927395e+03	5.343100e-04
5.932440e+03	5.304023e-04
5.937485e+03	5.265119e-04
5.942529e+03	5.226387e-04
5.947574e+03	5.187828e-04
5.952618e+03	5.149442e-04
5.957663e+03	5.111230e-04
5.962707e+03	5.073192e-04
5.967752e+03	5.035328e-04
5.972797e+03	4.997639e-04
5.977841e+03	4.960125e-04
5.982886e+03	4.922786e-04
5.987930e+03	4.885623e-04
5.992975e+03	4.848636e-04
5.998020e+03	4.811825e-04
6.003064e+03	4.775190e-04
6.008109e+03	4.738732e-04
6.013153e+03	4.702451e-04
6.018198e+03	4.666346e-04
6.023243e+03	4.630419e-04
6.028287e+03	4.594670e-04
6.033332e+03	4.559097e-04
6.038376e+03	4.523703e-04
6.043421e+03	4.488486e-04
6.048466e+03	4.453448e-04
6.053510e+03	4.418587e-04
6.058555e+03	4.383905e-04
6.063599e+03	4.349401e-04
6.068644e+03	4.315076e-04
6.073689e+03	4.280929e-04
6.078733e+03	4.246960e-04
6.083778e+03	4.213170e-04
6.088822e+03	4.179559e-04
6.093867e+03	4.146126e-04
6.098911e+03	4.112872e-04
6.103956e+03	4.079797e-04
6.109001e+03	4.046900e-04
6.114045e+03	4.014182e-04
6.119090e+03	3.981642e-04
6.124134e+03	3.949281e-04
6.129179e+03	3.917098e-04
6.134224e+03	3.885093e-04
6.139268e+03	3.853267e-04
6.144313e+03	3.821619e-04
6.149357e+03	3.790150e-04
6.154402e+03	3.758858e-04
6.159447e+03	3.727744e-04
6.164491e+03	3.696807e-04
6.169536e+03	3.666049e-04
6.174580e+03	3.635467e-04
6.179625e+03	3.605063e-04
6.184670e+03	3.574837e-04
6.189714e+03	3.544787e-04
6.194759e+03	3.514913e-04
6.199803e+03	3.485216e-04
6.204848e+03	3.455696e-04
6.209892e+03	3.426351e-04
6.214937e+03	3.397183e-04
6.219982e+03	3.368190e-04
6.225026e+03	3.339372e-04
6.230071e+03	3.310729e-04
6.235115e+03	3.282262e-04
6.240160e+03	3.253968e-04
6.245205e+03	3.225849e-04
6.250249e+03	3.197904e-04
6.255294e+03	3.170133e-04
6.260338e+03	3.142535e-04
6.265383e+03	3.115109e-04
6.270428e+03	3.087857e-04
6.275472e+03	3.060777e-04
6.280517e+03	3.033869e-04
6.285561e+03	3.007132e-04
6.290606e+03	2.980567e-04
6.295651e+03	2.954172e-04
6.300695e+03	2.927948e-04
6.305740e+03	2.901895e-04
6.310784e+03	2.876011e-04
6.315829e+03	2.850296e-04
6.320874e+03	2.824750e-04
6.325918e+03	2.799373e-04
6.330963e+03	2.774164e-04
6.336007e+03	2.749122e-04
6.341052e+03	2.724248e-04
6.346096e+03	2.699541e-04
6.351141e+03	2.674999e-04
6.356186e+03	2.650624e-04
6.361230e+03	2.626414e-04
6.366275e+03	2.602369e-04
6.371319e+03	2.578489e-04
6.376364e+03	2.554772e-04
6.381409e+03	2.531219e-04
6.386453e+03	2.507829e-04
6.391498e+03	2.484602e-04
6.396542e+03	2.461536e-04
6.401587e+03	2.438632e-04
6.406632e+03	2.415889e-04
6.411676e+03	2.393306e-04
6.416721e+03	2.370883e-04
6.421765e+03	2.348620e-04
6.426810e+03	2.326515e-04
6.431855e+03	2.304569e-04
6.436899e+03	2.282780e-04
6.441944e+03	2.261149e-04
6.446988e+03	2.239674e-04
6.452033e+03	2.218355e-04
6.457077e+03	2.197192e-04
6.462122e+03	2.176184e-04
6.467167e+03	2.155329e-04
6.472211e+03	2.134629e-04
6.477256e+03	2.114082e-04
6.482300e+03	2.093688e-04
6.487345e+03	2.073445e-04
6.492390e+03	2.053354e-04
6.497434e+03	2.033413e-04
6.502479e+03	2.013623e-04
6.507523e+03	1.993982e-04
6.512568e+03	1.974491e-04
6.517613e+03	1.955147e-04
6.522657e+03	1.935952e-04
6.527702e+03	1.916903e-04
6.532746e+03	1.898001e-04
6.537791e+03	1.879244e-04
6.542836e+03	1.860633e-04
6.547880e+03	1.842166e-04
6.552925e+03	1.823844e-04
6.557969e+03	1.805664e-04
6.563014e+03	1.787627e-04
6.568059e+03	1.769732e-04
6.573103e+03	1.751979e-04
6.578148e+03	1.734366e-04
6.583192e+03	1.716893e-04
6.588237e+03	1.699559e-04
6.593281e+03	1.682364e-04
6.598326e+03	1.665307e-04
6.603371e+03	1.648387e-04
6.608415e+03	1.631604e-04
6.613460e+03	1.614957e-04
6.618504e+03	1.598446e-04
6.623549e+03	1.582069e-04
6.628594e+03	1.565826e-04
6.633638e+03	1.549716e-04
6.638683e+03	1.533739e-04
6.643727e+03	1.517894e-04
6.648772e+03	1.502180e-04
6.653817e+03	1.486597e-04
6.658861e+03	1.471144e-04
6.663906e+03	1.455819e-04
6.668950e+03	1.440624e-04
6.673995e+03	1.425556e-04
6.679040e+03	1.410615e-04
6.684084e+03	1.395801e-04
6.689129e+03	1.381113e-04
6.694173e+03	1.366549e-04
6.699218e+03	1.352110e-04
6.704262e+03	1.337795e-04
6.709307e+03	1.323602e-04
6.714352e+03	1.309532e-04
6.719396e+03	1.295584e-04
6.724441e+03	1.281756e-04
6.729485e+03	1.268049e-04
6.734530e+03	1.254461e-04
6.739575e+03	1.240992e-04
6.744619e+03	1.227641e-04
6.749664e+03	1.214407e-04
6.754708e+03	1.201290e-04
6.759753e+03	1.188290e-04
6.764798e+03	1.175404e-04
6.769842e+03	1.162633e-04
6.774887e+03	1.149976e-04
6.779931e+03	1.137433e-04
6.784976e+03	1.125001e-04
6.790021e+03	1.112682e-04
6.795065e+03	1.100474e-04
6.800110e+03	1.088376e-04
6.805154e+03	1.076388e-04
6.810199e+03	1.064509e-04
6.815243e+03	1.052738e-04
6.820288e+03	1.041076e-04
6.825333e+03	1.029520e-04
6.830377e+03	1.018070e-04
6.835422e+03	1.006726e-04
6.840466e+03	9.954868e-05
6.845511e+03	9.843519e-05
6.850556e+03	9.733205e-05
6.855600e+03	9.623919e-05
6.860645e+03	9.515655e-05
6.865689e+03	9.408406e-05
6.870734e+03	9.302165e-05
6.875779e+03	9.196925e-05
6.880823e+03	9.092680e-05
6.885868e+03	8.989421e-05
6.890912e+03	8.887144e-05
6.895957e+03	8.785840e-05
6.901002e+03	8.685504e-05
6.906046e+03	8.586128e-05
6.911091e+03	8.487706e-05
6.916135e+03	8.390231e-05
6.921180e+03	8.293696e-05
6.926225e+03	8.198095e-05
6.931269e+03	8.103421e-05
6.936314e+03	8.009668e-05
6.941358e+03	7.916828e-05
6.946403e+03	7.824895e-05
6.951447e+03	7.733863e-05
6.956492e+03	7.643725e-05
6.961537e+03	7.554474e-05
6.966581e+03	7.466104e-05
6.971626e+03	7.378609e-05
6.976670e+03	7.291981e-05
6.981715e+03	7.206215e-05
6.986760e+03	7.121304e-05
6.991804e+03	7.037242e-05
6.996849e+03	6.954021e-05
7.001893e+03	6.871637e-05
7.006938e+03	6.790082e-05
7.011983e+03	6.709350e-05
7.017027e+03	6.629434e-05
7.022072e+03	6.550329e-05
7.027116e+03	6.472029e-05
7.032161e+03	6.394526e-05
7.037206e+03	6.317815e-05
7.042250e+03	6.241889e-05
7.047295e+03	6.166743e-05
7.052339e+03	6.092369e-05
7.057384e+03	6.018763e-05
7.062428e+03	5.945918e-05
7.067473e+03	5.873827e-05
7.072518e+03	5.802486e-05
7.077562e+03	5.731887e-05
7.082607e+03	5.662024e-05
7.087651e+03	5.592893e-05
7.092696e+03	5.524486e-05
7.097741e+03	5.456798e-05
7.102785e+03	5.389823e-05
7.107830e+03	5.323555e-05
7.112874e+03	5.257989e-05
7.117919e+03	5.193118e-05
7.122964e+03	5.128936e-05
7.128008e+03	5.065438e-05
7.133053e+03	5.002619e-05
7.138097e+03	4.940471e-05
7.143142e+03	4.878991e-05
7.148187e+03	4.818171e-05
7.153231e+03	4.758007e-05
7.158276e+03	4.698493e-05
7.163320e+03	4.639623e-05
7.168365e+03	4.581392e-05
7.173410e+03	4.523794e-05
7.178454e+03	4.466823e-05
7.183499e+03	4.410475e-05
7.188543e+03	4.354744e-05
7.193588e+03	4.299623e-05
7.198632e+03	4.245109e-05
7.203677e+03	4.191196e-05
7.208722e+03	4.137878e-05
7.213766e+03	4.085150e-05
7.218811e+03	4.033007e-05
7.223855e+03	3.981444e-05
7.228900e+03	3.930455e-05
7.233945e+03	3.880035e-05
7.238989e+03	3.830179e-05
7.244034e+03	3.780882e-05
7.249078e+03	3.732139e-05
7.254123e+03	3.683945e-05
7.259168e+03	3.636295e-05
7.264212e+03	3.589183e-05
7.269257e+03	3.542606e-05
7.274301e+03	3.496557e-05
7.279346e+03	3.451033e-05
7.284391e+03	3.406027e-05
7.289435e+03	3.361536e-05
7.294480e+03	3.317555e-05
7.299524e+03	3.274078e-05
7.304569e+03	3.231101e-05
7.309613e+03	3.188620e-05
7.314658e+03	3.146629e-05
7.319703e+03	3.105124e-05
7.324747e+03	3.064100e-05
7.329792e+03	3.023553e-05
7.334836e+03	2.983479e-05
7.339881e+03	2.943871e-05
7.344926e+03	2.904727e-05
7.349970e+03	2.866042e-05
7.355015e+03	2.827810e-05
7.360059e+03	2.790029e-05
7.365104e+03	2.752693e-05
7.370149e+03	2.715797e-05
7.375193e+03	2.679339e-05
7.380238e+03	2.643313e-05
7.385282e+03	2.607714e-05
7.390327e+03	2.572540e-05
7.395372e+03	2.537786e-05
7.400416e+03	2.503446e-05
7.405461e+03	2.469519e-05
7.410505e+03	2.435998e-05
7.415550e+03	2.402881e-05
7.420595e+03	2.370162e-05
7.425639e+03	2.337839e-05
7.430684e+03	2.305906e-05
7.435728e+03	2.274361e-05
7.440773e+03	2.243199e-05
7.445817e+03	2.212416e-05
7.450862e+03	2.182008e-05
7.455907e+03	2.151972e-05
7.460951e+03	2.122303e-05
7.465996e+03	2.092999e-05
7.471040e+03	2.064054e-05
7.476085e+03	2.035466e-05
7.481130e+03	2.007230e-05
7.486174e+03	1.979343e-05
7.491219e+03	1.951802e-05
7.496263e+03	1.924602e-05
7.501308e+03	1.897740e-05
7.506353e+03	1.871213e-05
7.511397e+03	1.845017e-05
7.516442e+03	1.819148e-05
7.521486e+03	1.793603e-05
7.526531e+03	1.768379e-05
7.531576e+03	1.743471e-05
7.536620e+03	1.718878e-05
7.541665e+03	1.694595e-05
7.546709e+03	1.670619e-05
7.551754e+03	1.646946e-05
7.556798e+03	1.623574e-05
7.561843e+03	1.600499e-05
7.566888e+03	1.577718e-05
7.571932e+03	1.555227e-05
7.576977e+03	1.533024e-05
7.582021e+03	1.511106e-05
7.587066e+03	1.489468e-05
7.592111e+03	1.468109e-05
7.597155e+03	1.447025e-05
7.602200e+03	1.426213e-05
7.607244e+03	1.405669e-05
7.612289e+03	1.385392e-05
7.617334e+03	1.365378e-05
7.622378e+03	1.345624e-05
7.627423e+03	1.326127e-05
7.632467e+03	1.306884e-05
7.637512e+03	1.287893e-05
7.642557e+03	1.269150e-05
7.647601e+03	1.250653e-05
7.652646e+03	1.232399e-05
7.657690e+03	1.214386e-05
7.662735e+03	1.196609e-05
7.667780e+03	1.179068e-05
7.672824e+03	1.161758e-05
7.677869e+03	1.144678e-05
7.682913e+03	1.127825e-05
7.687958e+03	1.111196e-05
7.693002e+03	1.094788e-05
7.698047e+03	1.078599e-05
7.703092e+03	1.062627e-05
7.708136e+03	1.046869e-05
7.713181e+03	1.031322e-05
7.718225e+03	1.015984e-05
7.723270e+03	1.000853e-05
7.728315e+03	9.859254e-06
7.733359e+03	9.711997e-06
7.738404e+03	9.566733e-06
7.743448e+03	9.423438e-06
7.748493e+03	9.282090e-06
7.753538e+03	9.142663e-06
7.758582e+03	9.005137e-06
7.763627e+03	8.869488e-06
7.768671e+03	8.735694e-06
7.773716e+03	8.603732e-06
7.778761e+03	8.473581e-06
7.783805e+03	8.345218e-06
7.788850e+03	8.218623e-06
7.793894e+03	8.093773e-06
7.798939e+03	7.970647e-06
7.803983e+03	7.849225e-06
7.809028e+03	7.729486e-06
7.814073e+03	7.611409e-06
7.819117e+03	7.494974e-06
7.824162e+03	7.380161e-06
7.829206e+03	7.266950e-06
7.834251e+03	7.155321e-06
7.839296e+03	7.045255e-06
7.844340e+03	6.936731e-06
7.849385e+03	6.829732e-06
7.854429e+03	6.724239e-06
7.859474e+03	6.620232e-06
7.864519e+03	6.517693e-06
7.869563e+03	6.416603e-06
7.874608e+03	6.316945e-06
7.879652e+03	6.218701e-06
7.884697e+03	6.121852e-06
7.889742e+03	6.026382e-06
7.894786e+03	5.932272e-06
7.899831e+03	5.839506e-06
7.904875e+03	5.748066e-06
7.909920e+03	5.657936e-06
7.914965e+03	5.569099e-06
7.920009e+03	5.481539e-06
7.925054e+03	5.395238e-06
7.930098e+03	5.310182e-06
7.935143e+03	5.226354e-06
7.940187e+03	5.143738e-06
7.945232e+03	5.062319e-06
7.950277e+03	4.982081e-06
7.955321e+03	4.903009e-06
7.960366e+03	4.825087e-06
7.965410e+03	4.748302e-06
7.970455e+03	4.672637e-06
7.975500e+03	4.598079e-06
7.980544e+03	4.524613e-06
7.985589e+03	4.452225e-06
7.990633e+03	4.380900e-06
7.995678e+03	4.310625e-06
8.000723e+03	4.241385e-06
8.005767e+03	4.173168e-06
8.010812e+03	4.105959e-06
8.015856e+03	4.039745e-06
8.020901e+03	3.974513e-06
8.025946e+03	3.910250e-06
8.030990e+03	3.846944e-06
8.036035e+03	3.784580e-06
8.041079e+03	3.723147e-06
8.046124e+03	3.662632e-06
8.051168e+03	3.603023e-06
8.056213e+03	3.544307e-06
8.061258e+03	3.486473e-06
8.066302e+03	3.429509e-06
8.071347e+03	3.373402e-06
8.076391e+03	3.318142e-06
8.081436e+03	3.263717e-06
8.086481e+03	3.210114e-06
8.091525e+03	3.157325e-06
8.096570e+03	3.105336e-06
8.101614e+03	3.054137e-06
8.106659e+03	3.003718e-06
8.111704e+03	2.954067e-06
8.116748e+03	2.905174e-06
8.121793e+03	2.857029e-06
8.126837e+03	2.809620e-06
8.131882e+03	2.762939e-06
8.136927e+03	2.716975e-06
8.141971e+03	2.671718e-06
8.147016e+03	2.627158e-06
8.152060e+03	2.583285e-06
8.157105e+03	2.540090e-06
8.162150e+03	2.497564e-06
8.167194e+03	2.455696e-06
8.172239e+03	2.414478e-06
8.177283e+03	2.373901e-06
8.182328e+03	2.333955e-06
8.187372e+03	2.294632e-06
8.192417e+03	2.255923e-06
8.197462e+03	2.217819e-06
8.202506e+03	2.180311e-06
8.207551e+03	2.143391e-06
8.212595e+03	2.107051e-06
8.217640e+03	2.071283e-06
8.222685e+03	2.036078e-06
8.227729e+03	2.001427e-06
8.232774e+03	1.967325e-06
8.237818e+03	1.933761e-06
8.242863e+03	1.900729e-06
8.247908e+03	1.868221e-06
8.252952e+03	1.836229e-06
8.257997e+03	1.804746e-06
8.263041e+03	1.773765e-06
8.268086e+03	1.743277e-06
8.273131e+03	1.713277e-06
8.278175e+03	1.683757e-06
8.283220e+03	1.654709e-06
8.288264e+03	1.626128e-06
8.293309e+03	1.598006e-06
8.298353e+03	1.570336e-06
8.303398e+03	1.543112e-06
8.308443e+03	1.516327e-06
8.313487e+03	1.489975e-06
8.318532e+03	1.464050e-06
8.323576e+03	1.438544e-06
8.328621e+03	1.413452e-06
8.333666e+03	1.388768e-06
8.338710e+03	1.364486e-06
8.343755e+03	1.340599e-06
8.348799e+03	1.317102e-06
8.353844e+03	1.293989e-06
8.358889e+03	1.271254e-06
8.363933e+03	1.248891e-06
8.368978e+03	1.226895e-06
8.374022e+03	1.205261e-06
8.379067e+03	1.183983e-06
8.384112e+03	1.163055e-06
8.389156e+03	1.142472e-06
8.394201e+03	1.122229e-06
8.399245e+03	1.102322e-06
8.404290e+03	1.082744e-06
8.409335e+03	1.063491e-06
8.414379e+03	1.044557e-06
8.419424e+03	1.025939e-06
8.424468e+03	1.007630e-06
8.429513e+03	9.896273e-07
8.434557e+03	9.719250e-07
8.439602e+03	9.545187e-07
8.444647e+03	9.374039e-07
8.449691e+03	9.205760e-07
8.454736e+03	9.040308e-07
8.459780e+03	8.877637e-07
8.464825e+03	8.717706e-07
8.469870e+03	8.560470e-07
8.474914e+03	8.405889e-07
8.479959e+03	8.253922e-07
8.485003e+03	8.104526e-07
8.490048e+03	7.957663e-07
8.495093e+03	7.813293e-07
8.500137e+03	7.671376e-07
8.505182e+03	7.531874e-07
8.510226e+03	7.394749e-07
8.515271e+03	7.259964e-07
8.520316e+03	7.127482e-07
8.525360e+03	6.997266e-07
8.530405e+03	6.869281e-07
8.535449e+03	6.743492e-07
8.540494e+03	6.619862e-07
8.545538e+03	6.498359e-07
8.550583e+03	6.378949e-07
8.555628e+03	6.261597e-07
8.560672e+03	6.146272e-07
8.565717e+03	6.032940e-07
8.570761e+03	5.921570e-07
8.575806e+03	5.812131e-07
8.580851e+03	5.704591e-07
8.585895e+03	5.598920e-07
8.590940e+03	5.495088e-07
8.595984e+03	5.393065e-07
8.601029e+03	5.292822e-07
8.606074e+03	5.194330e-07
8.611118e+03	5.097560e-07
8.616163e+03	5.002486e-07
8.621207e+03	4.909078e-07
8.626252e+03	4.817311e-07
8.631297e+03	4.727157e-07
8.636341e+03	4.638590e-07
8.641386e+03	4.551585e-07
8.646430e+03	4.466115e-07
8.651475e+03	4.382155e-07
8.656520e+03	4.299680e-07
8.661564e+03	4.218667e-07
8.666609e+03	4.139091e-07
8.671653e+03	4.060928e-07
8.676698e+03	3.984155e-07
8.681742e+03	3.908750e-07
8.686787e+03	3.834688e-07
8.691832e+03	3.761949e-07
8.696876e+03	3.690510e-07
8.701921e+03	3.620349e-07
8.706965e+03	3.551445e-07
8.712010e+03	3.483778e-07
8.717055e+03	3.417326e-07
8.722099e+03	3.352069e-07
8.727144e+03	3.287987e-07
8.732188e+03	3.225061e-07
8.737233e+03	3.163271e-07
8.742278e+03	3.102598e-07
8.747322e+03	3.043022e-07
8.752367e+03	2.984526e-07
8.757411e+03	2.927092e-07
8.762456e+03	2.870701e-07
8.767501e+03	2.815335e-07
8.772545e+03	2.760978e-07
8.777590e+03	2.707611e-07
8.782634e+03	2.655219e-07
8.787679e+03	2.603784e-07
8.792723e+03	2.553291e-07
8.797768e+03	2.503722e-07
8.802813e+03	2.455063e-07
8.807857e+03	2.407298e-07
8.812902e+03	2.360411e-07
8.817946e+03	2.314387e-07
8.822991e+03	2.269212e-07
8.828036e+03	2.224870e-07
8.833080e+03	2.181348e-07
8.838125e+03	2.138631e-07
8.843169e+03	2.096705e-07
8.848214e+03	2.055557e-07
8.853259e+03	2.015173e-07
8.858303e+03	1.975539e-07
8.863348e+03	1.936643e-07
8.868392e+03	1.898472e-07
8.873437e+03	1.861014e-07
8.878482e+03	1.824255e-07
8.883526e+03	1.788183e-07
8.888571e+03	1.752787e-07
8.893615e+03	1.718054e-07
8.898660e+03	1.683973e-07
8.903704e+03	1.650533e-07
8.908749e+03	1.617721e-07
8.913794e+03	1.585528e-07
8.918838e+03	1.553942e-07
8.923883e+03	1.522952e-07
8.928927e+03	1.492548e-07
8.933972e+03	1.462720e-07
8.939017e+03	1.433456e-07
8.944061e+03	1.404748e-07
8.949106e+03	1.376585e-07
8.954150e+03	1.348958e-07
8.959195e+03	1.321856e-07
8.964240e+03	1.295271e-07
8.969284e+03	1.269193e-07
8.974329e+03	1.243613e-07
8.979373e+03	1.218523e-07
8.984418e+03	1.193913e-07
8.989463e+03	1.169775e-07
8.994507e+03	1.146100e-07
8.999552e+03	1.122880e-07
9.004596e+03	1.100106e-07
9.009641e+03	1.077772e-07
9.014686e+03	1.055868e-07
9.019730e+03	1.034386e-07
9.024775e+03	1.013320e-07
9.029819e+03	9.926617e-08
9.034864e+03	9.724034e-08
9.039908e+03	9.525379e-08
9.044953e+03	9.330581e-08
9.049998e+03	9.139570e-08
9.055042e+03	8.952275e-08
9.060087e+03	8.768629e-08
9.065131e+03	8.588566e-08
9.070176e+03	8.412018e-08
9.075221e+03	8.238921e-08
9.080265e+03	8.069212e-08
9.085310e+03	7.902828e-08
9.090354e+03	7.739708e-08
9.095399e+03	7.579791e-08
9.100444e+03	7.423018e-08
9.105488e+03	7.269331e-08
9.110533e+03	7.118671e-08
9.115577e+03	6.970984e-08
9.120622e+03	6.826213e-08
9.125667e+03	6.684305e-08
9.130711e+03	6.545205e-08
9.135756e+03	6.408862e-08
9.140800e+03	6.275223e-08
9.145845e+03	6.144238e-08
9.150889e+03	6.015858e-08
9.155934e+03	5.890033e-08
9.160979e+03	5.766715e-08
9.166023e+03	5.645856e-08
9.171068e+03	5.527412e-08
9.176112e+03	5.411335e-08
9.181157e+03	5.297582e-08
9.186202e+03	5.186108e-08
9.191246e+03	5.076870e-08
9.196291e+03	4.969826e-08
9.201335e+03	4.864933e-08
9.206380e+03	4.762152e-08
9.211425e+03	4.661442e-08
9.216469e+03	4.562762e-08
9.221514e+03	4.466076e-08
9.226558e+03	4.371343e-08
9.231603e+03	4.278528e-08
9.236648e+03	4.187593e-08
9.241692e+03	4.098503e-08
9.246737e+03	4.011221e-08
9.251781e+03	3.925713e-08
9.256826e+03	3.841945e-08
9.261871e+03	3.759883e-08
9.266915e+03	3.679494e-08
9.271960e+03	3.600747e-08
9.277004e+03	3.523609e-08
9.282049e+03	3.448049e-08
9.287093e+03	3.374036e-08
9.292138e+03	3.301541e-08
9.297183e+03	3.230533e-08
9.302227e+03	3.160985e-08
9.307272e+03	3.092867e-08
9.312316e+03	3.026152e-08
9.317361e+03	2.960811e-08
9.322406e+03	2.896819e-08
9.327450e+03	2.834149e-08
9.332495e+03	2.772775e-08
9.337539e+03	2.712672e-08
9.342584e+03	2.653813e-08
9.347629e+03	2.596176e-08
9.352673e+03	2.539736e-08
9.357718e+03	2.484469e-08
9.362762e+03	2.430353e-08
9.367807e+03	2.377364e-08
9.372852e+03	2.325480e-08
9.377896e+03	2.274679e-08
9.382941e+03	2.224940e-08
9.387985e+03	2.176241e-08
9.393030e+03	2.128563e-08
9.398074e+03	2.081884e-08
9.403119e+03	2.036184e-08
9.408164e+03	1.991445e-08
9.413208e+03	1.947647e-08
9.418253e+03	1.904771e-08
9.423297e+03	1.862799e-08
9.428342e+03	1.821712e-08
9.433387e+03	1.781493e-08
9.438431e+03	1.742124e-08
9.443476e+03	1.703589e-08
9.448520e+03	1.665869e-08
9.453565e+03	1.628950e-08
9.458610e+03	1.592815e-08
9.463654e+03	1.557448e-08
9.468699e+03	1.522833e-08
9.473743e+03	1.488955e-08
9.478788e+03	1.455800e-08
9.483833e+03	1.423352e-08
9.488877e+03	1.391597e-08
9.493922e+03	1.360521e-08
9.498966e+03	1.330111e-08
9.504011e+03	1.300352e-08
9.509056e+03	1.271231e-08
9.514100e+03	1.242736e-08
9.519145e+03	1.214854e-08
9.524189e+03	1.187571e-08
9.529234e+03	1.160876e-08
9.534278e+03	1.134756e-08
9.539323e+03	1.109201e-08
9.544368e+03	1.084197e-08
9.549412e+03	1.059734e-08
9.554457e+03	1.035801e-08
9.559501e+03	1.012386e-08
9.564546e+03	9.894794e-09
9.569591e+03	9.670701e-09
9.574635e+03	9.451479e-09
9.579680e+03	9.237027e-09
9.584724e+03	9.027247e-09
9.589769e+03	8.822040e-09
9.594814e+03	8.621311e-09
9.599858e+03	8.424968e-09
9.604903e+03	8.232919e-09
9.609947e+03	8.045073e-09
9.614992e+03	7.861344e-09
9.620037e+03	7.681645e-09
9.625081e+03	7.505892e-09
9.630126e+03	7.334001e-09
9.635170e+03	7.165893e-09
9.640215e+03	7.001486e-09
9.645259e+03	6.840703e-09
9.650304e+03	6.683469e-09
9.655349e+03	6.529707e-09
9.660393e+03	6.379346e-09
9.665438e+03	6.232312e-09
9.670482e+03	6.088535e-09
9.675527e+03	5.947947e-09
9.680572e+03	5.810480e-09
9.685616e+03	5.676068e-09
9.690661e+03	5.544645e-09
9.695705e+03	5.416148e-09
9.700750e+03	5.290514e-09
9.705795e+03	5.167683e-09
9.710839e+03	5.047596e-09
9.715884e+03	4.930192e-09
9.720928e+03	4.815415e-09
9.725973e+03	4.703208e-09
9.731018e+03	4.593517e-09
9.736062e+03	4.486288e-09
9.741107e+03	4.381466e-09
9.746151e+03	4.279002e-09
9.751196e+03	4.178844e-09
9.756241e+03	4.080941e-09
9.761285e+03	3.985247e-09
9.766330e+03	3.891712e-09
9.771374e+03	3.800291e-09
9.776419e+03	3.710937e-09
9.781463e+03	3.623606e-09
9.786508e+03	3.538253e-09
9.791553e+03	3.454837e-09
9.796597e+03	3.373314e-09
9.801642e+03	3.293644e-09
9.806686e+03	3.215786e-09
9.811731e+03	3.139700e-09
9.816776e+03	3.065349e-09
9.821820e+03	2.992694e-09
9.826865e+03	2.921698e-09
9.831909e+03	2.852324e-09
9.836954e+03	2.784537e-09
9.841999e+03	2.718303e-09
9.847043e+03	2.653587e-09
9.852088e+03	2.590356e-09
9.857132e+03	2.528577e-09
9.862177e+03	2.468218e-09
9.867222e+03	2.409248e-09
9.872266e+03	2.351635e-09
9.877311e+03	2.295352e-09
9.882355e+03	2.240366e-09
9.887400e+03	2.186651e-09
9.892444e+03	2.134177e-09
9.897489e+03	2.082918e-09
9.902534e+03	2.032846e-09
9.907578e+03	1.983935e-09
9.912623e+03	1.936159e-09
9.917667e+03	1.889493e-09
9.922712e+03	1.843911e-09
9.927757e+03	1.799391e-09
9.932801e+03	1.755907e-09
9.937846e+03	1.713437e-09
9.942890e+03	1.671958e-09
9.947935e+03	1.631448e-09
9.952980e+03	1.591886e-09
9.958024e+03	1.553249e-09
9.963069e+03	1.515517e-09
9.968113e+03	1.478670e-09
9.973158e+03	1.442688e-09
9.978203e+03	1.407550e-09
9.983247e+03	1.373239e-09
9.988292e+03	1.339736e-09
9.993336e+03	1.307021e-09
9.998381e+03	1.275078e-09
1.000343e+04	1.243889e-09
1.000847e+04	1.213436e-09
1.001351e+04	1.183704e-09
1.001856e+04	1.154675e-09
1.002360e+04	1.126333e-09
1.002865e+04	1.098664e-09
1.003369e+04	1.071651e-09
1.003874e+04	1.045279e-09
1.004378e+04	1.019535e-09
1.004883e+04	9.944032e-10
1.005387e+04	9.698700e-10
1.005892e+04	9.459216e-10
1.006396e+04	9.225446e-10
1.006901e+04	8.997259e-10
1.007405e+04	8.774527e-10
1.007909e+04	8.557124e-10
1.008414e+04	8.344928e-10
1.008918e+04	8.137817e-10
1.009423e+04	7.935676e-10
1.009927e+04	7.738388e-10
1.010432e+04	7.545843e-10
1.010936e+04	7.357929e-10
1.011441e+04	7.174540e-10
1.011945e+04	6.995571e-10
1.012450e+04	6.820919e-10
1.012954e+04	6.650483e-10
1.013458e+04	6.484167e-10
1.013963e+04	6.321873e-10
1.014467e+04	6.163508e-10
1.014972e+04	6.008980e-10
1.015476e+04	5.858201e-10
1.015981e+04	5.711081e-10
1.016485e+04	5.567536e-10
1.016990e+04	5.427481e-10
1.017494e+04	5.290836e-10
1.017999e+04	5.157519e-10
1.018503e+04	5.027453e-10
1.019008e+04	4.900562e-10
1.019512e+04	4.776770e-10
1.020016e+04	4.656004e-10
1.020521e+04	4.538194e-10
1.021025e+04	4.423269e-10
1.021530e+04	4.311161e-10
1.022034e+04	4.201804e-10
1.022539e+04	4.095133e-10
1.023043e+04	3.991083e-10
1.023548e+04	3.889594e-10
1.024052e+04	3.790603e-10
1.024557e+04	3.694051e-10
1.025061e+04	3.599882e-10
1.025566e+04	3.508037e-10
1.026070e+04	3.418461e-10
1.026574e+04	3.331101e-10
1.027079e+04	3.245903e-10
1.027583e+04	3.162817e-10
1.028088e+04	3.081790e-10
1.028592e+04	3.002774e-10
1.029097e+04	2.925721e-10
1.029601e+04	2.850584e-10
1.030106e+04	2.777316e-10
1.030610e+04	2.705874e-10
1.031115e+04	2.636212e-10
1.031619e+04	2.568288e-10
1.032123e+04	2.502060e-10
1.032628e+04	2.437487e-10
1.033132e+04	2.374529e-10
1.033637e+04	2.313148e-10
1.034141e+04	2.253305e-10
1.034646e+04	2.194962e-10
1.035150e+04	2.138084e-10
1.035655e+04	2.082635e-10
1.036159e+04	2.028580e-10
1.036664e+04	1.975885e-10
1.037168e+04	1.924518e-10
1.037673e+04	1.874446e-10
1.038177e+04	1.825637e-10
1.038681e+04	1.778060e-10
1.039186e+04	1.731686e-10
1.039690e+04	1.686485e-10
1.040195e+04	1.642429e-10
1.040699e+04	1.599488e-10
1.041204e+04	1.557637e-10
1.041708e+04	1.516848e-10
1.042213e+04	1.477096e-10
1.042717e+04	1.438354e-10
1.043222e+04	1.400598e-10
1.043726e+04	1.363803e-10
1.044230e+04	1.327947e-10
1.044735e+04	1.293005e-10
1.045239e+04	1.258956e-10
1.045744e+04	1.225777e-10
1.046248e+04	1.193446e-10
1.046753e+04	1.161943e-10
1.047257e+04	1.131247e-10
1.047762e+04	1.101338e-10
1.048266e+04	1.072197e-10
1.048771e+04	1.043805e-10
1.049275e+04	1.016142e-10
1.049780e+04	9.891914e-11
1.050284e+04	9.629345e-11
1.050788e+04	9.373543e-11
1.051293e+04	9.124340e-11
1.051797e+04	8.881571e-11
1.052302e+04	8.645074e-11
1.052806e+04	8.414692e-11
1.053311e+04	8.190274e-11
1.053815e+04	7.971668e-11
1.054320e+04	7.758729e-11
1.054824e+04	7.551316e-11
1.055329e+04	7.349289e-11
1.055833e+04	7.152512e-11
1.056338e+04	6.960853e-11
1.056842e+04	6.774184e-11
1.057346e+04	6.592379e-11
1.057851e+04	6.415314e-11
1.058355e+04	6.242871e-11
1.058860e+04	6.074931e-11
1.059364e+04	5.911382e-11
1.059869e+04	5.752111e-11
1.060373e+04	5.597011e-11
1.060878e+04	5.445975e-11
1.061382e+04	5.298901e-11
1.061887e+04	5.155687e-11
1.062391e+04	5.016236e-11
1.062895e+04	4.880451e-11
1.063400e+04	4.748239e-11
1.063904e+04	4.619509e-11
1.064409e+04	4.494172e-11
1.064913e+04	4.372141e-11
1.065418e+04	4.253332e-11
1.065922e+04	4.137662e-11
1.066427e+04	4.025051e-11
1.066931e+04	3.915420e-11
1.067436e+04	3.808693e-11
1.067940e+04	3.704795e-11
1.068445e+04	3.603654e-11
1.068949e+04	3.505198e-11
1.069453e+04	3.409358e-11
1.069958e+04	3.316067e-11
1.070462e+04	3.225260e-11
1.070967e+04	3.136871e-11
1.071471e+04	3.050839e-11
1.071976e+04	2.967102e-11
1.072480e+04	2.885601e-11
1.072985e+04	2.806278e-11
1.073489e+04	2.729077e-11
1.073994e+04	2.653943e-11
1.074498e+04	2.580821e-11
1.075003e+04	2.509660e-11
1.075507e+04	2.440408e-11
1.076011e+04	2.373016e-11
1.076516e+04	2.307435e-11
1.077020e+04	2.243618e-11
1.077525e+04	2.181519e-11
1.078029e+04	2.121092e-11
1.078534e+04	2.062296e-11
1.079038e+04	2.005085e-11
1.079543e+04	1.949420e-11
1.080047e+04	1.895259e-11
1.080552e+04	1.842563e-11
1.081056e+04	1.791294e-11
1.081560e+04	1.741413e-11
1.082065e+04	1.692885e-11
1.082569e+04	1.645674e-11
1.083074e+04	1.599745e-11
1.083578e+04	1.555064e-11
1.084083e+04	1.511598e-11
1.084587e+04	1.469316e-11
1.085092e+04	1.428185e-11
1.085596e+04	1.388176e-11
1.086101e+04	1.349259e-11
1.086605e+04	1.311404e-11
1.087110e+04	1.274584e-11
1.087614e+04	1.238771e-11
1.088118e+04	1.203938e-11
1.088623e+04	1.170059e-11
1.089127e+04	1.137109e-11
1.089632e+04	1.105064e-11
1.090136e+04	1.073898e-11
1.090641e+04	1.043588e-11
1.091145e+04	1.014112e-11
1.091650e+04	9.854477e-12
1.092154e+04	9.575726e-12
1.092659e+04	9.304659e-12
1.093163e+04	9.041070e-12
1.093667e+04	8.784758e-12
1.094172e+04	8.535529e-12
1.094676e+04	8.293191e-12
1.095181e+04	8.057560e-12
1.095685e+04	7.828454e-12
1.096190e+04	7.605699e-12
1.096694e+04	7.389122e-12
1.097199e+04	7.178558e-12
1.097703e+04	6.973843e-12
1.098208e+04	6.774820e-12
1.098712e+04	6.581335e-12
1.099217e+04	6.393238e-12
1.099721e+04	6.210382e-12
1.100225e+04	6.032626e-12
1.100730e+04	5.859832e-12
1.101234e+04	5.691863e-12
1.101739e+04	5.528591e-12
1.102243e+04	5.369885e-12
1.102748e+04	5.215623e-12
1.103252e+04	5.065683e-12
1.103757e+04	4.919948e-12
1.104261e+04	4.778302e-12
1.104766e+04	4.640634e-12
1.105270e+04	4.506834e-12
1.105775e+04	4.376798e-12
1.106279e+04	4.250423e-12
1.106783e+04	4.127607e-12
1.107288e+04	4.008253e-12
1.107792e+04	3.892266e-12
1.108297e+04	3.779554e-12
1.108801e+04	3.670027e-12
1.109306e+04	3.563597e-12
1.109810e+04	3.460179e-12
1.110315e+04	3.359689e-12
1.110819e+04	3.262047e-12
1.111324e+04	3.167175e-12
1.111828e+04	3.074995e-12
1.112332e+04	2.985434e-12
1.112837e+04	2.898419e-12
1.113341e+04	2.813879e-12
1.113846e+04	2.731746e-12
1.114350e+04	2.651953e-12
1.114855e+04	2.574436e-12
1.115359e+04	2.499130e-12
1.115864e+04	2.425974e-12
1.116368e+04	2.354910e-12
1.116873e+04	2.285877e-12
1.117377e+04	2.218820e-12
1.117882e+04	2.153684e-12
1.118386e+04	2.090415e-12
1.118890e+04	2.028961e-12
1.119395e+04	1.969271e-12
1.119899e+04	1.911295e-12
1.120404e+04	1.854987e-12
1.120908e+04	1.800298e-12
1.121413e+04	1.747184e-12
1.121917e+04	1.695601e-12
1.122422e+04	1.645505e-12
1.122926e+04	1.596854e-12
1.123431e+04	1.549608e-12
1.123935e+04	1.503728e-12
1.124440e+04	1.459175e-12
1.124944e+04	1.415911e-12
1.125448e+04	1.373900e-12
1.125953e+04	1.333107e-12
1.126457e+04	1.293497e-12
1.126962e+04	1.255037e-12
1.127466e+04	1.217694e-12
1.127971e+04	1.181437e-12
1.128475e+04	1.146235e-12
1.128980e+04	1.112057e-12
1.129484e+04	1.078876e-12
1.129989e+04	1.046662e-12
1.130493e+04	1.015387e-12
1.130997e+04	9.850263e-13
1.131502e+04	9.555525e-13
1.132006e+04	9.269405e-13
1.132511e+04	8.991659e-13
1.133015e+04	8.722046e-13
1.133520e+04	8.460336e-13
1.134024e+04	8.206301e-13
1.134529e+04	7.959721e-13
1.135033e+04	7.720384e-13
1.135538e+04	7.488082e-13
1.136042e+04	7.262614e-13
1.136547e+04	7.043781e-13
1.137051e+04	6.831396e-13
1.137555e+04	6.625270e-13
1.138060e+04	6.425226e-13
1.138564e+04	6.231087e-13
1.139069e+04	6.042684e-13
1.139573e+04	5.859851e-13
1.140078e+04	5.682427e-13
1.140582e+04	5.510256e-13
