# # p(y | x = 1.300000e-02)
# # y_val	p(y|x)
0.000000e+00	2.499088e-05
9.866476e+00	2.531793e-05
1.973295e+01	2.564875e-05
2.959943e+01	2.598337e-05
3.946590e+01	2.632184e-05
4.933238e+01	2.666419e-05
5.919885e+01	2.701045e-05
6.906533e+01	2.736067e-05
7.893180e+01	2.771488e-05
8.879828e+01	2.807312e-05
9.866476e+01	2.843542e-05
1.085312e+02	2.880183e-05
1.183977e+02	2.917238e-05
1.282642e+02	2.954711e-05
1.381307e+02	2.992607e-05
1.479971e+02	3.030928e-05
1.578636e+02	3.069679e-05
1.677301e+02	3.108863e-05
1.775966e+02	3.148486e-05
1.874630e+02	3.188550e-05
1.973295e+02	3.229059e-05
2.071960e+02	3.270019e-05
2.170625e+02	3.311432e-05
2.269289e+02	3.353304e-05
2.367954e+02	3.395637e-05
2.466619e+02	3.438437e-05
2.565284e+02	3.481707e-05
2.663948e+02	3.525451e-05
2.762613e+02	3.569674e-05
2.861278e+02	3.614381e-05
2.959943e+02	3.659574e-05
3.058607e+02	3.705259e-05
3.157272e+02	3.751440e-05
3.255937e+02	3.798122e-05
3.354602e+02	3.845308e-05
3.453266e+02	3.893002e-05
3.551931e+02	3.941210e-05
3.650596e+02	3.989936e-05
3.749261e+02	4.039185e-05
3.847925e+02	4.088960e-05
3.946590e+02	4.139266e-05
4.045255e+02	4.190108e-05
4.143920e+02	4.241490e-05
4.242585e+02	4.293417e-05
4.341249e+02	4.345894e-05
4.439914e+02	4.398925e-05
4.538579e+02	4.452514e-05
4.637244e+02	4.506667e-05
4.735908e+02	4.561388e-05
4.834573e+02	4.616682e-05
4.933238e+02	4.672553e-05
5.031903e+02	4.729007e-05
5.130567e+02	4.786048e-05
5.229232e+02	4.843681e-05
5.327897e+02	4.901910e-05
5.426562e+02	4.960741e-05
5.525226e+02	5.020179e-05
5.623891e+02	5.080228e-05
5.722556e+02	5.140893e-05
5.821221e+02	5.202179e-05
5.919885e+02	5.264092e-05
6.018550e+02	5.326635e-05
6.117215e+02	5.389815e-05
6.215880e+02	5.453636e-05
6.314544e+02	5.518103e-05
6.413209e+02	5.583221e-05
6.511874e+02	5.648996e-05
6.610539e+02	5.715432e-05
6.709203e+02	5.782535e-05
6.807868e+02	5.850310e-05
6.906533e+02	5.918761e-05
7.005198e+02	5.987895e-05
7.103862e+02	6.057715e-05
7.202527e+02	6.128229e-05
7.301192e+02	6.199440e-05
7.399857e+02	6.271354e-05
7.498521e+02	6.343977e-05
7.597186e+02	6.417313e-05
7.695851e+02	6.491368e-05
7.794516e+02	6.566147e-05
7.893180e+02	6.641656e-05
7.991845e+02	6.717900e-05
8.090510e+02	6.794885e-05
8.189175e+02	6.872615e-05
8.287839e+02	6.951096e-05
8.386504e+02	7.030335e-05
8.485169e+02	7.110335e-05
8.583834e+02	7.191103e-05
8.682499e+02	7.272644e-05
8.781163e+02	7.354964e-05
8.879828e+02	7.438068e-05
8.978493e+02	7.521962e-05
9.077158e+02	7.606651e-05
9.175822e+02	7.692141e-05
9.274487e+02	7.778438e-05
9.373152e+02	7.865546e-05
9.471817e+02	7.953472e-05
9.570481e+02	8.042222e-05
9.669146e+02	8.131800e-05
9.767811e+02	8.222213e-05
9.866476e+02	8.313467e-05
9.965140e+02	8.405566e-05
1.006381e+03	8.498517e-05
1.016247e+03	8.592325e-05
1.026113e+03	8.686997e-05
1.035980e+03	8.782537e-05
1.045846e+03	8.878952e-05
1.055713e+03	8.976247e-05
1.065579e+03	9.074428e-05
1.075446e+03	9.173501e-05
1.085312e+03	9.273472e-05
1.095179e+03	9.374346e-05
1.105045e+03	9.476130e-05
1.114912e+03	9.578828e-05
1.124778e+03	9.682447e-05
1.134645e+03	9.786993e-05
1.144511e+03	9.892472e-05
1.154378e+03	9.998889e-05
1.164244e+03	1.010625e-04
1.174111e+03	1.021456e-04
1.183977e+03	1.032383e-04
1.193844e+03	1.043406e-04
1.203710e+03	1.054525e-04
1.213576e+03	1.065742e-04
1.223443e+03	1.077057e-04
1.233309e+03	1.088471e-04
1.243176e+03	1.099983e-04
1.253042e+03	1.111596e-04
1.262909e+03	1.123308e-04
1.272775e+03	1.135122e-04
1.282642e+03	1.147037e-04
1.292508e+03	1.159054e-04
1.302375e+03	1.171174e-04
1.312241e+03	1.183397e-04
1.322108e+03	1.195723e-04
1.331974e+03	1.208155e-04
1.341841e+03	1.220691e-04
1.351707e+03	1.233333e-04
1.361574e+03	1.246081e-04
1.371440e+03	1.258936e-04
1.381307e+03	1.271898e-04
1.391173e+03	1.284968e-04
1.401040e+03	1.298147e-04
1.410906e+03	1.311435e-04
1.420772e+03	1.324832e-04
1.430639e+03	1.338340e-04
1.440505e+03	1.351959e-04
1.450372e+03	1.365689e-04
1.460238e+03	1.379531e-04
1.470105e+03	1.393486e-04
1.479971e+03	1.407555e-04
1.489838e+03	1.421737e-04
1.499704e+03	1.436033e-04
1.509571e+03	1.450444e-04
1.519437e+03	1.464971e-04
1.529304e+03	1.479615e-04
1.539170e+03	1.494374e-04
1.549037e+03	1.509251e-04
1.558903e+03	1.524246e-04
1.568770e+03	1.539360e-04
1.578636e+03	1.554592e-04
1.588503e+03	1.569944e-04
1.598369e+03	1.585416e-04
1.608236e+03	1.601009e-04
1.618102e+03	1.616723e-04
1.627968e+03	1.632559e-04
1.637835e+03	1.648518e-04
1.647701e+03	1.664599e-04
1.657568e+03	1.680804e-04
1.667434e+03	1.697133e-04
1.677301e+03	1.713586e-04
1.687167e+03	1.730165e-04
1.697034e+03	1.746869e-04
1.706900e+03	1.763700e-04
1.716767e+03	1.780658e-04
1.726633e+03	1.797742e-04
1.736500e+03	1.814955e-04
1.746366e+03	1.832297e-04
1.756233e+03	1.849767e-04
1.766099e+03	1.867367e-04
1.775966e+03	1.885096e-04
1.785832e+03	1.902957e-04
1.795699e+03	1.920948e-04
1.805565e+03	1.939072e-04
1.815432e+03	1.957327e-04
1.825298e+03	1.975715e-04
1.835164e+03	1.994236e-04
1.845031e+03	2.012891e-04
1.854897e+03	2.031680e-04
1.864764e+03	2.050603e-04
1.874630e+03	2.069662e-04
1.884497e+03	2.088857e-04
1.894363e+03	2.108187e-04
1.904230e+03	2.127655e-04
1.914096e+03	2.147259e-04
1.923963e+03	2.167001e-04
1.933829e+03	2.186882e-04
1.943696e+03	2.206901e-04
1.953562e+03	2.227059e-04
1.963429e+03	2.247356e-04
1.973295e+03	2.267794e-04
1.983162e+03	2.288371e-04
1.993028e+03	2.309090e-04
2.002895e+03	2.329950e-04
2.012761e+03	2.350952e-04
2.022627e+03	2.372097e-04
2.032494e+03	2.393384e-04
2.042360e+03	2.414814e-04
2.052227e+03	2.436387e-04
2.062093e+03	2.458105e-04
2.071960e+03	2.479966e-04
2.081826e+03	2.501973e-04
2.091693e+03	2.524125e-04
2.101559e+03	2.546422e-04
2.111426e+03	2.568866e-04
2.121292e+03	2.591456e-04
2.131159e+03	2.614192e-04
2.141025e+03	2.637076e-04
2.150892e+03	2.660107e-04
2.160758e+03	2.683286e-04
2.170625e+03	2.706614e-04
2.180491e+03	2.730090e-04
2.190358e+03	2.753715e-04
2.200224e+03	2.777489e-04
2.210091e+03	2.801413e-04
2.219957e+03	2.825487e-04
2.229823e+03	2.849712e-04
2.239690e+03	2.874087e-04
2.249556e+03	2.898613e-04
2.259423e+03	2.923290e-04
2.269289e+03	2.948119e-04
2.279156e+03	2.973099e-04
2.289022e+03	2.998232e-04
2.298889e+03	3.023518e-04
2.308755e+03	3.048956e-04
2.318622e+03	3.074547e-04
2.328488e+03	3.100291e-04
2.338355e+03	3.126189e-04
2.348221e+03	3.152241e-04
2.358088e+03	3.178447e-04
2.367954e+03	3.204807e-04
2.377821e+03	3.231321e-04
2.387687e+03	3.257991e-04
2.397554e+03	3.284815e-04
2.407420e+03	3.311794e-04
2.417287e+03	3.338929e-04
2.427153e+03	3.366219e-04
2.437019e+03	3.393665e-04
2.446886e+03	3.421266e-04
2.456752e+03	3.449024e-04
2.466619e+03	3.476938e-04
2.476485e+03	3.505009e-04
2.486352e+03	3.533236e-04
2.496218e+03	3.561619e-04
2.506085e+03	3.590159e-04
2.515951e+03	3.618856e-04
2.525818e+03	3.647711e-04
2.535684e+03	3.676722e-04
2.545551e+03	3.705890e-04
2.555417e+03	3.735216e-04
2.565284e+03	3.764699e-04
2.575150e+03	3.794340e-04
2.585017e+03	3.824138e-04
2.594883e+03	3.854093e-04
2.604750e+03	3.884207e-04
2.614616e+03	3.914477e-04
2.624483e+03	3.944906e-04
2.634349e+03	3.975492e-04
2.644215e+03	4.006235e-04
2.654082e+03	4.037137e-04
2.663948e+03	4.068196e-04
2.673815e+03	4.099412e-04
2.683681e+03	4.130786e-04
2.693548e+03	4.162318e-04
2.703414e+03	4.194007e-04
2.713281e+03	4.225853e-04
2.723147e+03	4.257857e-04
2.733014e+03	4.290018e-04
2.742880e+03	4.322336e-04
2.752747e+03	4.354811e-04
2.762613e+03	4.387444e-04
2.772480e+03	4.420233e-04
2.782346e+03	4.453178e-04
2.792213e+03	4.486280e-04
2.802079e+03	4.519539e-04
2.811946e+03	4.552954e-04
2.821812e+03	4.586525e-04
2.831678e+03	4.620251e-04
2.841545e+03	4.654134e-04
2.851411e+03	4.688171e-04
2.861278e+03	4.722364e-04
2.871144e+03	4.756712e-04
2.881011e+03	4.791215e-04
2.890877e+03	4.825872e-04
2.900744e+03	4.860684e-04
2.910610e+03	4.895649e-04
2.920477e+03	4.930768e-04
2.930343e+03	4.966041e-04
2.940210e+03	5.001466e-04
2.950076e+03	5.037045e-04
2.959943e+03	5.072775e-04
2.969809e+03	5.108658e-04
2.979676e+03	5.144693e-04
2.989542e+03	5.180879e-04
2.999409e+03	5.217216e-04
3.009275e+03	5.253703e-04
3.019142e+03	5.290341e-04
3.029008e+03	5.327128e-04
3.038874e+03	5.364065e-04
3.048741e+03	5.401151e-04
3.058607e+03	5.438385e-04
3.068474e+03	5.475768e-04
3.078340e+03	5.513298e-04
3.088207e+03	5.550975e-04
3.098073e+03	5.588798e-04
3.107940e+03	5.626768e-04
3.117806e+03	5.664883e-04
3.127673e+03	5.703143e-04
3.137539e+03	5.741548e-04
3.147406e+03	5.780096e-04
3.157272e+03	5.818788e-04
3.167139e+03	5.857623e-04
3.177005e+03	5.896600e-04
3.186872e+03	5.935718e-04
3.196738e+03	5.974977e-04
3.206605e+03	6.014377e-04
3.216471e+03	6.053916e-04
3.226338e+03	6.093595e-04
3.236204e+03	6.133412e-04
3.246070e+03	6.173366e-04
3.255937e+03	6.213457e-04
3.265803e+03	6.253685e-04
3.275670e+03	6.294048e-04
3.285536e+03	6.334546e-04
3.295403e+03	6.375178e-04
3.305269e+03	6.415943e-04
3.315136e+03	6.456841e-04
3.325002e+03	6.497871e-04
3.334869e+03	6.539032e-04
3.344735e+03	6.580322e-04
3.354602e+03	6.621743e-04
3.364468e+03	6.663291e-04
3.374335e+03	6.704967e-04
3.384201e+03	6.746770e-04
3.394068e+03	6.788699e-04
3.403934e+03	6.830753e-04
3.413801e+03	6.872932e-04
3.423667e+03	6.915233e-04
3.433534e+03	6.957656e-04
3.443400e+03	7.000201e-04
3.453266e+03	7.042867e-04
3.463133e+03	7.085652e-04
3.472999e+03	7.128555e-04
3.482866e+03	7.171576e-04
3.492732e+03	7.214713e-04
3.502599e+03	7.257965e-04
3.512465e+03	7.301332e-04
3.522332e+03	7.344813e-04
3.532198e+03	7.388406e-04
3.542065e+03	7.432110e-04
3.551931e+03	7.475924e-04
3.561798e+03	7.519847e-04
3.571664e+03	7.563878e-04
3.581531e+03	7.608016e-04
3.591397e+03	7.652260e-04
3.601264e+03	7.696608e-04
3.611130e+03	7.741060e-04
3.620997e+03	7.785614e-04
3.630863e+03	7.830269e-04
3.640729e+03	7.875024e-04
3.650596e+03	7.919878e-04
3.660462e+03	7.964828e-04
3.670329e+03	8.009876e-04
3.680195e+03	8.055018e-04
3.690062e+03	8.100253e-04
3.699928e+03	8.145581e-04
3.709795e+03	8.191001e-04
3.719661e+03	8.236510e-04
3.729528e+03	8.282107e-04
3.739394e+03	8.327792e-04
3.749261e+03	8.373563e-04
3.759127e+03	8.419418e-04
3.768994e+03	8.465356e-04
3.778860e+03	8.511376e-04
3.788727e+03	8.557476e-04
3.798593e+03	8.603655e-04
3.808460e+03	8.649912e-04
3.818326e+03	8.696245e-04
3.828193e+03	8.742653e-04
3.838059e+03	8.789134e-04
3.847925e+03	8.835686e-04
3.857792e+03	8.882309e-04
3.867658e+03	8.929001e-04
3.877525e+03	8.975760e-04
3.887391e+03	9.022585e-04
3.897258e+03	9.069474e-04
3.907124e+03	9.116426e-04
3.916991e+03	9.163440e-04
3.926857e+03	9.210513e-04
3.936724e+03	9.257644e-04
3.946590e+03	9.304831e-04
3.956457e+03	9.352074e-04
3.966323e+03	9.399370e-04
3.976190e+03	9.446717e-04
3.986056e+03	9.494115e-04
3.995923e+03	9.541561e-04
4.005789e+03	9.589054e-04
4.015656e+03	9.636593e-04
4.025522e+03	9.684174e-04
4.035389e+03	9.731798e-04
4.045255e+03	9.779461e-04
4.055121e+03	9.827163e-04
4.064988e+03	9.874902e-04
4.074854e+03	9.922676e-04
4.084721e+03	9.970483e-04
4.094587e+03	1.001832e-03
4.104454e+03	1.006619e-03
4.114320e+03	1.011409e-03
4.124187e+03	1.016201e-03
4.134053e+03	1.020996e-03
4.143920e+03	1.025793e-03
4.153786e+03	1.030592e-03
4.163653e+03	1.035393e-03
4.173519e+03	1.040195e-03
4.183386e+03	1.045000e-03
4.193252e+03	1.049805e-03
4.203119e+03	1.054612e-03
4.212985e+03	1.059420e-03
4.222852e+03	1.064228e-03
4.232718e+03	1.069037e-03
4.242585e+03	1.073847e-03
4.252451e+03	1.078657e-03
4.262317e+03	1.083467e-03
4.272184e+03	1.088276e-03
4.282050e+03	1.093086e-03
4.291917e+03	1.097895e-03
4.301783e+03	1.102703e-03
4.311650e+03	1.107510e-03
4.321516e+03	1.112316e-03
4.331383e+03	1.117121e-03
4.341249e+03	1.121924e-03
4.351116e+03	1.126726e-03
4.360982e+03	1.131525e-03
4.370849e+03	1.136323e-03
4.380715e+03	1.141118e-03
4.390582e+03	1.145911e-03
4.400448e+03	1.150701e-03
4.410315e+03	1.155488e-03
4.420181e+03	1.160272e-03
4.430048e+03	1.165053e-03
4.439914e+03	1.169830e-03
4.449780e+03	1.174603e-03
4.459647e+03	1.179373e-03
4.469513e+03	1.184138e-03
4.479380e+03	1.188899e-03
4.489246e+03	1.193656e-03
4.499113e+03	1.198408e-03
4.508979e+03	1.203155e-03
4.518846e+03	1.207896e-03
4.528712e+03	1.212633e-03
4.538579e+03	1.217363e-03
4.548445e+03	1.222088e-03
4.558312e+03	1.226807e-03
4.568178e+03	1.231520e-03
4.578045e+03	1.236226e-03
4.587911e+03	1.240926e-03
4.597778e+03	1.245618e-03
4.607644e+03	1.250304e-03
4.617511e+03	1.254983e-03
4.627377e+03	1.259653e-03
4.637244e+03	1.264317e-03
4.647110e+03	1.268972e-03
4.656976e+03	1.273619e-03
4.666843e+03	1.278258e-03
4.676709e+03	1.282888e-03
4.686576e+03	1.287510e-03
4.696442e+03	1.292122e-03
4.706309e+03	1.296726e-03
4.716175e+03	1.301319e-03
4.726042e+03	1.305904e-03
4.735908e+03	1.310478e-03
4.745775e+03	1.315042e-03
4.755641e+03	1.319596e-03
4.765508e+03	1.324140e-03
4.775374e+03	1.328673e-03
4.785241e+03	1.333195e-03
4.795107e+03	1.337705e-03
4.804974e+03	1.342205e-03
4.814840e+03	1.346692e-03
4.824707e+03	1.351168e-03
4.834573e+03	1.355632e-03
4.844440e+03	1.360084e-03
4.854306e+03	1.364523e-03
4.864172e+03	1.368949e-03
4.874039e+03	1.373363e-03
4.883905e+03	1.377764e-03
4.893772e+03	1.382151e-03
4.903638e+03	1.386524e-03
4.913505e+03	1.390884e-03
4.923371e+03	1.395230e-03
4.933238e+03	1.399562e-03
4.943104e+03	1.403879e-03
4.952971e+03	1.408182e-03
4.962837e+03	1.412470e-03
4.972704e+03	1.416743e-03
4.982570e+03	1.421000e-03
4.992437e+03	1.425242e-03
5.002303e+03	1.429468e-03
5.012170e+03	1.433679e-03
5.022036e+03	1.437873e-03
5.031903e+03	1.442051e-03
5.041769e+03	1.446212e-03
5.051636e+03	1.450357e-03
5.061502e+03	1.454485e-03
5.071368e+03	1.458595e-03
5.081235e+03	1.462688e-03
5.091101e+03	1.466763e-03
5.100968e+03	1.470821e-03
5.110834e+03	1.474861e-03
5.120701e+03	1.478882e-03
5.130567e+03	1.482885e-03
5.140434e+03	1.486869e-03
5.150300e+03	1.490834e-03
5.160167e+03	1.494780e-03
5.170033e+03	1.498707e-03
5.179900e+03	1.502614e-03
5.189766e+03	1.506502e-03
5.199633e+03	1.510370e-03
5.209499e+03	1.514217e-03
5.219366e+03	1.518045e-03
5.229232e+03	1.521852e-03
5.239099e+03	1.525638e-03
5.248965e+03	1.529403e-03
5.258831e+03	1.533147e-03
5.268698e+03	1.536869e-03
5.278564e+03	1.540570e-03
5.288431e+03	1.544250e-03
5.298297e+03	1.547907e-03
5.308164e+03	1.551543e-03
5.318030e+03	1.555156e-03
5.327897e+03	1.558746e-03
5.337763e+03	1.562314e-03
5.347630e+03	1.565859e-03
5.357496e+03	1.569381e-03
5.367363e+03	1.572879e-03
5.377229e+03	1.576354e-03
5.387096e+03	1.579806e-03
5.396962e+03	1.583233e-03
5.406829e+03	1.586636e-03
5.416695e+03	1.590016e-03
5.426562e+03	1.593370e-03
5.436428e+03	1.596701e-03
5.446295e+03	1.600006e-03
5.456161e+03	1.603286e-03
5.466027e+03	1.606542e-03
5.475894e+03	1.609772e-03
5.485760e+03	1.612976e-03
5.495627e+03	1.616155e-03
5.505493e+03	1.619307e-03
5.515360e+03	1.622434e-03
5.525226e+03	1.625535e-03
5.535093e+03	1.628609e-03
5.544959e+03	1.631657e-03
5.554826e+03	1.634678e-03
5.564692e+03	1.637672e-03
5.574559e+03	1.640638e-03
5.584425e+03	1.643578e-03
5.594292e+03	1.646490e-03
5.604158e+03	1.649375e-03
5.614025e+03	1.652232e-03
5.623891e+03	1.655061e-03
5.633758e+03	1.657862e-03
5.643624e+03	1.660635e-03
5.653491e+03	1.663379e-03
5.663357e+03	1.666095e-03
5.673223e+03	1.668783e-03
5.683090e+03	1.671441e-03
5.692956e+03	1.674070e-03
5.702823e+03	1.676671e-03
5.712689e+03	1.679242e-03
5.722556e+03	1.681783e-03
5.732422e+03	1.684295e-03
5.742289e+03	1.686777e-03
5.752155e+03	1.689230e-03
5.762022e+03	1.691652e-03
5.771888e+03	1.694044e-03
5.781755e+03	1.696406e-03
5.791621e+03	1.698738e-03
5.801488e+03	1.701039e-03
5.811354e+03	1.703309e-03
5.821221e+03	1.705549e-03
5.831087e+03	1.707757e-03
5.840954e+03	1.709935e-03
5.850820e+03	1.712081e-03
5.860687e+03	1.714196e-03
5.870553e+03	1.716280e-03
5.880419e+03	1.718332e-03
5.890286e+03	1.720352e-03
5.900152e+03	1.722340e-03
5.910019e+03	1.724297e-03
5.919885e+03	1.726222e-03
5.929752e+03	1.728114e-03
5.939618e+03	1.729974e-03
5.949485e+03	1.731802e-03
5.959351e+03	1.733597e-03
5.969218e+03	1.735360e-03
5.979084e+03	1.737090e-03
5.988951e+03	1.738787e-03
5.998817e+03	1.740452e-03
6.008684e+03	1.742083e-03
6.018550e+03	1.743681e-03
6.028417e+03	1.745247e-03
6.038283e+03	1.746778e-03
6.048150e+03	1.748277e-03
6.058016e+03	1.749742e-03
6.067882e+03	1.751174e-03
6.077749e+03	1.752572e-03
6.087615e+03	1.753936e-03
6.097482e+03	1.755267e-03
6.107348e+03	1.756563e-03
6.117215e+03	1.757826e-03
6.127081e+03	1.759055e-03
6.136948e+03	1.760250e-03
6.146814e+03	1.761410e-03
6.156681e+03	1.762537e-03
6.166547e+03	1.763629e-03
6.176414e+03	1.764686e-03
6.186280e+03	1.765710e-03
6.196147e+03	1.766699e-03
6.206013e+03	1.767653e-03
6.215880e+03	1.768573e-03
6.225746e+03	1.769458e-03
6.235613e+03	1.770308e-03
6.245479e+03	1.771124e-03
6.255346e+03	1.771905e-03
6.265212e+03	1.772651e-03
6.275078e+03	1.773362e-03
6.284945e+03	1.774038e-03
6.294811e+03	1.774680e-03
6.304678e+03	1.775286e-03
6.314544e+03	1.775857e-03
6.324411e+03	1.776394e-03
6.334277e+03	1.776895e-03
6.344144e+03	1.777361e-03
6.354010e+03	1.777792e-03
6.363877e+03	1.778187e-03
6.373743e+03	1.778548e-03
6.383610e+03	1.778873e-03
6.393476e+03	1.779163e-03
6.403343e+03	1.779418e-03
6.413209e+03	1.779637e-03
6.423076e+03	1.779822e-03
6.432942e+03	1.779970e-03
6.442809e+03	1.780084e-03
6.452675e+03	1.780162e-03
6.462542e+03	1.780205e-03
6.472408e+03	1.780213e-03
6.482274e+03	1.780185e-03
6.492141e+03	1.780122e-03
6.502007e+03	1.780024e-03
6.511874e+03	1.779890e-03
6.521740e+03	1.779721e-03
6.531607e+03	1.779517e-03
6.541473e+03	1.779277e-03
6.551340e+03	1.779002e-03
6.561206e+03	1.778692e-03
6.571073e+03	1.778347e-03
6.580939e+03	1.777966e-03
6.590806e+03	1.777550e-03
6.600672e+03	1.777100e-03
6.610539e+03	1.776614e-03
6.620405e+03	1.776092e-03
6.630272e+03	1.775536e-03
6.640138e+03	1.774945e-03
6.650005e+03	1.774319e-03
6.659871e+03	1.773657e-03
6.669738e+03	1.772961e-03
6.679604e+03	1.772230e-03
6.689470e+03	1.771464e-03
6.699337e+03	1.770663e-03
6.709203e+03	1.769828e-03
6.719070e+03	1.768958e-03
6.728936e+03	1.768053e-03
6.738803e+03	1.767113e-03
6.748669e+03	1.766139e-03
6.758536e+03	1.765131e-03
6.768402e+03	1.764088e-03
6.778269e+03	1.763010e-03
6.788135e+03	1.761899e-03
6.798002e+03	1.760753e-03
6.807868e+03	1.759573e-03
6.817735e+03	1.758359e-03
6.827601e+03	1.757111e-03
6.837468e+03	1.755828e-03
6.847334e+03	1.754512e-03
6.857201e+03	1.753163e-03
6.867067e+03	1.751779e-03
6.876933e+03	1.750362e-03
6.886800e+03	1.748911e-03
6.896666e+03	1.747427e-03
6.906533e+03	1.745909e-03
6.916399e+03	1.744358e-03
6.926266e+03	1.742774e-03
6.936132e+03	1.741157e-03
6.945999e+03	1.739507e-03
6.955865e+03	1.737824e-03
6.965732e+03	1.736108e-03
6.975598e+03	1.734359e-03
6.985465e+03	1.732578e-03
6.995331e+03	1.730764e-03
7.005198e+03	1.728918e-03
7.015064e+03	1.727039e-03
7.024931e+03	1.725129e-03
7.034797e+03	1.723186e-03
7.044664e+03	1.721211e-03
7.054530e+03	1.719204e-03
7.064397e+03	1.717166e-03
7.074263e+03	1.715096e-03
7.084129e+03	1.712995e-03
7.093996e+03	1.710862e-03
7.103862e+03	1.708698e-03
7.113729e+03	1.706502e-03
7.123595e+03	1.704276e-03
7.133462e+03	1.702019e-03
7.143328e+03	1.699731e-03
7.153195e+03	1.697413e-03
7.163061e+03	1.695064e-03
7.172928e+03	1.692685e-03
7.182794e+03	1.690275e-03
7.192661e+03	1.687836e-03
7.202527e+03	1.685366e-03
7.212394e+03	1.682867e-03
7.222260e+03	1.680338e-03
7.232127e+03	1.677780e-03
7.241993e+03	1.675192e-03
7.251860e+03	1.672575e-03
7.261726e+03	1.669929e-03
7.271593e+03	1.667254e-03
7.281459e+03	1.664551e-03
7.291325e+03	1.661819e-03
7.301192e+03	1.659058e-03
7.311058e+03	1.656269e-03
7.320925e+03	1.653452e-03
7.330791e+03	1.650607e-03
7.340658e+03	1.647734e-03
7.350524e+03	1.644834e-03
7.360391e+03	1.641906e-03
7.370257e+03	1.638951e-03
7.380124e+03	1.635968e-03
7.389990e+03	1.632959e-03
7.399857e+03	1.629923e-03
7.409723e+03	1.626860e-03
7.419590e+03	1.623771e-03
7.429456e+03	1.620655e-03
7.439323e+03	1.617514e-03
7.449189e+03	1.614346e-03
7.459056e+03	1.611153e-03
7.468922e+03	1.607934e-03
7.478789e+03	1.604689e-03
7.488655e+03	1.601420e-03
7.498521e+03	1.598125e-03
7.508388e+03	1.594805e-03
7.518254e+03	1.591461e-03
7.528121e+03	1.588093e-03
7.537987e+03	1.584700e-03
7.547854e+03	1.581282e-03
7.557720e+03	1.577841e-03
7.567587e+03	1.574376e-03
7.577453e+03	1.570888e-03
7.587320e+03	1.567376e-03
7.597186e+03	1.563841e-03
7.607053e+03	1.560283e-03
7.616919e+03	1.556702e-03
7.626786e+03	1.553099e-03
7.636652e+03	1.549473e-03
7.646519e+03	1.545825e-03
7.656385e+03	1.542155e-03
7.666252e+03	1.538464e-03
7.676118e+03	1.534750e-03
7.685984e+03	1.531015e-03
7.695851e+03	1.527259e-03
7.705717e+03	1.523482e-03
7.715584e+03	1.519684e-03
7.725450e+03	1.515866e-03
7.735317e+03	1.512027e-03
7.745183e+03	1.508168e-03
7.755050e+03	1.504289e-03
7.764916e+03	1.500390e-03
7.774783e+03	1.496471e-03
7.784649e+03	1.492533e-03
7.794516e+03	1.488576e-03
7.804382e+03	1.484600e-03
7.814249e+03	1.480605e-03
7.824115e+03	1.476592e-03
7.833982e+03	1.472560e-03
7.843848e+03	1.468511e-03
7.853715e+03	1.464443e-03
7.863581e+03	1.460357e-03
7.873448e+03	1.456254e-03
7.883314e+03	1.452134e-03
7.893180e+03	1.447997e-03
7.903047e+03	1.443843e-03
7.912913e+03	1.439672e-03
7.922780e+03	1.435485e-03
7.932646e+03	1.431281e-03
7.942513e+03	1.427062e-03
7.952379e+03	1.422826e-03
7.962246e+03	1.418575e-03
7.972112e+03	1.414309e-03
7.981979e+03	1.410028e-03
7.991845e+03	1.405731e-03
8.001712e+03	1.401420e-03
8.011578e+03	1.397095e-03
8.021445e+03	1.392755e-03
8.031311e+03	1.388401e-03
8.041178e+03	1.384033e-03
8.051044e+03	1.379652e-03
8.060911e+03	1.375257e-03
8.070777e+03	1.370849e-03
8.080644e+03	1.366428e-03
8.090510e+03	1.361994e-03
8.100376e+03	1.357548e-03
8.110243e+03	1.353089e-03
8.120109e+03	1.348619e-03
8.129976e+03	1.344136e-03
8.139842e+03	1.339641e-03
8.149709e+03	1.335136e-03
8.159575e+03	1.330619e-03
8.169442e+03	1.326090e-03
8.179308e+03	1.321552e-03
8.189175e+03	1.317002e-03
8.199041e+03	1.312442e-03
8.208908e+03	1.307872e-03
8.218774e+03	1.303292e-03
8.228641e+03	1.298702e-03
8.238507e+03	1.294103e-03
8.248374e+03	1.289494e-03
8.258240e+03	1.284877e-03
8.268107e+03	1.280250e-03
8.277973e+03	1.275615e-03
8.287839e+03	1.270971e-03
8.297706e+03	1.266320e-03
8.307572e+03	1.261660e-03
8.317439e+03	1.256992e-03
8.327305e+03	1.252317e-03
8.337172e+03	1.247634e-03
8.347038e+03	1.242945e-03
8.356905e+03	1.238248e-03
8.366771e+03	1.233544e-03
8.376638e+03	1.228834e-03
8.386504e+03	1.224118e-03
8.396371e+03	1.219396e-03
8.406237e+03	1.214668e-03
8.416104e+03	1.209934e-03
8.425970e+03	1.205194e-03
8.435837e+03	1.200450e-03
8.445703e+03	1.195700e-03
8.455570e+03	1.190945e-03
8.465436e+03	1.186186e-03
8.475303e+03	1.181423e-03
8.485169e+03	1.176655e-03
8.495035e+03	1.171883e-03
8.504902e+03	1.167108e-03
8.514768e+03	1.162328e-03
8.524635e+03	1.157546e-03
8.534501e+03	1.152760e-03
8.544368e+03	1.147971e-03
8.554234e+03	1.143179e-03
8.564101e+03	1.138385e-03
8.573967e+03	1.133589e-03
8.583834e+03	1.128790e-03
8.593700e+03	1.123989e-03
8.603567e+03	1.119187e-03
8.613433e+03	1.114382e-03
8.623300e+03	1.109577e-03
8.633166e+03	1.104770e-03
8.643033e+03	1.099962e-03
8.652899e+03	1.095154e-03
8.662766e+03	1.090345e-03
8.672632e+03	1.085535e-03
8.682499e+03	1.080725e-03
8.692365e+03	1.075915e-03
8.702231e+03	1.071106e-03
8.712098e+03	1.066296e-03
8.721964e+03	1.061487e-03
8.731831e+03	1.056679e-03
8.741697e+03	1.051872e-03
8.751564e+03	1.047066e-03
8.761430e+03	1.042261e-03
8.771297e+03	1.037458e-03
8.781163e+03	1.032656e-03
8.791030e+03	1.027856e-03
8.800896e+03	1.023058e-03
8.810763e+03	1.018262e-03
8.820629e+03	1.013469e-03
8.830496e+03	1.008678e-03
8.840362e+03	1.003890e-03
8.850229e+03	9.991051e-04
8.860095e+03	9.943230e-04
8.869962e+03	9.895442e-04
8.879828e+03	9.847688e-04
8.889695e+03	9.799970e-04
8.899561e+03	9.752290e-04
8.909427e+03	9.704649e-04
8.919294e+03	9.657049e-04
8.929160e+03	9.609492e-04
8.939027e+03	9.561979e-04
8.948893e+03	9.514512e-04
8.958760e+03	9.467094e-04
8.968626e+03	9.419724e-04
8.978493e+03	9.372406e-04
8.988359e+03	9.325140e-04
8.998226e+03	9.277929e-04
9.008092e+03	9.230773e-04
9.017959e+03	9.183675e-04
9.027825e+03	9.136636e-04
9.037692e+03	9.089657e-04
9.047558e+03	9.042741e-04
9.057425e+03	8.995888e-04
9.067291e+03	8.949101e-04
9.077158e+03	8.902380e-04
9.087024e+03	8.855727e-04
9.096890e+03	8.809144e-04
9.106757e+03	8.762632e-04
9.116623e+03	8.716193e-04
9.126490e+03	8.669827e-04
9.136356e+03	8.623538e-04
9.146223e+03	8.577325e-04
9.156089e+03	8.531190e-04
9.165956e+03	8.485136e-04
9.175822e+03	8.439162e-04
9.185689e+03	8.393271e-04
9.195555e+03	8.347464e-04
9.205422e+03	8.301742e-04
9.215288e+03	8.256107e-04
9.225155e+03	8.210560e-04
9.235021e+03	8.165102e-04
9.244888e+03	8.119734e-04
9.254754e+03	8.074459e-04
9.264621e+03	8.029276e-04
9.274487e+03	7.984188e-04
9.284354e+03	7.939196e-04
9.294220e+03	7.894300e-04
9.304086e+03	7.849503e-04
9.313953e+03	7.804805e-04
9.323819e+03	7.760207e-04
9.333686e+03	7.715711e-04
9.343552e+03	7.671318e-04
9.353419e+03	7.627029e-04
9.363285e+03	7.582846e-04
9.373152e+03	7.538768e-04
9.383018e+03	7.494799e-04
9.392885e+03	7.450937e-04
9.402751e+03	7.407186e-04
9.412618e+03	7.363545e-04
9.422484e+03	7.320016e-04
9.432351e+03	7.276600e-04
9.442217e+03	7.233298e-04
9.452084e+03	7.190112e-04
9.461950e+03	7.147041e-04
9.471817e+03	7.104087e-04
9.481683e+03	7.061251e-04
9.491550e+03	7.018534e-04
9.501416e+03	6.975937e-04
9.511282e+03	6.933461e-04
9.521149e+03	6.891107e-04
9.531015e+03	6.848876e-04
9.540882e+03	6.806768e-04
9.550748e+03	6.764786e-04
9.560615e+03	6.722928e-04
9.570481e+03	6.681197e-04
9.580348e+03	6.639594e-04
9.590214e+03	6.598118e-04
9.600081e+03	6.556772e-04
9.609947e+03	6.515555e-04
9.619814e+03	6.474469e-04
9.629680e+03	6.433514e-04
9.639547e+03	6.392692e-04
9.649413e+03	6.352003e-04
9.659280e+03	6.311447e-04
9.669146e+03	6.271026e-04
9.679013e+03	6.230740e-04
9.688879e+03	6.190590e-04
9.698746e+03	6.150576e-04
9.708612e+03	6.110700e-04
9.718478e+03	6.070962e-04
9.728345e+03	6.031363e-04
9.738211e+03	5.991903e-04
9.748078e+03	5.952583e-04
9.757944e+03	5.913404e-04
9.767811e+03	5.874367e-04
9.777677e+03	5.835471e-04
9.787544e+03	5.796717e-04
9.797410e+03	5.758107e-04
9.807277e+03	5.719640e-04
9.817143e+03	5.681318e-04
9.827010e+03	5.643140e-04
9.836876e+03	5.605108e-04
9.846743e+03	5.567222e-04
9.856609e+03	5.529482e-04
9.866476e+03	5.491889e-04
9.876342e+03	5.454443e-04
9.886209e+03	5.417145e-04
9.896075e+03	5.379995e-04
9.905941e+03	5.342994e-04
9.915808e+03	5.306142e-04
9.925674e+03	5.269440e-04
9.935541e+03	5.232888e-04
9.945407e+03	5.196486e-04
9.955274e+03	5.160235e-04
9.965140e+03	5.124135e-04
9.975007e+03	5.088187e-04
9.984873e+03	5.052391e-04
9.994740e+03	5.016747e-04
1.000461e+04	4.981256e-04
1.001447e+04	4.945918e-04
1.002434e+04	4.910732e-04
1.003421e+04	4.875701e-04
1.004407e+04	4.840823e-04
1.005394e+04	4.806100e-04
1.006381e+04	4.771530e-04
1.007367e+04	4.737116e-04
1.008354e+04	4.702856e-04
1.009340e+04	4.668752e-04
1.010327e+04	4.634802e-04
1.011314e+04	4.601009e-04
1.012300e+04	4.567371e-04
1.013287e+04	4.533889e-04
1.014274e+04	4.500563e-04
1.015260e+04	4.467394e-04
1.016247e+04	4.434381e-04
1.017234e+04	4.401525e-04
1.018220e+04	4.368825e-04
1.019207e+04	4.336282e-04
1.020194e+04	4.303896e-04
1.021180e+04	4.271668e-04
1.022167e+04	4.239596e-04
1.023154e+04	4.207682e-04
1.024140e+04	4.175926e-04
1.025127e+04	4.144326e-04
1.026113e+04	4.112884e-04
1.027100e+04	4.081600e-04
1.028087e+04	4.050473e-04
1.029073e+04	4.019504e-04
1.030060e+04	3.988693e-04
1.031047e+04	3.958039e-04
1.032033e+04	3.927543e-04
1.033020e+04	3.897204e-04
1.034007e+04	3.867024e-04
1.034993e+04	3.837000e-04
1.035980e+04	3.807134e-04
1.036967e+04	3.777426e-04
1.037953e+04	3.747875e-04
1.038940e+04	3.718482e-04
1.039927e+04	3.689246e-04
1.040913e+04	3.660167e-04
1.041900e+04	3.631245e-04
1.042886e+04	3.602481e-04
1.043873e+04	3.573873e-04
1.044860e+04	3.545422e-04
1.045846e+04	3.517128e-04
1.046833e+04	3.488990e-04
1.047820e+04	3.461009e-04
1.048806e+04	3.433184e-04
1.049793e+04	3.405515e-04
1.050780e+04	3.378002e-04
1.051766e+04	3.350645e-04
1.052753e+04	3.323444e-04
1.053740e+04	3.296398e-04
1.054726e+04	3.269507e-04
1.055713e+04	3.242771e-04
1.056700e+04	3.216190e-04
1.057686e+04	3.189764e-04
1.058673e+04	3.163491e-04
1.059659e+04	3.137374e-04
1.060646e+04	3.111409e-04
1.061633e+04	3.085599e-04
1.062619e+04	3.059942e-04
1.063606e+04	3.034438e-04
1.064593e+04	3.009087e-04
1.065579e+04	2.983889e-04
1.066566e+04	2.958842e-04
1.067553e+04	2.933948e-04
1.068539e+04	2.909206e-04
1.069526e+04	2.884615e-04
1.070513e+04	2.860175e-04
1.071499e+04	2.835886e-04
1.072486e+04	2.811747e-04
1.073473e+04	2.787759e-04
1.074459e+04	2.763920e-04
1.075446e+04	2.740231e-04
1.076432e+04	2.716691e-04
1.077419e+04	2.693300e-04
1.078406e+04	2.670057e-04
1.079392e+04	2.646962e-04
1.080379e+04	2.624015e-04
1.081366e+04	2.601215e-04
1.082352e+04	2.578562e-04
1.083339e+04	2.556056e-04
1.084326e+04	2.533695e-04
1.085312e+04	2.511481e-04
1.086299e+04	2.489412e-04
1.087286e+04	2.467488e-04
1.088272e+04	2.445708e-04
1.089259e+04	2.424073e-04
1.090246e+04	2.402581e-04
1.091232e+04	2.381233e-04
1.092219e+04	2.360028e-04
1.093205e+04	2.338964e-04
1.094192e+04	2.318043e-04
1.095179e+04	2.297264e-04
1.096165e+04	2.276625e-04
1.097152e+04	2.256128e-04
1.098139e+04	2.235770e-04
1.099125e+04	2.215552e-04
1.100112e+04	2.195473e-04
1.101099e+04	2.175534e-04
1.102085e+04	2.155732e-04
1.103072e+04	2.136068e-04
1.104059e+04	2.116542e-04
1.105045e+04	2.097153e-04
1.106032e+04	2.077900e-04
1.107019e+04	2.058782e-04
1.108005e+04	2.039801e-04
1.108992e+04	2.020954e-04
1.109979e+04	2.002241e-04
1.110965e+04	1.983663e-04
1.111952e+04	1.965218e-04
1.112938e+04	1.946906e-04
1.113925e+04	1.928726e-04
1.114912e+04	1.910678e-04
1.115898e+04	1.892761e-04
1.116885e+04	1.874975e-04
1.117872e+04	1.857319e-04
1.118858e+04	1.839793e-04
1.119845e+04	1.822397e-04
1.120832e+04	1.805129e-04
1.121818e+04	1.787989e-04
1.122805e+04	1.770977e-04
1.123792e+04	1.754091e-04
1.124778e+04	1.737333e-04
1.125765e+04	1.720700e-04
1.126752e+04	1.704193e-04
1.127738e+04	1.687810e-04
1.128725e+04	1.671552e-04
1.129711e+04	1.655418e-04
1.130698e+04	1.639407e-04
1.131685e+04	1.623518e-04
1.132671e+04	1.607752e-04
1.133658e+04	1.592107e-04
1.134645e+04	1.576583e-04
1.135631e+04	1.561179e-04
1.136618e+04	1.545896e-04
1.137605e+04	1.530731e-04
1.138591e+04	1.515685e-04
1.139578e+04	1.500757e-04
1.140565e+04	1.485947e-04
1.141551e+04	1.471254e-04
1.142538e+04	1.456677e-04
1.143525e+04	1.442216e-04
1.144511e+04	1.427870e-04
1.145498e+04	1.413639e-04
1.146484e+04	1.399522e-04
1.147471e+04	1.385519e-04
1.148458e+04	1.371628e-04
1.149444e+04	1.357849e-04
1.150431e+04	1.344183e-04
1.151418e+04	1.330627e-04
1.152404e+04	1.317182e-04
1.153391e+04	1.303847e-04
1.154378e+04	1.290622e-04
1.155364e+04	1.277505e-04
1.156351e+04	1.264496e-04
1.157338e+04	1.251596e-04
1.158324e+04	1.238802e-04
1.159311e+04	1.226114e-04
1.160298e+04	1.213533e-04
1.161284e+04	1.201056e-04
1.162271e+04	1.188685e-04
1.163257e+04	1.176417e-04
1.164244e+04	1.164253e-04
1.165231e+04	1.152192e-04
1.166217e+04	1.140233e-04
1.167204e+04	1.128376e-04
1.168191e+04	1.116620e-04
1.169177e+04	1.104965e-04
1.170164e+04	1.093409e-04
1.171151e+04	1.081953e-04
1.172137e+04	1.070596e-04
1.173124e+04	1.059337e-04
1.174111e+04	1.048176e-04
1.175097e+04	1.037111e-04
1.176084e+04	1.026143e-04
1.177071e+04	1.015271e-04
1.178057e+04	1.004494e-04
1.179044e+04	9.938119e-05
1.180030e+04	9.832237e-05
1.181017e+04	9.727291e-05
1.182004e+04	9.623274e-05
1.182990e+04	9.520180e-05
1.183977e+04	9.418004e-05
1.184964e+04	9.316739e-05
1.185950e+04	9.216381e-05
1.186937e+04	9.116923e-05
1.187924e+04	9.018359e-05
1.188910e+04	8.920683e-05
1.189897e+04	8.823890e-05
1.190884e+04	8.727975e-05
1.191870e+04	8.632930e-05
1.192857e+04	8.538752e-05
1.193844e+04	8.445433e-05
1.194830e+04	8.352968e-05
1.195817e+04	8.261351e-05
1.196803e+04	8.170578e-05
1.197790e+04	8.080641e-05
1.198777e+04	7.991536e-05
1.199763e+04	7.903256e-05
1.200750e+04	7.815797e-05
1.201737e+04	7.729152e-05
1.202723e+04	7.643316e-05
1.203710e+04	7.558283e-05
1.204697e+04	7.474048e-05
1.205683e+04	7.390605e-05
1.206670e+04	7.307948e-05
1.207657e+04	7.226073e-05
1.208643e+04	7.144973e-05
1.209630e+04	7.064643e-05
1.210617e+04	6.985078e-05
1.211603e+04	6.906272e-05
1.212590e+04	6.828219e-05
1.213576e+04	6.750914e-05
1.214563e+04	6.674353e-05
1.215550e+04	6.598528e-05
1.216536e+04	6.523436e-05
1.217523e+04	6.449070e-05
1.218510e+04	6.375425e-05
1.219496e+04	6.302496e-05
1.220483e+04	6.230278e-05
1.221470e+04	6.158766e-05
1.222456e+04	6.087953e-05
1.223443e+04	6.017835e-05
1.224430e+04	5.948406e-05
1.225416e+04	5.879662e-05
1.226403e+04	5.811597e-05
1.227390e+04	5.744206e-05
1.228376e+04	5.677484e-05
1.229363e+04	5.611425e-05
1.230350e+04	5.546025e-05
1.231336e+04	5.481279e-05
1.232323e+04	5.417181e-05
1.233309e+04	5.353726e-05
1.234296e+04	5.290909e-05
1.235283e+04	5.228726e-05
1.236269e+04	5.167171e-05
1.237256e+04	5.106239e-05
1.238243e+04	5.045926e-05
1.239229e+04	4.986226e-05
1.240216e+04	4.927135e-05
1.241203e+04	4.868648e-05
1.242189e+04	4.810759e-05
1.243176e+04	4.753464e-05
1.244163e+04	4.696758e-05
1.245149e+04	4.640637e-05
1.246136e+04	4.585095e-05
1.247123e+04	4.530129e-05
1.248109e+04	4.475732e-05
1.249096e+04	4.421901e-05
1.250082e+04	4.368630e-05
1.251069e+04	4.315916e-05
1.252056e+04	4.263753e-05
1.253042e+04	4.212137e-05
1.254029e+04	4.161063e-05
1.255016e+04	4.110527e-05
1.256002e+04	4.060524e-05
1.256989e+04	4.011050e-05
1.257976e+04	3.962100e-05
1.258962e+04	3.913670e-05
1.259949e+04	3.865755e-05
1.260936e+04	3.818351e-05
1.261922e+04	3.771453e-05
1.262909e+04	3.725057e-05
1.263896e+04	3.679160e-05
1.264882e+04	3.633755e-05
1.265869e+04	3.588840e-05
1.266855e+04	3.544409e-05
1.267842e+04	3.500459e-05
1.268829e+04	3.456986e-05
1.269815e+04	3.413985e-05
1.270802e+04	3.371451e-05
1.271789e+04	3.329382e-05
1.272775e+04	3.287772e-05
1.273762e+04	3.246618e-05
1.274749e+04	3.205915e-05
1.275735e+04	3.165660e-05
1.276722e+04	3.125848e-05
1.277709e+04	3.086476e-05
1.278695e+04	3.047539e-05
1.279682e+04	3.009033e-05
1.280669e+04	2.970955e-05
1.281655e+04	2.933301e-05
1.282642e+04	2.896067e-05
1.283628e+04	2.859248e-05
1.284615e+04	2.822842e-05
1.285602e+04	2.786844e-05
1.286588e+04	2.751250e-05
1.287575e+04	2.716057e-05
1.288562e+04	2.681261e-05
1.289548e+04	2.646858e-05
1.290535e+04	2.612845e-05
1.291522e+04	2.579217e-05
1.292508e+04	2.545972e-05
1.293495e+04	2.513106e-05
1.294482e+04	2.480615e-05
1.295468e+04	2.448495e-05
1.296455e+04	2.416743e-05
1.297442e+04	2.385355e-05
1.298428e+04	2.354329e-05
1.299415e+04	2.323660e-05
1.300401e+04	2.293344e-05
1.301388e+04	2.263380e-05
1.302375e+04	2.233763e-05
1.303361e+04	2.204489e-05
1.304348e+04	2.175556e-05
1.305335e+04	2.146960e-05
1.306321e+04	2.118698e-05
1.307308e+04	2.090766e-05
1.308295e+04	2.063162e-05
1.309281e+04	2.035882e-05
1.310268e+04	2.008922e-05
1.311255e+04	1.982281e-05
1.312241e+04	1.955954e-05
1.313228e+04	1.929938e-05
1.314215e+04	1.904230e-05
1.315201e+04	1.878828e-05
1.316188e+04	1.853727e-05
1.317174e+04	1.828926e-05
1.318161e+04	1.804421e-05
1.319148e+04	1.780208e-05
1.320134e+04	1.756286e-05
1.321121e+04	1.732651e-05
1.322108e+04	1.709300e-05
1.323094e+04	1.686230e-05
1.324081e+04	1.663439e-05
1.325068e+04	1.640923e-05
1.326054e+04	1.618680e-05
1.327041e+04	1.596706e-05
1.328028e+04	1.575000e-05
1.329014e+04	1.553557e-05
1.330001e+04	1.532377e-05
1.330988e+04	1.511455e-05
1.331974e+04	1.490789e-05
1.332961e+04	1.470377e-05
1.333948e+04	1.450215e-05
1.334934e+04	1.430301e-05
1.335921e+04	1.410633e-05
1.336907e+04	1.391208e-05
1.337894e+04	1.372023e-05
1.338881e+04	1.353075e-05
1.339867e+04	1.334363e-05
1.340854e+04	1.315884e-05
1.341841e+04	1.297634e-05
1.342827e+04	1.279613e-05
1.343814e+04	1.261816e-05
1.344801e+04	1.244243e-05
1.345787e+04	1.226890e-05
1.346774e+04	1.209755e-05
1.347761e+04	1.192835e-05
1.348747e+04	1.176129e-05
1.349734e+04	1.159634e-05
1.350721e+04	1.143347e-05
1.351707e+04	1.127267e-05
1.352694e+04	1.111391e-05
1.353680e+04	1.095716e-05
1.354667e+04	1.080242e-05
1.355654e+04	1.064965e-05
1.356640e+04	1.049883e-05
1.357627e+04	1.034994e-05
1.358614e+04	1.020296e-05
1.359600e+04	1.005786e-05
1.360587e+04	9.914637e-06
1.361574e+04	9.773257e-06
1.362560e+04	9.633701e-06
1.363547e+04	9.495950e-06
1.364534e+04	9.359982e-06
1.365520e+04	9.225779e-06
1.366507e+04	9.093319e-06
1.367494e+04	8.962583e-06
1.368480e+04	8.833551e-06
1.369467e+04	8.706204e-06
1.370453e+04	8.580523e-06
1.371440e+04	8.456489e-06
1.372427e+04	8.334082e-06
1.373413e+04	8.213284e-06
1.374400e+04	8.094076e-06
1.375387e+04	7.976440e-06
1.376373e+04	7.860357e-06
1.377360e+04	7.745811e-06
1.378347e+04	7.632782e-06
1.379333e+04	7.521253e-06
1.380320e+04	7.411207e-06
1.381307e+04	7.302626e-06
1.382293e+04	7.195493e-06
1.383280e+04	7.089791e-06
1.384267e+04	6.985503e-06
1.385253e+04	6.882613e-06
1.386240e+04	6.781104e-06
1.387226e+04	6.680959e-06
1.388213e+04	6.582162e-06
1.389200e+04	6.484698e-06
1.390186e+04	6.388550e-06
1.391173e+04	6.293703e-06
1.392160e+04	6.200141e-06
1.393146e+04	6.107849e-06
1.394133e+04	6.016811e-06
1.395120e+04	5.927012e-06
1.396106e+04	5.838438e-06
1.397093e+04	5.751073e-06
1.398080e+04	5.664903e-06
1.399066e+04	5.579914e-06
1.400053e+04	5.496091e-06
1.401040e+04	5.413419e-06
1.402026e+04	5.331885e-06
1.403013e+04	5.251475e-06
1.403999e+04	5.172175e-06
1.404986e+04	5.093971e-06
1.405973e+04	5.016851e-06
1.406959e+04	4.940799e-06
1.407946e+04	4.865804e-06
1.408933e+04	4.791853e-06
1.409919e+04	4.718931e-06
1.410906e+04	4.647028e-06
1.411893e+04	4.576128e-06
1.412879e+04	4.506222e-06
1.413866e+04	4.437295e-06
1.414853e+04	4.369335e-06
1.415839e+04	4.302332e-06
1.416826e+04	4.236271e-06
1.417813e+04	4.171142e-06
1.418799e+04	4.106933e-06
1.419786e+04	4.043632e-06
1.420772e+04	3.981228e-06
1.421759e+04	3.919709e-06
1.422746e+04	3.859064e-06
1.423732e+04	3.799282e-06
1.424719e+04	3.740352e-06
1.425706e+04	3.682263e-06
1.426692e+04	3.625004e-06
1.427679e+04	3.568565e-06
1.428666e+04	3.512934e-06
1.429652e+04	3.458102e-06
1.430639e+04	3.404059e-06
1.431626e+04	3.350794e-06
1.432612e+04	3.298296e-06
1.433599e+04	3.246557e-06
1.434586e+04	3.195566e-06
1.435572e+04	3.145313e-06
1.436559e+04	3.095790e-06
1.437545e+04	3.046985e-06
1.438532e+04	2.998890e-06
1.439519e+04	2.951496e-06
1.440505e+04	2.904794e-06
1.441492e+04	2.858773e-06
1.442479e+04	2.813426e-06
1.443465e+04	2.768744e-06
1.444452e+04	2.724716e-06
1.445439e+04	2.681336e-06
1.446425e+04	2.638594e-06
1.447412e+04	2.596482e-06
1.448399e+04	2.554991e-06
1.449385e+04	2.514113e-06
1.450372e+04	2.473841e-06
1.451359e+04	2.434165e-06
1.452345e+04	2.395078e-06
1.453332e+04	2.356572e-06
1.454319e+04	2.318638e-06
1.455305e+04	2.281271e-06
1.456292e+04	2.244460e-06
1.457278e+04	2.208200e-06
1.458265e+04	2.172483e-06
1.459252e+04	2.137301e-06
1.460238e+04	2.102647e-06
1.461225e+04	2.068514e-06
1.462212e+04	2.034894e-06
1.463198e+04	2.001782e-06
1.464185e+04	1.969169e-06
1.465172e+04	1.937049e-06
1.466158e+04	1.905415e-06
1.467145e+04	1.874260e-06
1.468132e+04	1.843578e-06
1.469118e+04	1.813363e-06
1.470105e+04	1.783607e-06
1.471092e+04	1.754305e-06
1.472078e+04	1.725450e-06
1.473065e+04	1.697036e-06
1.474051e+04	1.669057e-06
1.475038e+04	1.641506e-06
1.476025e+04	1.614378e-06
1.477011e+04	1.587667e-06
1.477998e+04	1.561367e-06
1.478985e+04	1.535472e-06
1.479971e+04	1.509977e-06
1.480958e+04	1.484875e-06
1.481945e+04	1.460162e-06
1.482931e+04	1.435832e-06
1.483918e+04	1.411879e-06
1.484905e+04	1.388298e-06
1.485891e+04	1.365084e-06
1.486878e+04	1.342231e-06
1.487865e+04	1.319735e-06
1.488851e+04	1.297590e-06
1.489838e+04	1.275791e-06
1.490824e+04	1.254334e-06
1.491811e+04	1.233213e-06
1.492798e+04	1.212423e-06
1.493784e+04	1.191961e-06
1.494771e+04	1.171820e-06
1.495758e+04	1.151997e-06
1.496744e+04	1.132487e-06
1.497731e+04	1.113285e-06
1.498718e+04	1.094387e-06
1.499704e+04	1.075789e-06
1.500691e+04	1.057485e-06
1.501678e+04	1.039473e-06
1.502664e+04	1.021747e-06
1.503651e+04	1.004303e-06
1.504638e+04	9.871374e-07
1.505624e+04	9.702460e-07
1.506611e+04	9.536247e-07
1.507597e+04	9.372696e-07
1.508584e+04	9.211767e-07
1.509571e+04	9.053421e-07
1.510557e+04	8.897621e-07
1.511544e+04	8.744328e-07
1.512531e+04	8.593506e-07
1.513517e+04	8.445117e-07
1.514504e+04	8.299126e-07
1.515491e+04	8.155497e-07
1.516477e+04	8.014195e-07
1.517464e+04	7.875185e-07
1.518451e+04	7.738432e-07
1.519437e+04	7.603904e-07
1.520424e+04	7.471565e-07
1.521411e+04	7.341384e-07
1.522397e+04	7.213329e-07
1.523384e+04	7.087366e-07
1.524370e+04	6.963465e-07
1.525357e+04	6.841594e-07
1.526344e+04	6.721722e-07
1.527330e+04	6.603820e-07
1.528317e+04	6.487857e-07
1.529304e+04	6.373804e-07
1.530290e+04	6.261631e-07
1.531277e+04	6.151311e-07
1.532264e+04	6.042815e-07
1.533250e+04	5.936114e-07
1.534237e+04	5.831182e-07
1.535224e+04	5.727991e-07
1.536210e+04	5.626514e-07
1.537197e+04	5.526725e-07
1.538184e+04	5.428599e-07
1.539170e+04	5.332109e-07
1.540157e+04	5.237230e-07
1.541143e+04	5.143937e-07
1.542130e+04	5.052206e-07
1.543117e+04	4.962012e-07
1.544103e+04	4.873332e-07
1.545090e+04	4.786141e-07
1.546077e+04	4.700418e-07
1.547063e+04	4.616138e-07
1.548050e+04	4.533279e-07
1.549037e+04	4.451819e-07
1.550023e+04	4.371736e-07
1.551010e+04	4.293009e-07
1.551997e+04	4.215616e-07
1.552983e+04	4.139535e-07
1.553970e+04	4.064748e-07
1.554957e+04	3.991232e-07
1.555943e+04	3.918968e-07
1.556930e+04	3.847936e-07
1.557916e+04	3.778116e-07
1.558903e+04	3.709490e-07
1.559890e+04	3.642038e-07
1.560876e+04	3.575742e-07
1.561863e+04	3.510583e-07
1.562850e+04	3.446542e-07
1.563836e+04	3.383603e-07
1.564823e+04	3.321747e-07
1.565810e+04	3.260958e-07
1.566796e+04	3.201217e-07
1.567783e+04	3.142508e-07
1.568770e+04	3.084815e-07
1.569756e+04	3.028121e-07
1.570743e+04	2.972410e-07
1.571730e+04	2.917666e-07
1.572716e+04	2.863873e-07
1.573703e+04	2.811017e-07
1.574690e+04	2.759081e-07
1.575676e+04	2.708051e-07
1.576663e+04	2.657912e-07
1.577649e+04	2.608650e-07
1.578636e+04	2.560249e-07
1.579623e+04	2.512697e-07
1.580609e+04	2.465980e-07
1.581596e+04	2.420083e-07
1.582583e+04	2.374992e-07
1.583569e+04	2.330696e-07
1.584556e+04	2.287181e-07
1.585543e+04	2.244433e-07
1.586529e+04	2.202441e-07
1.587516e+04	2.161192e-07
1.588503e+04	2.120673e-07
1.589489e+04	2.080872e-07
1.590476e+04	2.041778e-07
1.591463e+04	2.003378e-07
1.592449e+04	1.965662e-07
1.593436e+04	1.928618e-07
1.594422e+04	1.892234e-07
1.595409e+04	1.856499e-07
1.596396e+04	1.821404e-07
1.597382e+04	1.786936e-07
1.598369e+04	1.753086e-07
1.599356e+04	1.719843e-07
1.600342e+04	1.687197e-07
1.601329e+04	1.655137e-07
1.602316e+04	1.623655e-07
1.603302e+04	1.592740e-07
1.604289e+04	1.562382e-07
1.605276e+04	1.532573e-07
1.606262e+04	1.503302e-07
1.607249e+04	1.474562e-07
1.608236e+04	1.446342e-07
1.609222e+04	1.418634e-07
1.610209e+04	1.391429e-07
1.611195e+04	1.364719e-07
1.612182e+04	1.338495e-07
1.613169e+04	1.312749e-07
1.614155e+04	1.287472e-07
1.615142e+04	1.262658e-07
1.616129e+04	1.238297e-07
1.617115e+04	1.214381e-07
1.618102e+04	1.190904e-07
1.619089e+04	1.167858e-07
1.620075e+04	1.145235e-07
1.621062e+04	1.123028e-07
1.622049e+04	1.101230e-07
1.623035e+04	1.079833e-07
1.624022e+04	1.058831e-07
1.625009e+04	1.038217e-07
1.625995e+04	1.017985e-07
1.626982e+04	9.981261e-08
1.627968e+04	9.786357e-08
1.628955e+04	9.595069e-08
1.629942e+04	9.407332e-08
1.630928e+04	9.223086e-08
1.631915e+04	9.042269e-08
1.632902e+04	8.864821e-08
1.633888e+04	8.690683e-08
1.634875e+04	8.519796e-08
1.635862e+04	8.352104e-08
1.636848e+04	8.187550e-08
1.637835e+04	8.026079e-08
1.638822e+04	7.867636e-08
1.639808e+04	7.712168e-08
1.640795e+04	7.559623e-08
1.641782e+04	7.409947e-08
1.642768e+04	7.263091e-08
1.643755e+04	7.119004e-08
1.644741e+04	6.977637e-08
1.645728e+04	6.838941e-08
1.646715e+04	6.702869e-08
1.647701e+04	6.569375e-08
1.648688e+04	6.438411e-08
1.649675e+04	6.309933e-08
1.650661e+04	6.183896e-08
1.651648e+04	6.060256e-08
1.652635e+04	5.938970e-08
1.653621e+04	5.819997e-08
1.654608e+04	5.703293e-08
1.655595e+04	5.588819e-08
1.656581e+04	5.476533e-08
1.657568e+04	5.366397e-08
1.658555e+04	5.258372e-08
1.659541e+04	5.152419e-08
1.660528e+04	5.048501e-08
1.661514e+04	4.946580e-08
1.662501e+04	4.846621e-08
1.663488e+04	4.748587e-08
1.664474e+04	4.652445e-08
1.665461e+04	4.558158e-08
1.666448e+04	4.465693e-08
1.667434e+04	4.375018e-08
1.668421e+04	4.286098e-08
1.669408e+04	4.198903e-08
1.670394e+04	4.113399e-08
1.671381e+04	4.029557e-08
1.672368e+04	3.947346e-08
1.673354e+04	3.866735e-08
1.674341e+04	3.787695e-08
1.675328e+04	3.710197e-08
1.676314e+04	3.634212e-08
1.677301e+04	3.559713e-08
1.678287e+04	3.486673e-08
1.679274e+04	3.415063e-08
1.680261e+04	3.344857e-08
1.681247e+04	3.276030e-08
1.682234e+04	3.208555e-08
1.683221e+04	3.142408e-08
1.684207e+04	3.077563e-08
1.685194e+04	3.013996e-08
1.686181e+04	2.951684e-08
1.687167e+04	2.890603e-08
1.688154e+04	2.830730e-08
1.689141e+04	2.772041e-08
1.690127e+04	2.714516e-08
1.691114e+04	2.658132e-08
1.692101e+04	2.602867e-08
1.693087e+04	2.548701e-08
1.694074e+04	2.495612e-08
1.695061e+04	2.443581e-08
1.696047e+04	2.392587e-08
1.697034e+04	2.342610e-08
1.698020e+04	2.293633e-08
1.699007e+04	2.245634e-08
1.699994e+04	2.198596e-08
1.700980e+04	2.152501e-08
1.701967e+04	2.107331e-08
1.702954e+04	2.063067e-08
1.703940e+04	2.019693e-08
1.704927e+04	1.977192e-08
1.705914e+04	1.935547e-08
1.706900e+04	1.894741e-08
1.707887e+04	1.854759e-08
1.708874e+04	1.815584e-08
1.709860e+04	1.777202e-08
1.710847e+04	1.739597e-08
1.711834e+04	1.702753e-08
1.712820e+04	1.666657e-08
1.713807e+04	1.631293e-08
1.714793e+04	1.596648e-08
1.715780e+04	1.562708e-08
1.716767e+04	1.529459e-08
1.717753e+04	1.496888e-08
1.718740e+04	1.464982e-08
1.719727e+04	1.433727e-08
1.720713e+04	1.403110e-08
1.721700e+04	1.373121e-08
1.722687e+04	1.343746e-08
1.723673e+04	1.314973e-08
1.724660e+04	1.286791e-08
1.725647e+04	1.259187e-08
1.726633e+04	1.232152e-08
1.727620e+04	1.205673e-08
1.728607e+04	1.179739e-08
1.729593e+04	1.154341e-08
1.730580e+04	1.129467e-08
1.731566e+04	1.105107e-08
1.732553e+04	1.081250e-08
1.733540e+04	1.057888e-08
1.734526e+04	1.035010e-08
1.735513e+04	1.012607e-08
1.736500e+04	9.906692e-09
1.737486e+04	9.691873e-09
1.738473e+04	9.481524e-09
1.739460e+04	9.275556e-09
1.740446e+04	9.073882e-09
1.741433e+04	8.876417e-09
1.742420e+04	8.683077e-09
1.743406e+04	8.493780e-09
1.744393e+04	8.308445e-09
1.745380e+04	8.126992e-09
1.746366e+04	7.949345e-09
1.747353e+04	7.775426e-09
1.748339e+04	7.605161e-09
1.749326e+04	7.438478e-09
1.750313e+04	7.275303e-09
1.751299e+04	7.115566e-09
1.752286e+04	6.959199e-09
1.753273e+04	6.806133e-09
1.754259e+04	6.656301e-09
1.755246e+04	6.509639e-09
1.756233e+04	6.366081e-09
1.757219e+04	6.225567e-09
1.758206e+04	6.088032e-09
1.759193e+04	5.953418e-09
1.760179e+04	5.821665e-09
1.761166e+04	5.692715e-09
1.762153e+04	5.566511e-09
1.763139e+04	5.442996e-09
1.764126e+04	5.322117e-09
1.765112e+04	5.203819e-09
1.766099e+04	5.088049e-09
1.767086e+04	4.974756e-09
1.768072e+04	4.863889e-09
1.769059e+04	4.755399e-09
1.770046e+04	4.649236e-09
1.771032e+04	4.545353e-09
1.772019e+04	4.443703e-09
1.773006e+04	4.344240e-09
1.773992e+04	4.246920e-09
1.774979e+04	4.151697e-09
1.775966e+04	4.058528e-09
1.776952e+04	3.967372e-09
1.777939e+04	3.878186e-09
1.778926e+04	3.790929e-09
1.779912e+04	3.705563e-09
1.780899e+04	3.622047e-09
1.781885e+04	3.540342e-09
1.782872e+04	3.460413e-09
1.783859e+04	3.382220e-09
1.784845e+04	3.305729e-09
1.785832e+04	3.230904e-09
1.786819e+04	3.157710e-09
1.787805e+04	3.086112e-09
1.788792e+04	3.016079e-09
1.789779e+04	2.947576e-09
1.790765e+04	2.880571e-09
1.791752e+04	2.815034e-09
1.792739e+04	2.750934e-09
1.793725e+04	2.688239e-09
1.794712e+04	2.626922e-09
1.795699e+04	2.566952e-09
1.796685e+04	2.508301e-09
1.797672e+04	2.450942e-09
1.798659e+04	2.394847e-09
1.799645e+04	2.339990e-09
1.800632e+04	2.286343e-09
1.801618e+04	2.233882e-09
1.802605e+04	2.182582e-09
1.803592e+04	2.132417e-09
1.804578e+04	2.083364e-09
1.805565e+04	2.035399e-09
1.806552e+04	1.988499e-09
1.807538e+04	1.942641e-09
1.808525e+04	1.897803e-09
1.809512e+04	1.853963e-09
1.810498e+04	1.811100e-09
1.811485e+04	1.769193e-09
1.812472e+04	1.728221e-09
1.813458e+04	1.688164e-09
1.814445e+04	1.649003e-09
1.815432e+04	1.610719e-09
1.816418e+04	1.573292e-09
1.817405e+04	1.536705e-09
1.818391e+04	1.500938e-09
1.819378e+04	1.465975e-09
1.820365e+04	1.431798e-09
1.821351e+04	1.398390e-09
1.822338e+04	1.365734e-09
1.823325e+04	1.333814e-09
1.824311e+04	1.302615e-09
1.825298e+04	1.272120e-09
1.826285e+04	1.242314e-09
1.827271e+04	1.213183e-09
1.828258e+04	1.184711e-09
1.829245e+04	1.156885e-09
1.830231e+04	1.129689e-09
1.831218e+04	1.103112e-09
1.832205e+04	1.077138e-09
1.833191e+04	1.051754e-09
1.834178e+04	1.026949e-09
1.835164e+04	1.002708e-09
1.836151e+04	9.790207e-10
1.837138e+04	9.558737e-10
1.838124e+04	9.332555e-10
1.839111e+04	9.111543e-10
1.840098e+04	8.895589e-10
1.841084e+04	8.684581e-10
1.842071e+04	8.478410e-10
1.843058e+04	8.276970e-10
1.844044e+04	8.080155e-10
1.845031e+04	7.887863e-10
1.846018e+04	7.699995e-10
1.847004e+04	7.516452e-10
1.847991e+04	7.337139e-10
1.848978e+04	7.161961e-10
1.849964e+04	6.990827e-10
1.850951e+04	6.823647e-10
1.851937e+04	6.660333e-10
1.852924e+04	6.500798e-10
1.853911e+04	6.344959e-10
1.854897e+04	6.192732e-10
1.855884e+04	6.044038e-10
1.856871e+04	5.898797e-10
1.857857e+04	5.756933e-10
1.858844e+04	5.618368e-10
1.859831e+04	5.483030e-10
1.860817e+04	5.350846e-10
1.861804e+04	5.221744e-10
1.862791e+04	5.095657e-10
1.863777e+04	4.972515e-10
1.864764e+04	4.852253e-10
1.865751e+04	4.734806e-10
1.866737e+04	4.620110e-10
1.867724e+04	4.508102e-10
1.868710e+04	4.398723e-10
1.869697e+04	4.291913e-10
1.870684e+04	4.187613e-10
1.871670e+04	4.085766e-10
1.872657e+04	3.986318e-10
1.873644e+04	3.889212e-10
1.874630e+04	3.794398e-10
1.875617e+04	3.701821e-10
1.876604e+04	3.611431e-10
1.877590e+04	3.523178e-10
1.878577e+04	3.437014e-10
1.879564e+04	3.352890e-10
1.880550e+04	3.270761e-10
1.881537e+04	3.190580e-10
1.882524e+04	3.112303e-10
1.883510e+04	3.035886e-10
1.884497e+04	2.961286e-10
1.885483e+04	2.888463e-10
1.886470e+04	2.817374e-10
1.887457e+04	2.747980e-10
1.888443e+04	2.680243e-10
1.889430e+04	2.614123e-10
1.890417e+04	2.549584e-10
1.891403e+04	2.486589e-10
1.892390e+04	2.425102e-10
1.893377e+04	2.365088e-10
1.894363e+04	2.306514e-10
1.895350e+04	2.249346e-10
1.896337e+04	2.193552e-10
1.897323e+04	2.139099e-10
1.898310e+04	2.085956e-10
1.899297e+04	2.034093e-10
