# # p(y | x = 8.200000e-02)
# # y_val	p(y|x)
0.000000e+00	1.649728e-05
9.866476e+00	1.672946e-05
1.973295e+01	1.696455e-05
2.959943e+01	1.720258e-05
3.946590e+01	1.744359e-05
4.933238e+01	1.768761e-05
5.919885e+01	1.793467e-05
6.906533e+01	1.818481e-05
7.893180e+01	1.843805e-05
8.879828e+01	1.869442e-05
9.866476e+01	1.895397e-05
1.085312e+02	1.921673e-05
1.183977e+02	1.948271e-05
1.282642e+02	1.975198e-05
1.381307e+02	2.002454e-05
1.479971e+02	2.030045e-05
1.578636e+02	2.057972e-05
1.677301e+02	2.086241e-05
1.775966e+02	2.114854e-05
1.874630e+02	2.143815e-05
1.973295e+02	2.173127e-05
2.071960e+02	2.202795e-05
2.170625e+02	2.232820e-05
2.269289e+02	2.263208e-05
2.367954e+02	2.293962e-05
2.466619e+02	2.325086e-05
2.565284e+02	2.356583e-05
2.663948e+02	2.388456e-05
2.762613e+02	2.420711e-05
2.861278e+02	2.453350e-05
2.959943e+02	2.486378e-05
3.058607e+02	2.519798e-05
3.157272e+02	2.553613e-05
3.255937e+02	2.587829e-05
3.354602e+02	2.622449e-05
3.453266e+02	2.657477e-05
3.551931e+02	2.692916e-05
3.650596e+02	2.728772e-05
3.749261e+02	2.765047e-05
3.847925e+02	2.801747e-05
3.946590e+02	2.838874e-05
4.045255e+02	2.876434e-05
4.143920e+02	2.914430e-05
4.242585e+02	2.952866e-05
4.341249e+02	2.991747e-05
4.439914e+02	3.031077e-05
4.538579e+02	3.070861e-05
4.637244e+02	3.111101e-05
4.735908e+02	3.151804e-05
4.834573e+02	3.192973e-05
4.933238e+02	3.234612e-05
5.031903e+02	3.276726e-05
5.130567e+02	3.319319e-05
5.229232e+02	3.362396e-05
5.327897e+02	3.405962e-05
5.426562e+02	3.450020e-05
5.525226e+02	3.494575e-05
5.623891e+02	3.539632e-05
5.722556e+02	3.585196e-05
5.821221e+02	3.631271e-05
5.919885e+02	3.677861e-05
6.018550e+02	3.724971e-05
6.117215e+02	3.772607e-05
6.215880e+02	3.820772e-05
6.314544e+02	3.869472e-05
6.413209e+02	3.918711e-05
6.511874e+02	3.968494e-05
6.610539e+02	4.018826e-05
6.709203e+02	4.069712e-05
6.807868e+02	4.121156e-05
6.906533e+02	4.173164e-05
7.005198e+02	4.225740e-05
7.103862e+02	4.278890e-05
7.202527e+02	4.332618e-05
7.301192e+02	4.386930e-05
7.399857e+02	4.441830e-05
7.498521e+02	4.497324e-05
7.597186e+02	4.553416e-05
7.695851e+02	4.610112e-05
7.794516e+02	4.667417e-05
7.893180e+02	4.725336e-05
7.991845e+02	4.783874e-05
8.090510e+02	4.843037e-05
8.189175e+02	4.902829e-05
8.287839e+02	4.963257e-05
8.386504e+02	5.024324e-05
8.485169e+02	5.086038e-05
8.583834e+02	5.148402e-05
8.682499e+02	5.211423e-05
8.781163e+02	5.275105e-05
8.879828e+02	5.339455e-05
8.978493e+02	5.404477e-05
9.077158e+02	5.470178e-05
9.175822e+02	5.536562e-05
9.274487e+02	5.603635e-05
9.373152e+02	5.671402e-05
9.471817e+02	5.739870e-05
9.570481e+02	5.809044e-05
9.669146e+02	5.878929e-05
9.767811e+02	5.949531e-05
9.866476e+02	6.020856e-05
9.965140e+02	6.092909e-05
1.006381e+03	6.165697e-05
1.016247e+03	6.239224e-05
1.026113e+03	6.313497e-05
1.035980e+03	6.388521e-05
1.045846e+03	6.464302e-05
1.055713e+03	6.540846e-05
1.065579e+03	6.618159e-05
1.075446e+03	6.696246e-05
1.085312e+03	6.775114e-05
1.095179e+03	6.854769e-05
1.105045e+03	6.935215e-05
1.114912e+03	7.016460e-05
1.124778e+03	7.098509e-05
1.134645e+03	7.181369e-05
1.144511e+03	7.265044e-05
1.154378e+03	7.349541e-05
1.164244e+03	7.434867e-05
1.174111e+03	7.521027e-05
1.183977e+03	7.608027e-05
1.193844e+03	7.695874e-05
1.203710e+03	7.784573e-05
1.213576e+03	7.874131e-05
1.223443e+03	7.964553e-05
1.233309e+03	8.055846e-05
1.243176e+03	8.148017e-05
1.253042e+03	8.241070e-05
1.262909e+03	8.335013e-05
1.272775e+03	8.429852e-05
1.282642e+03	8.525592e-05
1.292508e+03	8.622240e-05
1.302375e+03	8.719803e-05
1.312241e+03	8.818287e-05
1.322108e+03	8.917697e-05
1.331974e+03	9.018040e-05
1.341841e+03	9.119323e-05
1.351707e+03	9.221552e-05
1.361574e+03	9.324733e-05
1.371440e+03	9.428872e-05
1.381307e+03	9.533977e-05
1.391173e+03	9.640052e-05
1.401040e+03	9.747105e-05
1.410906e+03	9.855142e-05
1.420772e+03	9.964169e-05
1.430639e+03	1.007419e-04
1.440505e+03	1.018522e-04
1.450372e+03	1.029726e-04
1.460238e+03	1.041031e-04
1.470105e+03	1.052438e-04
1.479971e+03	1.063949e-04
1.489838e+03	1.075563e-04
1.499704e+03	1.087281e-04
1.509571e+03	1.099103e-04
1.519437e+03	1.111032e-04
1.529304e+03	1.123066e-04
1.539170e+03	1.135207e-04
1.549037e+03	1.147456e-04
1.558903e+03	1.159813e-04
1.568770e+03	1.172278e-04
1.578636e+03	1.184853e-04
1.588503e+03	1.197537e-04
1.598369e+03	1.210332e-04
1.608236e+03	1.223239e-04
1.618102e+03	1.236258e-04
1.627968e+03	1.249389e-04
1.637835e+03	1.262633e-04
1.647701e+03	1.275991e-04
1.657568e+03	1.289464e-04
1.667434e+03	1.303051e-04
1.677301e+03	1.316755e-04
1.687167e+03	1.330575e-04
1.697034e+03	1.344512e-04
1.706900e+03	1.358567e-04
1.716767e+03	1.372741e-04
1.726633e+03	1.387033e-04
1.736500e+03	1.401445e-04
1.746366e+03	1.415977e-04
1.756233e+03	1.430630e-04
1.766099e+03	1.445405e-04
1.775966e+03	1.460302e-04
1.785832e+03	1.475322e-04
1.795699e+03	1.490466e-04
1.805565e+03	1.505733e-04
1.815432e+03	1.521125e-04
1.825298e+03	1.536643e-04
1.835164e+03	1.552287e-04
1.845031e+03	1.568057e-04
1.854897e+03	1.583955e-04
1.864764e+03	1.599981e-04
1.874630e+03	1.616135e-04
1.884497e+03	1.632418e-04
1.894363e+03	1.648831e-04
1.904230e+03	1.665375e-04
1.914096e+03	1.682049e-04
1.923963e+03	1.698855e-04
1.933829e+03	1.715794e-04
1.943696e+03	1.732865e-04
1.953562e+03	1.750069e-04
1.963429e+03	1.767408e-04
1.973295e+03	1.784882e-04
1.983162e+03	1.802490e-04
1.993028e+03	1.820235e-04
2.002895e+03	1.838116e-04
2.012761e+03	1.856134e-04
2.022627e+03	1.874290e-04
2.032494e+03	1.892584e-04
2.042360e+03	1.911017e-04
2.052227e+03	1.929589e-04
2.062093e+03	1.948301e-04
2.071960e+03	1.967154e-04
2.081826e+03	1.986148e-04
2.091693e+03	2.005283e-04
2.101559e+03	2.024561e-04
2.111426e+03	2.043982e-04
2.121292e+03	2.063546e-04
2.131159e+03	2.083254e-04
2.141025e+03	2.103107e-04
2.150892e+03	2.123104e-04
2.160758e+03	2.143247e-04
2.170625e+03	2.163537e-04
2.180491e+03	2.183973e-04
2.190358e+03	2.204556e-04
2.200224e+03	2.225287e-04
2.210091e+03	2.246166e-04
2.219957e+03	2.267194e-04
2.229823e+03	2.288371e-04
2.239690e+03	2.309698e-04
2.249556e+03	2.331175e-04
2.259423e+03	2.352803e-04
2.269289e+03	2.374583e-04
2.279156e+03	2.396514e-04
2.289022e+03	2.418597e-04
2.298889e+03	2.440833e-04
2.308755e+03	2.463223e-04
2.318622e+03	2.485766e-04
2.328488e+03	2.508463e-04
2.338355e+03	2.531315e-04
2.348221e+03	2.554322e-04
2.358088e+03	2.577484e-04
2.367954e+03	2.600802e-04
2.377821e+03	2.624277e-04
2.387687e+03	2.647909e-04
2.397554e+03	2.671698e-04
2.407420e+03	2.695644e-04
2.417287e+03	2.719749e-04
2.427153e+03	2.744012e-04
2.437019e+03	2.768434e-04
2.446886e+03	2.793015e-04
2.456752e+03	2.817756e-04
2.466619e+03	2.842657e-04
2.476485e+03	2.867719e-04
2.486352e+03	2.892941e-04
2.496218e+03	2.918324e-04
2.506085e+03	2.943869e-04
2.515951e+03	2.969576e-04
2.525818e+03	2.995445e-04
2.535684e+03	3.021476e-04
2.545551e+03	3.047671e-04
2.555417e+03	3.074028e-04
2.565284e+03	3.100549e-04
2.575150e+03	3.127234e-04
2.585017e+03	3.154083e-04
2.594883e+03	3.181096e-04
2.604750e+03	3.208274e-04
2.614616e+03	3.235617e-04
2.624483e+03	3.263125e-04
2.634349e+03	3.290799e-04
2.644215e+03	3.318638e-04
2.654082e+03	3.346643e-04
2.663948e+03	3.374814e-04
2.673815e+03	3.403152e-04
2.683681e+03	3.431656e-04
2.693548e+03	3.460327e-04
2.703414e+03	3.489165e-04
2.713281e+03	3.518171e-04
2.723147e+03	3.547343e-04
2.733014e+03	3.576683e-04
2.742880e+03	3.606191e-04
2.752747e+03	3.635867e-04
2.762613e+03	3.665710e-04
2.772480e+03	3.695722e-04
2.782346e+03	3.725902e-04
2.792213e+03	3.756251e-04
2.802079e+03	3.786768e-04
2.811946e+03	3.817453e-04
2.821812e+03	3.848307e-04
2.831678e+03	3.879330e-04
2.841545e+03	3.910521e-04
2.851411e+03	3.941882e-04
2.861278e+03	3.973411e-04
2.871144e+03	4.005109e-04
2.881011e+03	4.036976e-04
2.890877e+03	4.069012e-04
2.900744e+03	4.101217e-04
2.910610e+03	4.133591e-04
2.920477e+03	4.166134e-04
2.930343e+03	4.198846e-04
2.940210e+03	4.231727e-04
2.950076e+03	4.264776e-04
2.959943e+03	4.297995e-04
2.969809e+03	4.331382e-04
2.979676e+03	4.364937e-04
2.989542e+03	4.398661e-04
2.999409e+03	4.432554e-04
3.009275e+03	4.466614e-04
3.019142e+03	4.500843e-04
3.029008e+03	4.535240e-04
3.038874e+03	4.569805e-04
3.048741e+03	4.604537e-04
3.058607e+03	4.639437e-04
3.068474e+03	4.674505e-04
3.078340e+03	4.709739e-04
3.088207e+03	4.745140e-04
3.098073e+03	4.780708e-04
3.107940e+03	4.816443e-04
3.117806e+03	4.852344e-04
3.127673e+03	4.888410e-04
3.137539e+03	4.924643e-04
3.147406e+03	4.961041e-04
3.157272e+03	4.997604e-04
3.167139e+03	5.034331e-04
3.177005e+03	5.071223e-04
3.186872e+03	5.108280e-04
3.196738e+03	5.145500e-04
3.206605e+03	5.182883e-04
3.216471e+03	5.220430e-04
3.226338e+03	5.258139e-04
3.236204e+03	5.296011e-04
3.246070e+03	5.334044e-04
3.255937e+03	5.372239e-04
3.265803e+03	5.410595e-04
3.275670e+03	5.449112e-04
3.285536e+03	5.487788e-04
3.295403e+03	5.526624e-04
3.305269e+03	5.565620e-04
3.315136e+03	5.604773e-04
3.325002e+03	5.644085e-04
3.334869e+03	5.683555e-04
3.344735e+03	5.723181e-04
3.354602e+03	5.762964e-04
3.364468e+03	5.802903e-04
3.374335e+03	5.842998e-04
3.384201e+03	5.883247e-04
3.394068e+03	5.923650e-04
3.403934e+03	5.964206e-04
3.413801e+03	6.004915e-04
3.423667e+03	6.045777e-04
3.433534e+03	6.086790e-04
3.443400e+03	6.127954e-04
3.453266e+03	6.169267e-04
3.463133e+03	6.210731e-04
3.472999e+03	6.252343e-04
3.482866e+03	6.294103e-04
3.492732e+03	6.336010e-04
3.502599e+03	6.378063e-04
3.512465e+03	6.420262e-04
3.522332e+03	6.462606e-04
3.532198e+03	6.505094e-04
3.542065e+03	6.547725e-04
3.551931e+03	6.590499e-04
3.561798e+03	6.633414e-04
3.571664e+03	6.676470e-04
3.581531e+03	6.719665e-04
3.591397e+03	6.762999e-04
3.601264e+03	6.806472e-04
3.611130e+03	6.850081e-04
3.620997e+03	6.893826e-04
3.630863e+03	6.937707e-04
3.640729e+03	6.981721e-04
3.650596e+03	7.025869e-04
3.660462e+03	7.070149e-04
3.670329e+03	7.114560e-04
3.680195e+03	7.159101e-04
3.690062e+03	7.203772e-04
3.699928e+03	7.248570e-04
3.709795e+03	7.293495e-04
3.719661e+03	7.338546e-04
3.729528e+03	7.383722e-04
3.739394e+03	7.429022e-04
3.749261e+03	7.474444e-04
3.759127e+03	7.519987e-04
3.768994e+03	7.565650e-04
3.778860e+03	7.611433e-04
3.788727e+03	7.657334e-04
3.798593e+03	7.703351e-04
3.808460e+03	7.749483e-04
3.818326e+03	7.795730e-04
3.828193e+03	7.842089e-04
3.838059e+03	7.888561e-04
3.847925e+03	7.935142e-04
3.857792e+03	7.981833e-04
3.867658e+03	8.028632e-04
3.877525e+03	8.075537e-04
3.887391e+03	8.122547e-04
3.897258e+03	8.169661e-04
3.907124e+03	8.216878e-04
3.916991e+03	8.264195e-04
3.926857e+03	8.311613e-04
3.936724e+03	8.359128e-04
3.946590e+03	8.406741e-04
3.956457e+03	8.454448e-04
3.966323e+03	8.502250e-04
3.976190e+03	8.550144e-04
3.986056e+03	8.598130e-04
3.995923e+03	8.646204e-04
4.005789e+03	8.694367e-04
4.015656e+03	8.742617e-04
4.025522e+03	8.790951e-04
4.035389e+03	8.839369e-04
4.045255e+03	8.887868e-04
4.055121e+03	8.936448e-04
4.064988e+03	8.985107e-04
4.074854e+03	9.033843e-04
4.084721e+03	9.082654e-04
4.094587e+03	9.131539e-04
4.104454e+03	9.180497e-04
4.114320e+03	9.229525e-04
4.124187e+03	9.278622e-04
4.134053e+03	9.327786e-04
4.143920e+03	9.377016e-04
4.153786e+03	9.426309e-04
4.163653e+03	9.475665e-04
4.173519e+03	9.525081e-04
4.183386e+03	9.574555e-04
4.193252e+03	9.624087e-04
4.203119e+03	9.673674e-04
4.212985e+03	9.723314e-04
4.222852e+03	9.773005e-04
4.232718e+03	9.822747e-04
4.242585e+03	9.872536e-04
4.252451e+03	9.922371e-04
4.262317e+03	9.972250e-04
4.272184e+03	1.002217e-03
4.282050e+03	1.007213e-03
4.291917e+03	1.012214e-03
4.301783e+03	1.017217e-03
4.311650e+03	1.022225e-03
4.321516e+03	1.027235e-03
4.331383e+03	1.032249e-03
4.341249e+03	1.037265e-03
4.351116e+03	1.042285e-03
4.360982e+03	1.047306e-03
4.370849e+03	1.052330e-03
4.380715e+03	1.057357e-03
4.390582e+03	1.062385e-03
4.400448e+03	1.067415e-03
4.410315e+03	1.072446e-03
4.420181e+03	1.077479e-03
4.430048e+03	1.082512e-03
4.439914e+03	1.087547e-03
4.449780e+03	1.092582e-03
4.459647e+03	1.097618e-03
4.469513e+03	1.102654e-03
4.479380e+03	1.107691e-03
4.489246e+03	1.112727e-03
4.499113e+03	1.117762e-03
4.508979e+03	1.122798e-03
4.518846e+03	1.127832e-03
4.528712e+03	1.132866e-03
4.538579e+03	1.137898e-03
4.548445e+03	1.142929e-03
4.558312e+03	1.147958e-03
4.568178e+03	1.152985e-03
4.578045e+03	1.158011e-03
4.587911e+03	1.163034e-03
4.597778e+03	1.168054e-03
4.607644e+03	1.173072e-03
4.617511e+03	1.178087e-03
4.627377e+03	1.183099e-03
4.637244e+03	1.188107e-03
4.647110e+03	1.193112e-03
4.656976e+03	1.198113e-03
4.666843e+03	1.203110e-03
4.676709e+03	1.208102e-03
4.686576e+03	1.213090e-03
4.696442e+03	1.218074e-03
4.706309e+03	1.223052e-03
4.716175e+03	1.228025e-03
4.726042e+03	1.232993e-03
4.735908e+03	1.237955e-03
4.745775e+03	1.242911e-03
4.755641e+03	1.247862e-03
4.765508e+03	1.252805e-03
4.775374e+03	1.257743e-03
4.785241e+03	1.262673e-03
4.795107e+03	1.267597e-03
4.804974e+03	1.272513e-03
4.814840e+03	1.277422e-03
4.824707e+03	1.282323e-03
4.834573e+03	1.287216e-03
4.844440e+03	1.292100e-03
4.854306e+03	1.296977e-03
4.864172e+03	1.301845e-03
4.874039e+03	1.306703e-03
4.883905e+03	1.311553e-03
4.893772e+03	1.316393e-03
4.903638e+03	1.321224e-03
4.913505e+03	1.326045e-03
4.923371e+03	1.330856e-03
4.933238e+03	1.335656e-03
4.943104e+03	1.340446e-03
4.952971e+03	1.345225e-03
4.962837e+03	1.349994e-03
4.972704e+03	1.354750e-03
4.982570e+03	1.359496e-03
4.992437e+03	1.364229e-03
5.002303e+03	1.368951e-03
5.012170e+03	1.373660e-03
5.022036e+03	1.378357e-03
5.031903e+03	1.383042e-03
5.041769e+03	1.387713e-03
5.051636e+03	1.392371e-03
5.061502e+03	1.397016e-03
5.071368e+03	1.401647e-03
5.081235e+03	1.406264e-03
5.091101e+03	1.410867e-03
5.100968e+03	1.415456e-03
5.110834e+03	1.420030e-03
5.120701e+03	1.424589e-03
5.130567e+03	1.429133e-03
5.140434e+03	1.433662e-03
5.150300e+03	1.438176e-03
5.160167e+03	1.442673e-03
5.170033e+03	1.447155e-03
5.179900e+03	1.451620e-03
5.189766e+03	1.456069e-03
5.199633e+03	1.460501e-03
5.209499e+03	1.464916e-03
5.219366e+03	1.469314e-03
5.229232e+03	1.473694e-03
5.239099e+03	1.478057e-03
5.248965e+03	1.482402e-03
5.258831e+03	1.486729e-03
5.268698e+03	1.491037e-03
5.278564e+03	1.495327e-03
5.288431e+03	1.499598e-03
5.298297e+03	1.503849e-03
5.308164e+03	1.508082e-03
5.318030e+03	1.512295e-03
5.327897e+03	1.516488e-03
5.337763e+03	1.520661e-03
5.347630e+03	1.524815e-03
5.357496e+03	1.528947e-03
5.367363e+03	1.533059e-03
5.377229e+03	1.537150e-03
5.387096e+03	1.541220e-03
5.396962e+03	1.545269e-03
5.406829e+03	1.549295e-03
5.416695e+03	1.553301e-03
5.426562e+03	1.557284e-03
5.436428e+03	1.561245e-03
5.446295e+03	1.565183e-03
5.456161e+03	1.569099e-03
5.466027e+03	1.572992e-03
5.475894e+03	1.576861e-03
5.485760e+03	1.580708e-03
5.495627e+03	1.584531e-03
5.505493e+03	1.588330e-03
5.515360e+03	1.592105e-03
5.525226e+03	1.595855e-03
5.535093e+03	1.599582e-03
5.544959e+03	1.603284e-03
5.554826e+03	1.606960e-03
5.564692e+03	1.610612e-03
5.574559e+03	1.614239e-03
5.584425e+03	1.617840e-03
5.594292e+03	1.621415e-03
5.604158e+03	1.624965e-03
5.614025e+03	1.628488e-03
5.623891e+03	1.631986e-03
5.633758e+03	1.635456e-03
5.643624e+03	1.638900e-03
5.653491e+03	1.642317e-03
5.663357e+03	1.645707e-03
5.673223e+03	1.649070e-03
5.683090e+03	1.652405e-03
5.692956e+03	1.655713e-03
5.702823e+03	1.658993e-03
5.712689e+03	1.662244e-03
5.722556e+03	1.665468e-03
5.732422e+03	1.668663e-03
5.742289e+03	1.671829e-03
5.752155e+03	1.674966e-03
5.762022e+03	1.678075e-03
5.771888e+03	1.681154e-03
5.781755e+03	1.684204e-03
5.791621e+03	1.687224e-03
5.801488e+03	1.690215e-03
5.811354e+03	1.693176e-03
5.821221e+03	1.696107e-03
5.831087e+03	1.699007e-03
5.840954e+03	1.701877e-03
5.850820e+03	1.704716e-03
5.860687e+03	1.707525e-03
5.870553e+03	1.710303e-03
5.880419e+03	1.713049e-03
5.890286e+03	1.715765e-03
5.900152e+03	1.718449e-03
5.910019e+03	1.721101e-03
5.919885e+03	1.723722e-03
5.929752e+03	1.726310e-03
5.939618e+03	1.728867e-03
5.949485e+03	1.731391e-03
5.959351e+03	1.733883e-03
5.969218e+03	1.736343e-03
5.979084e+03	1.738770e-03
5.988951e+03	1.741164e-03
5.998817e+03	1.743525e-03
6.008684e+03	1.745853e-03
6.018550e+03	1.748148e-03
6.028417e+03	1.750409e-03
6.038283e+03	1.752637e-03
6.048150e+03	1.754831e-03
6.058016e+03	1.756992e-03
6.067882e+03	1.759118e-03
6.077749e+03	1.761211e-03
6.087615e+03	1.763269e-03
6.097482e+03	1.765293e-03
6.107348e+03	1.767283e-03
6.117215e+03	1.769238e-03
6.127081e+03	1.771158e-03
6.136948e+03	1.773044e-03
6.146814e+03	1.774895e-03
6.156681e+03	1.776710e-03
6.166547e+03	1.778491e-03
6.176414e+03	1.780236e-03
6.186280e+03	1.781946e-03
6.196147e+03	1.783621e-03
6.206013e+03	1.785260e-03
6.215880e+03	1.786863e-03
6.225746e+03	1.788431e-03
6.235613e+03	1.789963e-03
6.245479e+03	1.791459e-03
6.255346e+03	1.792919e-03
6.265212e+03	1.794342e-03
6.275078e+03	1.795730e-03
6.284945e+03	1.797081e-03
6.294811e+03	1.798396e-03
6.304678e+03	1.799675e-03
6.314544e+03	1.800916e-03
6.324411e+03	1.802122e-03
6.334277e+03	1.803290e-03
6.344144e+03	1.804422e-03
6.354010e+03	1.805517e-03
6.363877e+03	1.806575e-03
6.373743e+03	1.807596e-03
6.383610e+03	1.808580e-03
6.393476e+03	1.809528e-03
6.403343e+03	1.810437e-03
6.413209e+03	1.811310e-03
6.423076e+03	1.812146e-03
6.432942e+03	1.812944e-03
6.442809e+03	1.813704e-03
6.452675e+03	1.814428e-03
6.462542e+03	1.815114e-03
6.472408e+03	1.815762e-03
6.482274e+03	1.816373e-03
6.492141e+03	1.816946e-03
6.502007e+03	1.817482e-03
6.511874e+03	1.817980e-03
6.521740e+03	1.818440e-03
6.531607e+03	1.818863e-03
6.541473e+03	1.819248e-03
6.551340e+03	1.819595e-03
6.561206e+03	1.819905e-03
6.571073e+03	1.820176e-03
6.580939e+03	1.820410e-03
6.590806e+03	1.820606e-03
6.600672e+03	1.820764e-03
6.610539e+03	1.820885e-03
6.620405e+03	1.820967e-03
6.630272e+03	1.821012e-03
6.640138e+03	1.821019e-03
6.650005e+03	1.820988e-03
6.659871e+03	1.820919e-03
6.669738e+03	1.820812e-03
6.679604e+03	1.820667e-03
6.689470e+03	1.820485e-03
6.699337e+03	1.820264e-03
6.709203e+03	1.820006e-03
6.719070e+03	1.819710e-03
6.728936e+03	1.819377e-03
6.738803e+03	1.819005e-03
6.748669e+03	1.818596e-03
6.758536e+03	1.818149e-03
6.768402e+03	1.817664e-03
6.778269e+03	1.817142e-03
6.788135e+03	1.816582e-03
6.798002e+03	1.815985e-03
6.807868e+03	1.815350e-03
6.817735e+03	1.814677e-03
6.827601e+03	1.813967e-03
6.837468e+03	1.813220e-03
6.847334e+03	1.812435e-03
6.857201e+03	1.811613e-03
6.867067e+03	1.810754e-03
6.876933e+03	1.809857e-03
6.886800e+03	1.808923e-03
6.896666e+03	1.807952e-03
6.906533e+03	1.806945e-03
6.916399e+03	1.805900e-03
6.926266e+03	1.804818e-03
6.936132e+03	1.803699e-03
6.945999e+03	1.802544e-03
6.955865e+03	1.801352e-03
6.965732e+03	1.800123e-03
6.975598e+03	1.798857e-03
6.985465e+03	1.797555e-03
6.995331e+03	1.796217e-03
7.005198e+03	1.794843e-03
7.015064e+03	1.793432e-03
7.024931e+03	1.791985e-03
7.034797e+03	1.790502e-03
7.044664e+03	1.788983e-03
7.054530e+03	1.787428e-03
7.064397e+03	1.785837e-03
7.074263e+03	1.784211e-03
7.084129e+03	1.782549e-03
7.093996e+03	1.780852e-03
7.103862e+03	1.779119e-03
7.113729e+03	1.777351e-03
7.123595e+03	1.775548e-03
7.133462e+03	1.773710e-03
7.143328e+03	1.771836e-03
7.153195e+03	1.769928e-03
7.163061e+03	1.767986e-03
7.172928e+03	1.766008e-03
7.182794e+03	1.763997e-03
7.192661e+03	1.761951e-03
7.202527e+03	1.759870e-03
7.212394e+03	1.757756e-03
7.222260e+03	1.755608e-03
7.232127e+03	1.753425e-03
7.241993e+03	1.751210e-03
7.251860e+03	1.748960e-03
7.261726e+03	1.746677e-03
7.271593e+03	1.744361e-03
7.281459e+03	1.742012e-03
7.291325e+03	1.739629e-03
7.301192e+03	1.737214e-03
7.311058e+03	1.734766e-03
7.320925e+03	1.732286e-03
7.330791e+03	1.729773e-03
7.340658e+03	1.727228e-03
7.350524e+03	1.724651e-03
7.360391e+03	1.722041e-03
7.370257e+03	1.719400e-03
7.380124e+03	1.716728e-03
7.389990e+03	1.714024e-03
7.399857e+03	1.711288e-03
7.409723e+03	1.708522e-03
7.419590e+03	1.705724e-03
7.429456e+03	1.702896e-03
7.439323e+03	1.700036e-03
7.449189e+03	1.697147e-03
7.459056e+03	1.694227e-03
7.468922e+03	1.691277e-03
7.478789e+03	1.688297e-03
7.488655e+03	1.685287e-03
7.498521e+03	1.682248e-03
7.508388e+03	1.679179e-03
7.518254e+03	1.676081e-03
7.528121e+03	1.672954e-03
7.537987e+03	1.669798e-03
7.547854e+03	1.666613e-03
7.557720e+03	1.663400e-03
7.567587e+03	1.660158e-03
7.577453e+03	1.656889e-03
7.587320e+03	1.653591e-03
7.597186e+03	1.650266e-03
7.607053e+03	1.646913e-03
7.616919e+03	1.643532e-03
7.626786e+03	1.640125e-03
7.636652e+03	1.636691e-03
7.646519e+03	1.633229e-03
7.656385e+03	1.629742e-03
7.666252e+03	1.626228e-03
7.676118e+03	1.622687e-03
7.685984e+03	1.619121e-03
7.695851e+03	1.615529e-03
7.705717e+03	1.611912e-03
7.715584e+03	1.608269e-03
7.725450e+03	1.604601e-03
7.735317e+03	1.600908e-03
7.745183e+03	1.597190e-03
7.755050e+03	1.593448e-03
7.764916e+03	1.589682e-03
7.774783e+03	1.585891e-03
7.784649e+03	1.582077e-03
7.794516e+03	1.578239e-03
7.804382e+03	1.574378e-03
7.814249e+03	1.570493e-03
7.824115e+03	1.566586e-03
7.833982e+03	1.562655e-03
7.843848e+03	1.558702e-03
7.853715e+03	1.554727e-03
7.863581e+03	1.550730e-03
7.873448e+03	1.546711e-03
7.883314e+03	1.542670e-03
7.893180e+03	1.538607e-03
7.903047e+03	1.534524e-03
7.912913e+03	1.530419e-03
7.922780e+03	1.526294e-03
7.932646e+03	1.522148e-03
7.942513e+03	1.517982e-03
7.952379e+03	1.513796e-03
7.962246e+03	1.509590e-03
7.972112e+03	1.505365e-03
7.981979e+03	1.501120e-03
7.991845e+03	1.496856e-03
8.001712e+03	1.492573e-03
8.011578e+03	1.488271e-03
8.021445e+03	1.483951e-03
8.031311e+03	1.479612e-03
8.041178e+03	1.475256e-03
8.051044e+03	1.470882e-03
8.060911e+03	1.466490e-03
8.070777e+03	1.462081e-03
8.080644e+03	1.457655e-03
8.090510e+03	1.453212e-03
8.100376e+03	1.448753e-03
8.110243e+03	1.444277e-03
8.120109e+03	1.439785e-03
8.129976e+03	1.435278e-03
8.139842e+03	1.430754e-03
8.149709e+03	1.426215e-03
8.159575e+03	1.421662e-03
8.169442e+03	1.417093e-03
8.179308e+03	1.412509e-03
8.189175e+03	1.407911e-03
8.199041e+03	1.403299e-03
8.208908e+03	1.398673e-03
8.218774e+03	1.394033e-03
8.228641e+03	1.389380e-03
8.238507e+03	1.384713e-03
8.248374e+03	1.380033e-03
8.258240e+03	1.375341e-03
8.268107e+03	1.370636e-03
8.277973e+03	1.365919e-03
8.287839e+03	1.361189e-03
8.297706e+03	1.356448e-03
8.307572e+03	1.351695e-03
8.317439e+03	1.346931e-03
8.327305e+03	1.342156e-03
8.337172e+03	1.337370e-03
8.347038e+03	1.332573e-03
8.356905e+03	1.327766e-03
8.366771e+03	1.322949e-03
8.376638e+03	1.318121e-03
8.386504e+03	1.313285e-03
8.396371e+03	1.308438e-03
8.406237e+03	1.303583e-03
8.416104e+03	1.298718e-03
8.425970e+03	1.293845e-03
8.435837e+03	1.288963e-03
8.445703e+03	1.284073e-03
8.455570e+03	1.279174e-03
8.465436e+03	1.274269e-03
8.475303e+03	1.269355e-03
8.485169e+03	1.264434e-03
8.495035e+03	1.259506e-03
8.504902e+03	1.254571e-03
8.514768e+03	1.249630e-03
8.524635e+03	1.244682e-03
8.534501e+03	1.239728e-03
8.544368e+03	1.234767e-03
8.554234e+03	1.229802e-03
8.564101e+03	1.224830e-03
8.573967e+03	1.219854e-03
8.583834e+03	1.214872e-03
8.593700e+03	1.209886e-03
8.603567e+03	1.204895e-03
8.613433e+03	1.199899e-03
8.623300e+03	1.194900e-03
8.633166e+03	1.189897e-03
8.643033e+03	1.184889e-03
8.652899e+03	1.179879e-03
8.662766e+03	1.174865e-03
8.672632e+03	1.169848e-03
8.682499e+03	1.164829e-03
8.692365e+03	1.159807e-03
8.702231e+03	1.154782e-03
8.712098e+03	1.149755e-03
8.721964e+03	1.144727e-03
8.731831e+03	1.139696e-03
8.741697e+03	1.134665e-03
8.751564e+03	1.129632e-03
8.761430e+03	1.124597e-03
8.771297e+03	1.119563e-03
8.781163e+03	1.114527e-03
8.791030e+03	1.109491e-03
8.800896e+03	1.104455e-03
8.810763e+03	1.099419e-03
8.820629e+03	1.094383e-03
8.830496e+03	1.089347e-03
8.840362e+03	1.084312e-03
8.850229e+03	1.079278e-03
8.860095e+03	1.074245e-03
8.869962e+03	1.069213e-03
8.879828e+03	1.064183e-03
8.889695e+03	1.059154e-03
8.899561e+03	1.054127e-03
8.909427e+03	1.049102e-03
8.919294e+03	1.044079e-03
8.929160e+03	1.039059e-03
8.939027e+03	1.034042e-03
8.948893e+03	1.029027e-03
8.958760e+03	1.024015e-03
8.968626e+03	1.019007e-03
8.978493e+03	1.014002e-03
8.988359e+03	1.009000e-03
8.998226e+03	1.004003e-03
9.008092e+03	9.990092e-04
9.017959e+03	9.940197e-04
9.027825e+03	9.890346e-04
9.037692e+03	9.840540e-04
9.047558e+03	9.790781e-04
9.057425e+03	9.741072e-04
9.067291e+03	9.691413e-04
9.077158e+03	9.641807e-04
9.087024e+03	9.592256e-04
9.096890e+03	9.542761e-04
9.106757e+03	9.493323e-04
9.116623e+03	9.443946e-04
9.126490e+03	9.394630e-04
9.136356e+03	9.345377e-04
9.146223e+03	9.296190e-04
9.156089e+03	9.247068e-04
9.165956e+03	9.198016e-04
9.175822e+03	9.149033e-04
9.185689e+03	9.100122e-04
9.195555e+03	9.051284e-04
9.205422e+03	9.002521e-04
9.215288e+03	8.953834e-04
9.225155e+03	8.905226e-04
9.235021e+03	8.856697e-04
9.244888e+03	8.808250e-04
9.254754e+03	8.759886e-04
9.264621e+03	8.711606e-04
9.274487e+03	8.663412e-04
9.284354e+03	8.615305e-04
9.294220e+03	8.567288e-04
9.304086e+03	8.519361e-04
9.313953e+03	8.471526e-04
9.323819e+03	8.423785e-04
9.333686e+03	8.376138e-04
9.343552e+03	8.328588e-04
9.353419e+03	8.281135e-04
9.363285e+03	8.233782e-04
9.373152e+03	8.186529e-04
9.383018e+03	8.139378e-04
9.392885e+03	8.092331e-04
9.402751e+03	8.045388e-04
9.412618e+03	7.998551e-04
9.422484e+03	7.951821e-04
9.432351e+03	7.905200e-04
9.442217e+03	7.858690e-04
9.452084e+03	7.812290e-04
9.461950e+03	7.766003e-04
9.471817e+03	7.719829e-04
9.481683e+03	7.673771e-04
9.491550e+03	7.627828e-04
9.501416e+03	7.582004e-04
9.511282e+03	7.536297e-04
9.521149e+03	7.490711e-04
9.531015e+03	7.445245e-04
9.540882e+03	7.399902e-04
9.550748e+03	7.354682e-04
9.560615e+03	7.309586e-04
9.570481e+03	7.264616e-04
9.580348e+03	7.219772e-04
9.590214e+03	7.175056e-04
9.600081e+03	7.130468e-04
9.609947e+03	7.086010e-04
9.619814e+03	7.041683e-04
9.629680e+03	6.997488e-04
9.639547e+03	6.953426e-04
9.649413e+03	6.909498e-04
9.659280e+03	6.865704e-04
9.669146e+03	6.822046e-04
9.679013e+03	6.778524e-04
9.688879e+03	6.735141e-04
9.698746e+03	6.691896e-04
9.708612e+03	6.648790e-04
9.718478e+03	6.605824e-04
9.728345e+03	6.563000e-04
9.738211e+03	6.520318e-04
9.748078e+03	6.477779e-04
9.757944e+03	6.435383e-04
9.767811e+03	6.393132e-04
9.777677e+03	6.351026e-04
9.787544e+03	6.309067e-04
9.797410e+03	6.267254e-04
9.807277e+03	6.225589e-04
9.817143e+03	6.184073e-04
9.827010e+03	6.142705e-04
9.836876e+03	6.101488e-04
9.846743e+03	6.060421e-04
9.856609e+03	6.019505e-04
9.866476e+03	5.978742e-04
9.876342e+03	5.938130e-04
9.886209e+03	5.897672e-04
9.896075e+03	5.857368e-04
9.905941e+03	5.817219e-04
9.915808e+03	5.777224e-04
9.925674e+03	5.737385e-04
9.935541e+03	5.697703e-04
9.945407e+03	5.658177e-04
9.955274e+03	5.618809e-04
9.965140e+03	5.579598e-04
9.975007e+03	5.540546e-04
9.984873e+03	5.501653e-04
9.994740e+03	5.462920e-04
1.000461e+04	5.424346e-04
1.001447e+04	5.385933e-04
1.002434e+04	5.347680e-04
1.003421e+04	5.309589e-04
1.004407e+04	5.271659e-04
1.005394e+04	5.233892e-04
1.006381e+04	5.196287e-04
1.007367e+04	5.158845e-04
1.008354e+04	5.121567e-04
1.009340e+04	5.084452e-04
1.010327e+04	5.047501e-04
1.011314e+04	5.010714e-04
1.012300e+04	4.974092e-04
1.013287e+04	4.937636e-04
1.014274e+04	4.901344e-04
1.015260e+04	4.865218e-04
1.016247e+04	4.829258e-04
1.017234e+04	4.793464e-04
1.018220e+04	4.757836e-04
1.019207e+04	4.722375e-04
1.020194e+04	4.687081e-04
1.021180e+04	4.651954e-04
1.022167e+04	4.616994e-04
1.023154e+04	4.582202e-04
1.024140e+04	4.547577e-04
1.025127e+04	4.513120e-04
1.026113e+04	4.478831e-04
1.027100e+04	4.444711e-04
1.028087e+04	4.410758e-04
1.029073e+04	4.376974e-04
1.030060e+04	4.343358e-04
1.031047e+04	4.309911e-04
1.032033e+04	4.276632e-04
1.033020e+04	4.243522e-04
1.034007e+04	4.210581e-04
1.034993e+04	4.177809e-04
1.035980e+04	4.145206e-04
1.036967e+04	4.112771e-04
1.037953e+04	4.080506e-04
1.038940e+04	4.048409e-04
1.039927e+04	4.016482e-04
1.040913e+04	3.984723e-04
1.041900e+04	3.953134e-04
1.042886e+04	3.921713e-04
1.043873e+04	3.890461e-04
1.044860e+04	3.859378e-04
1.045846e+04	3.828463e-04
1.046833e+04	3.797718e-04
1.047820e+04	3.767141e-04
1.048806e+04	3.736732e-04
1.049793e+04	3.706492e-04
1.050780e+04	3.676420e-04
1.051766e+04	3.646516e-04
1.052753e+04	3.616780e-04
1.053740e+04	3.587213e-04
1.054726e+04	3.557813e-04
1.055713e+04	3.528580e-04
1.056700e+04	3.499515e-04
1.057686e+04	3.470617e-04
1.058673e+04	3.441887e-04
1.059659e+04	3.413323e-04
1.060646e+04	3.384925e-04
1.061633e+04	3.356695e-04
1.062619e+04	3.328630e-04
1.063606e+04	3.300732e-04
1.064593e+04	3.272999e-04
1.065579e+04	3.245432e-04
1.066566e+04	3.218030e-04
1.067553e+04	3.190793e-04
1.068539e+04	3.163721e-04
1.069526e+04	3.136813e-04
1.070513e+04	3.110070e-04
1.071499e+04	3.083490e-04
1.072486e+04	3.057074e-04
1.073473e+04	3.030822e-04
1.074459e+04	3.004732e-04
1.075446e+04	2.978805e-04
1.076432e+04	2.953040e-04
1.077419e+04	2.927438e-04
1.078406e+04	2.901997e-04
1.079392e+04	2.876717e-04
1.080379e+04	2.851598e-04
1.081366e+04	2.826639e-04
1.082352e+04	2.801841e-04
1.083339e+04	2.777203e-04
1.084326e+04	2.752724e-04
1.085312e+04	2.728404e-04
1.086299e+04	2.704243e-04
1.087286e+04	2.680240e-04
1.088272e+04	2.656395e-04
1.089259e+04	2.632707e-04
1.090246e+04	2.609176e-04
1.091232e+04	2.585802e-04
1.092219e+04	2.562584e-04
1.093205e+04	2.539522e-04
1.094192e+04	2.516614e-04
1.095179e+04	2.493862e-04
1.096165e+04	2.471264e-04
1.097152e+04	2.448820e-04
1.098139e+04	2.426529e-04
1.099125e+04	2.404391e-04
1.100112e+04	2.382405e-04
1.101099e+04	2.360572e-04
1.102085e+04	2.338890e-04
1.103072e+04	2.317359e-04
1.104059e+04	2.295978e-04
1.105045e+04	2.274747e-04
1.106032e+04	2.253666e-04
1.107019e+04	2.232734e-04
1.108005e+04	2.211950e-04
1.108992e+04	2.191314e-04
1.109979e+04	2.170825e-04
1.110965e+04	2.150484e-04
1.111952e+04	2.130288e-04
1.112938e+04	2.110239e-04
1.113925e+04	2.090335e-04
1.114912e+04	2.070575e-04
1.115898e+04	2.050959e-04
1.116885e+04	2.031487e-04
1.117872e+04	2.012159e-04
1.118858e+04	1.992972e-04
1.119845e+04	1.973928e-04
1.120832e+04	1.955024e-04
1.121818e+04	1.936262e-04
1.122805e+04	1.917640e-04
1.123792e+04	1.899157e-04
1.124778e+04	1.880814e-04
1.125765e+04	1.862609e-04
1.126752e+04	1.844541e-04
1.127738e+04	1.826611e-04
1.128725e+04	1.808818e-04
1.129711e+04	1.791161e-04
1.130698e+04	1.773639e-04
1.131685e+04	1.756252e-04
1.132671e+04	1.739000e-04
1.133658e+04	1.721881e-04
1.134645e+04	1.704895e-04
1.135631e+04	1.688042e-04
1.136618e+04	1.671320e-04
1.137605e+04	1.654730e-04
1.138591e+04	1.638271e-04
1.139578e+04	1.621941e-04
1.140565e+04	1.605741e-04
1.141551e+04	1.589669e-04
1.142538e+04	1.573726e-04
1.143525e+04	1.557910e-04
1.144511e+04	1.542221e-04
1.145498e+04	1.526658e-04
1.146484e+04	1.511221e-04
1.147471e+04	1.495909e-04
1.148458e+04	1.480722e-04
1.149444e+04	1.465658e-04
1.150431e+04	1.450717e-04
1.151418e+04	1.435898e-04
1.152404e+04	1.421202e-04
1.153391e+04	1.406626e-04
1.154378e+04	1.392171e-04
1.155364e+04	1.377836e-04
1.156351e+04	1.363620e-04
1.157338e+04	1.349523e-04
1.158324e+04	1.335544e-04
1.159311e+04	1.321682e-04
1.160298e+04	1.307937e-04
1.161284e+04	1.294308e-04
1.162271e+04	1.280794e-04
1.163257e+04	1.267395e-04
1.164244e+04	1.254110e-04
1.165231e+04	1.240939e-04
1.166217e+04	1.227880e-04
1.167204e+04	1.214934e-04
1.168191e+04	1.202099e-04
1.169177e+04	1.189374e-04
1.170164e+04	1.176761e-04
1.171151e+04	1.164256e-04
1.172137e+04	1.151861e-04
1.173124e+04	1.139574e-04
1.174111e+04	1.127394e-04
1.175097e+04	1.115322e-04
1.176084e+04	1.103356e-04
1.177071e+04	1.091495e-04
1.178057e+04	1.079740e-04
1.179044e+04	1.068089e-04
1.180030e+04	1.056541e-04
1.181017e+04	1.045097e-04
1.182004e+04	1.033755e-04
1.182990e+04	1.022515e-04
1.183977e+04	1.011377e-04
1.184964e+04	1.000339e-04
1.185950e+04	9.894003e-05
1.186937e+04	9.785613e-05
1.187924e+04	9.678209e-05
1.188910e+04	9.571785e-05
1.189897e+04	9.466335e-05
1.190884e+04	9.361851e-05
1.191870e+04	9.258328e-05
1.192857e+04	9.155760e-05
1.193844e+04	9.054140e-05
1.194830e+04	8.953461e-05
1.195817e+04	8.853718e-05
1.196803e+04	8.754904e-05
1.197790e+04	8.657013e-05
1.198777e+04	8.560038e-05
1.199763e+04	8.463974e-05
1.200750e+04	8.368813e-05
1.201737e+04	8.274551e-05
1.202723e+04	8.181180e-05
1.203710e+04	8.088695e-05
1.204697e+04	7.997089e-05
1.205683e+04	7.906356e-05
1.206670e+04	7.816490e-05
1.207657e+04	7.727484e-05
1.208643e+04	7.639334e-05
1.209630e+04	7.552032e-05
1.210617e+04	7.465572e-05
1.211603e+04	7.379949e-05
1.212590e+04	7.295156e-05
1.213576e+04	7.211187e-05
1.214563e+04	7.128037e-05
1.215550e+04	7.045699e-05
1.216536e+04	6.964167e-05
1.217523e+04	6.883436e-05
1.218510e+04	6.803499e-05
1.219496e+04	6.724351e-05
1.220483e+04	6.645985e-05
1.221470e+04	6.568396e-05
1.222456e+04	6.491578e-05
1.223443e+04	6.415524e-05
1.224430e+04	6.340230e-05
1.225416e+04	6.265690e-05
1.226403e+04	6.191897e-05
1.227390e+04	6.118845e-05
1.228376e+04	6.046530e-05
1.229363e+04	5.974946e-05
1.230350e+04	5.904086e-05
1.231336e+04	5.833945e-05
1.232323e+04	5.764518e-05
1.233309e+04	5.695798e-05
1.234296e+04	5.627781e-05
1.235283e+04	5.560460e-05
1.236269e+04	5.493830e-05
1.237256e+04	5.427886e-05
1.238243e+04	5.362622e-05
1.239229e+04	5.298033e-05
1.240216e+04	5.234112e-05
1.241203e+04	5.170856e-05
1.242189e+04	5.108257e-05
1.243176e+04	5.046312e-05
1.244163e+04	4.985014e-05
1.245149e+04	4.924358e-05
1.246136e+04	4.864339e-05
1.247123e+04	4.804952e-05
1.248109e+04	4.746191e-05
1.249096e+04	4.688051e-05
1.250082e+04	4.630527e-05
1.251069e+04	4.573614e-05
1.252056e+04	4.517307e-05
1.253042e+04	4.461600e-05
1.254029e+04	4.406488e-05
1.255016e+04	4.351967e-05
1.256002e+04	4.298030e-05
1.256989e+04	4.244674e-05
1.257976e+04	4.191894e-05
1.258962e+04	4.139683e-05
1.259949e+04	4.088038e-05
1.260936e+04	4.036953e-05
1.261922e+04	3.986424e-05
1.262909e+04	3.936445e-05
1.263896e+04	3.887012e-05
1.264882e+04	3.838120e-05
1.265869e+04	3.789764e-05
1.266855e+04	3.741940e-05
1.267842e+04	3.694642e-05
1.268829e+04	3.647866e-05
1.269815e+04	3.601608e-05
1.270802e+04	3.555862e-05
1.271789e+04	3.510625e-05
1.272775e+04	3.465890e-05
1.273762e+04	3.421655e-05
1.274749e+04	3.377914e-05
1.275735e+04	3.334663e-05
1.276722e+04	3.291897e-05
1.277709e+04	3.249612e-05
1.278695e+04	3.207804e-05
1.279682e+04	3.166467e-05
1.280669e+04	3.125599e-05
1.281655e+04	3.085193e-05
1.282642e+04	3.045247e-05
1.283628e+04	3.005755e-05
1.284615e+04	2.966714e-05
1.285602e+04	2.928119e-05
1.286588e+04	2.889966e-05
1.287575e+04	2.852251e-05
1.288562e+04	2.814970e-05
1.289548e+04	2.778118e-05
1.290535e+04	2.741691e-05
1.291522e+04	2.705686e-05
1.292508e+04	2.670098e-05
1.293495e+04	2.634924e-05
1.294482e+04	2.600159e-05
1.295468e+04	2.565799e-05
1.296455e+04	2.531841e-05
1.297442e+04	2.498280e-05
1.298428e+04	2.465112e-05
1.299415e+04	2.432335e-05
1.300401e+04	2.399943e-05
1.301388e+04	2.367934e-05
1.302375e+04	2.336303e-05
1.303361e+04	2.305046e-05
1.304348e+04	2.274160e-05
1.305335e+04	2.243642e-05
1.306321e+04	2.213487e-05
1.307308e+04	2.183692e-05
1.308295e+04	2.154253e-05
1.309281e+04	2.125167e-05
1.310268e+04	2.096430e-05
1.311255e+04	2.068039e-05
1.312241e+04	2.039989e-05
1.313228e+04	2.012279e-05
1.314215e+04	1.984903e-05
1.315201e+04	1.957859e-05
1.316188e+04	1.931144e-05
1.317174e+04	1.904753e-05
1.318161e+04	1.878684e-05
1.319148e+04	1.852934e-05
1.320134e+04	1.827498e-05
1.321121e+04	1.802374e-05
1.322108e+04	1.777558e-05
1.323094e+04	1.753048e-05
1.324081e+04	1.728839e-05
1.325068e+04	1.704930e-05
1.326054e+04	1.681316e-05
1.327041e+04	1.657995e-05
1.328028e+04	1.634963e-05
1.329014e+04	1.612218e-05
1.330001e+04	1.589756e-05
1.330988e+04	1.567574e-05
1.331974e+04	1.545670e-05
1.332961e+04	1.524040e-05
1.333948e+04	1.502682e-05
1.334934e+04	1.481592e-05
1.335921e+04	1.460768e-05
1.336907e+04	1.440206e-05
1.337894e+04	1.419905e-05
1.338881e+04	1.399860e-05
1.339867e+04	1.380070e-05
1.340854e+04	1.360531e-05
1.341841e+04	1.341241e-05
1.342827e+04	1.322197e-05
1.343814e+04	1.303396e-05
1.344801e+04	1.284836e-05
1.345787e+04	1.266514e-05
1.346774e+04	1.248427e-05
1.347761e+04	1.230573e-05
1.348747e+04	1.212949e-05
1.349734e+04	1.195553e-05
1.350721e+04	1.178381e-05
1.351707e+04	1.161432e-05
1.352694e+04	1.144703e-05
1.353680e+04	1.128192e-05
1.354667e+04	1.111895e-05
1.355654e+04	1.095812e-05
1.356640e+04	1.079938e-05
1.357627e+04	1.064272e-05
1.358614e+04	1.048812e-05
1.359600e+04	1.033555e-05
1.360587e+04	1.018498e-05
1.361574e+04	1.003640e-05
1.362560e+04	9.889783e-06
1.363547e+04	9.745104e-06
1.364534e+04	9.602342e-06
1.365520e+04	9.461474e-06
1.366507e+04	9.322480e-06
1.367494e+04	9.185336e-06
1.368480e+04	9.050022e-06
1.369467e+04	8.916516e-06
1.370453e+04	8.784796e-06
1.371440e+04	8.654842e-06
1.372427e+04	8.526634e-06
1.373413e+04	8.400150e-06
1.374400e+04	8.275370e-06
1.375387e+04	8.152275e-06
1.376373e+04	8.030843e-06
1.377360e+04	7.911056e-06
1.378347e+04	7.792893e-06
1.379333e+04	7.676336e-06
1.380320e+04	7.561365e-06
1.381307e+04	7.447961e-06
1.382293e+04	7.336105e-06
1.383280e+04	7.225779e-06
1.384267e+04	7.116964e-06
1.385253e+04	7.009642e-06
1.386240e+04	6.903795e-06
1.387226e+04	6.799405e-06
1.388213e+04	6.696454e-06
1.389200e+04	6.594925e-06
1.390186e+04	6.494800e-06
1.391173e+04	6.396062e-06
1.392160e+04	6.298694e-06
1.393146e+04	6.202680e-06
1.394133e+04	6.108002e-06
1.395120e+04	6.014644e-06
1.396106e+04	5.922591e-06
1.397093e+04	5.831824e-06
1.398080e+04	5.742330e-06
1.399066e+04	5.654091e-06
1.400053e+04	5.567092e-06
1.401040e+04	5.481318e-06
1.402026e+04	5.396753e-06
1.403013e+04	5.313383e-06
1.403999e+04	5.231192e-06
1.404986e+04	5.150165e-06
1.405973e+04	5.070287e-06
1.406959e+04	4.991545e-06
1.407946e+04	4.913923e-06
1.408933e+04	4.837408e-06
1.409919e+04	4.761986e-06
1.410906e+04	4.687641e-06
1.411893e+04	4.614362e-06
1.412879e+04	4.542134e-06
1.413866e+04	4.470943e-06
1.414853e+04	4.400777e-06
1.415839e+04	4.331621e-06
1.416826e+04	4.263464e-06
1.417813e+04	4.196292e-06
1.418799e+04	4.130092e-06
1.419786e+04	4.064853e-06
1.420772e+04	4.000560e-06
1.421759e+04	3.937203e-06
1.422746e+04	3.874769e-06
1.423732e+04	3.813245e-06
1.424719e+04	3.752620e-06
1.425706e+04	3.692882e-06
1.426692e+04	3.634020e-06
1.427679e+04	3.576021e-06
1.428666e+04	3.518875e-06
1.429652e+04	3.462570e-06
1.430639e+04	3.407096e-06
1.431626e+04	3.352440e-06
1.432612e+04	3.298592e-06
1.433599e+04	3.245542e-06
1.434586e+04	3.193279e-06
1.435572e+04	3.141792e-06
1.436559e+04	3.091071e-06
1.437545e+04	3.041106e-06
1.438532e+04	2.991886e-06
1.439519e+04	2.943401e-06
1.440505e+04	2.895642e-06
1.441492e+04	2.848599e-06
1.442479e+04	2.802261e-06
1.443465e+04	2.756620e-06
1.444452e+04	2.711666e-06
1.445439e+04	2.667390e-06
1.446425e+04	2.623782e-06
1.447412e+04	2.580834e-06
1.448399e+04	2.538535e-06
1.449385e+04	2.496878e-06
1.450372e+04	2.455854e-06
1.451359e+04	2.415453e-06
1.452345e+04	2.375667e-06
1.453332e+04	2.336489e-06
1.454319e+04	2.297908e-06
1.455305e+04	2.259918e-06
1.456292e+04	2.222509e-06
1.457278e+04	2.185675e-06
1.458265e+04	2.149406e-06
1.459252e+04	2.113695e-06
1.460238e+04	2.078534e-06
1.461225e+04	2.043915e-06
1.462212e+04	2.009832e-06
1.463198e+04	1.976275e-06
1.464185e+04	1.943239e-06
1.465172e+04	1.910715e-06
1.466158e+04	1.878696e-06
1.467145e+04	1.847175e-06
1.468132e+04	1.816146e-06
1.469118e+04	1.785600e-06
1.470105e+04	1.755532e-06
1.471092e+04	1.725935e-06
1.472078e+04	1.696801e-06
1.473065e+04	1.668124e-06
1.474051e+04	1.639897e-06
1.475038e+04	1.612115e-06
1.476025e+04	1.584771e-06
1.477011e+04	1.557858e-06
1.477998e+04	1.531370e-06
1.478985e+04	1.505301e-06
1.479971e+04	1.479645e-06
1.480958e+04	1.454396e-06
1.481945e+04	1.429549e-06
1.482931e+04	1.405096e-06
1.483918e+04	1.381034e-06
1.484905e+04	1.357355e-06
1.485891e+04	1.334054e-06
1.486878e+04	1.311126e-06
1.487865e+04	1.288565e-06
1.488851e+04	1.266367e-06
1.489838e+04	1.244524e-06
1.490824e+04	1.223033e-06
1.491811e+04	1.201889e-06
1.492798e+04	1.181085e-06
1.493784e+04	1.160617e-06
1.494771e+04	1.140480e-06
1.495758e+04	1.120669e-06
1.496744e+04	1.101180e-06
1.497731e+04	1.082007e-06
1.498718e+04	1.063145e-06
1.499704e+04	1.044591e-06
1.500691e+04	1.026339e-06
1.501678e+04	1.008385e-06
1.502664e+04	9.907248e-07
1.503651e+04	9.733534e-07
1.504638e+04	9.562668e-07
1.505624e+04	9.394606e-07
1.506611e+04	9.229305e-07
1.507597e+04	9.066724e-07
1.508584e+04	8.906823e-07
1.509571e+04	8.749559e-07
1.510557e+04	8.594893e-07
1.511544e+04	8.442786e-07
1.512531e+04	8.293199e-07
1.513517e+04	8.146092e-07
1.514504e+04	8.001428e-07
1.515491e+04	7.859170e-07
1.516477e+04	7.719281e-07
1.517464e+04	7.581724e-07
1.518451e+04	7.446464e-07
1.519437e+04	7.313464e-07
1.520424e+04	7.182691e-07
1.521411e+04	7.054109e-07
1.522397e+04	6.927685e-07
1.523384e+04	6.803386e-07
1.524370e+04	6.681177e-07
1.525357e+04	6.561028e-07
1.526344e+04	6.442905e-07
1.527330e+04	6.326778e-07
1.528317e+04	6.212614e-07
1.529304e+04	6.100384e-07
1.530290e+04	5.990056e-07
1.531277e+04	5.881602e-07
1.532264e+04	5.774991e-07
1.533250e+04	5.670194e-07
1.534237e+04	5.567184e-07
1.535224e+04	5.465931e-07
1.536210e+04	5.366408e-07
1.537197e+04	5.268588e-07
1.538184e+04	5.172443e-07
1.539170e+04	5.077948e-07
1.540157e+04	4.985075e-07
1.541143e+04	4.893799e-07
1.542130e+04	4.804094e-07
1.543117e+04	4.715935e-07
1.544103e+04	4.629298e-07
1.545090e+04	4.544158e-07
1.546077e+04	4.460492e-07
1.547063e+04	4.378274e-07
1.548050e+04	4.297483e-07
1.549037e+04	4.218095e-07
1.550023e+04	4.140087e-07
1.551010e+04	4.063438e-07
1.551997e+04	3.988125e-07
1.552983e+04	3.914126e-07
1.553970e+04	3.841420e-07
1.554957e+04	3.769987e-07
1.555943e+04	3.699805e-07
1.556930e+04	3.630854e-07
1.557916e+04	3.563113e-07
1.558903e+04	3.496564e-07
1.559890e+04	3.431187e-07
1.560876e+04	3.366962e-07
1.561863e+04	3.303871e-07
1.562850e+04	3.241894e-07
1.563836e+04	3.181014e-07
1.564823e+04	3.121212e-07
1.565810e+04	3.062470e-07
1.566796e+04	3.004772e-07
1.567783e+04	2.948100e-07
1.568770e+04	2.892436e-07
1.569756e+04	2.837764e-07
1.570743e+04	2.784068e-07
1.571730e+04	2.731331e-07
1.572716e+04	2.679538e-07
1.573703e+04	2.628671e-07
1.574690e+04	2.578717e-07
1.575676e+04	2.529660e-07
1.576663e+04	2.481484e-07
1.577649e+04	2.434175e-07
1.578636e+04	2.387718e-07
1.579623e+04	2.342099e-07
1.580609e+04	2.297305e-07
1.581596e+04	2.253319e-07
1.582583e+04	2.210131e-07
1.583569e+04	2.167725e-07
1.584556e+04	2.126088e-07
1.585543e+04	2.085208e-07
1.586529e+04	2.045071e-07
1.587516e+04	2.005665e-07
1.588503e+04	1.966978e-07
1.589489e+04	1.928996e-07
1.590476e+04	1.891709e-07
1.591463e+04	1.855104e-07
1.592449e+04	1.819169e-07
1.593436e+04	1.783894e-07
1.594422e+04	1.749266e-07
1.595409e+04	1.715274e-07
1.596396e+04	1.681908e-07
1.597382e+04	1.649157e-07
1.598369e+04	1.617010e-07
1.599356e+04	1.585457e-07
1.600342e+04	1.554487e-07
1.601329e+04	1.524090e-07
1.602316e+04	1.494257e-07
1.603302e+04	1.464977e-07
1.604289e+04	1.436241e-07
1.605276e+04	1.408040e-07
1.606262e+04	1.380363e-07
1.607249e+04	1.353203e-07
1.608236e+04	1.326549e-07
1.609222e+04	1.300393e-07
1.610209e+04	1.274726e-07
1.611195e+04	1.249540e-07
1.612182e+04	1.224827e-07
1.613169e+04	1.200577e-07
1.614155e+04	1.176782e-07
1.615142e+04	1.153435e-07
1.616129e+04	1.130528e-07
1.617115e+04	1.108053e-07
1.618102e+04	1.086002e-07
1.619089e+04	1.064368e-07
1.620075e+04	1.043143e-07
1.621062e+04	1.022320e-07
1.622049e+04	1.001892e-07
1.623035e+04	9.818517e-08
1.624022e+04	9.621922e-08
1.625009e+04	9.429067e-08
1.625995e+04	9.239886e-08
1.626982e+04	9.054312e-08
1.627968e+04	8.872281e-08
1.628955e+04	8.693729e-08
1.629942e+04	8.518593e-08
1.630928e+04	8.346811e-08
1.631915e+04	8.178324e-08
1.632902e+04	8.013071e-08
1.633888e+04	7.850993e-08
1.634875e+04	7.692035e-08
1.635862e+04	7.536138e-08
1.636848e+04	7.383247e-08
1.637835e+04	7.233307e-08
1.638822e+04	7.086265e-08
1.639808e+04	6.942068e-08
1.640795e+04	6.800664e-08
1.641782e+04	6.662001e-08
1.642768e+04	6.526030e-08
1.643755e+04	6.392702e-08
1.644741e+04	6.261967e-08
1.645728e+04	6.133778e-08
1.646715e+04	6.008089e-08
1.647701e+04	5.884852e-08
1.648688e+04	5.764024e-08
1.649675e+04	5.645559e-08
1.650661e+04	5.529414e-08
1.651648e+04	5.415545e-08
1.652635e+04	5.303912e-08
1.653621e+04	5.194471e-08
1.654608e+04	5.087183e-08
1.655595e+04	4.982007e-08
1.656581e+04	4.878905e-08
1.657568e+04	4.777836e-08
1.658555e+04	4.678764e-08
1.659541e+04	4.581652e-08
1.660528e+04	4.486461e-08
1.661514e+04	4.393157e-08
1.662501e+04	4.301704e-08
1.663488e+04	4.212067e-08
1.664474e+04	4.124212e-08
1.665461e+04	4.038106e-08
1.666448e+04	3.953715e-08
1.667434e+04	3.871008e-08
1.668421e+04	3.789951e-08
1.669408e+04	3.710515e-08
1.670394e+04	3.632669e-08
1.671381e+04	3.556381e-08
1.672368e+04	3.481624e-08
1.673354e+04	3.408366e-08
1.674341e+04	3.336581e-08
1.675328e+04	3.266240e-08
1.676314e+04	3.197316e-08
1.677301e+04	3.129780e-08
1.678287e+04	3.063608e-08
1.679274e+04	2.998772e-08
1.680261e+04	2.935248e-08
1.681247e+04	2.873009e-08
1.682234e+04	2.812031e-08
1.683221e+04	2.752291e-08
1.684207e+04	2.693764e-08
1.685194e+04	2.636426e-08
1.686181e+04	2.580255e-08
1.687167e+04	2.525229e-08
1.688154e+04	2.471324e-08
1.689141e+04	2.418520e-08
1.690127e+04	2.366795e-08
1.691114e+04	2.316129e-08
1.692101e+04	2.266499e-08
1.693087e+04	2.217887e-08
1.694074e+04	2.170273e-08
1.695061e+04	2.123636e-08
1.696047e+04	2.077959e-08
1.697034e+04	2.033221e-08
1.698020e+04	1.989406e-08
1.699007e+04	1.946494e-08
1.699994e+04	1.904468e-08
1.700980e+04	1.863311e-08
1.701967e+04	1.823006e-08
1.702954e+04	1.783535e-08
1.703940e+04	1.744882e-08
1.704927e+04	1.707032e-08
1.705914e+04	1.669968e-08
1.706900e+04	1.633675e-08
1.707887e+04	1.598137e-08
1.708874e+04	1.563340e-08
1.709860e+04	1.529269e-08
1.710847e+04	1.495909e-08
1.711834e+04	1.463247e-08
1.712820e+04	1.431267e-08
1.713807e+04	1.399958e-08
1.714793e+04	1.369305e-08
1.715780e+04	1.339296e-08
1.716767e+04	1.309917e-08
1.717753e+04	1.281155e-08
1.718740e+04	1.253000e-08
1.719727e+04	1.225437e-08
1.720713e+04	1.198456e-08
1.721700e+04	1.172044e-08
1.722687e+04	1.146191e-08
1.723673e+04	1.120885e-08
1.724660e+04	1.096115e-08
1.725647e+04	1.071869e-08
1.726633e+04	1.048139e-08
1.727620e+04	1.024912e-08
1.728607e+04	1.002179e-08
1.729593e+04	9.799303e-09
1.730580e+04	9.581554e-09
1.731566e+04	9.368449e-09
1.732553e+04	9.159893e-09
1.733540e+04	8.955793e-09
1.734526e+04	8.756059e-09
1.735513e+04	8.560602e-09
1.736500e+04	8.369334e-09
1.737486e+04	8.182169e-09
1.738473e+04	7.999023e-09
1.739460e+04	7.819814e-09
1.740446e+04	7.644462e-09
1.741433e+04	7.472886e-09
1.742420e+04	7.305009e-09
1.743406e+04	7.140755e-09
1.744393e+04	6.980049e-09
1.745380e+04	6.822818e-09
1.746366e+04	6.668990e-09
1.747353e+04	6.518495e-09
1.748339e+04	6.371263e-09
1.749326e+04	6.227228e-09
1.750313e+04	6.086322e-09
1.751299e+04	5.948481e-09
1.752286e+04	5.813641e-09
1.753273e+04	5.681739e-09
1.754259e+04	5.552714e-09
1.755246e+04	5.426506e-09
1.756233e+04	5.303057e-09
1.757219e+04	5.182309e-09
1.758206e+04	5.064204e-09
1.759193e+04	4.948688e-09
1.760179e+04	4.835707e-09
1.761166e+04	4.725207e-09
1.762153e+04	4.617136e-09
1.763139e+04	4.511443e-09
1.764126e+04	4.408077e-09
1.765112e+04	4.306991e-09
1.766099e+04	4.208135e-09
1.767086e+04	4.111462e-09
1.768072e+04	4.016927e-09
1.769059e+04	3.924484e-09
1.770046e+04	3.834088e-09
1.771032e+04	3.745697e-09
1.772019e+04	3.659268e-09
1.773006e+04	3.574758e-09
1.773992e+04	3.492128e-09
1.774979e+04	3.411336e-09
1.775966e+04	3.332345e-09
1.776952e+04	3.255115e-09
1.777939e+04	3.179609e-09
1.778926e+04	3.105789e-09
1.779912e+04	3.033621e-09
1.780899e+04	2.963067e-09
1.781885e+04	2.894095e-09
1.782872e+04	2.826669e-09
1.783859e+04	2.760757e-09
1.784845e+04	2.696325e-09
1.785832e+04	2.633343e-09
1.786819e+04	2.571778e-09
1.787805e+04	2.511600e-09
1.788792e+04	2.452780e-09
1.789779e+04	2.395287e-09
1.790765e+04	2.339093e-09
1.791752e+04	2.284170e-09
1.792739e+04	2.230490e-09
1.793725e+04	2.178027e-09
1.794712e+04	2.126753e-09
1.795699e+04	2.076643e-09
1.796685e+04	2.027672e-09
1.797672e+04	1.979814e-09
1.798659e+04	1.933046e-09
1.799645e+04	1.887343e-09
1.800632e+04	1.842682e-09
1.801618e+04	1.799041e-09
1.802605e+04	1.756397e-09
1.803592e+04	1.714728e-09
1.804578e+04	1.674013e-09
1.805565e+04	1.634231e-09
1.806552e+04	1.595360e-09
1.807538e+04	1.557382e-09
1.808525e+04	1.520277e-09
1.809512e+04	1.484025e-09
1.810498e+04	1.448607e-09
1.811485e+04	1.414005e-09
1.812472e+04	1.380200e-09
1.813458e+04	1.347176e-09
1.814445e+04	1.314915e-09
1.815432e+04	1.283400e-09
1.816418e+04	1.252613e-09
1.817405e+04	1.222540e-09
1.818391e+04	1.193165e-09
1.819378e+04	1.164471e-09
1.820365e+04	1.136443e-09
1.821351e+04	1.109067e-09
1.822338e+04	1.082327e-09
1.823325e+04	1.056211e-09
1.824311e+04	1.030703e-09
1.825298e+04	1.005790e-09
1.826285e+04	9.814596e-10
1.827271e+04	9.576973e-10
1.828258e+04	9.344910e-10
1.829245e+04	9.118280e-10
1.830231e+04	8.896961e-10
1.831218e+04	8.680834e-10
1.832205e+04	8.469781e-10
1.833191e+04	8.263687e-10
1.834178e+04	8.062441e-10
1.835164e+04	7.865932e-10
1.836151e+04	7.674053e-10
1.837138e+04	7.486699e-10
1.838124e+04	7.303767e-10
1.839111e+04	7.125157e-10
1.840098e+04	6.950770e-10
1.841084e+04	6.780510e-10
1.842071e+04	6.614283e-10
1.843058e+04	6.451997e-10
1.844044e+04	6.293563e-10
1.845031e+04	6.138891e-10
1.846018e+04	5.987895e-10
1.847004e+04	5.840493e-10
1.847991e+04	5.696600e-10
1.848978e+04	5.556137e-10
1.849964e+04	5.419025e-10
1.850951e+04	5.285186e-10
1.851937e+04	5.154546e-10
1.852924e+04	5.027031e-10
1.853911e+04	4.902568e-10
1.854897e+04	4.781087e-10
1.855884e+04	4.662520e-10
1.856871e+04	4.546798e-10
1.857857e+04	4.433856e-10
1.858844e+04	4.323630e-10
1.859831e+04	4.216057e-10
1.860817e+04	4.111074e-10
1.861804e+04	4.008622e-10
1.862791e+04	3.908643e-10
1.863777e+04	3.811077e-10
1.864764e+04	3.715870e-10
1.865751e+04	3.622966e-10
1.866737e+04	3.532311e-10
1.867724e+04	3.443853e-10
1.868710e+04	3.357540e-10
1.869697e+04	3.273323e-10
1.870684e+04	3.191151e-10
1.871670e+04	3.110978e-10
1.872657e+04	3.032756e-10
1.873644e+04	2.956439e-10
1.874630e+04	2.881983e-10
1.875617e+04	2.809343e-10
1.876604e+04	2.738478e-10
1.877590e+04	2.669344e-10
1.878577e+04	2.601902e-10
1.879564e+04	2.536111e-10
1.880550e+04	2.471932e-10
1.881537e+04	2.409327e-10
1.882524e+04	2.348259e-10
1.883510e+04	2.288691e-10
1.884497e+04	2.230588e-10
1.885483e+04	2.173914e-10
1.886470e+04	2.118637e-10
1.887457e+04	2.064722e-10
1.888443e+04	2.012138e-10
1.889430e+04	1.960851e-10
1.890417e+04	1.910833e-10
1.891403e+04	1.862051e-10
1.892390e+04	1.814477e-10
1.893377e+04	1.768082e-10
1.894363e+04	1.722837e-10
1.895350e+04	1.678716e-10
1.896337e+04	1.635690e-10
1.897323e+04	1.593734e-10
1.898310e+04	1.552821e-10
1.899297e+04	1.512928e-10
