# # p(y | x = 3.200000e+00)
# # y_val	p(y|x)
0.000000e+00	6.283659e-06
9.866476e+00	6.377467e-06
1.973295e+01	6.472550e-06
2.959943e+01	6.568922e-06
3.946590e+01	6.666600e-06
4.933238e+01	6.765597e-06
5.919885e+01	6.865931e-06
6.906533e+01	6.967617e-06
7.893180e+01	7.070670e-06
8.879828e+01	7.175109e-06
9.866476e+01	7.280947e-06
1.085312e+02	7.388203e-06
1.183977e+02	7.496893e-06
1.282642e+02	7.607033e-06
1.381307e+02	7.718641e-06
1.479971e+02	7.831733e-06
1.578636e+02	7.946327e-06
1.677301e+02	8.062441e-06
1.775966e+02	8.180092e-06
1.874630e+02	8.299299e-06
1.973295e+02	8.420077e-06
2.071960e+02	8.542447e-06
2.170625e+02	8.666427e-06
2.269289e+02	8.792034e-06
2.367954e+02	8.919288e-06
2.466619e+02	9.048207e-06
2.565284e+02	9.178811e-06
2.663948e+02	9.311118e-06
2.762613e+02	9.445148e-06
2.861278e+02	9.580920e-06
2.959943e+02	9.718454e-06
3.058607e+02	9.857771e-06
3.157272e+02	9.998890e-06
3.255937e+02	1.014183e-05
3.354602e+02	1.028661e-05
3.453266e+02	1.043326e-05
3.551931e+02	1.058179e-05
3.650596e+02	1.073223e-05
3.749261e+02	1.088459e-05
3.847925e+02	1.103890e-05
3.946590e+02	1.119518e-05
4.045255e+02	1.135346e-05
4.143920e+02	1.151374e-05
4.242585e+02	1.167606e-05
4.341249e+02	1.184044e-05
4.439914e+02	1.200689e-05
4.538579e+02	1.217545e-05
4.637244e+02	1.234614e-05
4.735908e+02	1.251897e-05
4.834573e+02	1.269397e-05
4.933238e+02	1.287117e-05
5.031903e+02	1.305059e-05
5.130567e+02	1.323226e-05
5.229232e+02	1.341619e-05
5.327897e+02	1.360241e-05
5.426562e+02	1.379094e-05
5.525226e+02	1.398182e-05
5.623891e+02	1.417506e-05
5.722556e+02	1.437070e-05
5.821221e+02	1.456875e-05
5.919885e+02	1.476924e-05
6.018550e+02	1.497219e-05
6.117215e+02	1.517764e-05
6.215880e+02	1.538561e-05
6.314544e+02	1.559613e-05
6.413209e+02	1.580922e-05
6.511874e+02	1.602490e-05
6.610539e+02	1.624321e-05
6.709203e+02	1.646418e-05
6.807868e+02	1.668782e-05
6.906533e+02	1.691418e-05
7.005198e+02	1.714327e-05
7.103862e+02	1.737512e-05
7.202527e+02	1.760976e-05
7.301192e+02	1.784723e-05
7.399857e+02	1.808754e-05
7.498521e+02	1.833074e-05
7.597186e+02	1.857684e-05
7.695851e+02	1.882588e-05
7.794516e+02	1.907788e-05
7.893180e+02	1.933288e-05
7.991845e+02	1.959091e-05
8.090510e+02	1.985199e-05
8.189175e+02	2.011616e-05
8.287839e+02	2.038345e-05
8.386504e+02	2.065388e-05
8.485169e+02	2.092750e-05
8.583834e+02	2.120433e-05
8.682499e+02	2.148440e-05
8.781163e+02	2.176774e-05
8.879828e+02	2.205440e-05
8.978493e+02	2.234439e-05
9.077158e+02	2.263775e-05
9.175822e+02	2.293452e-05
9.274487e+02	2.323472e-05
9.373152e+02	2.353839e-05
9.471817e+02	2.384557e-05
9.570481e+02	2.415629e-05
9.669146e+02	2.447058e-05
9.767811e+02	2.478847e-05
9.866476e+02	2.511000e-05
9.965140e+02	2.543521e-05
1.006381e+03	2.576412e-05
1.016247e+03	2.609678e-05
1.026113e+03	2.643323e-05
1.035980e+03	2.677348e-05
1.045846e+03	2.711759e-05
1.055713e+03	2.746558e-05
1.065579e+03	2.781750e-05
1.075446e+03	2.817337e-05
1.085312e+03	2.853325e-05
1.095179e+03	2.889715e-05
1.105045e+03	2.926513e-05
1.114912e+03	2.963721e-05
1.124778e+03	3.001344e-05
1.134645e+03	3.039385e-05
1.144511e+03	3.077849e-05
1.154378e+03	3.116738e-05
1.164244e+03	3.156057e-05
1.174111e+03	3.195810e-05
1.183977e+03	3.236000e-05
1.193844e+03	3.276632e-05
1.203710e+03	3.317710e-05
1.213576e+03	3.359237e-05
1.223443e+03	3.401217e-05
1.233309e+03	3.443655e-05
1.243176e+03	3.486554e-05
1.253042e+03	3.529919e-05
1.262909e+03	3.573753e-05
1.272775e+03	3.618062e-05
1.282642e+03	3.662848e-05
1.292508e+03	3.708116e-05
1.302375e+03	3.753870e-05
1.312241e+03	3.800115e-05
1.322108e+03	3.846855e-05
1.331974e+03	3.894093e-05
1.341841e+03	3.941835e-05
1.351707e+03	3.990084e-05
1.361574e+03	4.038845e-05
1.371440e+03	4.088122e-05
1.381307e+03	4.137920e-05
1.391173e+03	4.188242e-05
1.401040e+03	4.239094e-05
1.410906e+03	4.290480e-05
1.420772e+03	4.342403e-05
1.430639e+03	4.394870e-05
1.440505e+03	4.447883e-05
1.450372e+03	4.501449e-05
1.460238e+03	4.555570e-05
1.470105e+03	4.610252e-05
1.479971e+03	4.665500e-05
1.489838e+03	4.721318e-05
1.499704e+03	4.777710e-05
1.509571e+03	4.834681e-05
1.519437e+03	4.892237e-05
1.529304e+03	4.950381e-05
1.539170e+03	5.009118e-05
1.549037e+03	5.068454e-05
1.558903e+03	5.128392e-05
1.568770e+03	5.188938e-05
1.578636e+03	5.250096e-05
1.588503e+03	5.311872e-05
1.598369e+03	5.374269e-05
1.608236e+03	5.437294e-05
1.618102e+03	5.500950e-05
1.627968e+03	5.565243e-05
1.637835e+03	5.630177e-05
1.647701e+03	5.695759e-05
1.657568e+03	5.761991e-05
1.667434e+03	5.828880e-05
1.677301e+03	5.896431e-05
1.687167e+03	5.964648e-05
1.697034e+03	6.033537e-05
1.706900e+03	6.103102e-05
1.716767e+03	6.173349e-05
1.726633e+03	6.244283e-05
1.736500e+03	6.315908e-05
1.746366e+03	6.388231e-05
1.756233e+03	6.461255e-05
1.766099e+03	6.534987e-05
1.775966e+03	6.609431e-05
1.785832e+03	6.684593e-05
1.795699e+03	6.760478e-05
1.805565e+03	6.837091e-05
1.815432e+03	6.914438e-05
1.825298e+03	6.992523e-05
1.835164e+03	7.071352e-05
1.845031e+03	7.150930e-05
1.854897e+03	7.231262e-05
1.864764e+03	7.312355e-05
1.874630e+03	7.394212e-05
1.884497e+03	7.476840e-05
1.894363e+03	7.560244e-05
1.904230e+03	7.644429e-05
1.914096e+03	7.729401e-05
1.923963e+03	7.815165e-05
1.933829e+03	7.901726e-05
1.943696e+03	7.989091e-05
1.953562e+03	8.077263e-05
1.963429e+03	8.166250e-05
1.973295e+03	8.256056e-05
1.983162e+03	8.346687e-05
1.993028e+03	8.438148e-05
2.002895e+03	8.530444e-05
2.012761e+03	8.623583e-05
2.022627e+03	8.717568e-05
2.032494e+03	8.812405e-05
2.042360e+03	8.908101e-05
2.052227e+03	9.004660e-05
2.062093e+03	9.102088e-05
2.071960e+03	9.200391e-05
2.081826e+03	9.299574e-05
2.091693e+03	9.399643e-05
2.101559e+03	9.500603e-05
2.111426e+03	9.602461e-05
2.121292e+03	9.705221e-05
2.131159e+03	9.808890e-05
2.141025e+03	9.913472e-05
2.150892e+03	1.001897e-04
2.160758e+03	1.012540e-04
2.170625e+03	1.023276e-04
2.180491e+03	1.034106e-04
2.190358e+03	1.045029e-04
2.200224e+03	1.056048e-04
2.210091e+03	1.067162e-04
2.219957e+03	1.078372e-04
2.229823e+03	1.089678e-04
2.239690e+03	1.101081e-04
2.249556e+03	1.112582e-04
2.259423e+03	1.124182e-04
2.269289e+03	1.135880e-04
2.279156e+03	1.147677e-04
2.289022e+03	1.159574e-04
2.298889e+03	1.171572e-04
2.308755e+03	1.183671e-04
2.318622e+03	1.195871e-04
2.328488e+03	1.208174e-04
2.338355e+03	1.220579e-04
2.348221e+03	1.233088e-04
2.358088e+03	1.245700e-04
2.367954e+03	1.258417e-04
2.377821e+03	1.271239e-04
2.387687e+03	1.284167e-04
2.397554e+03	1.297201e-04
2.407420e+03	1.310341e-04
2.417287e+03	1.323589e-04
2.427153e+03	1.336945e-04
2.437019e+03	1.350409e-04
2.446886e+03	1.363982e-04
2.456752e+03	1.377665e-04
2.466619e+03	1.391458e-04
2.476485e+03	1.405361e-04
2.486352e+03	1.419376e-04
2.496218e+03	1.433502e-04
2.506085e+03	1.447741e-04
2.515951e+03	1.462093e-04
2.525818e+03	1.476558e-04
2.535684e+03	1.491138e-04
2.545551e+03	1.505831e-04
2.555417e+03	1.520640e-04
2.565284e+03	1.535565e-04
2.575150e+03	1.550606e-04
2.585017e+03	1.565764e-04
2.594883e+03	1.581039e-04
2.604750e+03	1.596432e-04
2.614616e+03	1.611943e-04
2.624483e+03	1.627573e-04
2.634349e+03	1.643323e-04
2.644215e+03	1.659193e-04
2.654082e+03	1.675183e-04
2.663948e+03	1.691295e-04
2.673815e+03	1.707528e-04
2.683681e+03	1.723884e-04
2.693548e+03	1.740362e-04
2.703414e+03	1.756963e-04
2.713281e+03	1.773688e-04
2.723147e+03	1.790538e-04
2.733014e+03	1.807512e-04
2.742880e+03	1.824611e-04
2.752747e+03	1.841837e-04
2.762613e+03	1.859189e-04
2.772480e+03	1.876667e-04
2.782346e+03	1.894273e-04
2.792213e+03	1.912007e-04
2.802079e+03	1.929869e-04
2.811946e+03	1.947860e-04
2.821812e+03	1.965981e-04
2.831678e+03	1.984231e-04
2.841545e+03	2.002612e-04
2.851411e+03	2.021123e-04
2.861278e+03	2.039766e-04
2.871144e+03	2.058541e-04
2.881011e+03	2.077448e-04
2.890877e+03	2.096488e-04
2.900744e+03	2.115661e-04
2.910610e+03	2.134967e-04
2.920477e+03	2.154408e-04
2.930343e+03	2.173984e-04
2.940210e+03	2.193694e-04
2.950076e+03	2.213540e-04
2.959943e+03	2.233522e-04
2.969809e+03	2.253641e-04
2.979676e+03	2.273896e-04
2.989542e+03	2.294289e-04
2.999409e+03	2.314819e-04
3.009275e+03	2.335488e-04
3.019142e+03	2.356295e-04
3.029008e+03	2.377241e-04
3.038874e+03	2.398327e-04
3.048741e+03	2.419552e-04
3.058607e+03	2.440918e-04
3.068474e+03	2.462424e-04
3.078340e+03	2.484071e-04
3.088207e+03	2.505860e-04
3.098073e+03	2.527791e-04
3.107940e+03	2.549863e-04
3.117806e+03	2.572079e-04
3.127673e+03	2.594437e-04
3.137539e+03	2.616938e-04
3.147406e+03	2.639584e-04
3.157272e+03	2.662373e-04
3.167139e+03	2.685306e-04
3.177005e+03	2.708385e-04
3.186872e+03	2.731608e-04
3.196738e+03	2.754977e-04
3.206605e+03	2.778492e-04
3.216471e+03	2.802152e-04
3.226338e+03	2.825959e-04
3.236204e+03	2.849913e-04
3.246070e+03	2.874013e-04
3.255937e+03	2.898261e-04
3.265803e+03	2.922657e-04
3.275670e+03	2.947200e-04
3.285536e+03	2.971891e-04
3.295403e+03	2.996731e-04
3.305269e+03	3.021720e-04
3.315136e+03	3.046857e-04
3.325002e+03	3.072144e-04
3.334869e+03	3.097580e-04
3.344735e+03	3.123166e-04
3.354602e+03	3.148902e-04
3.364468e+03	3.174787e-04
3.374335e+03	3.200824e-04
3.384201e+03	3.227011e-04
3.394068e+03	3.253348e-04
3.403934e+03	3.279837e-04
3.413801e+03	3.306476e-04
3.423667e+03	3.333268e-04
3.433534e+03	3.360210e-04
3.443400e+03	3.387305e-04
3.453266e+03	3.414551e-04
3.463133e+03	3.441949e-04
3.472999e+03	3.469500e-04
3.482866e+03	3.497202e-04
3.492732e+03	3.525057e-04
3.502599e+03	3.553065e-04
3.512465e+03	3.581226e-04
3.522332e+03	3.609539e-04
3.532198e+03	3.638005e-04
3.542065e+03	3.666624e-04
3.551931e+03	3.695396e-04
3.561798e+03	3.724321e-04
3.571664e+03	3.753400e-04
3.581531e+03	3.782631e-04
3.591397e+03	3.812016e-04
3.601264e+03	3.841555e-04
3.611130e+03	3.871247e-04
3.620997e+03	3.901092e-04
3.630863e+03	3.931090e-04
3.640729e+03	3.961242e-04
3.650596e+03	3.991548e-04
3.660462e+03	4.022006e-04
3.670329e+03	4.052619e-04
3.680195e+03	4.083384e-04
3.690062e+03	4.114303e-04
3.699928e+03	4.145375e-04
3.709795e+03	4.176600e-04
3.719661e+03	4.207979e-04
3.729528e+03	4.239510e-04
3.739394e+03	4.271195e-04
3.749261e+03	4.303032e-04
3.759127e+03	4.335022e-04
3.768994e+03	4.367165e-04
3.778860e+03	4.399460e-04
3.788727e+03	4.431907e-04
3.798593e+03	4.464507e-04
3.808460e+03	4.497259e-04
3.818326e+03	4.530163e-04
3.828193e+03	4.563218e-04
3.838059e+03	4.596425e-04
3.847925e+03	4.629784e-04
3.857792e+03	4.663293e-04
3.867658e+03	4.696954e-04
3.877525e+03	4.730765e-04
3.887391e+03	4.764727e-04
3.897258e+03	4.798839e-04
3.907124e+03	4.833100e-04
3.916991e+03	4.867512e-04
3.926857e+03	4.902073e-04
3.936724e+03	4.936783e-04
3.946590e+03	4.971641e-04
3.956457e+03	5.006649e-04
3.966323e+03	5.041804e-04
3.976190e+03	5.077107e-04
3.986056e+03	5.112558e-04
3.995923e+03	5.148156e-04
4.005789e+03	5.183900e-04
4.015656e+03	5.219791e-04
4.025522e+03	5.255828e-04
4.035389e+03	5.292011e-04
4.045255e+03	5.328338e-04
4.055121e+03	5.364811e-04
4.064988e+03	5.401427e-04
4.074854e+03	5.438188e-04
4.084721e+03	5.475092e-04
4.094587e+03	5.512139e-04
4.104454e+03	5.549328e-04
4.114320e+03	5.586659e-04
4.124187e+03	5.624132e-04
4.134053e+03	5.661745e-04
4.143920e+03	5.699499e-04
4.153786e+03	5.737393e-04
4.163653e+03	5.775426e-04
4.173519e+03	5.813598e-04
4.183386e+03	5.851908e-04
4.193252e+03	5.890355e-04
4.203119e+03	5.928940e-04
4.212985e+03	5.967661e-04
4.222852e+03	6.006517e-04
4.232718e+03	6.045509e-04
4.242585e+03	6.084635e-04
4.252451e+03	6.123895e-04
4.262317e+03	6.163288e-04
4.272184e+03	6.202813e-04
4.282050e+03	6.242470e-04
4.291917e+03	6.282258e-04
4.301783e+03	6.322177e-04
4.311650e+03	6.362225e-04
4.321516e+03	6.402401e-04
4.331383e+03	6.442706e-04
4.341249e+03	6.483138e-04
4.351116e+03	6.523697e-04
4.360982e+03	6.564381e-04
4.370849e+03	6.605190e-04
4.380715e+03	6.646123e-04
4.390582e+03	6.687180e-04
4.400448e+03	6.728359e-04
4.410315e+03	6.769659e-04
4.420181e+03	6.811080e-04
4.430048e+03	6.852621e-04
4.439914e+03	6.894281e-04
4.449780e+03	6.936058e-04
4.459647e+03	6.977953e-04
4.469513e+03	7.019964e-04
4.479380e+03	7.062090e-04
4.489246e+03	7.104330e-04
4.499113e+03	7.146684e-04
4.508979e+03	7.189149e-04
4.518846e+03	7.231726e-04
4.528712e+03	7.274414e-04
4.538579e+03	7.317210e-04
4.548445e+03	7.360115e-04
4.558312e+03	7.403127e-04
4.568178e+03	7.446245e-04
4.578045e+03	7.489468e-04
4.587911e+03	7.532795e-04
4.597778e+03	7.576225e-04
4.607644e+03	7.619757e-04
4.617511e+03	7.663390e-04
4.627377e+03	7.707122e-04
4.637244e+03	7.750952e-04
4.647110e+03	7.794879e-04
4.656976e+03	7.838903e-04
4.666843e+03	7.883021e-04
4.676709e+03	7.927234e-04
4.686576e+03	7.971538e-04
4.696442e+03	8.015934e-04
4.706309e+03	8.060420e-04
4.716175e+03	8.104995e-04
4.726042e+03	8.149657e-04
4.735908e+03	8.194406e-04
4.745775e+03	8.239239e-04
4.755641e+03	8.284157e-04
4.765508e+03	8.329156e-04
4.775374e+03	8.374237e-04
4.785241e+03	8.419398e-04
4.795107e+03	8.464637e-04
4.804974e+03	8.509953e-04
4.814840e+03	8.555344e-04
4.824707e+03	8.600811e-04
4.834573e+03	8.646350e-04
4.844440e+03	8.691961e-04
4.854306e+03	8.737641e-04
4.864172e+03	8.783391e-04
4.874039e+03	8.829208e-04
4.883905e+03	8.875091e-04
4.893772e+03	8.921038e-04
4.903638e+03	8.967049e-04
4.913505e+03	9.013120e-04
4.923371e+03	9.059252e-04
4.933238e+03	9.105443e-04
4.943104e+03	9.151690e-04
4.952971e+03	9.197993e-04
4.962837e+03	9.244349e-04
4.972704e+03	9.290759e-04
4.982570e+03	9.337219e-04
4.992437e+03	9.383728e-04
5.002303e+03	9.430285e-04
5.012170e+03	9.476888e-04
5.022036e+03	9.523536e-04
5.031903e+03	9.570227e-04
5.041769e+03	9.616959e-04
5.051636e+03	9.663731e-04
5.061502e+03	9.710540e-04
5.071368e+03	9.757387e-04
5.081235e+03	9.804268e-04
5.091101e+03	9.851182e-04
5.100968e+03	9.898127e-04
5.110834e+03	9.945103e-04
5.120701e+03	9.992106e-04
5.130567e+03	1.003914e-03
5.140434e+03	1.008619e-03
5.150300e+03	1.013327e-03
5.160167e+03	1.018037e-03
5.170033e+03	1.022748e-03
5.179900e+03	1.027462e-03
5.189766e+03	1.032177e-03
5.199633e+03	1.036894e-03
5.209499e+03	1.041611e-03
5.219366e+03	1.046330e-03
5.229232e+03	1.051050e-03
5.239099e+03	1.055770e-03
5.248965e+03	1.060491e-03
5.258831e+03	1.065213e-03
5.268698e+03	1.069934e-03
5.278564e+03	1.074655e-03
5.288431e+03	1.079376e-03
5.298297e+03	1.084097e-03
5.308164e+03	1.088817e-03
5.318030e+03	1.093537e-03
5.327897e+03	1.098255e-03
5.337763e+03	1.102972e-03
5.347630e+03	1.107688e-03
5.357496e+03	1.112403e-03
5.367363e+03	1.117115e-03
5.377229e+03	1.121826e-03
5.387096e+03	1.126535e-03
5.396962e+03	1.131241e-03
5.406829e+03	1.135945e-03
5.416695e+03	1.140646e-03
5.426562e+03	1.145344e-03
5.436428e+03	1.150040e-03
5.446295e+03	1.154732e-03
5.456161e+03	1.159420e-03
5.466027e+03	1.164105e-03
5.475894e+03	1.168786e-03
5.485760e+03	1.173463e-03
5.495627e+03	1.178135e-03
5.505493e+03	1.182803e-03
5.515360e+03	1.187467e-03
5.525226e+03	1.192125e-03
5.535093e+03	1.196779e-03
5.544959e+03	1.201427e-03
5.554826e+03	1.206070e-03
5.564692e+03	1.210707e-03
5.574559e+03	1.215338e-03
5.584425e+03	1.219963e-03
5.594292e+03	1.224582e-03
5.604158e+03	1.229194e-03
5.614025e+03	1.233800e-03
5.623891e+03	1.238399e-03
5.633758e+03	1.242991e-03
5.643624e+03	1.247575e-03
5.653491e+03	1.252152e-03
5.663357e+03	1.256721e-03
5.673223e+03	1.261282e-03
5.683090e+03	1.265835e-03
5.692956e+03	1.270380e-03
5.702823e+03	1.274916e-03
5.712689e+03	1.279444e-03
5.722556e+03	1.283962e-03
5.732422e+03	1.288471e-03
5.742289e+03	1.292971e-03
5.752155e+03	1.297461e-03
5.762022e+03	1.301942e-03
5.771888e+03	1.306412e-03
5.781755e+03	1.310873e-03
5.791621e+03	1.315323e-03
5.801488e+03	1.319762e-03
5.811354e+03	1.324190e-03
5.821221e+03	1.328607e-03
5.831087e+03	1.333013e-03
5.840954e+03	1.337408e-03
5.850820e+03	1.341791e-03
5.860687e+03	1.346162e-03
5.870553e+03	1.350521e-03
5.880419e+03	1.354867e-03
5.890286e+03	1.359201e-03
5.900152e+03	1.363523e-03
5.910019e+03	1.367831e-03
5.919885e+03	1.372126e-03
5.929752e+03	1.376408e-03
5.939618e+03	1.380677e-03
5.949485e+03	1.384931e-03
5.959351e+03	1.389172e-03
5.969218e+03	1.393398e-03
5.979084e+03	1.397610e-03
5.988951e+03	1.401807e-03
5.998817e+03	1.405990e-03
6.008684e+03	1.410157e-03
6.018550e+03	1.414310e-03
6.028417e+03	1.418446e-03
6.038283e+03	1.422567e-03
6.048150e+03	1.426673e-03
6.058016e+03	1.430762e-03
6.067882e+03	1.434835e-03
6.077749e+03	1.438892e-03
6.087615e+03	1.442931e-03
6.097482e+03	1.446954e-03
6.107348e+03	1.450960e-03
6.117215e+03	1.454949e-03
6.127081e+03	1.458920e-03
6.136948e+03	1.462873e-03
6.146814e+03	1.466809e-03
6.156681e+03	1.470726e-03
6.166547e+03	1.474625e-03
6.176414e+03	1.478506e-03
6.186280e+03	1.482368e-03
6.196147e+03	1.486211e-03
6.206013e+03	1.490035e-03
6.215880e+03	1.493839e-03
6.225746e+03	1.497625e-03
6.235613e+03	1.501390e-03
6.245479e+03	1.505135e-03
6.255346e+03	1.508861e-03
6.265212e+03	1.512566e-03
6.275078e+03	1.516251e-03
6.284945e+03	1.519915e-03
6.294811e+03	1.523558e-03
6.304678e+03	1.527180e-03
6.314544e+03	1.530781e-03
6.324411e+03	1.534360e-03
6.334277e+03	1.537918e-03
6.344144e+03	1.541454e-03
6.354010e+03	1.544968e-03
6.363877e+03	1.548460e-03
6.373743e+03	1.551929e-03
6.383610e+03	1.555376e-03
6.393476e+03	1.558800e-03
6.403343e+03	1.562201e-03
6.413209e+03	1.565579e-03
6.423076e+03	1.568934e-03
6.432942e+03	1.572265e-03
6.442809e+03	1.575573e-03
6.452675e+03	1.578857e-03
6.462542e+03	1.582116e-03
6.472408e+03	1.585352e-03
6.482274e+03	1.588563e-03
6.492141e+03	1.591750e-03
6.502007e+03	1.594912e-03
6.511874e+03	1.598049e-03
6.521740e+03	1.601161e-03
6.531607e+03	1.604247e-03
6.541473e+03	1.607309e-03
6.551340e+03	1.610344e-03
6.561206e+03	1.613355e-03
6.571073e+03	1.616339e-03
6.580939e+03	1.619297e-03
6.590806e+03	1.622229e-03
6.600672e+03	1.625134e-03
6.610539e+03	1.628013e-03
6.620405e+03	1.630865e-03
6.630272e+03	1.633690e-03
6.640138e+03	1.636489e-03
6.650005e+03	1.639260e-03
6.659871e+03	1.642004e-03
6.669738e+03	1.644720e-03
6.679604e+03	1.647409e-03
6.689470e+03	1.650070e-03
6.699337e+03	1.652702e-03
6.709203e+03	1.655307e-03
6.719070e+03	1.657884e-03
6.728936e+03	1.660432e-03
6.738803e+03	1.662952e-03
6.748669e+03	1.665443e-03
6.758536e+03	1.667905e-03
6.768402e+03	1.670339e-03
6.778269e+03	1.672743e-03
6.788135e+03	1.675118e-03
6.798002e+03	1.677464e-03
6.807868e+03	1.679780e-03
6.817735e+03	1.682066e-03
6.827601e+03	1.684323e-03
6.837468e+03	1.686550e-03
6.847334e+03	1.688747e-03
6.857201e+03	1.690914e-03
6.867067e+03	1.693051e-03
6.876933e+03	1.695157e-03
6.886800e+03	1.697233e-03
6.896666e+03	1.699278e-03
6.906533e+03	1.701292e-03
6.916399e+03	1.703276e-03
6.926266e+03	1.705229e-03
6.936132e+03	1.707150e-03
6.945999e+03	1.709041e-03
6.955865e+03	1.710900e-03
6.965732e+03	1.712728e-03
6.975598e+03	1.714524e-03
6.985465e+03	1.716289e-03
6.995331e+03	1.718022e-03
7.005198e+03	1.719723e-03
7.015064e+03	1.721392e-03
7.024931e+03	1.723030e-03
7.034797e+03	1.724635e-03
7.044664e+03	1.726208e-03
7.054530e+03	1.727749e-03
7.064397e+03	1.729257e-03
7.074263e+03	1.730733e-03
7.084129e+03	1.732177e-03
7.093996e+03	1.733588e-03
7.103862e+03	1.734966e-03
7.113729e+03	1.736311e-03
7.123595e+03	1.737624e-03
7.133462e+03	1.738903e-03
7.143328e+03	1.740150e-03
7.153195e+03	1.741364e-03
7.163061e+03	1.742544e-03
7.172928e+03	1.743691e-03
7.182794e+03	1.744805e-03
7.192661e+03	1.745886e-03
7.202527e+03	1.746933e-03
7.212394e+03	1.747947e-03
7.222260e+03	1.748927e-03
7.232127e+03	1.749874e-03
7.241993e+03	1.750787e-03
7.251860e+03	1.751666e-03
7.261726e+03	1.752512e-03
7.271593e+03	1.753323e-03
7.281459e+03	1.754101e-03
7.291325e+03	1.754845e-03
7.301192e+03	1.755556e-03
7.311058e+03	1.756232e-03
7.320925e+03	1.756874e-03
7.330791e+03	1.757482e-03
7.340658e+03	1.758056e-03
7.350524e+03	1.758596e-03
7.360391e+03	1.759102e-03
7.370257e+03	1.759573e-03
7.380124e+03	1.760011e-03
7.389990e+03	1.760414e-03
7.399857e+03	1.760783e-03
7.409723e+03	1.761117e-03
7.419590e+03	1.761418e-03
7.429456e+03	1.761684e-03
7.439323e+03	1.761916e-03
7.449189e+03	1.762113e-03
7.459056e+03	1.762276e-03
7.468922e+03	1.762405e-03
7.478789e+03	1.762499e-03
7.488655e+03	1.762559e-03
7.498521e+03	1.762584e-03
7.508388e+03	1.762575e-03
7.518254e+03	1.762532e-03
7.528121e+03	1.762455e-03
7.537987e+03	1.762343e-03
7.547854e+03	1.762196e-03
7.557720e+03	1.762016e-03
7.567587e+03	1.761801e-03
7.577453e+03	1.761551e-03
7.587320e+03	1.761268e-03
7.597186e+03	1.760950e-03
7.607053e+03	1.760597e-03
7.616919e+03	1.760211e-03
7.626786e+03	1.759790e-03
7.636652e+03	1.759335e-03
7.646519e+03	1.758846e-03
7.656385e+03	1.758323e-03
7.666252e+03	1.757765e-03
7.676118e+03	1.757174e-03
7.685984e+03	1.756548e-03
7.695851e+03	1.755888e-03
7.705717e+03	1.755195e-03
7.715584e+03	1.754467e-03
7.725450e+03	1.753706e-03
7.735317e+03	1.752910e-03
7.745183e+03	1.752081e-03
7.755050e+03	1.751218e-03
7.764916e+03	1.750322e-03
7.774783e+03	1.749391e-03
7.784649e+03	1.748427e-03
7.794516e+03	1.747430e-03
7.804382e+03	1.746399e-03
7.814249e+03	1.745335e-03
7.824115e+03	1.744237e-03
7.833982e+03	1.743106e-03
7.843848e+03	1.741941e-03
7.853715e+03	1.740744e-03
7.863581e+03	1.739513e-03
7.873448e+03	1.738250e-03
7.883314e+03	1.736953e-03
7.893180e+03	1.735624e-03
7.903047e+03	1.734261e-03
7.912913e+03	1.732866e-03
7.922780e+03	1.731439e-03
7.932646e+03	1.729978e-03
7.942513e+03	1.728486e-03
7.952379e+03	1.726961e-03
7.962246e+03	1.725403e-03
7.972112e+03	1.723814e-03
7.981979e+03	1.722192e-03
7.991845e+03	1.720538e-03
8.001712e+03	1.718852e-03
8.011578e+03	1.717135e-03
8.021445e+03	1.715385e-03
8.031311e+03	1.713604e-03
8.041178e+03	1.711792e-03
8.051044e+03	1.709948e-03
8.060911e+03	1.708073e-03
8.070777e+03	1.706166e-03
8.080644e+03	1.704229e-03
8.090510e+03	1.702260e-03
8.100376e+03	1.700261e-03
8.110243e+03	1.698230e-03
8.120109e+03	1.696169e-03
8.129976e+03	1.694078e-03
8.139842e+03	1.691956e-03
8.149709e+03	1.689804e-03
8.159575e+03	1.687621e-03
8.169442e+03	1.685409e-03
8.179308e+03	1.683167e-03
8.189175e+03	1.680894e-03
8.199041e+03	1.678593e-03
8.208908e+03	1.676261e-03
8.218774e+03	1.673900e-03
8.228641e+03	1.671510e-03
8.238507e+03	1.669091e-03
8.248374e+03	1.666643e-03
8.258240e+03	1.664166e-03
8.268107e+03	1.661660e-03
8.277973e+03	1.659126e-03
8.287839e+03	1.656563e-03
8.297706e+03	1.653972e-03
8.307572e+03	1.651352e-03
8.317439e+03	1.648705e-03
8.327305e+03	1.646030e-03
8.337172e+03	1.643327e-03
8.347038e+03	1.640597e-03
8.356905e+03	1.637839e-03
8.366771e+03	1.635054e-03
8.376638e+03	1.632241e-03
8.386504e+03	1.629402e-03
8.396371e+03	1.626536e-03
8.406237e+03	1.623644e-03
8.416104e+03	1.620725e-03
8.425970e+03	1.617779e-03
8.435837e+03	1.614808e-03
8.445703e+03	1.611810e-03
8.455570e+03	1.608787e-03
8.465436e+03	1.605738e-03
8.475303e+03	1.602664e-03
8.485169e+03	1.599564e-03
8.495035e+03	1.596439e-03
8.504902e+03	1.593289e-03
8.514768e+03	1.590115e-03
8.524635e+03	1.586915e-03
8.534501e+03	1.583692e-03
8.544368e+03	1.580444e-03
8.554234e+03	1.577171e-03
8.564101e+03	1.573875e-03
8.573967e+03	1.570556e-03
8.583834e+03	1.567212e-03
8.593700e+03	1.563846e-03
8.603567e+03	1.560456e-03
8.613433e+03	1.557043e-03
8.623300e+03	1.553607e-03
8.633166e+03	1.550148e-03
8.643033e+03	1.546667e-03
8.652899e+03	1.543164e-03
8.662766e+03	1.539639e-03
8.672632e+03	1.536092e-03
8.682499e+03	1.532523e-03
8.692365e+03	1.528932e-03
8.702231e+03	1.525321e-03
8.712098e+03	1.521688e-03
8.721964e+03	1.518034e-03
8.731831e+03	1.514359e-03
8.741697e+03	1.510664e-03
8.751564e+03	1.506948e-03
8.761430e+03	1.503212e-03
8.771297e+03	1.499457e-03
8.781163e+03	1.495681e-03
8.791030e+03	1.491886e-03
8.800896e+03	1.488071e-03
8.810763e+03	1.484238e-03
8.820629e+03	1.480385e-03
8.830496e+03	1.476513e-03
8.840362e+03	1.472623e-03
8.850229e+03	1.468715e-03
8.860095e+03	1.464788e-03
8.869962e+03	1.460843e-03
8.879828e+03	1.456881e-03
8.889695e+03	1.452901e-03
8.899561e+03	1.448903e-03
8.909427e+03	1.444888e-03
8.919294e+03	1.440857e-03
8.929160e+03	1.436808e-03
8.939027e+03	1.432743e-03
8.948893e+03	1.428662e-03
8.958760e+03	1.424564e-03
8.968626e+03	1.420451e-03
8.978493e+03	1.416322e-03
8.988359e+03	1.412177e-03
8.998226e+03	1.408017e-03
9.008092e+03	1.403841e-03
9.017959e+03	1.399651e-03
9.027825e+03	1.395446e-03
9.037692e+03	1.391227e-03
9.047558e+03	1.386993e-03
9.057425e+03	1.382746e-03
9.067291e+03	1.378484e-03
9.077158e+03	1.374209e-03
9.087024e+03	1.369920e-03
9.096890e+03	1.365618e-03
9.106757e+03	1.361303e-03
9.116623e+03	1.356975e-03
9.126490e+03	1.352634e-03
9.136356e+03	1.348281e-03
9.146223e+03	1.343916e-03
9.156089e+03	1.339539e-03
9.165956e+03	1.335150e-03
9.175822e+03	1.330750e-03
9.185689e+03	1.326338e-03
9.195555e+03	1.321915e-03
9.205422e+03	1.317481e-03
9.215288e+03	1.313036e-03
9.225155e+03	1.308581e-03
9.235021e+03	1.304115e-03
9.244888e+03	1.299640e-03
9.254754e+03	1.295154e-03
9.264621e+03	1.290659e-03
9.274487e+03	1.286154e-03
9.284354e+03	1.281640e-03
9.294220e+03	1.277117e-03
9.304086e+03	1.272585e-03
9.313953e+03	1.268045e-03
9.323819e+03	1.263496e-03
9.333686e+03	1.258938e-03
9.343552e+03	1.254373e-03
9.353419e+03	1.249800e-03
9.363285e+03	1.245219e-03
9.373152e+03	1.240631e-03
9.383018e+03	1.236036e-03
9.392885e+03	1.231433e-03
9.402751e+03	1.226824e-03
9.412618e+03	1.222208e-03
9.422484e+03	1.217586e-03
9.432351e+03	1.212958e-03
9.442217e+03	1.208324e-03
9.452084e+03	1.203684e-03
9.461950e+03	1.199038e-03
9.471817e+03	1.194387e-03
9.481683e+03	1.189731e-03
9.491550e+03	1.185070e-03
9.501416e+03	1.180404e-03
9.511282e+03	1.175734e-03
9.521149e+03	1.171059e-03
9.531015e+03	1.166380e-03
9.540882e+03	1.161697e-03
9.550748e+03	1.157010e-03
9.560615e+03	1.152320e-03
9.570481e+03	1.147626e-03
9.580348e+03	1.142929e-03
9.590214e+03	1.138230e-03
9.600081e+03	1.133527e-03
9.609947e+03	1.128822e-03
9.619814e+03	1.124114e-03
9.629680e+03	1.119405e-03
9.639547e+03	1.114693e-03
9.649413e+03	1.109979e-03
9.659280e+03	1.105264e-03
9.669146e+03	1.100548e-03
9.679013e+03	1.095830e-03
9.688879e+03	1.091111e-03
9.698746e+03	1.086391e-03
9.708612e+03	1.081670e-03
9.718478e+03	1.076949e-03
9.728345e+03	1.072228e-03
9.738211e+03	1.067507e-03
9.748078e+03	1.062785e-03
9.757944e+03	1.058064e-03
9.767811e+03	1.053344e-03
9.777677e+03	1.048623e-03
9.787544e+03	1.043904e-03
9.797410e+03	1.039186e-03
9.807277e+03	1.034469e-03
9.817143e+03	1.029753e-03
9.827010e+03	1.025038e-03
9.836876e+03	1.020326e-03
9.846743e+03	1.015615e-03
9.856609e+03	1.010906e-03
9.866476e+03	1.006200e-03
9.876342e+03	1.001496e-03
9.886209e+03	9.967939e-04
9.896075e+03	9.920950e-04
9.905941e+03	9.873989e-04
9.915808e+03	9.827060e-04
9.925674e+03	9.780162e-04
9.935541e+03	9.733299e-04
9.945407e+03	9.686471e-04
9.955274e+03	9.639681e-04
9.965140e+03	9.592929e-04
9.975007e+03	9.546218e-04
9.984873e+03	9.499549e-04
9.994740e+03	9.452924e-04
1.000461e+04	9.406345e-04
1.001447e+04	9.359812e-04
1.002434e+04	9.313328e-04
1.003421e+04	9.266894e-04
1.004407e+04	9.220511e-04
1.005394e+04	9.174182e-04
1.006381e+04	9.127908e-04
1.007367e+04	9.081689e-04
1.008354e+04	9.035529e-04
1.009340e+04	8.989428e-04
1.010327e+04	8.943387e-04
1.011314e+04	8.897409e-04
1.012300e+04	8.851495e-04
1.013287e+04	8.805646e-04
1.014274e+04	8.759863e-04
1.015260e+04	8.714149e-04
1.016247e+04	8.668504e-04
1.017234e+04	8.622930e-04
1.018220e+04	8.577428e-04
1.019207e+04	8.532000e-04
1.020194e+04	8.486647e-04
1.021180e+04	8.441370e-04
1.022167e+04	8.396171e-04
1.023154e+04	8.351051e-04
1.024140e+04	8.306012e-04
1.025127e+04	8.261055e-04
1.026113e+04	8.216180e-04
1.027100e+04	8.171390e-04
1.028087e+04	8.126686e-04
1.029073e+04	8.082068e-04
1.030060e+04	8.037539e-04
1.031047e+04	7.993099e-04
1.032033e+04	7.948750e-04
1.033020e+04	7.904493e-04
1.034007e+04	7.860329e-04
1.034993e+04	7.816259e-04
1.035980e+04	7.772285e-04
1.036967e+04	7.728407e-04
1.037953e+04	7.684627e-04
1.038940e+04	7.640946e-04
1.039927e+04	7.597365e-04
1.040913e+04	7.553886e-04
1.041900e+04	7.510508e-04
1.042886e+04	7.467235e-04
1.043873e+04	7.424065e-04
1.044860e+04	7.381002e-04
1.045846e+04	7.338045e-04
1.046833e+04	7.295195e-04
1.047820e+04	7.252455e-04
1.048806e+04	7.209824e-04
1.049793e+04	7.167304e-04
1.050780e+04	7.124896e-04
1.051766e+04	7.082601e-04
1.052753e+04	7.040419e-04
1.053740e+04	6.998352e-04
1.054726e+04	6.956401e-04
1.055713e+04	6.914566e-04
1.056700e+04	6.872849e-04
1.057686e+04	6.831250e-04
1.058673e+04	6.789771e-04
1.059659e+04	6.748412e-04
1.060646e+04	6.707174e-04
1.061633e+04	6.666058e-04
1.062619e+04	6.625065e-04
1.063606e+04	6.584195e-04
1.064593e+04	6.543450e-04
1.065579e+04	6.502830e-04
1.066566e+04	6.462337e-04
1.067553e+04	6.421970e-04
1.068539e+04	6.381731e-04
1.069526e+04	6.341620e-04
1.070513e+04	6.301639e-04
1.071499e+04	6.261787e-04
1.072486e+04	6.222067e-04
1.073473e+04	6.182477e-04
1.074459e+04	6.143020e-04
1.075446e+04	6.103695e-04
1.076432e+04	6.064504e-04
1.077419e+04	6.025447e-04
1.078406e+04	5.986525e-04
1.079392e+04	5.947738e-04
1.080379e+04	5.909087e-04
1.081366e+04	5.870573e-04
1.082352e+04	5.832196e-04
1.083339e+04	5.793957e-04
1.084326e+04	5.755856e-04
1.085312e+04	5.717895e-04
1.086299e+04	5.680073e-04
1.087286e+04	5.642391e-04
1.088272e+04	5.604850e-04
1.089259e+04	5.567450e-04
1.090246e+04	5.530192e-04
1.091232e+04	5.493075e-04
1.092219e+04	5.456102e-04
1.093205e+04	5.419272e-04
1.094192e+04	5.382585e-04
1.095179e+04	5.346043e-04
1.096165e+04	5.309645e-04
1.097152e+04	5.273391e-04
1.098139e+04	5.237284e-04
1.099125e+04	5.201322e-04
1.100112e+04	5.165506e-04
1.101099e+04	5.129837e-04
1.102085e+04	5.094315e-04
1.103072e+04	5.058940e-04
1.104059e+04	5.023712e-04
1.105045e+04	4.988633e-04
1.106032e+04	4.953702e-04
1.107019e+04	4.918920e-04
1.108005e+04	4.884287e-04
1.108992e+04	4.849803e-04
1.109979e+04	4.815468e-04
1.110965e+04	4.781283e-04
1.111952e+04	4.747249e-04
1.112938e+04	4.713364e-04
1.113925e+04	4.679631e-04
1.114912e+04	4.646048e-04
1.115898e+04	4.612616e-04
1.116885e+04	4.579335e-04
1.117872e+04	4.546206e-04
1.118858e+04	4.513228e-04
1.119845e+04	4.480403e-04
1.120832e+04	4.447729e-04
1.121818e+04	4.415207e-04
1.122805e+04	4.382838e-04
1.123792e+04	4.350621e-04
1.124778e+04	4.318557e-04
1.125765e+04	4.286645e-04
1.126752e+04	4.254887e-04
1.127738e+04	4.223281e-04
1.128725e+04	4.191828e-04
1.129711e+04	4.160529e-04
1.130698e+04	4.129382e-04
1.131685e+04	4.098389e-04
1.132671e+04	4.067549e-04
1.133658e+04	4.036862e-04
1.134645e+04	4.006329e-04
1.135631e+04	3.975949e-04
1.136618e+04	3.945722e-04
1.137605e+04	3.915649e-04
1.138591e+04	3.885729e-04
1.139578e+04	3.855963e-04
1.140565e+04	3.826350e-04
1.141551e+04	3.796891e-04
1.142538e+04	3.767585e-04
1.143525e+04	3.738432e-04
1.144511e+04	3.709432e-04
1.145498e+04	3.680585e-04
1.146484e+04	3.651892e-04
1.147471e+04	3.623352e-04
1.148458e+04	3.594964e-04
1.149444e+04	3.566729e-04
1.150431e+04	3.538648e-04
1.151418e+04	3.510718e-04
1.152404e+04	3.482942e-04
1.153391e+04	3.455317e-04
1.154378e+04	3.427845e-04
1.155364e+04	3.400525e-04
1.156351e+04	3.373357e-04
1.157338e+04	3.346340e-04
1.158324e+04	3.319476e-04
1.159311e+04	3.292762e-04
1.160298e+04	3.266200e-04
1.161284e+04	3.239789e-04
1.162271e+04	3.213529e-04
1.163257e+04	3.187420e-04
1.164244e+04	3.161461e-04
1.165231e+04	3.135652e-04
1.166217e+04	3.109994e-04
1.167204e+04	3.084485e-04
1.168191e+04	3.059126e-04
1.169177e+04	3.033916e-04
1.170164e+04	3.008855e-04
1.171151e+04	2.983943e-04
1.172137e+04	2.959179e-04
1.173124e+04	2.934564e-04
1.174111e+04	2.910097e-04
1.175097e+04	2.885777e-04
1.176084e+04	2.861605e-04
1.177071e+04	2.837580e-04
1.178057e+04	2.813702e-04
1.179044e+04	2.789970e-04
1.180030e+04	2.766385e-04
1.181017e+04	2.742945e-04
1.182004e+04	2.719651e-04
1.182990e+04	2.696502e-04
1.183977e+04	2.673498e-04
1.184964e+04	2.650639e-04
1.185950e+04	2.627924e-04
1.186937e+04	2.605353e-04
1.187924e+04	2.582925e-04
1.188910e+04	2.560640e-04
1.189897e+04	2.538498e-04
1.190884e+04	2.516498e-04
1.191870e+04	2.494641e-04
1.192857e+04	2.472925e-04
1.193844e+04	2.451350e-04
1.194830e+04	2.429916e-04
1.195817e+04	2.408623e-04
1.196803e+04	2.387469e-04
1.197790e+04	2.366456e-04
1.198777e+04	2.345581e-04
1.199763e+04	2.324845e-04
1.200750e+04	2.304248e-04
1.201737e+04	2.283788e-04
1.202723e+04	2.263466e-04
1.203710e+04	2.243281e-04
1.204697e+04	2.223233e-04
1.205683e+04	2.203321e-04
1.206670e+04	2.183544e-04
1.207657e+04	2.163903e-04
1.208643e+04	2.144397e-04
1.209630e+04	2.125025e-04
1.210617e+04	2.105787e-04
1.211603e+04	2.086683e-04
1.212590e+04	2.067712e-04
1.213576e+04	2.048873e-04
1.214563e+04	2.030166e-04
1.215550e+04	2.011590e-04
1.216536e+04	1.993146e-04
1.217523e+04	1.974833e-04
1.218510e+04	1.956649e-04
1.219496e+04	1.938595e-04
1.220483e+04	1.920670e-04
1.221470e+04	1.902874e-04
1.222456e+04	1.885206e-04
1.223443e+04	1.867666e-04
1.224430e+04	1.850252e-04
1.225416e+04	1.832966e-04
1.226403e+04	1.815805e-04
1.227390e+04	1.798770e-04
1.228376e+04	1.781860e-04
1.229363e+04	1.765075e-04
1.230350e+04	1.748413e-04
1.231336e+04	1.731875e-04
1.232323e+04	1.715460e-04
1.233309e+04	1.699168e-04
1.234296e+04	1.682997e-04
1.235283e+04	1.666948e-04
1.236269e+04	1.651019e-04
1.237256e+04	1.635211e-04
1.238243e+04	1.619523e-04
1.239229e+04	1.603954e-04
1.240216e+04	1.588504e-04
1.241203e+04	1.573171e-04
1.242189e+04	1.557957e-04
1.243176e+04	1.542859e-04
1.244163e+04	1.527878e-04
1.245149e+04	1.513013e-04
1.246136e+04	1.498263e-04
1.247123e+04	1.483628e-04
1.248109e+04	1.469108e-04
1.249096e+04	1.454701e-04
1.250082e+04	1.440407e-04
1.251069e+04	1.426226e-04
1.252056e+04	1.412157e-04
1.253042e+04	1.398200e-04
1.254029e+04	1.384353e-04
1.255016e+04	1.370617e-04
1.256002e+04	1.356991e-04
1.256989e+04	1.343474e-04
1.257976e+04	1.330065e-04
1.258962e+04	1.316765e-04
1.259949e+04	1.303573e-04
1.260936e+04	1.290487e-04
1.261922e+04	1.277508e-04
1.262909e+04	1.264635e-04
1.263896e+04	1.251867e-04
1.264882e+04	1.239203e-04
1.265869e+04	1.226644e-04
1.266855e+04	1.214189e-04
1.267842e+04	1.201836e-04
1.268829e+04	1.189586e-04
1.269815e+04	1.177438e-04
1.270802e+04	1.165391e-04
1.271789e+04	1.153445e-04
1.272775e+04	1.141600e-04
1.273762e+04	1.129853e-04
1.274749e+04	1.118206e-04
1.275735e+04	1.106658e-04
1.276722e+04	1.095207e-04
1.277709e+04	1.083853e-04
1.278695e+04	1.072597e-04
1.279682e+04	1.061436e-04
1.280669e+04	1.050371e-04
1.281655e+04	1.039402e-04
1.282642e+04	1.028527e-04
1.283628e+04	1.017745e-04
1.284615e+04	1.007057e-04
1.285602e+04	9.964622e-05
1.286588e+04	9.859593e-05
1.287575e+04	9.755481e-05
1.288562e+04	9.652280e-05
1.289548e+04	9.549984e-05
1.290535e+04	9.448589e-05
1.291522e+04	9.348087e-05
1.292508e+04	9.248474e-05
1.293495e+04	9.149745e-05
1.294482e+04	9.051892e-05
1.295468e+04	8.954911e-05
1.296455e+04	8.858797e-05
1.297442e+04	8.763543e-05
1.298428e+04	8.669145e-05
1.299415e+04	8.575596e-05
1.300401e+04	8.482891e-05
1.301388e+04	8.391024e-05
1.302375e+04	8.299991e-05
1.303361e+04	8.209785e-05
1.304348e+04	8.120401e-05
1.305335e+04	8.031833e-05
1.306321e+04	7.944077e-05
1.307308e+04	7.857126e-05
1.308295e+04	7.770975e-05
1.309281e+04	7.685619e-05
1.310268e+04	7.601053e-05
1.311255e+04	7.517270e-05
1.312241e+04	7.434265e-05
1.313228e+04	7.352034e-05
1.314215e+04	7.270571e-05
1.315201e+04	7.189870e-05
1.316188e+04	7.109926e-05
1.317174e+04	7.030733e-05
1.318161e+04	6.952287e-05
1.319148e+04	6.874583e-05
1.320134e+04	6.797614e-05
1.321121e+04	6.721376e-05
1.322108e+04	6.645863e-05
1.323094e+04	6.571071e-05
1.324081e+04	6.496994e-05
1.325068e+04	6.423626e-05
1.326054e+04	6.350963e-05
1.327041e+04	6.278999e-05
1.328028e+04	6.207730e-05
1.329014e+04	6.137150e-05
1.330001e+04	6.067254e-05
1.330988e+04	5.998038e-05
1.331974e+04	5.929495e-05
1.332961e+04	5.861621e-05
1.333948e+04	5.794411e-05
1.334934e+04	5.727860e-05
1.335921e+04	5.661963e-05
1.336907e+04	5.596715e-05
1.337894e+04	5.532111e-05
1.338881e+04	5.468146e-05
1.339867e+04	5.404815e-05
1.340854e+04	5.342113e-05
1.341841e+04	5.280036e-05
1.342827e+04	5.218578e-05
1.343814e+04	5.157736e-05
1.344801e+04	5.097503e-05
1.345787e+04	5.037875e-05
1.346774e+04	4.978848e-05
1.347761e+04	4.920416e-05
1.348747e+04	4.862575e-05
1.349734e+04	4.805320e-05
1.350721e+04	4.748647e-05
1.351707e+04	4.692551e-05
1.352694e+04	4.637027e-05
1.353680e+04	4.582071e-05
1.354667e+04	4.527677e-05
1.355654e+04	4.473842e-05
1.356640e+04	4.420561e-05
1.357627e+04	4.367829e-05
1.358614e+04	4.315642e-05
1.359600e+04	4.263996e-05
1.360587e+04	4.212885e-05
1.361574e+04	4.162306e-05
1.362560e+04	4.112254e-05
1.363547e+04	4.062725e-05
1.364534e+04	4.013713e-05
1.365520e+04	3.965216e-05
1.366507e+04	3.917228e-05
1.367494e+04	3.869746e-05
1.368480e+04	3.822764e-05
1.369467e+04	3.776280e-05
1.370453e+04	3.730287e-05
1.371440e+04	3.684783e-05
1.372427e+04	3.639764e-05
1.373413e+04	3.595224e-05
1.374400e+04	3.551159e-05
1.375387e+04	3.507567e-05
1.376373e+04	3.464442e-05
1.377360e+04	3.421780e-05
1.378347e+04	3.379578e-05
1.379333e+04	3.337832e-05
1.380320e+04	3.296536e-05
1.381307e+04	3.255688e-05
1.382293e+04	3.215284e-05
1.383280e+04	3.175319e-05
1.384267e+04	3.135790e-05
1.385253e+04	3.096692e-05
1.386240e+04	3.058022e-05
1.387226e+04	3.019776e-05
1.388213e+04	2.981950e-05
1.389200e+04	2.944541e-05
1.390186e+04	2.907544e-05
1.391173e+04	2.870957e-05
1.392160e+04	2.834774e-05
1.393146e+04	2.798992e-05
1.394133e+04	2.763609e-05
1.395120e+04	2.728619e-05
1.396106e+04	2.694020e-05
1.397093e+04	2.659808e-05
1.398080e+04	2.625979e-05
1.399066e+04	2.592530e-05
1.400053e+04	2.559457e-05
1.401040e+04	2.526756e-05
1.402026e+04	2.494425e-05
1.403013e+04	2.462459e-05
1.403999e+04	2.430856e-05
1.404986e+04	2.399611e-05
1.405973e+04	2.368722e-05
1.406959e+04	2.338184e-05
1.407946e+04	2.307996e-05
1.408933e+04	2.278152e-05
1.409919e+04	2.248651e-05
1.410906e+04	2.219489e-05
1.411893e+04	2.190662e-05
1.412879e+04	2.162167e-05
1.413866e+04	2.134001e-05
1.414853e+04	2.106161e-05
1.415839e+04	2.078644e-05
1.416826e+04	2.051446e-05
1.417813e+04	2.024565e-05
1.418799e+04	1.997997e-05
1.419786e+04	1.971739e-05
1.420772e+04	1.945788e-05
1.421759e+04	1.920141e-05
1.422746e+04	1.894795e-05
1.423732e+04	1.869748e-05
1.424719e+04	1.844995e-05
1.425706e+04	1.820535e-05
1.426692e+04	1.796364e-05
1.427679e+04	1.772480e-05
1.428666e+04	1.748878e-05
1.429652e+04	1.725558e-05
1.430639e+04	1.702515e-05
1.431626e+04	1.679747e-05
1.432612e+04	1.657251e-05
1.433599e+04	1.635025e-05
1.434586e+04	1.613065e-05
1.435572e+04	1.591369e-05
1.436559e+04	1.569935e-05
1.437545e+04	1.548759e-05
1.438532e+04	1.527838e-05
1.439519e+04	1.507171e-05
1.440505e+04	1.486755e-05
1.441492e+04	1.466586e-05
1.442479e+04	1.446663e-05
1.443465e+04	1.426982e-05
1.444452e+04	1.407542e-05
1.445439e+04	1.388340e-05
1.446425e+04	1.369373e-05
1.447412e+04	1.350639e-05
1.448399e+04	1.332135e-05
1.449385e+04	1.313858e-05
1.450372e+04	1.295808e-05
1.451359e+04	1.277980e-05
1.452345e+04	1.260373e-05
1.453332e+04	1.242985e-05
1.454319e+04	1.225812e-05
1.455305e+04	1.208853e-05
1.456292e+04	1.192106e-05
1.457278e+04	1.175567e-05
1.458265e+04	1.159236e-05
1.459252e+04	1.143109e-05
1.460238e+04	1.127184e-05
1.461225e+04	1.111459e-05
1.462212e+04	1.095933e-05
1.463198e+04	1.080602e-05
1.464185e+04	1.065465e-05
1.465172e+04	1.050520e-05
1.466158e+04	1.035764e-05
1.467145e+04	1.021195e-05
1.468132e+04	1.006812e-05
1.469118e+04	9.926116e-06
1.470105e+04	9.785926e-06
1.471092e+04	9.647528e-06
1.472078e+04	9.510902e-06
1.473065e+04	9.376028e-06
1.474051e+04	9.242886e-06
1.475038e+04	9.111457e-06
1.476025e+04	8.981722e-06
1.477011e+04	8.853661e-06
1.477998e+04	8.727256e-06
1.478985e+04	8.602488e-06
1.479971e+04	8.479338e-06
1.480958e+04	8.357789e-06
1.481945e+04	8.237821e-06
1.482931e+04	8.119416e-06
1.483918e+04	8.002558e-06
1.484905e+04	7.887227e-06
1.485891e+04	7.773407e-06
1.486878e+04	7.661080e-06
1.487865e+04	7.550229e-06
1.488851e+04	7.440836e-06
1.489838e+04	7.332886e-06
1.490824e+04	7.226361e-06
1.491811e+04	7.121244e-06
1.492798e+04	7.017520e-06
1.493784e+04	6.915171e-06
1.494771e+04	6.814182e-06
1.495758e+04	6.714538e-06
1.496744e+04	6.616221e-06
1.497731e+04	6.519216e-06
1.498718e+04	6.423509e-06
1.499704e+04	6.329083e-06
1.500691e+04	6.235924e-06
1.501678e+04	6.144016e-06
1.502664e+04	6.053345e-06
1.503651e+04	5.963895e-06
1.504638e+04	5.875652e-06
1.505624e+04	5.788603e-06
1.506611e+04	5.702731e-06
1.507597e+04	5.618024e-06
1.508584e+04	5.534468e-06
1.509571e+04	5.452047e-06
1.510557e+04	5.370750e-06
1.511544e+04	5.290561e-06
1.512531e+04	5.211468e-06
1.513517e+04	5.133457e-06
1.514504e+04	5.056516e-06
1.515491e+04	4.980630e-06
1.516477e+04	4.905788e-06
1.517464e+04	4.831976e-06
1.518451e+04	4.759182e-06
1.519437e+04	4.687393e-06
1.520424e+04	4.616596e-06
1.521411e+04	4.546781e-06
1.522397e+04	4.477934e-06
1.523384e+04	4.410043e-06
1.524370e+04	4.343097e-06
1.525357e+04	4.277084e-06
1.526344e+04	4.211992e-06
1.527330e+04	4.147809e-06
1.528317e+04	4.084525e-06
1.529304e+04	4.022129e-06
1.530290e+04	3.960608e-06
1.531277e+04	3.899952e-06
1.532264e+04	3.840150e-06
1.533250e+04	3.781191e-06
1.534237e+04	3.723065e-06
1.535224e+04	3.665761e-06
1.536210e+04	3.609268e-06
1.537197e+04	3.553577e-06
1.538184e+04	3.498677e-06
1.539170e+04	3.444558e-06
1.540157e+04	3.391210e-06
1.541143e+04	3.338623e-06
1.542130e+04	3.286787e-06
1.543117e+04	3.235693e-06
1.544103e+04	3.185331e-06
1.545090e+04	3.135692e-06
1.546077e+04	3.086766e-06
1.547063e+04	3.038545e-06
1.548050e+04	2.991018e-06
1.549037e+04	2.944177e-06
1.550023e+04	2.898014e-06
1.551010e+04	2.852518e-06
1.551997e+04	2.807682e-06
1.552983e+04	2.763497e-06
1.553970e+04	2.719954e-06
1.554957e+04	2.677045e-06
1.555943e+04	2.634761e-06
1.556930e+04	2.593095e-06
1.557916e+04	2.552038e-06
1.558903e+04	2.511582e-06
1.559890e+04	2.471719e-06
1.560876e+04	2.432441e-06
1.561863e+04	2.393741e-06
1.562850e+04	2.355611e-06
1.563836e+04	2.318043e-06
1.564823e+04	2.281029e-06
1.565810e+04	2.244563e-06
1.566796e+04	2.208636e-06
1.567783e+04	2.173242e-06
1.568770e+04	2.138374e-06
1.569756e+04	2.104024e-06
1.570743e+04	2.070186e-06
1.571730e+04	2.036852e-06
1.572716e+04	2.004015e-06
1.573703e+04	1.971670e-06
1.574690e+04	1.939808e-06
1.575676e+04	1.908425e-06
1.576663e+04	1.877512e-06
1.577649e+04	1.847065e-06
1.578636e+04	1.817075e-06
1.579623e+04	1.787538e-06
1.580609e+04	1.758446e-06
1.581596e+04	1.729794e-06
1.582583e+04	1.701576e-06
1.583569e+04	1.673786e-06
1.584556e+04	1.646417e-06
1.585543e+04	1.619464e-06
1.586529e+04	1.592921e-06
1.587516e+04	1.566783e-06
1.588503e+04	1.541044e-06
1.589489e+04	1.515698e-06
1.590476e+04	1.490740e-06
1.591463e+04	1.466164e-06
1.592449e+04	1.441965e-06
1.593436e+04	1.418138e-06
1.594422e+04	1.394677e-06
1.595409e+04	1.371578e-06
1.596396e+04	1.348835e-06
1.597382e+04	1.326443e-06
1.598369e+04	1.304398e-06
1.599356e+04	1.282694e-06
1.600342e+04	1.261326e-06
1.601329e+04	1.240291e-06
1.602316e+04	1.219582e-06
1.603302e+04	1.199195e-06
1.604289e+04	1.179127e-06
1.605276e+04	1.159371e-06
1.606262e+04	1.139925e-06
1.607249e+04	1.120783e-06
1.608236e+04	1.101940e-06
1.609222e+04	1.083394e-06
1.610209e+04	1.065138e-06
1.611195e+04	1.047170e-06
1.612182e+04	1.029485e-06
1.613169e+04	1.012079e-06
1.614155e+04	9.949477e-07
1.615142e+04	9.780873e-07
1.616129e+04	9.614939e-07
1.617115e+04	9.451636e-07
1.618102e+04	9.290925e-07
1.619089e+04	9.132769e-07
1.620075e+04	8.977129e-07
1.621062e+04	8.823970e-07
1.622049e+04	8.673255e-07
1.623035e+04	8.524948e-07
1.624022e+04	8.379014e-07
1.625009e+04	8.235416e-07
1.625995e+04	8.094122e-07
1.626982e+04	7.955097e-07
1.627968e+04	7.818308e-07
1.628955e+04	7.683720e-07
1.629942e+04	7.551303e-07
1.630928e+04	7.421022e-07
1.631915e+04	7.292847e-07
1.632902e+04	7.166746e-07
1.633888e+04	7.042688e-07
1.634875e+04	6.920643e-07
1.635862e+04	6.800579e-07
1.636848e+04	6.682469e-07
1.637835e+04	6.566281e-07
1.638822e+04	6.451988e-07
1.639808e+04	6.339561e-07
1.640795e+04	6.228971e-07
1.641782e+04	6.120191e-07
1.642768e+04	6.013194e-07
1.643755e+04	5.907952e-07
1.644741e+04	5.804438e-07
1.645728e+04	5.702627e-07
1.646715e+04	5.602493e-07
1.647701e+04	5.504009e-07
1.648688e+04	5.407151e-07
1.649675e+04	5.311894e-07
1.650661e+04	5.218214e-07
1.651648e+04	5.126085e-07
1.652635e+04	5.035485e-07
1.653621e+04	4.946390e-07
1.654608e+04	4.858776e-07
1.655595e+04	4.772621e-07
1.656581e+04	4.687903e-07
1.657568e+04	4.604598e-07
1.658555e+04	4.522685e-07
1.659541e+04	4.442143e-07
1.660528e+04	4.362951e-07
1.661514e+04	4.285086e-07
1.662501e+04	4.208529e-07
1.663488e+04	4.133259e-07
1.664474e+04	4.059256e-07
1.665461e+04	3.986501e-07
1.666448e+04	3.914973e-07
1.667434e+04	3.844653e-07
1.668421e+04	3.775523e-07
1.669408e+04	3.707564e-07
1.670394e+04	3.640757e-07
1.671381e+04	3.575084e-07
1.672368e+04	3.510527e-07
1.673354e+04	3.447068e-07
1.674341e+04	3.384691e-07
1.675328e+04	3.323378e-07
1.676314e+04	3.263111e-07
1.677301e+04	3.203875e-07
1.678287e+04	3.145653e-07
1.679274e+04	3.088429e-07
1.680261e+04	3.032187e-07
1.681247e+04	2.976910e-07
1.682234e+04	2.922585e-07
1.683221e+04	2.869195e-07
1.684207e+04	2.816725e-07
1.685194e+04	2.765161e-07
1.686181e+04	2.714488e-07
1.687167e+04	2.664691e-07
1.688154e+04	2.615757e-07
1.689141e+04	2.567672e-07
1.690127e+04	2.520421e-07
1.691114e+04	2.473992e-07
1.692101e+04	2.428370e-07
1.693087e+04	2.383544e-07
1.694074e+04	2.339499e-07
1.695061e+04	2.296223e-07
1.696047e+04	2.253704e-07
1.697034e+04	2.211929e-07
1.698020e+04	2.170886e-07
1.699007e+04	2.130563e-07
1.699994e+04	2.090948e-07
1.700980e+04	2.052030e-07
1.701967e+04	2.013797e-07
1.702954e+04	1.976237e-07
1.703940e+04	1.939341e-07
1.704927e+04	1.903096e-07
1.705914e+04	1.867492e-07
1.706900e+04	1.832518e-07
1.707887e+04	1.798165e-07
1.708874e+04	1.764420e-07
1.709860e+04	1.731276e-07
1.710847e+04	1.698721e-07
1.711834e+04	1.666745e-07
1.712820e+04	1.635340e-07
1.713807e+04	1.604495e-07
1.714793e+04	1.574201e-07
1.715780e+04	1.544449e-07
1.716767e+04	1.515229e-07
1.717753e+04	1.486534e-07
1.718740e+04	1.458353e-07
1.719727e+04	1.430679e-07
1.720713e+04	1.403503e-07
1.721700e+04	1.376816e-07
1.722687e+04	1.350610e-07
1.723673e+04	1.324877e-07
1.724660e+04	1.299608e-07
1.725647e+04	1.274797e-07
1.726633e+04	1.250436e-07
1.727620e+04	1.226516e-07
1.728607e+04	1.203030e-07
1.729593e+04	1.179970e-07
1.730580e+04	1.157330e-07
1.731566e+04	1.135103e-07
1.732553e+04	1.113280e-07
1.733540e+04	1.091856e-07
1.734526e+04	1.070823e-07
1.735513e+04	1.050175e-07
1.736500e+04	1.029905e-07
1.737486e+04	1.010007e-07
1.738473e+04	9.904734e-08
1.739460e+04	9.712988e-08
1.740446e+04	9.524769e-08
1.741433e+04	9.340015e-08
1.742420e+04	9.158666e-08
1.743406e+04	8.980663e-08
1.744393e+04	8.805948e-08
1.745380e+04	8.634463e-08
1.746366e+04	8.466153e-08
1.747353e+04	8.300961e-08
1.748339e+04	8.138834e-08
1.749326e+04	7.979718e-08
1.750313e+04	7.823561e-08
1.751299e+04	7.670309e-08
1.752286e+04	7.519913e-08
1.753273e+04	7.372321e-08
1.754259e+04	7.227486e-08
1.755246e+04	7.085358e-08
1.756233e+04	6.945889e-08
1.757219e+04	6.809033e-08
1.758206e+04	6.674743e-08
1.759193e+04	6.542974e-08
1.760179e+04	6.413681e-08
1.761166e+04	6.286820e-08
1.762153e+04	6.162349e-08
1.763139e+04	6.040224e-08
1.764126e+04	5.920404e-08
1.765112e+04	5.802848e-08
1.766099e+04	5.687514e-08
1.767086e+04	5.574365e-08
1.768072e+04	5.463360e-08
1.769059e+04	5.354461e-08
1.770046e+04	5.247630e-08
1.771032e+04	5.142830e-08
1.772019e+04	5.040025e-08
1.773006e+04	4.939179e-08
1.773992e+04	4.840256e-08
1.774979e+04	4.743222e-08
1.775966e+04	4.648042e-08
1.776952e+04	4.554684e-08
1.777939e+04	4.463114e-08
1.778926e+04	4.373299e-08
1.779912e+04	4.285208e-08
1.780899e+04	4.198810e-08
1.781885e+04	4.114073e-08
1.782872e+04	4.030968e-08
1.783859e+04	3.949465e-08
1.784845e+04	3.869534e-08
1.785832e+04	3.791147e-08
1.786819e+04	3.714275e-08
1.787805e+04	3.638891e-08
1.788792e+04	3.564967e-08
1.789779e+04	3.492477e-08
1.790765e+04	3.421395e-08
1.791752e+04	3.351693e-08
1.792739e+04	3.283348e-08
1.793725e+04	3.216334e-08
1.794712e+04	3.150625e-08
1.795699e+04	3.086200e-08
1.796685e+04	3.023032e-08
1.797672e+04	2.961100e-08
1.798659e+04	2.900380e-08
1.799645e+04	2.840849e-08
1.800632e+04	2.782486e-08
1.801618e+04	2.725269e-08
1.802605e+04	2.669177e-08
1.803592e+04	2.614188e-08
1.804578e+04	2.560282e-08
1.805565e+04	2.507439e-08
1.806552e+04	2.455638e-08
1.807538e+04	2.404861e-08
1.808525e+04	2.355088e-08
1.809512e+04	2.306299e-08
1.810498e+04	2.258478e-08
1.811485e+04	2.211605e-08
1.812472e+04	2.165662e-08
1.813458e+04	2.120633e-08
1.814445e+04	2.076499e-08
1.815432e+04	2.033244e-08
1.816418e+04	1.990852e-08
1.817405e+04	1.949305e-08
1.818391e+04	1.908588e-08
1.819378e+04	1.868685e-08
1.820365e+04	1.829581e-08
1.821351e+04	1.791260e-08
1.822338e+04	1.753707e-08
1.823325e+04	1.716908e-08
1.824311e+04	1.680849e-08
1.825298e+04	1.645515e-08
1.826285e+04	1.610892e-08
1.827271e+04	1.576967e-08
1.828258e+04	1.543726e-08
1.829245e+04	1.511156e-08
1.830231e+04	1.479245e-08
1.831218e+04	1.447980e-08
1.832205e+04	1.417347e-08
1.833191e+04	1.387336e-08
1.834178e+04	1.357933e-08
1.835164e+04	1.329128e-08
1.836151e+04	1.300909e-08
1.837138e+04	1.273263e-08
1.838124e+04	1.246181e-08
1.839111e+04	1.219651e-08
1.840098e+04	1.193663e-08
1.841084e+04	1.168206e-08
1.842071e+04	1.143269e-08
1.843058e+04	1.118843e-08
1.844044e+04	1.094917e-08
1.845031e+04	1.071482e-08
1.846018e+04	1.048528e-08
1.847004e+04	1.026046e-08
1.847991e+04	1.004026e-08
1.848978e+04	9.824600e-09
1.849964e+04	9.613382e-09
1.850951e+04	9.406521e-09
1.851937e+04	9.203933e-09
1.852924e+04	9.005531e-09
1.853911e+04	8.811235e-09
1.854897e+04	8.620963e-09
1.855884e+04	8.434634e-09
1.856871e+04	8.252173e-09
1.857857e+04	8.073500e-09
1.858844e+04	7.898542e-09
1.859831e+04	7.727225e-09
1.860817e+04	7.559476e-09
1.861804e+04	7.395225e-09
1.862791e+04	7.234401e-09
1.863777e+04	7.076937e-09
1.864764e+04	6.922765e-09
1.865751e+04	6.771820e-09
1.866737e+04	6.624037e-09
1.867724e+04	6.479352e-09
1.868710e+04	6.337704e-09
1.869697e+04	6.199032e-09
1.870684e+04	6.063276e-09
1.871670e+04	5.930377e-09
1.872657e+04	5.800278e-09
1.873644e+04	5.672922e-09
1.874630e+04	5.548254e-09
1.875617e+04	5.426221e-09
1.876604e+04	5.306768e-09
1.877590e+04	5.189843e-09
1.878577e+04	5.075395e-09
1.879564e+04	4.963375e-09
1.880550e+04	4.853732e-09
1.881537e+04	4.746419e-09
1.882524e+04	4.641388e-09
1.883510e+04	4.538592e-09
1.884497e+04	4.437987e-09
1.885483e+04	4.339527e-09
1.886470e+04	4.243169e-09
1.887457e+04	4.148869e-09
1.888443e+04	4.056586e-09
1.889430e+04	3.966279e-09
1.890417e+04	3.877906e-09
1.891403e+04	3.791428e-09
1.892390e+04	3.706806e-09
1.893377e+04	3.624003e-09
1.894363e+04	3.542979e-09
1.895350e+04	3.463700e-09
1.896337e+04	3.386129e-09
1.897323e+04	3.310230e-09
1.898310e+04	3.235970e-09
1.899297e+04	3.163314e-09
