# # p(y | x = 0.000000e+00)
# # y_val	p(y|x)
0.000000e+00	6.946025e-06
5.044592e+00	7.033765e-06
1.008918e+01	7.122510e-06
1.513378e+01	7.212268e-06
2.017837e+01	7.303051e-06
2.522296e+01	7.394868e-06
3.026755e+01	7.487731e-06
3.531214e+01	7.581648e-06
4.035673e+01	7.676631e-06
4.540133e+01	7.772691e-06
5.044592e+01	7.869837e-06
5.549051e+01	7.968081e-06
6.053510e+01	8.067434e-06
6.557969e+01	8.167905e-06
7.062428e+01	8.269507e-06
7.566888e+01	8.372251e-06
8.071347e+01	8.476147e-06
8.575806e+01	8.581207e-06
9.080265e+01	8.687442e-06
9.584724e+01	8.794863e-06
1.008918e+02	8.903483e-06
1.059364e+02	9.013312e-06
1.109810e+02	9.124362e-06
1.160256e+02	9.236646e-06
1.210702e+02	9.350175e-06
1.261148e+02	9.464960e-06
1.311594e+02	9.581015e-06
1.362040e+02	9.698350e-06
1.412486e+02	9.816980e-06
1.462932e+02	9.936914e-06
1.513378e+02	1.005817e-05
1.563823e+02	1.018075e-05
1.614269e+02	1.030468e-05
1.664715e+02	1.042996e-05
1.715161e+02	1.055661e-05
1.765607e+02	1.068465e-05
1.816053e+02	1.081407e-05
1.866499e+02	1.094491e-05
1.916945e+02	1.107717e-05
1.967391e+02	1.121086e-05
2.017837e+02	1.134599e-05
2.068283e+02	1.148259e-05
2.118729e+02	1.162067e-05
2.169174e+02	1.176023e-05
2.219620e+02	1.190129e-05
2.270066e+02	1.204387e-05
2.320512e+02	1.218798e-05
2.370958e+02	1.233364e-05
2.421404e+02	1.248085e-05
2.471850e+02	1.262963e-05
2.522296e+02	1.278001e-05
2.572742e+02	1.293198e-05
2.623188e+02	1.308557e-05
2.673634e+02	1.324078e-05
2.724080e+02	1.339765e-05
2.774525e+02	1.355617e-05
2.824971e+02	1.371637e-05
2.875417e+02	1.387826e-05
2.925863e+02	1.404185e-05
2.976309e+02	1.420717e-05
3.026755e+02	1.437422e-05
3.077201e+02	1.454302e-05
3.127647e+02	1.471359e-05
3.178093e+02	1.488594e-05
3.228539e+02	1.506010e-05
3.278985e+02	1.523606e-05
3.329431e+02	1.541386e-05
3.379876e+02	1.559350e-05
3.430322e+02	1.577501e-05
3.480768e+02	1.595839e-05
3.531214e+02	1.614367e-05
3.581660e+02	1.633086e-05
3.632106e+02	1.651999e-05
3.682552e+02	1.671105e-05
3.732998e+02	1.690408e-05
3.783444e+02	1.709909e-05
3.833890e+02	1.729610e-05
3.884336e+02	1.749512e-05
3.934782e+02	1.769617e-05
3.985228e+02	1.789927e-05
4.035673e+02	1.810444e-05
4.086119e+02	1.831169e-05
4.136565e+02	1.852104e-05
4.187011e+02	1.873251e-05
4.237457e+02	1.894612e-05
4.287903e+02	1.916189e-05
4.338349e+02	1.937983e-05
4.388795e+02	1.959996e-05
4.439241e+02	1.982230e-05
4.489687e+02	2.004687e-05
4.540133e+02	2.027368e-05
4.590579e+02	2.050277e-05
4.641024e+02	2.073414e-05
4.691470e+02	2.096781e-05
4.741916e+02	2.120381e-05
4.792362e+02	2.144215e-05
4.842808e+02	2.168285e-05
4.893254e+02	2.192593e-05
4.943700e+02	2.217141e-05
4.994146e+02	2.241932e-05
5.044592e+02	2.266966e-05
5.095038e+02	2.292246e-05
5.145484e+02	2.317775e-05
5.195930e+02	2.343553e-05
5.246375e+02	2.369584e-05
5.296821e+02	2.395868e-05
5.347267e+02	2.422409e-05
5.397713e+02	2.449208e-05
5.448159e+02	2.476267e-05
5.498605e+02	2.503589e-05
5.549051e+02	2.531175e-05
5.599497e+02	2.559027e-05
5.649943e+02	2.587148e-05
5.700389e+02	2.615540e-05
5.750835e+02	2.644205e-05
5.801281e+02	2.673144e-05
5.851726e+02	2.702361e-05
5.902172e+02	2.731858e-05
5.952618e+02	2.761636e-05
6.003064e+02	2.791698e-05
6.053510e+02	2.822045e-05
6.103956e+02	2.852681e-05
6.154402e+02	2.883607e-05
6.204848e+02	2.914826e-05
6.255294e+02	2.946340e-05
6.305740e+02	2.978151e-05
6.356186e+02	3.010261e-05
6.406632e+02	3.042673e-05
6.457077e+02	3.075389e-05
6.507523e+02	3.108412e-05
6.557969e+02	3.141743e-05
6.608415e+02	3.175385e-05
6.658861e+02	3.209340e-05
6.709307e+02	3.243611e-05
6.759753e+02	3.278200e-05
6.810199e+02	3.313109e-05
6.860645e+02	3.348341e-05
6.911091e+02	3.383898e-05
6.961537e+02	3.419783e-05
7.011983e+02	3.455998e-05
7.062428e+02	3.492545e-05
7.112874e+02	3.529427e-05
7.163320e+02	3.566646e-05
7.213766e+02	3.604206e-05
7.264212e+02	3.642107e-05
7.314658e+02	3.680353e-05
7.365104e+02	3.718947e-05
7.415550e+02	3.757890e-05
7.465996e+02	3.797185e-05
7.516442e+02	3.836835e-05
7.566888e+02	3.876843e-05
7.617334e+02	3.917210e-05
7.667780e+02	3.957940e-05
7.718225e+02	3.999035e-05
7.768671e+02	4.040497e-05
7.819117e+02	4.082330e-05
7.869563e+02	4.124535e-05
7.920009e+02	4.167116e-05
7.970455e+02	4.210074e-05
8.020901e+02	4.253414e-05
8.071347e+02	4.297136e-05
8.121793e+02	4.341245e-05
8.172239e+02	4.385742e-05
8.222685e+02	4.430631e-05
8.273131e+02	4.475913e-05
8.323576e+02	4.521592e-05
8.374022e+02	4.567671e-05
8.424468e+02	4.614151e-05
8.474914e+02	4.661037e-05
8.525360e+02	4.708330e-05
8.575806e+02	4.756033e-05
8.626252e+02	4.804149e-05
8.676698e+02	4.852681e-05
8.727144e+02	4.901632e-05
8.777590e+02	4.951004e-05
8.828036e+02	5.000800e-05
8.878482e+02	5.051023e-05
8.928927e+02	5.101676e-05
8.979373e+02	5.152762e-05
9.029819e+02	5.204283e-05
9.080265e+02	5.256242e-05
9.130711e+02	5.308642e-05
9.181157e+02	5.361486e-05
9.231603e+02	5.414778e-05
9.282049e+02	5.468518e-05
9.332495e+02	5.522712e-05
9.382941e+02	5.577361e-05
9.433387e+02	5.632468e-05
9.483833e+02	5.688036e-05
9.534278e+02	5.744069e-05
9.584724e+02	5.800569e-05
9.635170e+02	5.857539e-05
9.685616e+02	5.914982e-05
9.736062e+02	5.972901e-05
9.786508e+02	6.031299e-05
9.836954e+02	6.090178e-05
9.887400e+02	6.149543e-05
9.937846e+02	6.209395e-05
9.988292e+02	6.269739e-05
1.003874e+03	6.330576e-05
1.008918e+03	6.391910e-05
1.013963e+03	6.453743e-05
1.019008e+03	6.516080e-05
1.024052e+03	6.578922e-05
1.029097e+03	6.642274e-05
1.034141e+03	6.706137e-05
1.039186e+03	6.770516e-05
1.044230e+03	6.835412e-05
1.049275e+03	6.900829e-05
1.054320e+03	6.966771e-05
1.059364e+03	7.033240e-05
1.064409e+03	7.100239e-05
1.069453e+03	7.167772e-05
1.074498e+03	7.235841e-05
1.079543e+03	7.304449e-05
1.084587e+03	7.373601e-05
1.089632e+03	7.443298e-05
1.094676e+03	7.513544e-05
1.099721e+03	7.584342e-05
1.104766e+03	7.655695e-05
1.109810e+03	7.727606e-05
1.114855e+03	7.800079e-05
1.119899e+03	7.873117e-05
1.124944e+03	7.946722e-05
1.129989e+03	8.020897e-05
1.135033e+03	8.095647e-05
1.140078e+03	8.170974e-05
1.145122e+03	8.246881e-05
1.150167e+03	8.323372e-05
1.155212e+03	8.400449e-05
1.160256e+03	8.478116e-05
1.165301e+03	8.556375e-05
1.170345e+03	8.635231e-05
1.175390e+03	8.714686e-05
1.180434e+03	8.794744e-05
1.185479e+03	8.875407e-05
1.190524e+03	8.956679e-05
1.195568e+03	9.038563e-05
1.200613e+03	9.121063e-05
1.205657e+03	9.204180e-05
1.210702e+03	9.287920e-05
1.215747e+03	9.372283e-05
1.220791e+03	9.457275e-05
1.225836e+03	9.542899e-05
1.230880e+03	9.629156e-05
1.235925e+03	9.716051e-05
1.240970e+03	9.803587e-05
1.246014e+03	9.891767e-05
1.251059e+03	9.980593e-05
1.256103e+03	1.007007e-04
1.261148e+03	1.016020e-04
1.266193e+03	1.025099e-04
1.271237e+03	1.034244e-04
1.276282e+03	1.043455e-04
1.281326e+03	1.052732e-04
1.286371e+03	1.062077e-04
1.291415e+03	1.071489e-04
1.296460e+03	1.080969e-04
1.301505e+03	1.090516e-04
1.306549e+03	1.100132e-04
1.311594e+03	1.109816e-04
1.316638e+03	1.119569e-04
1.321683e+03	1.129391e-04
1.326728e+03	1.139283e-04
1.331772e+03	1.149245e-04
1.336817e+03	1.159277e-04
1.341861e+03	1.169379e-04
1.346906e+03	1.179552e-04
1.351951e+03	1.189796e-04
1.356995e+03	1.200112e-04
1.362040e+03	1.210499e-04
1.367084e+03	1.220958e-04
1.372129e+03	1.231490e-04
1.377174e+03	1.242094e-04
1.382218e+03	1.252772e-04
1.387263e+03	1.263522e-04
1.392307e+03	1.274346e-04
1.397352e+03	1.285245e-04
1.402397e+03	1.296217e-04
1.407441e+03	1.307264e-04
1.412486e+03	1.318386e-04
1.417530e+03	1.329583e-04
1.422575e+03	1.340856e-04
1.427619e+03	1.352204e-04
1.432664e+03	1.363628e-04
1.437709e+03	1.375129e-04
1.442753e+03	1.386707e-04
1.447798e+03	1.398361e-04
1.452842e+03	1.410093e-04
1.457887e+03	1.421903e-04
1.462932e+03	1.433790e-04
1.467976e+03	1.445756e-04
1.473021e+03	1.457800e-04
1.478065e+03	1.469923e-04
1.483110e+03	1.482125e-04
1.488155e+03	1.494407e-04
1.493199e+03	1.506768e-04
1.498244e+03	1.519209e-04
1.503288e+03	1.531731e-04
1.508333e+03	1.544333e-04
1.513378e+03	1.557017e-04
1.518422e+03	1.569781e-04
1.523467e+03	1.582627e-04
1.528511e+03	1.595555e-04
1.533556e+03	1.608565e-04
1.538600e+03	1.621657e-04
1.543645e+03	1.634831e-04
1.548690e+03	1.648089e-04
1.553734e+03	1.661430e-04
1.558779e+03	1.674855e-04
1.563823e+03	1.688363e-04
1.568868e+03	1.701955e-04
1.573913e+03	1.715632e-04
1.578957e+03	1.729393e-04
1.584002e+03	1.743239e-04
1.589046e+03	1.757170e-04
1.594091e+03	1.771187e-04
1.599136e+03	1.785289e-04
1.604180e+03	1.799477e-04
1.609225e+03	1.813752e-04
1.614269e+03	1.828113e-04
1.619314e+03	1.842561e-04
1.624359e+03	1.857096e-04
1.629403e+03	1.871718e-04
1.634448e+03	1.886427e-04
1.639492e+03	1.901225e-04
1.644537e+03	1.916110e-04
1.649582e+03	1.931084e-04
1.654626e+03	1.946146e-04
1.659671e+03	1.961297e-04
1.664715e+03	1.976538e-04
1.669760e+03	1.991867e-04
1.674804e+03	2.007286e-04
1.679849e+03	2.022795e-04
1.684894e+03	2.038393e-04
1.689938e+03	2.054082e-04
1.694983e+03	2.069862e-04
1.700027e+03	2.085732e-04
1.705072e+03	2.101693e-04
1.710117e+03	2.117746e-04
1.715161e+03	2.133889e-04
1.720206e+03	2.150125e-04
1.725250e+03	2.166452e-04
1.730295e+03	2.182871e-04
1.735340e+03	2.199382e-04
1.740384e+03	2.215986e-04
1.745429e+03	2.232683e-04
1.750473e+03	2.249472e-04
1.755518e+03	2.266355e-04
1.760563e+03	2.283331e-04
1.765607e+03	2.300400e-04
1.770652e+03	2.317564e-04
1.775696e+03	2.334821e-04
1.780741e+03	2.352172e-04
1.785785e+03	2.369617e-04
1.790830e+03	2.387157e-04
1.795875e+03	2.404792e-04
1.800919e+03	2.422521e-04
1.805964e+03	2.440346e-04
1.811008e+03	2.458265e-04
1.816053e+03	2.476280e-04
1.821098e+03	2.494391e-04
1.826142e+03	2.512597e-04
1.831187e+03	2.530899e-04
1.836231e+03	2.549297e-04
1.841276e+03	2.567792e-04
1.846321e+03	2.586382e-04
1.851365e+03	2.605069e-04
1.856410e+03	2.623853e-04
1.861454e+03	2.642734e-04
1.866499e+03	2.661711e-04
1.871544e+03	2.680786e-04
1.876588e+03	2.699957e-04
1.881633e+03	2.719226e-04
1.886677e+03	2.738593e-04
1.891722e+03	2.758057e-04
1.896767e+03	2.777619e-04
1.901811e+03	2.797279e-04
1.906856e+03	2.817036e-04
1.911900e+03	2.836892e-04
1.916945e+03	2.856846e-04
1.921989e+03	2.876898e-04
1.927034e+03	2.897048e-04
1.932079e+03	2.917297e-04
1.937123e+03	2.937645e-04
1.942168e+03	2.958091e-04
1.947212e+03	2.978636e-04
1.952257e+03	2.999280e-04
1.957302e+03	3.020022e-04
1.962346e+03	3.040864e-04
1.967391e+03	3.061804e-04
1.972435e+03	3.082844e-04
1.977480e+03	3.103983e-04
1.982525e+03	3.125221e-04
1.987569e+03	3.146559e-04
1.992614e+03	3.167996e-04
1.997658e+03	3.189532e-04
2.002703e+03	3.211167e-04
2.007748e+03	3.232903e-04
2.012792e+03	3.254737e-04
2.017837e+03	3.276671e-04
2.022881e+03	3.298705e-04
2.027926e+03	3.320838e-04
2.032970e+03	3.343071e-04
2.038015e+03	3.365404e-04
2.043060e+03	3.387836e-04
2.048104e+03	3.410368e-04
2.053149e+03	3.432999e-04
2.058193e+03	3.455730e-04
2.063238e+03	3.478561e-04
2.068283e+03	3.501492e-04
2.073327e+03	3.524521e-04
2.078372e+03	3.547651e-04
2.083416e+03	3.570880e-04
2.088461e+03	3.594209e-04
2.093506e+03	3.617637e-04
2.098550e+03	3.641164e-04
2.103595e+03	3.664791e-04
2.108639e+03	3.688518e-04
2.113684e+03	3.712343e-04
2.118729e+03	3.736268e-04
2.123773e+03	3.760292e-04
2.128818e+03	3.784415e-04
2.133862e+03	3.808638e-04
2.138907e+03	3.832959e-04
2.143952e+03	3.857379e-04
2.148996e+03	3.881898e-04
2.154041e+03	3.906516e-04
2.159085e+03	3.931232e-04
2.164130e+03	3.956047e-04
2.169174e+03	3.980960e-04
2.174219e+03	4.005971e-04
2.179264e+03	4.031081e-04
2.184308e+03	4.056288e-04
2.189353e+03	4.081594e-04
2.194397e+03	4.106998e-04
2.199442e+03	4.132499e-04
2.204487e+03	4.158097e-04
2.209531e+03	4.183793e-04
2.214576e+03	4.209586e-04
2.219620e+03	4.235477e-04
2.224665e+03	4.261464e-04
2.229710e+03	4.287548e-04
2.234754e+03	4.313728e-04
2.239799e+03	4.340005e-04
2.244843e+03	4.366378e-04
2.249888e+03	4.392847e-04
2.254933e+03	4.419412e-04
2.259977e+03	4.446072e-04
2.265022e+03	4.472828e-04
2.270066e+03	4.499679e-04
2.275111e+03	4.526625e-04
2.280155e+03	4.553666e-04
2.285200e+03	4.580802e-04
2.290245e+03	4.608031e-04
2.295289e+03	4.635355e-04
2.300334e+03	4.662772e-04
2.305378e+03	4.690284e-04
2.310423e+03	4.717888e-04
2.315468e+03	4.745585e-04
2.320512e+03	4.773376e-04
2.325557e+03	4.801258e-04
2.330601e+03	4.829233e-04
2.335646e+03	4.857300e-04
2.340691e+03	4.885459e-04
2.345735e+03	4.913709e-04
2.350780e+03	4.942050e-04
2.355824e+03	4.970482e-04
2.360869e+03	4.999004e-04
2.365914e+03	5.027616e-04
2.370958e+03	5.056319e-04
2.376003e+03	5.085110e-04
2.381047e+03	5.113991e-04
2.386092e+03	5.142961e-04
2.391137e+03	5.172019e-04
2.396181e+03	5.201165e-04
2.401226e+03	5.230399e-04
2.406270e+03	5.259720e-04
2.411315e+03	5.289128e-04
2.416359e+03	5.318623e-04
2.421404e+03	5.348205e-04
2.426449e+03	5.377872e-04
2.431493e+03	5.407624e-04
2.436538e+03	5.437462e-04
2.441582e+03	5.467384e-04
2.446627e+03	5.497391e-04
2.451672e+03	5.527481e-04
2.456716e+03	5.557655e-04
2.461761e+03	5.587911e-04
2.466805e+03	5.618251e-04
2.471850e+03	5.648672e-04
2.476895e+03	5.679175e-04
2.481939e+03	5.709759e-04
2.486984e+03	5.740424e-04
2.492028e+03	5.771170e-04
2.497073e+03	5.801995e-04
2.502118e+03	5.832899e-04
2.507162e+03	5.863882e-04
2.512207e+03	5.894944e-04
2.517251e+03	5.926084e-04
2.522296e+03	5.957300e-04
2.527340e+03	5.988594e-04
2.532385e+03	6.019964e-04
2.537430e+03	6.051410e-04
2.542474e+03	6.082931e-04
2.547519e+03	6.114527e-04
2.552563e+03	6.146197e-04
2.557608e+03	6.177941e-04
2.562653e+03	6.209757e-04
2.567697e+03	6.241647e-04
2.572742e+03	6.273608e-04
2.577786e+03	6.305641e-04
2.582831e+03	6.337745e-04
2.587876e+03	6.369919e-04
2.592920e+03	6.402162e-04
2.597965e+03	6.434475e-04
2.603009e+03	6.466856e-04
2.608054e+03	6.499306e-04
2.613099e+03	6.531822e-04
2.618143e+03	6.564405e-04
2.623188e+03	6.597054e-04
2.628232e+03	6.629769e-04
2.633277e+03	6.662548e-04
2.638322e+03	6.695392e-04
2.643366e+03	6.728299e-04
2.648411e+03	6.761268e-04
2.653455e+03	6.794300e-04
2.658500e+03	6.827394e-04
2.663544e+03	6.860548e-04
2.668589e+03	6.893763e-04
2.673634e+03	6.927037e-04
2.678678e+03	6.960370e-04
2.683723e+03	6.993760e-04
2.688767e+03	7.027209e-04
2.693812e+03	7.060714e-04
2.698857e+03	7.094275e-04
2.703901e+03	7.127891e-04
2.708946e+03	7.161562e-04
2.713990e+03	7.195286e-04
2.719035e+03	7.229064e-04
2.724080e+03	7.262894e-04
2.729124e+03	7.296775e-04
2.734169e+03	7.330708e-04
2.739213e+03	7.364690e-04
2.744258e+03	7.398722e-04
2.749303e+03	7.432802e-04
2.754347e+03	7.466931e-04
2.759392e+03	7.501106e-04
2.764436e+03	7.535327e-04
2.769481e+03	7.569594e-04
2.774525e+03	7.603905e-04
2.779570e+03	7.638260e-04
2.784615e+03	7.672658e-04
2.789659e+03	7.707098e-04
2.794704e+03	7.741580e-04
2.799748e+03	7.776102e-04
2.804793e+03	7.810664e-04
2.809838e+03	7.845265e-04
2.814882e+03	7.879903e-04
2.819927e+03	7.914579e-04
2.824971e+03	7.949291e-04
2.830016e+03	7.984039e-04
2.835061e+03	8.018821e-04
2.840105e+03	8.053637e-04
2.845150e+03	8.088486e-04
2.850194e+03	8.123367e-04
2.855239e+03	8.158279e-04
2.860284e+03	8.193221e-04
2.865328e+03	8.228193e-04
2.870373e+03	8.263192e-04
2.875417e+03	8.298220e-04
2.880462e+03	8.333274e-04
2.885507e+03	8.368353e-04
2.890551e+03	8.403458e-04
2.895596e+03	8.438586e-04
2.900640e+03	8.473737e-04
2.905685e+03	8.508910e-04
2.910729e+03	8.544104e-04
2.915774e+03	8.579318e-04
2.920819e+03	8.614552e-04
2.925863e+03	8.649803e-04
2.930908e+03	8.685072e-04
2.935952e+03	8.720357e-04
2.940997e+03	8.755657e-04
2.946042e+03	8.790971e-04
2.951086e+03	8.826299e-04
2.956131e+03	8.861640e-04
2.961175e+03	8.896991e-04
2.966220e+03	8.932353e-04
2.971265e+03	8.967724e-04
2.976309e+03	9.003104e-04
2.981354e+03	9.038491e-04
2.986398e+03	9.073885e-04
2.991443e+03	9.109284e-04
2.996488e+03	9.144687e-04
3.001532e+03	9.180093e-04
3.006577e+03	9.215502e-04
3.011621e+03	9.250912e-04
3.016666e+03	9.286322e-04
3.021710e+03	9.321732e-04
3.026755e+03	9.357139e-04
3.031800e+03	9.392544e-04
3.036844e+03	9.427945e-04
3.041889e+03	9.463341e-04
3.046933e+03	9.498731e-04
3.051978e+03	9.534113e-04
3.057023e+03	9.569488e-04
3.062067e+03	9.604853e-04
3.067112e+03	9.640208e-04
3.072156e+03	9.675551e-04
3.077201e+03	9.710882e-04
3.082246e+03	9.746200e-04
3.087290e+03	9.781503e-04
3.092335e+03	9.816790e-04
3.097379e+03	9.852060e-04
3.102424e+03	9.887313e-04
3.107469e+03	9.922546e-04
3.112513e+03	9.957760e-04
3.117558e+03	9.992952e-04
3.122602e+03	1.002812e-03
3.127647e+03	1.006327e-03
3.132691e+03	1.009839e-03
3.137736e+03	1.013349e-03
3.142781e+03	1.016856e-03
3.147825e+03	1.020360e-03
3.152870e+03	1.023861e-03
3.157914e+03	1.027359e-03
3.162959e+03	1.030854e-03
3.168004e+03	1.034346e-03
3.173048e+03	1.037835e-03
3.178093e+03	1.041320e-03
3.183137e+03	1.044801e-03
3.188182e+03	1.048279e-03
3.193227e+03	1.051753e-03
3.198271e+03	1.055223e-03
3.203316e+03	1.058689e-03
3.208360e+03	1.062151e-03
3.213405e+03	1.065609e-03
3.218450e+03	1.069062e-03
3.223494e+03	1.072511e-03
3.228539e+03	1.075955e-03
3.233583e+03	1.079394e-03
3.238628e+03	1.082829e-03
3.243673e+03	1.086259e-03
3.248717e+03	1.089683e-03
3.253762e+03	1.093102e-03
3.258806e+03	1.096516e-03
3.263851e+03	1.099925e-03
3.268895e+03	1.103328e-03
3.273940e+03	1.106725e-03
3.278985e+03	1.110117e-03
3.284029e+03	1.113503e-03
3.289074e+03	1.116882e-03
3.294118e+03	1.120256e-03
3.299163e+03	1.123623e-03
3.304208e+03	1.126984e-03
3.309252e+03	1.130339e-03
3.314297e+03	1.133687e-03
3.319341e+03	1.137028e-03
3.324386e+03	1.140362e-03
3.329431e+03	1.143690e-03
3.334475e+03	1.147010e-03
3.339520e+03	1.150323e-03
3.344564e+03	1.153629e-03
3.349609e+03	1.156927e-03
3.354654e+03	1.160218e-03
3.359698e+03	1.163502e-03
3.364743e+03	1.166777e-03
3.369787e+03	1.170045e-03
3.374832e+03	1.173304e-03
3.379876e+03	1.176556e-03
3.384921e+03	1.179799e-03
3.389966e+03	1.183034e-03
3.395010e+03	1.186260e-03
3.400055e+03	1.189478e-03
3.405099e+03	1.192687e-03
3.410144e+03	1.195887e-03
3.415189e+03	1.199078e-03
3.420233e+03	1.202260e-03
3.425278e+03	1.205433e-03
3.430322e+03	1.208597e-03
3.435367e+03	1.211751e-03
3.440412e+03	1.214896e-03
3.445456e+03	1.218031e-03
3.450501e+03	1.221156e-03
3.455545e+03	1.224271e-03
3.460590e+03	1.227377e-03
3.465635e+03	1.230472e-03
3.470679e+03	1.233557e-03
3.475724e+03	1.236632e-03
3.480768e+03	1.239696e-03
3.485813e+03	1.242750e-03
3.490858e+03	1.245792e-03
3.495902e+03	1.248825e-03
3.500947e+03	1.251846e-03
3.505991e+03	1.254856e-03
3.511036e+03	1.257855e-03
3.516080e+03	1.260842e-03
3.521125e+03	1.263819e-03
3.526170e+03	1.266784e-03
3.531214e+03	1.269737e-03
3.536259e+03	1.272678e-03
3.541303e+03	1.275608e-03
3.546348e+03	1.278525e-03
3.551393e+03	1.281431e-03
3.556437e+03	1.284324e-03
3.561482e+03	1.287206e-03
3.566526e+03	1.290074e-03
3.571571e+03	1.292930e-03
3.576616e+03	1.295774e-03
3.581660e+03	1.298605e-03
3.586705e+03	1.301423e-03
3.591749e+03	1.304228e-03
3.596794e+03	1.307020e-03
3.601839e+03	1.309798e-03
3.606883e+03	1.312564e-03
3.611928e+03	1.315316e-03
3.616972e+03	1.318054e-03
3.622017e+03	1.320779e-03
3.627061e+03	1.323491e-03
3.632106e+03	1.326188e-03
3.637151e+03	1.328871e-03
3.642195e+03	1.331541e-03
3.647240e+03	1.334196e-03
3.652284e+03	1.336837e-03
3.657329e+03	1.339463e-03
3.662374e+03	1.342076e-03
3.667418e+03	1.344673e-03
3.672463e+03	1.347256e-03
3.677507e+03	1.349824e-03
3.682552e+03	1.352377e-03
3.687597e+03	1.354916e-03
3.692641e+03	1.357439e-03
3.697686e+03	1.359947e-03
3.702730e+03	1.362439e-03
3.707775e+03	1.364917e-03
3.712820e+03	1.367378e-03
3.717864e+03	1.369824e-03
3.722909e+03	1.372255e-03
3.727953e+03	1.374670e-03
3.732998e+03	1.377068e-03
3.738043e+03	1.379451e-03
3.743087e+03	1.381818e-03
3.748132e+03	1.384168e-03
3.753176e+03	1.386503e-03
3.758221e+03	1.388820e-03
3.763265e+03	1.391122e-03
3.768310e+03	1.393407e-03
3.773355e+03	1.395675e-03
3.778399e+03	1.397926e-03
3.783444e+03	1.400161e-03
3.788488e+03	1.402378e-03
3.793533e+03	1.404579e-03
3.798578e+03	1.406762e-03
3.803622e+03	1.408928e-03
3.808667e+03	1.411077e-03
3.813711e+03	1.413209e-03
3.818756e+03	1.415323e-03
3.823801e+03	1.417419e-03
3.828845e+03	1.419498e-03
3.833890e+03	1.421559e-03
3.838934e+03	1.423603e-03
3.843979e+03	1.425628e-03
3.849024e+03	1.427635e-03
3.854068e+03	1.429625e-03
3.859113e+03	1.431596e-03
3.864157e+03	1.433548e-03
3.869202e+03	1.435483e-03
3.874246e+03	1.437399e-03
3.879291e+03	1.439297e-03
3.884336e+03	1.441176e-03
3.889380e+03	1.443036e-03
3.894425e+03	1.444878e-03
3.899469e+03	1.446700e-03
3.904514e+03	1.448504e-03
3.909559e+03	1.450289e-03
3.914603e+03	1.452055e-03
3.919648e+03	1.453802e-03
3.924692e+03	1.455530e-03
3.929737e+03	1.457238e-03
3.934782e+03	1.458927e-03
3.939826e+03	1.460597e-03
3.944871e+03	1.462247e-03
3.949915e+03	1.463878e-03
3.954960e+03	1.465489e-03
3.960005e+03	1.467080e-03
3.965049e+03	1.468651e-03
3.970094e+03	1.470203e-03
3.975138e+03	1.471735e-03
3.980183e+03	1.473247e-03
3.985228e+03	1.474739e-03
3.990272e+03	1.476210e-03
3.995317e+03	1.477662e-03
4.000361e+03	1.479093e-03
4.005406e+03	1.480505e-03
4.010450e+03	1.481895e-03
4.015495e+03	1.483266e-03
4.020540e+03	1.484616e-03
4.025584e+03	1.485945e-03
4.030629e+03	1.487254e-03
4.035673e+03	1.488543e-03
4.040718e+03	1.489810e-03
4.045763e+03	1.491057e-03
4.050807e+03	1.492283e-03
4.055852e+03	1.493489e-03
4.060896e+03	1.494673e-03
4.065941e+03	1.495836e-03
4.070986e+03	1.496979e-03
4.076030e+03	1.498100e-03
4.081075e+03	1.499201e-03
4.086119e+03	1.500280e-03
4.091164e+03	1.501338e-03
4.096209e+03	1.502375e-03
4.101253e+03	1.503390e-03
4.106298e+03	1.504384e-03
4.111342e+03	1.505357e-03
4.116387e+03	1.506309e-03
4.121431e+03	1.507239e-03
4.126476e+03	1.508147e-03
4.131521e+03	1.509034e-03
4.136565e+03	1.509900e-03
4.141610e+03	1.510743e-03
4.146654e+03	1.511565e-03
4.151699e+03	1.512366e-03
4.156744e+03	1.513145e-03
4.161788e+03	1.513902e-03
4.166833e+03	1.514637e-03
4.171877e+03	1.515351e-03
4.176922e+03	1.516042e-03
4.181967e+03	1.516712e-03
4.187011e+03	1.517360e-03
4.192056e+03	1.517986e-03
4.197100e+03	1.518590e-03
4.202145e+03	1.519172e-03
4.207190e+03	1.519732e-03
4.212234e+03	1.520270e-03
4.217279e+03	1.520786e-03
4.222323e+03	1.521279e-03
4.227368e+03	1.521751e-03
4.232413e+03	1.522201e-03
4.237457e+03	1.522628e-03
4.242502e+03	1.523034e-03
4.247546e+03	1.523417e-03
4.252591e+03	1.523778e-03
4.257635e+03	1.524116e-03
4.262680e+03	1.524433e-03
4.267725e+03	1.524727e-03
4.272769e+03	1.524999e-03
4.277814e+03	1.525249e-03
4.282858e+03	1.525477e-03
4.287903e+03	1.525682e-03
4.292948e+03	1.525865e-03
4.297992e+03	1.526025e-03
4.303037e+03	1.526164e-03
4.308081e+03	1.526280e-03
4.313126e+03	1.526373e-03
4.318171e+03	1.526445e-03
4.323215e+03	1.526494e-03
4.328260e+03	1.526521e-03
4.333304e+03	1.526525e-03
4.338349e+03	1.526507e-03
4.343394e+03	1.526467e-03
4.348438e+03	1.526404e-03
4.353483e+03	1.526319e-03
4.358527e+03	1.526212e-03
4.363572e+03	1.526082e-03
4.368616e+03	1.525931e-03
4.373661e+03	1.525756e-03
4.378706e+03	1.525560e-03
4.383750e+03	1.525341e-03
4.388795e+03	1.525100e-03
4.393839e+03	1.524837e-03
4.398884e+03	1.524552e-03
4.403929e+03	1.524244e-03
4.408973e+03	1.523914e-03
4.414018e+03	1.523562e-03
4.419062e+03	1.523187e-03
4.424107e+03	1.522791e-03
4.429152e+03	1.522372e-03
4.434196e+03	1.521931e-03
4.439241e+03	1.521468e-03
4.444285e+03	1.520983e-03
4.449330e+03	1.520476e-03
4.454375e+03	1.519946e-03
4.459419e+03	1.519395e-03
4.464464e+03	1.518822e-03
4.469508e+03	1.518226e-03
4.474553e+03	1.517609e-03
4.479598e+03	1.516970e-03
4.484642e+03	1.516309e-03
4.489687e+03	1.515626e-03
4.494731e+03	1.514921e-03
4.499776e+03	1.514194e-03
4.504820e+03	1.513446e-03
4.509865e+03	1.512675e-03
4.514910e+03	1.511883e-03
4.519954e+03	1.511070e-03
4.524999e+03	1.510235e-03
4.530043e+03	1.509378e-03
4.535088e+03	1.508499e-03
4.540133e+03	1.507599e-03
4.545177e+03	1.506678e-03
4.550222e+03	1.505735e-03
4.555266e+03	1.504770e-03
4.560311e+03	1.503784e-03
4.565356e+03	1.502777e-03
4.570400e+03	1.501749e-03
4.575445e+03	1.500699e-03
4.580489e+03	1.499628e-03
4.585534e+03	1.498536e-03
4.590579e+03	1.497423e-03
4.595623e+03	1.496289e-03
4.600668e+03	1.495134e-03
4.605712e+03	1.493958e-03
4.610757e+03	1.492761e-03
4.615801e+03	1.491543e-03
4.620846e+03	1.490304e-03
4.625891e+03	1.489045e-03
4.630935e+03	1.487764e-03
4.635980e+03	1.486464e-03
4.641024e+03	1.485142e-03
4.646069e+03	1.483800e-03
4.651114e+03	1.482438e-03
4.656158e+03	1.481055e-03
4.661203e+03	1.479652e-03
4.666247e+03	1.478228e-03
4.671292e+03	1.476785e-03
4.676337e+03	1.475321e-03
4.681381e+03	1.473837e-03
4.686426e+03	1.472333e-03
4.691470e+03	1.470809e-03
4.696515e+03	1.469265e-03
4.701560e+03	1.467701e-03
4.706604e+03	1.466118e-03
4.711649e+03	1.464515e-03
4.716693e+03	1.462892e-03
4.721738e+03	1.461249e-03
4.726783e+03	1.459587e-03
4.731827e+03	1.457906e-03
4.736872e+03	1.456205e-03
4.741916e+03	1.454485e-03
4.746961e+03	1.452746e-03
4.752005e+03	1.450987e-03
4.757050e+03	1.449210e-03
4.762095e+03	1.447413e-03
4.767139e+03	1.445598e-03
4.772184e+03	1.443764e-03
4.777228e+03	1.441911e-03
4.782273e+03	1.440039e-03
4.787318e+03	1.438149e-03
4.792362e+03	1.436240e-03
4.797407e+03	1.434313e-03
4.802451e+03	1.432367e-03
4.807496e+03	1.430403e-03
4.812541e+03	1.428421e-03
4.817585e+03	1.426421e-03
4.822630e+03	1.424403e-03
4.827674e+03	1.422366e-03
4.832719e+03	1.420312e-03
4.837764e+03	1.418241e-03
4.842808e+03	1.416151e-03
4.847853e+03	1.414044e-03
4.852897e+03	1.411919e-03
4.857942e+03	1.409777e-03
4.862986e+03	1.407618e-03
4.868031e+03	1.405441e-03
4.873076e+03	1.403247e-03
4.878120e+03	1.401036e-03
4.883165e+03	1.398808e-03
4.888209e+03	1.396564e-03
4.893254e+03	1.394302e-03
4.898299e+03	1.392024e-03
4.903343e+03	1.389729e-03
4.908388e+03	1.387418e-03
4.913432e+03	1.385090e-03
4.918477e+03	1.382746e-03
4.923522e+03	1.380385e-03
4.928566e+03	1.378009e-03
4.933611e+03	1.375616e-03
4.938655e+03	1.373208e-03
4.943700e+03	1.370784e-03
4.948745e+03	1.368344e-03
4.953789e+03	1.365888e-03
4.958834e+03	1.363417e-03
4.963878e+03	1.360930e-03
4.968923e+03	1.358429e-03
4.973967e+03	1.355911e-03
4.979012e+03	1.353379e-03
4.984057e+03	1.350832e-03
4.989101e+03	1.348270e-03
4.994146e+03	1.345692e-03
4.999190e+03	1.343101e-03
5.004235e+03	1.340494e-03
5.009280e+03	1.337873e-03
5.014324e+03	1.335238e-03
5.019369e+03	1.332588e-03
5.024413e+03	1.329925e-03
5.029458e+03	1.327247e-03
5.034503e+03	1.324555e-03
5.039547e+03	1.321849e-03
5.044592e+03	1.319130e-03
5.049636e+03	1.316396e-03
5.054681e+03	1.313650e-03
5.059726e+03	1.310889e-03
5.064770e+03	1.308116e-03
5.069815e+03	1.305329e-03
5.074859e+03	1.302529e-03
5.079904e+03	1.299716e-03
5.084949e+03	1.296891e-03
5.089993e+03	1.294052e-03
5.095038e+03	1.291201e-03
5.100082e+03	1.288337e-03
5.105127e+03	1.285461e-03
5.110171e+03	1.282572e-03
5.115216e+03	1.279672e-03
5.120261e+03	1.276759e-03
5.125305e+03	1.273834e-03
5.130350e+03	1.270897e-03
5.135394e+03	1.267948e-03
5.140439e+03	1.264988e-03
5.145484e+03	1.262016e-03
5.150528e+03	1.259033e-03
5.155573e+03	1.256039e-03
5.160617e+03	1.253033e-03
5.165662e+03	1.250016e-03
5.170707e+03	1.246988e-03
5.175751e+03	1.243950e-03
5.180796e+03	1.240900e-03
5.185840e+03	1.237840e-03
5.190885e+03	1.234770e-03
5.195930e+03	1.231689e-03
5.200974e+03	1.228597e-03
5.206019e+03	1.225496e-03
5.211063e+03	1.222384e-03
5.216108e+03	1.219263e-03
5.221152e+03	1.216132e-03
5.226197e+03	1.212991e-03
5.231242e+03	1.209840e-03
5.236286e+03	1.206681e-03
5.241331e+03	1.203511e-03
5.246375e+03	1.200333e-03
5.251420e+03	1.197145e-03
5.256465e+03	1.193948e-03
5.261509e+03	1.190743e-03
5.266554e+03	1.187528e-03
5.271598e+03	1.184306e-03
5.276643e+03	1.181074e-03
5.281688e+03	1.177834e-03
5.286732e+03	1.174586e-03
5.291777e+03	1.171330e-03
5.296821e+03	1.168065e-03
5.301866e+03	1.164793e-03
5.306911e+03	1.161513e-03
5.311955e+03	1.158225e-03
5.317000e+03	1.154929e-03
5.322044e+03	1.151626e-03
5.327089e+03	1.148316e-03
5.332134e+03	1.144999e-03
5.337178e+03	1.141674e-03
5.342223e+03	1.138342e-03
5.347267e+03	1.135004e-03
5.352312e+03	1.131659e-03
5.357356e+03	1.128307e-03
5.362401e+03	1.124948e-03
5.367446e+03	1.121583e-03
5.372490e+03	1.118212e-03
5.377535e+03	1.114835e-03
5.382579e+03	1.111452e-03
5.387624e+03	1.108062e-03
5.392669e+03	1.104667e-03
5.397713e+03	1.101266e-03
5.402758e+03	1.097860e-03
5.407802e+03	1.094448e-03
5.412847e+03	1.091031e-03
5.417892e+03	1.087608e-03
5.422936e+03	1.084181e-03
5.427981e+03	1.080748e-03
5.433025e+03	1.077310e-03
5.438070e+03	1.073868e-03
5.443115e+03	1.070421e-03
5.448159e+03	1.066970e-03
5.453204e+03	1.063514e-03
5.458248e+03	1.060054e-03
5.463293e+03	1.056589e-03
5.468337e+03	1.053121e-03
5.473382e+03	1.049648e-03
5.478427e+03	1.046172e-03
5.483471e+03	1.042692e-03
5.488516e+03	1.039208e-03
5.493560e+03	1.035721e-03
5.498605e+03	1.032230e-03
5.503650e+03	1.028737e-03
5.508694e+03	1.025240e-03
5.513739e+03	1.021739e-03
5.518783e+03	1.018236e-03
5.523828e+03	1.014731e-03
5.528873e+03	1.011222e-03
5.533917e+03	1.007711e-03
5.538962e+03	1.004197e-03
5.544006e+03	1.000681e-03
5.549051e+03	9.971626e-04
5.554096e+03	9.936421e-04
5.559140e+03	9.901196e-04
5.564185e+03	9.865950e-04
5.569229e+03	9.830687e-04
5.574274e+03	9.795406e-04
5.579319e+03	9.760109e-04
5.584363e+03	9.724797e-04
5.589408e+03	9.689472e-04
5.594452e+03	9.654133e-04
5.599497e+03	9.618782e-04
5.604541e+03	9.583421e-04
5.609586e+03	9.548050e-04
5.614631e+03	9.512670e-04
5.619675e+03	9.477283e-04
5.624720e+03	9.441890e-04
5.629764e+03	9.406491e-04
5.634809e+03	9.371087e-04
5.639854e+03	9.335681e-04
5.644898e+03	9.300272e-04
5.649943e+03	9.264862e-04
5.654987e+03	9.229452e-04
5.660032e+03	9.194042e-04
5.665077e+03	9.158635e-04
5.670121e+03	9.123230e-04
5.675166e+03	9.087829e-04
5.680210e+03	9.052434e-04
5.685255e+03	9.017044e-04
5.690300e+03	8.981661e-04
5.695344e+03	8.946287e-04
5.700389e+03	8.910921e-04
5.705433e+03	8.875565e-04
5.710478e+03	8.840220e-04
5.715522e+03	8.804887e-04
5.720567e+03	8.769567e-04
5.725612e+03	8.734261e-04
5.730656e+03	8.698970e-04
5.735701e+03	8.663695e-04
5.740745e+03	8.628437e-04
5.745790e+03	8.593196e-04
5.750835e+03	8.557974e-04
5.755879e+03	8.522772e-04
5.760924e+03	8.487591e-04
5.765968e+03	8.452431e-04
5.771013e+03	8.417294e-04
5.776058e+03	8.382180e-04
5.781102e+03	8.347090e-04
5.786147e+03	8.312026e-04
5.791191e+03	8.276988e-04
5.796236e+03	8.241977e-04
5.801281e+03	8.206995e-04
5.806325e+03	8.172041e-04
5.811370e+03	8.137117e-04
5.816414e+03	8.102224e-04
5.821459e+03	8.067362e-04
5.826504e+03	8.032533e-04
5.831548e+03	7.997737e-04
5.836593e+03	7.962976e-04
5.841637e+03	7.928250e-04
5.846682e+03	7.893559e-04
5.851726e+03	7.858906e-04
5.856771e+03	7.824290e-04
5.861816e+03	7.789713e-04
5.866860e+03	7.755175e-04
5.871905e+03	7.720677e-04
5.876949e+03	7.686221e-04
5.881994e+03	7.651806e-04
5.887039e+03	7.617434e-04
5.892083e+03	7.583105e-04
5.897128e+03	7.548821e-04
5.902172e+03	7.514582e-04
5.907217e+03	7.480388e-04
5.912262e+03	7.446242e-04
5.917306e+03	7.412142e-04
5.922351e+03	7.378091e-04
5.927395e+03	7.344089e-04
5.932440e+03	7.310137e-04
5.937485e+03	7.276235e-04
5.942529e+03	7.242385e-04
5.947574e+03	7.208587e-04
5.952618e+03	7.174841e-04
5.957663e+03	7.141149e-04
5.962707e+03	7.107511e-04
5.967752e+03	7.073928e-04
5.972797e+03	7.040401e-04
5.977841e+03	7.006931e-04
5.982886e+03	6.973517e-04
5.987930e+03	6.940161e-04
5.992975e+03	6.906864e-04
5.998020e+03	6.873626e-04
6.003064e+03	6.840448e-04
6.008109e+03	6.807330e-04
6.013153e+03	6.774274e-04
6.018198e+03	6.741280e-04
6.023243e+03	6.708348e-04
6.028287e+03	6.675479e-04
6.033332e+03	6.642675e-04
6.038376e+03	6.609934e-04
6.043421e+03	6.577259e-04
6.048466e+03	6.544650e-04
6.053510e+03	6.512107e-04
6.058555e+03	6.479632e-04
6.063599e+03	6.447224e-04
6.068644e+03	6.414884e-04
6.073689e+03	6.382613e-04
6.078733e+03	6.350411e-04
6.083778e+03	6.318280e-04
6.088822e+03	6.286219e-04
6.093867e+03	6.254229e-04
6.098911e+03	6.222312e-04
6.103956e+03	6.190466e-04
6.109001e+03	6.158693e-04
6.114045e+03	6.126994e-04
6.119090e+03	6.095369e-04
6.124134e+03	6.063819e-04
6.129179e+03	6.032343e-04
6.134224e+03	6.000943e-04
6.139268e+03	5.969619e-04
6.144313e+03	5.938372e-04
6.149357e+03	5.907202e-04
6.154402e+03	5.876110e-04
6.159447e+03	5.845096e-04
6.164491e+03	5.814160e-04
6.169536e+03	5.783304e-04
6.174580e+03	5.752527e-04
6.179625e+03	5.721830e-04
6.184670e+03	5.691214e-04
6.189714e+03	5.660679e-04
6.194759e+03	5.630225e-04
6.199803e+03	5.599854e-04
6.204848e+03	5.569564e-04
6.209892e+03	5.539358e-04
6.214937e+03	5.509235e-04
6.219982e+03	5.479195e-04
6.225026e+03	5.449240e-04
6.230071e+03	5.419369e-04
6.235115e+03	5.389582e-04
6.240160e+03	5.359882e-04
6.245205e+03	5.330267e-04
6.250249e+03	5.300738e-04
6.255294e+03	5.271295e-04
6.260338e+03	5.241940e-04
6.265383e+03	5.212671e-04
6.270428e+03	5.183490e-04
6.275472e+03	5.154398e-04
6.280517e+03	5.125393e-04
6.285561e+03	5.096477e-04
6.290606e+03	5.067650e-04
6.295651e+03	5.038913e-04
6.300695e+03	5.010265e-04
6.305740e+03	4.981707e-04
6.310784e+03	4.953240e-04
6.315829e+03	4.924863e-04
6.320874e+03	4.896577e-04
6.325918e+03	4.868382e-04
6.330963e+03	4.840279e-04
6.336007e+03	4.812268e-04
6.341052e+03	4.784349e-04
6.346096e+03	4.756522e-04
6.351141e+03	4.728788e-04
6.356186e+03	4.701147e-04
6.361230e+03	4.673599e-04
6.366275e+03	4.646145e-04
6.371319e+03	4.618784e-04
6.376364e+03	4.591517e-04
6.381409e+03	4.564345e-04
6.386453e+03	4.537267e-04
6.391498e+03	4.510283e-04
6.396542e+03	4.483395e-04
6.401587e+03	4.456601e-04
6.406632e+03	4.429903e-04
6.411676e+03	4.403301e-04
6.416721e+03	4.376794e-04
6.421765e+03	4.350383e-04
6.426810e+03	4.324068e-04
6.431855e+03	4.297850e-04
6.436899e+03	4.271728e-04
6.441944e+03	4.245703e-04
6.446988e+03	4.219774e-04
6.452033e+03	4.193943e-04
6.457077e+03	4.168208e-04
6.462122e+03	4.142571e-04
6.467167e+03	4.117032e-04
6.472211e+03	4.091590e-04
6.477256e+03	4.066246e-04
6.482300e+03	4.041000e-04
6.487345e+03	4.015851e-04
6.492390e+03	3.990801e-04
6.497434e+03	3.965849e-04
6.502479e+03	3.940996e-04
6.507523e+03	3.916241e-04
6.512568e+03	3.891584e-04
6.517613e+03	3.867026e-04
6.522657e+03	3.842567e-04
6.527702e+03	3.818207e-04
6.532746e+03	3.793946e-04
6.537791e+03	3.769784e-04
6.542836e+03	3.745721e-04
6.547880e+03	3.721757e-04
6.552925e+03	3.697892e-04
6.557969e+03	3.674126e-04
6.563014e+03	3.650460e-04
6.568059e+03	3.626894e-04
6.573103e+03	3.603426e-04
6.578148e+03	3.580058e-04
6.583192e+03	3.556790e-04
6.588237e+03	3.533621e-04
6.593281e+03	3.510552e-04
6.598326e+03	3.487583e-04
6.603371e+03	3.464713e-04
6.608415e+03	3.441942e-04
6.613460e+03	3.419272e-04
6.618504e+03	3.396701e-04
6.623549e+03	3.374229e-04
6.628594e+03	3.351857e-04
6.633638e+03	3.329585e-04
6.638683e+03	3.307413e-04
6.643727e+03	3.285340e-04
6.648772e+03	3.263366e-04
6.653817e+03	3.241492e-04
6.658861e+03	3.219718e-04
6.663906e+03	3.198043e-04
6.668950e+03	3.176468e-04
6.673995e+03	3.154992e-04
6.679040e+03	3.133615e-04
6.684084e+03	3.112338e-04
6.689129e+03	3.091160e-04
6.694173e+03	3.070081e-04
6.699218e+03	3.049102e-04
6.704262e+03	3.028221e-04
6.709307e+03	3.007439e-04
6.714352e+03	2.986757e-04
6.719396e+03	2.966173e-04
6.724441e+03	2.945688e-04
6.729485e+03	2.925301e-04
6.734530e+03	2.905014e-04
6.739575e+03	2.884824e-04
6.744619e+03	2.864734e-04
6.749664e+03	2.844741e-04
6.754708e+03	2.824847e-04
6.759753e+03	2.805050e-04
6.764798e+03	2.785352e-04
6.769842e+03	2.765752e-04
6.774887e+03	2.746249e-04
6.779931e+03	2.726844e-04
6.784976e+03	2.707537e-04
6.790021e+03	2.688327e-04
6.795065e+03	2.669214e-04
6.800110e+03	2.650198e-04
6.805154e+03	2.631279e-04
6.810199e+03	2.612458e-04
6.815243e+03	2.593732e-04
6.820288e+03	2.575104e-04
6.825333e+03	2.556572e-04
6.830377e+03	2.538136e-04
6.835422e+03	2.519796e-04
6.840466e+03	2.501552e-04
6.845511e+03	2.483403e-04
6.850556e+03	2.465351e-04
6.855600e+03	2.447394e-04
6.860645e+03	2.429532e-04
6.865689e+03	2.411765e-04
6.870734e+03	2.394093e-04
6.875779e+03	2.376516e-04
6.880823e+03	2.359033e-04
6.885868e+03	2.341645e-04
6.890912e+03	2.324351e-04
6.895957e+03	2.307151e-04
6.901002e+03	2.290044e-04
6.906046e+03	2.273032e-04
6.911091e+03	2.256112e-04
6.916135e+03	2.239286e-04
6.921180e+03	2.222553e-04
6.926225e+03	2.205912e-04
6.931269e+03	2.189364e-04
6.936314e+03	2.172909e-04
6.941358e+03	2.156546e-04
6.946403e+03	2.140274e-04
6.951447e+03	2.124094e-04
6.956492e+03	2.108006e-04
6.961537e+03	2.092009e-04
6.966581e+03	2.076103e-04
6.971626e+03	2.060288e-04
6.976670e+03	2.044563e-04
6.981715e+03	2.028929e-04
6.986760e+03	2.013385e-04
6.991804e+03	1.997931e-04
6.996849e+03	1.982566e-04
7.001893e+03	1.967291e-04
7.006938e+03	1.952104e-04
7.011983e+03	1.937007e-04
7.017027e+03	1.921999e-04
7.022072e+03	1.907078e-04
7.027116e+03	1.892246e-04
7.032161e+03	1.877502e-04
7.037206e+03	1.862845e-04
7.042250e+03	1.848276e-04
7.047295e+03	1.833794e-04
7.052339e+03	1.819399e-04
7.057384e+03	1.805091e-04
7.062428e+03	1.790868e-04
7.067473e+03	1.776732e-04
7.072518e+03	1.762682e-04
7.077562e+03	1.748717e-04
7.082607e+03	1.734837e-04
7.087651e+03	1.721043e-04
7.092696e+03	1.707333e-04
7.097741e+03	1.693707e-04
7.102785e+03	1.680166e-04
7.107830e+03	1.666709e-04
7.112874e+03	1.653335e-04
7.117919e+03	1.640044e-04
7.122964e+03	1.626837e-04
7.128008e+03	1.613712e-04
7.133053e+03	1.600670e-04
7.138097e+03	1.587710e-04
7.143142e+03	1.574832e-04
7.148187e+03	1.562035e-04
7.153231e+03	1.549320e-04
7.158276e+03	1.536686e-04
7.163320e+03	1.524133e-04
7.168365e+03	1.511660e-04
7.173410e+03	1.499267e-04
7.178454e+03	1.486954e-04
7.183499e+03	1.474720e-04
7.188543e+03	1.462566e-04
7.193588e+03	1.450491e-04
7.198632e+03	1.438494e-04
7.203677e+03	1.426576e-04
7.208722e+03	1.414736e-04
7.213766e+03	1.402974e-04
7.218811e+03	1.391289e-04
7.223855e+03	1.379681e-04
7.228900e+03	1.368150e-04
7.233945e+03	1.356695e-04
7.238989e+03	1.345317e-04
7.244034e+03	1.334015e-04
7.249078e+03	1.322788e-04
7.254123e+03	1.311637e-04
7.259168e+03	1.300560e-04
7.264212e+03	1.289558e-04
7.269257e+03	1.278631e-04
7.274301e+03	1.267778e-04
7.279346e+03	1.256998e-04
7.284391e+03	1.246292e-04
7.289435e+03	1.235659e-04
7.294480e+03	1.225098e-04
7.299524e+03	1.214611e-04
7.304569e+03	1.204195e-04
7.309613e+03	1.193851e-04
7.314658e+03	1.183579e-04
7.319703e+03	1.173378e-04
7.324747e+03	1.163248e-04
7.329792e+03	1.153188e-04
7.334836e+03	1.143199e-04
7.339881e+03	1.133280e-04
7.344926e+03	1.123430e-04
7.349970e+03	1.113650e-04
7.355015e+03	1.103939e-04
7.360059e+03	1.094296e-04
7.365104e+03	1.084722e-04
7.370149e+03	1.075215e-04
7.375193e+03	1.065777e-04
7.380238e+03	1.056406e-04
7.385282e+03	1.047102e-04
7.390327e+03	1.037864e-04
7.395372e+03	1.028694e-04
7.400416e+03	1.019589e-04
7.405461e+03	1.010550e-04
7.410505e+03	1.001577e-04
7.415550e+03	9.926682e-05
7.420595e+03	9.838248e-05
7.425639e+03	9.750459e-05
7.430684e+03	9.663312e-05
7.435728e+03	9.576804e-05
7.440773e+03	9.490931e-05
7.445817e+03	9.405691e-05
7.450862e+03	9.321080e-05
7.455907e+03	9.237095e-05
7.460951e+03	9.153733e-05
7.465996e+03	9.070990e-05
7.471040e+03	8.988864e-05
7.476085e+03	8.907351e-05
7.481130e+03	8.826449e-05
7.486174e+03	8.746153e-05
7.491219e+03	8.666461e-05
7.496263e+03	8.587369e-05
7.501308e+03	8.508875e-05
7.506353e+03	8.430975e-05
7.511397e+03	8.353666e-05
7.516442e+03	8.276945e-05
7.521486e+03	8.200808e-05
7.526531e+03	8.125253e-05
7.531576e+03	8.050276e-05
7.536620e+03	7.975875e-05
7.541665e+03	7.902045e-05
7.546709e+03	7.828785e-05
7.551754e+03	7.756090e-05
7.556798e+03	7.683958e-05
7.561843e+03	7.612385e-05
7.566888e+03	7.541369e-05
7.571932e+03	7.470905e-05
7.576977e+03	7.400992e-05
7.582021e+03	7.331626e-05
7.587066e+03	7.262804e-05
7.592111e+03	7.194523e-05
7.597155e+03	7.126780e-05
7.602200e+03	7.059571e-05
7.607244e+03	6.992893e-05
7.612289e+03	6.926744e-05
7.617334e+03	6.861121e-05
7.622378e+03	6.796019e-05
7.627423e+03	6.731437e-05
7.632467e+03	6.667371e-05
7.637512e+03	6.603819e-05
7.642557e+03	6.540776e-05
7.647601e+03	6.478241e-05
7.652646e+03	6.416209e-05
7.657690e+03	6.354679e-05
7.662735e+03	6.293646e-05
7.667780e+03	6.233109e-05
7.672824e+03	6.173063e-05
7.677869e+03	6.113507e-05
7.682913e+03	6.054437e-05
7.687958e+03	5.995849e-05
7.693002e+03	5.937742e-05
7.698047e+03	5.880112e-05
7.703092e+03	5.822956e-05
7.708136e+03	5.766271e-05
7.713181e+03	5.710055e-05
7.718225e+03	5.654304e-05
7.723270e+03	5.599015e-05
7.728315e+03	5.544186e-05
7.733359e+03	5.489814e-05
7.738404e+03	5.435895e-05
7.743448e+03	5.382427e-05
7.748493e+03	5.329407e-05
7.753538e+03	5.276832e-05
7.758582e+03	5.224699e-05
7.763627e+03	5.173006e-05
7.768671e+03	5.121750e-05
7.773716e+03	5.070927e-05
7.778761e+03	5.020534e-05
7.783805e+03	4.970570e-05
7.788850e+03	4.921032e-05
7.793894e+03	4.871915e-05
7.798939e+03	4.823219e-05
7.803983e+03	4.774939e-05
7.809028e+03	4.727073e-05
7.814073e+03	4.679619e-05
7.819117e+03	4.632573e-05
7.824162e+03	4.585934e-05
7.829206e+03	4.539697e-05
7.834251e+03	4.493861e-05
7.839296e+03	4.448422e-05
7.844340e+03	4.403379e-05
7.849385e+03	4.358728e-05
7.854429e+03	4.314467e-05
7.859474e+03	4.270592e-05
7.864519e+03	4.227102e-05
7.869563e+03	4.183994e-05
7.874608e+03	4.141265e-05
7.879652e+03	4.098912e-05
7.884697e+03	4.056933e-05
7.889742e+03	4.015325e-05
7.894786e+03	3.974085e-05
7.899831e+03	3.933212e-05
7.904875e+03	3.892702e-05
7.909920e+03	3.852553e-05
7.914965e+03	3.812763e-05
7.920009e+03	3.773328e-05
7.925054e+03	3.734246e-05
7.930098e+03	3.695515e-05
7.935143e+03	3.657133e-05
7.940187e+03	3.619096e-05
7.945232e+03	3.581402e-05
7.950277e+03	3.544049e-05
7.955321e+03	3.507035e-05
7.960366e+03	3.470356e-05
7.965410e+03	3.434010e-05
7.970455e+03	3.397996e-05
7.975500e+03	3.362310e-05
7.980544e+03	3.326950e-05
7.985589e+03	3.291914e-05
7.990633e+03	3.257199e-05
7.995678e+03	3.222803e-05
8.000723e+03	3.188724e-05
8.005767e+03	3.154959e-05
8.010812e+03	3.121505e-05
8.015856e+03	3.088362e-05
8.020901e+03	3.055525e-05
8.025946e+03	3.022994e-05
8.030990e+03	2.990765e-05
8.036035e+03	2.958836e-05
8.041079e+03	2.927206e-05
8.046124e+03	2.895871e-05
8.051168e+03	2.864830e-05
8.056213e+03	2.834080e-05
8.061258e+03	2.803619e-05
8.066302e+03	2.773445e-05
8.071347e+03	2.743555e-05
8.076391e+03	2.713948e-05
8.081436e+03	2.684621e-05
8.086481e+03	2.655572e-05
8.091525e+03	2.626800e-05
8.096570e+03	2.598301e-05
8.101614e+03	2.570073e-05
8.106659e+03	2.542115e-05
8.111704e+03	2.514424e-05
8.116748e+03	2.486999e-05
8.121793e+03	2.459837e-05
8.126837e+03	2.432935e-05
8.131882e+03	2.406293e-05
8.136927e+03	2.379908e-05
8.141971e+03	2.353778e-05
8.147016e+03	2.327900e-05
8.152060e+03	2.302274e-05
8.157105e+03	2.276896e-05
8.162150e+03	2.251765e-05
8.167194e+03	2.226878e-05
8.172239e+03	2.202235e-05
8.177283e+03	2.177832e-05
8.182328e+03	2.153669e-05
8.187372e+03	2.129742e-05
8.192417e+03	2.106050e-05
8.197462e+03	2.082592e-05
8.202506e+03	2.059364e-05
8.207551e+03	2.036366e-05
8.212595e+03	2.013595e-05
8.217640e+03	1.991050e-05
8.222685e+03	1.968728e-05
8.227729e+03	1.946628e-05
8.232774e+03	1.924748e-05
8.237818e+03	1.903086e-05
8.242863e+03	1.881641e-05
8.247908e+03	1.860410e-05
8.252952e+03	1.839391e-05
8.257997e+03	1.818584e-05
8.263041e+03	1.797985e-05
8.268086e+03	1.777594e-05
8.273131e+03	1.757408e-05
8.278175e+03	1.737426e-05
8.283220e+03	1.717647e-05
8.288264e+03	1.698067e-05
8.293309e+03	1.678686e-05
8.298353e+03	1.659502e-05
8.303398e+03	1.640514e-05
8.308443e+03	1.621719e-05
8.313487e+03	1.603115e-05
8.318532e+03	1.584702e-05
8.323576e+03	1.566478e-05
8.328621e+03	1.548441e-05
8.333666e+03	1.530588e-05
8.338710e+03	1.512920e-05
8.343755e+03	1.495434e-05
8.348799e+03	1.478128e-05
8.353844e+03	1.461001e-05
8.358889e+03	1.444051e-05
8.363933e+03	1.427277e-05
8.368978e+03	1.410677e-05
8.374022e+03	1.394250e-05
8.379067e+03	1.377994e-05
8.384112e+03	1.361908e-05
8.389156e+03	1.345990e-05
8.394201e+03	1.330238e-05
8.399245e+03	1.314652e-05
8.404290e+03	1.299229e-05
8.409335e+03	1.283968e-05
8.414379e+03	1.268868e-05
8.419424e+03	1.253927e-05
8.424468e+03	1.239145e-05
8.429513e+03	1.224518e-05
8.434557e+03	1.210046e-05
8.439602e+03	1.195728e-05
8.444647e+03	1.181562e-05
8.449691e+03	1.167547e-05
8.454736e+03	1.153681e-05
8.459780e+03	1.139963e-05
8.464825e+03	1.126392e-05
8.469870e+03	1.112966e-05
8.474914e+03	1.099684e-05
8.479959e+03	1.086545e-05
8.485003e+03	1.073547e-05
8.490048e+03	1.060689e-05
8.495093e+03	1.047969e-05
8.500137e+03	1.035387e-05
8.505182e+03	1.022941e-05
8.510226e+03	1.010630e-05
8.515271e+03	9.984524e-06
8.520316e+03	9.864071e-06
8.525360e+03	9.744929e-06
8.530405e+03	9.627085e-06
8.535449e+03	9.510527e-06
8.540494e+03	9.395243e-06
8.545538e+03	9.281221e-06
8.550583e+03	9.168448e-06
8.555628e+03	9.056914e-06
8.560672e+03	8.946605e-06
8.565717e+03	8.837510e-06
8.570761e+03	8.729618e-06
8.575806e+03	8.622917e-06
8.580851e+03	8.517395e-06
8.585895e+03	8.413042e-06
8.590940e+03	8.309846e-06
8.595984e+03	8.207796e-06
8.601029e+03	8.106880e-06
8.606074e+03	8.007088e-06
8.611118e+03	7.908409e-06
8.616163e+03	7.810831e-06
8.621207e+03	7.714345e-06
8.626252e+03	7.618939e-06
8.631297e+03	7.524603e-06
8.636341e+03	7.431326e-06
8.641386e+03	7.339098e-06
8.646430e+03	7.247909e-06
8.651475e+03	7.157748e-06
8.656520e+03	7.068606e-06
8.661564e+03	6.980471e-06
8.666609e+03	6.893334e-06
8.671653e+03	6.807186e-06
8.676698e+03	6.722016e-06
8.681742e+03	6.637814e-06
8.686787e+03	6.554572e-06
8.691832e+03	6.472278e-06
8.696876e+03	6.390925e-06
8.701921e+03	6.310501e-06
8.706965e+03	6.230999e-06
8.712010e+03	6.152408e-06
8.717055e+03	6.074719e-06
8.722099e+03	5.997924e-06
8.727144e+03	5.922013e-06
8.732188e+03	5.846977e-06
8.737233e+03	5.772808e-06
8.742278e+03	5.699496e-06
8.747322e+03	5.627033e-06
8.752367e+03	5.555409e-06
8.757411e+03	5.484618e-06
8.762456e+03	5.414649e-06
8.767501e+03	5.345494e-06
8.772545e+03	5.277146e-06
8.777590e+03	5.209595e-06
8.782634e+03	5.142834e-06
8.787679e+03	5.076854e-06
8.792723e+03	5.011647e-06
8.797768e+03	4.947205e-06
8.802813e+03	4.883521e-06
8.807857e+03	4.820586e-06
8.812902e+03	4.758392e-06
8.817946e+03	4.696932e-06
8.822991e+03	4.636198e-06
8.828036e+03	4.576182e-06
8.833080e+03	4.516878e-06
8.838125e+03	4.458276e-06
8.843169e+03	4.400371e-06
8.848214e+03	4.343154e-06
8.853259e+03	4.286618e-06
8.858303e+03	4.230757e-06
8.863348e+03	4.175562e-06
8.868392e+03	4.121027e-06
8.873437e+03	4.067145e-06
8.878482e+03	4.013908e-06
8.883526e+03	3.961311e-06
8.888571e+03	3.909346e-06
8.893615e+03	3.858005e-06
8.898660e+03	3.807284e-06
8.903704e+03	3.757174e-06
8.908749e+03	3.707670e-06
8.913794e+03	3.658764e-06
8.918838e+03	3.610451e-06
8.923883e+03	3.562723e-06
8.928927e+03	3.515575e-06
8.933972e+03	3.469000e-06
8.939017e+03	3.422992e-06
8.944061e+03	3.377545e-06
8.949106e+03	3.332653e-06
8.954150e+03	3.288309e-06
8.959195e+03	3.244508e-06
8.964240e+03	3.201243e-06
8.969284e+03	3.158509e-06
8.974329e+03	3.116300e-06
8.979373e+03	3.074610e-06
8.984418e+03	3.033433e-06
8.989463e+03	2.992765e-06
8.994507e+03	2.952598e-06
8.999552e+03	2.912927e-06
9.004596e+03	2.873748e-06
9.009641e+03	2.835054e-06
9.014686e+03	2.796840e-06
9.019730e+03	2.759101e-06
9.024775e+03	2.721831e-06
9.029819e+03	2.685026e-06
9.034864e+03	2.648679e-06
9.039908e+03	2.612787e-06
9.044953e+03	2.577343e-06
9.049998e+03	2.542342e-06
9.055042e+03	2.507780e-06
9.060087e+03	2.473652e-06
9.065131e+03	2.439953e-06
9.070176e+03	2.406677e-06
9.075221e+03	2.373821e-06
9.080265e+03	2.341379e-06
9.085310e+03	2.309346e-06
9.090354e+03	2.277719e-06
9.095399e+03	2.246492e-06
9.100444e+03	2.215660e-06
9.105488e+03	2.185220e-06
9.110533e+03	2.155166e-06
9.115577e+03	2.125495e-06
9.120622e+03	2.096201e-06
9.125667e+03	2.067281e-06
9.130711e+03	2.038730e-06
9.135756e+03	2.010544e-06
9.140800e+03	1.982718e-06
9.145845e+03	1.955250e-06
9.150889e+03	1.928133e-06
9.155934e+03	1.901365e-06
9.160979e+03	1.874941e-06
9.166023e+03	1.848857e-06
9.171068e+03	1.823109e-06
9.176112e+03	1.797694e-06
9.181157e+03	1.772607e-06
9.186202e+03	1.747844e-06
9.191246e+03	1.723403e-06
9.196291e+03	1.699278e-06
9.201335e+03	1.675466e-06
9.206380e+03	1.651964e-06
9.211425e+03	1.628768e-06
9.216469e+03	1.605874e-06
9.221514e+03	1.583278e-06
9.226558e+03	1.560978e-06
9.231603e+03	1.538969e-06
9.236648e+03	1.517249e-06
9.241692e+03	1.495813e-06
9.246737e+03	1.474658e-06
9.251781e+03	1.453781e-06
9.256826e+03	1.433179e-06
9.261871e+03	1.412848e-06
9.266915e+03	1.392786e-06
9.271960e+03	1.372988e-06
9.277004e+03	1.353451e-06
9.282049e+03	1.334173e-06
9.287093e+03	1.315151e-06
9.292138e+03	1.296381e-06
9.297183e+03	1.277859e-06
9.302227e+03	1.259585e-06
9.307272e+03	1.241553e-06
9.312316e+03	1.223761e-06
9.317361e+03	1.206207e-06
9.322406e+03	1.188887e-06
9.327450e+03	1.171799e-06
9.332495e+03	1.154940e-06
9.337539e+03	1.138306e-06
9.342584e+03	1.121896e-06
9.347629e+03	1.105706e-06
9.352673e+03	1.089733e-06
9.357718e+03	1.073976e-06
9.362762e+03	1.058431e-06
9.367807e+03	1.043096e-06
9.372852e+03	1.027968e-06
9.377896e+03	1.013045e-06
9.382941e+03	9.983232e-07
9.387985e+03	9.838013e-07
9.393030e+03	9.694765e-07
9.398074e+03	9.553463e-07
9.403119e+03	9.414083e-07
9.408164e+03	9.276601e-07
9.413208e+03	9.140992e-07
9.418253e+03	9.007235e-07
9.423297e+03	8.875305e-07
9.428342e+03	8.745179e-07
9.433387e+03	8.616835e-07
9.438431e+03	8.490250e-07
9.443476e+03	8.365403e-07
9.448520e+03	8.242271e-07
9.453565e+03	8.120832e-07
9.458610e+03	8.001066e-07
9.463654e+03	7.882951e-07
9.468699e+03	7.766466e-07
9.473743e+03	7.651590e-07
9.478788e+03	7.538303e-07
9.483833e+03	7.426585e-07
9.488877e+03	7.316415e-07
9.493922e+03	7.207774e-07
9.498966e+03	7.100643e-07
9.504011e+03	6.995002e-07
9.509056e+03	6.890831e-07
9.514100e+03	6.788113e-07
9.519145e+03	6.686828e-07
9.524189e+03	6.586958e-07
9.529234e+03	6.488484e-07
9.534278e+03	6.391390e-07
9.539323e+03	6.295656e-07
9.544368e+03	6.201265e-07
9.549412e+03	6.108200e-07
9.554457e+03	6.016444e-07
9.559501e+03	5.925980e-07
9.564546e+03	5.836790e-07
9.569591e+03	5.748859e-07
9.574635e+03	5.662169e-07
9.579680e+03	5.576705e-07
9.584724e+03	5.492451e-07
9.589769e+03	5.409391e-07
9.594814e+03	5.327509e-07
9.599858e+03	5.246789e-07
9.604903e+03	5.167217e-07
9.609947e+03	5.088777e-07
9.614992e+03	5.011455e-07
9.620037e+03	4.935235e-07
9.625081e+03	4.860104e-07
9.630126e+03	4.786046e-07
9.635170e+03	4.713048e-07
9.640215e+03	4.641096e-07
9.645259e+03	4.570175e-07
9.650304e+03	4.500272e-07
9.655349e+03	4.431373e-07
9.660393e+03	4.363465e-07
9.665438e+03	4.296535e-07
9.670482e+03	4.230570e-07
9.675527e+03	4.165557e-07
9.680572e+03	4.101483e-07
9.685616e+03	4.038335e-07
9.690661e+03	3.976101e-07
9.695705e+03	3.914770e-07
9.700750e+03	3.854327e-07
9.705795e+03	3.794763e-07
9.710839e+03	3.736064e-07
9.715884e+03	3.678220e-07
9.720928e+03	3.621218e-07
9.725973e+03	3.565048e-07
9.731018e+03	3.509697e-07
9.736062e+03	3.455155e-07
9.741107e+03	3.401411e-07
9.746151e+03	3.348454e-07
9.751196e+03	3.296274e-07
9.756241e+03	3.244859e-07
9.761285e+03	3.194199e-07
9.766330e+03	3.144284e-07
9.771374e+03	3.095104e-07
9.776419e+03	3.046649e-07
9.781463e+03	2.998908e-07
9.786508e+03	2.951872e-07
9.791553e+03	2.905532e-07
9.796597e+03	2.859877e-07
9.801642e+03	2.814898e-07
9.806686e+03	2.770586e-07
9.811731e+03	2.726932e-07
9.816776e+03	2.683927e-07
9.821820e+03	2.641561e-07
9.826865e+03	2.599825e-07
9.831909e+03	2.558712e-07
9.836954e+03	2.518212e-07
9.841999e+03	2.478317e-07
9.847043e+03	2.439018e-07
9.852088e+03	2.400307e-07
9.857132e+03	2.362177e-07
9.862177e+03	2.324617e-07
9.867222e+03	2.287622e-07
9.872266e+03	2.251182e-07
9.877311e+03	2.215291e-07
9.882355e+03	2.179940e-07
9.887400e+03	2.145121e-07
9.892444e+03	2.110828e-07
9.897489e+03	2.077053e-07
9.902534e+03	2.043788e-07
9.907578e+03	2.011027e-07
9.912623e+03	1.978761e-07
9.917667e+03	1.946985e-07
9.922712e+03	1.915691e-07
9.927757e+03	1.884873e-07
9.932801e+03	1.854523e-07
9.937846e+03	1.824636e-07
9.942890e+03	1.795203e-07
9.947935e+03	1.766220e-07
9.952980e+03	1.737679e-07
9.958024e+03	1.709574e-07
9.963069e+03	1.681900e-07
9.968113e+03	1.654649e-07
9.973158e+03	1.627816e-07
9.978203e+03	1.601394e-07
9.983247e+03	1.575378e-07
9.988292e+03	1.549763e-07
9.993336e+03	1.524541e-07
9.998381e+03	1.499708e-07
1.000343e+04	1.475258e-07
1.000847e+04	1.451186e-07
1.001351e+04	1.427485e-07
1.001856e+04	1.404151e-07
1.002360e+04	1.381178e-07
1.002865e+04	1.358561e-07
1.003369e+04	1.336295e-07
1.003874e+04	1.314374e-07
1.004378e+04	1.292795e-07
1.004883e+04	1.271551e-07
1.005387e+04	1.250637e-07
1.005892e+04	1.230050e-07
1.006396e+04	1.209784e-07
1.006901e+04	1.189834e-07
1.007405e+04	1.170197e-07
1.007909e+04	1.150866e-07
1.008414e+04	1.131838e-07
1.008918e+04	1.113109e-07
1.009423e+04	1.094674e-07
1.009927e+04	1.076528e-07
1.010432e+04	1.058667e-07
1.010936e+04	1.041088e-07
1.011441e+04	1.023785e-07
1.011945e+04	1.006755e-07
1.012450e+04	9.899944e-08
1.012954e+04	9.734983e-08
1.013458e+04	9.572631e-08
1.013963e+04	9.412849e-08
1.014467e+04	9.255598e-08
1.014972e+04	9.100841e-08
1.015476e+04	8.948541e-08
1.015981e+04	8.798660e-08
1.016485e+04	8.651164e-08
1.016990e+04	8.506016e-08
1.017494e+04	8.363181e-08
1.017999e+04	8.222624e-08
1.018503e+04	8.084311e-08
1.019008e+04	7.948208e-08
1.019512e+04	7.814282e-08
1.020016e+04	7.682501e-08
1.020521e+04	7.552832e-08
1.021025e+04	7.425242e-08
1.021530e+04	7.299701e-08
1.022034e+04	7.176178e-08
1.022539e+04	7.054642e-08
1.023043e+04	6.935063e-08
1.023548e+04	6.817410e-08
1.024052e+04	6.701656e-08
1.024557e+04	6.587771e-08
1.025061e+04	6.475727e-08
1.025566e+04	6.365495e-08
1.026070e+04	6.257047e-08
1.026574e+04	6.150358e-08
1.027079e+04	6.045399e-08
1.027583e+04	5.942145e-08
1.028088e+04	5.840568e-08
1.028592e+04	5.740645e-08
1.029097e+04	5.642348e-08
1.029601e+04	5.545653e-08
1.030106e+04	5.450535e-08
1.030610e+04	5.356971e-08
1.031115e+04	5.264935e-08
1.031619e+04	5.174406e-08
1.032123e+04	5.085358e-08
1.032628e+04	4.997770e-08
1.033132e+04	4.911619e-08
1.033637e+04	4.826882e-08
1.034141e+04	4.743537e-08
1.034646e+04	4.661564e-08
1.035150e+04	4.580940e-08
1.035655e+04	4.501644e-08
1.036159e+04	4.423657e-08
1.036664e+04	4.346957e-08
1.037168e+04	4.271524e-08
1.037673e+04	4.197339e-08
1.038177e+04	4.124382e-08
1.038681e+04	4.052634e-08
1.039186e+04	3.982076e-08
1.039690e+04	3.912689e-08
1.040195e+04	3.844455e-08
1.040699e+04	3.777355e-08
1.041204e+04	3.711373e-08
1.041708e+04	3.646489e-08
1.042213e+04	3.582688e-08
1.042717e+04	3.519951e-08
1.043222e+04	3.458262e-08
1.043726e+04	3.397605e-08
1.044230e+04	3.337963e-08
1.044735e+04	3.279320e-08
1.045239e+04	3.221660e-08
1.045744e+04	3.164968e-08
1.046248e+04	3.109227e-08
1.046753e+04	3.054424e-08
1.047257e+04	3.000543e-08
1.047762e+04	2.947569e-08
1.048266e+04	2.895488e-08
1.048771e+04	2.844286e-08
1.049275e+04	2.793948e-08
1.049780e+04	2.744461e-08
1.050284e+04	2.695811e-08
1.050788e+04	2.647985e-08
1.051293e+04	2.600969e-08
1.051797e+04	2.554750e-08
1.052302e+04	2.509317e-08
1.052806e+04	2.464655e-08
1.053311e+04	2.420752e-08
1.053815e+04	2.377597e-08
1.054320e+04	2.335177e-08
1.054824e+04	2.293481e-08
1.055329e+04	2.252496e-08
1.055833e+04	2.212210e-08
1.056338e+04	2.172614e-08
1.056842e+04	2.133695e-08
1.057346e+04	2.095443e-08
1.057851e+04	2.057846e-08
1.058355e+04	2.020895e-08
1.058860e+04	1.984578e-08
1.059364e+04	1.948885e-08
1.059869e+04	1.913806e-08
1.060373e+04	1.879331e-08
1.060878e+04	1.845450e-08
1.061382e+04	1.812153e-08
1.061887e+04	1.779431e-08
1.062391e+04	1.747274e-08
1.062895e+04	1.715673e-08
1.063400e+04	1.684620e-08
1.063904e+04	1.654104e-08
1.064409e+04	1.624117e-08
1.064913e+04	1.594650e-08
1.065418e+04	1.565695e-08
1.065922e+04	1.537244e-08
1.066427e+04	1.509287e-08
1.066931e+04	1.481817e-08
1.067436e+04	1.454826e-08
1.067940e+04	1.428305e-08
1.068445e+04	1.402248e-08
1.068949e+04	1.376645e-08
1.069453e+04	1.351491e-08
1.069958e+04	1.326776e-08
1.070462e+04	1.302495e-08
1.070967e+04	1.278639e-08
1.071471e+04	1.255202e-08
1.071976e+04	1.232176e-08
1.072480e+04	1.209555e-08
1.072985e+04	1.187332e-08
1.073489e+04	1.165500e-08
1.073994e+04	1.144053e-08
1.074498e+04	1.122984e-08
1.075003e+04	1.102287e-08
1.075507e+04	1.081956e-08
1.076011e+04	1.061984e-08
1.076516e+04	1.042366e-08
1.077020e+04	1.023095e-08
1.077525e+04	1.004165e-08
1.078029e+04	9.855716e-09
1.078534e+04	9.673082e-09
1.079038e+04	9.493692e-09
1.079543e+04	9.317494e-09
1.080047e+04	9.144432e-09
1.080552e+04	8.974453e-09
1.081056e+04	8.807504e-09
1.081560e+04	8.643535e-09
1.082065e+04	8.482495e-09
1.082569e+04	8.324333e-09
1.083074e+04	8.169001e-09
1.083578e+04	8.016450e-09
1.084083e+04	7.866632e-09
1.084587e+04	7.719502e-09
1.085092e+04	7.575013e-09
1.085596e+04	7.433119e-09
1.086101e+04	7.293777e-09
1.086605e+04	7.156942e-09
1.087110e+04	7.022571e-09
1.087614e+04	6.890623e-09
1.088118e+04	6.761054e-09
1.088623e+04	6.633825e-09
1.089127e+04	6.508896e-09
1.089632e+04	6.386225e-09
1.090136e+04	6.265775e-09
1.090641e+04	6.147506e-09
1.091145e+04	6.031382e-09
1.091650e+04	5.917364e-09
1.092154e+04	5.805418e-09
1.092659e+04	5.695505e-09
1.093163e+04	5.587592e-09
1.093667e+04	5.481644e-09
1.094172e+04	5.377625e-09
1.094676e+04	5.275503e-09
1.095181e+04	5.175245e-09
1.095685e+04	5.076818e-09
1.096190e+04	4.980190e-09
1.096694e+04	4.885330e-09
1.097199e+04	4.792207e-09
1.097703e+04	4.700790e-09
1.098208e+04	4.611049e-09
1.098712e+04	4.522955e-09
1.099217e+04	4.436480e-09
1.099721e+04	4.351594e-09
1.100225e+04	4.268270e-09
1.100730e+04	4.186480e-09
1.101234e+04	4.106198e-09
1.101739e+04	4.027396e-09
1.102243e+04	3.950048e-09
1.102748e+04	3.874130e-09
1.103252e+04	3.799615e-09
1.103757e+04	3.726478e-09
1.104261e+04	3.654696e-09
1.104766e+04	3.584244e-09
1.105270e+04	3.515099e-09
1.105775e+04	3.447238e-09
1.106279e+04	3.380637e-09
1.106783e+04	3.315274e-09
1.107288e+04	3.251128e-09
1.107792e+04	3.188176e-09
1.108297e+04	3.126397e-09
1.108801e+04	3.065771e-09
1.109306e+04	3.006276e-09
1.109810e+04	2.947892e-09
1.110315e+04	2.890601e-09
1.110819e+04	2.834381e-09
1.111324e+04	2.779214e-09
1.111828e+04	2.725081e-09
1.112332e+04	2.671963e-09
1.112837e+04	2.619842e-09
1.113341e+04	2.568701e-09
1.113846e+04	2.518520e-09
1.114350e+04	2.469284e-09
1.114855e+04	2.420976e-09
1.115359e+04	2.373577e-09
1.115864e+04	2.327073e-09
1.116368e+04	2.281446e-09
1.116873e+04	2.236681e-09
1.117377e+04	2.192763e-09
1.117882e+04	2.149675e-09
1.118386e+04	2.107403e-09
1.118890e+04	2.065932e-09
1.119395e+04	2.025248e-09
1.119899e+04	1.985336e-09
1.120404e+04	1.946182e-09
1.120908e+04	1.907772e-09
1.121413e+04	1.870093e-09
1.121917e+04	1.833131e-09
1.122422e+04	1.796874e-09
1.122926e+04	1.761308e-09
1.123431e+04	1.726420e-09
1.123935e+04	1.692199e-09
1.124440e+04	1.658632e-09
1.124944e+04	1.625707e-09
1.125448e+04	1.593412e-09
1.125953e+04	1.561736e-09
1.126457e+04	1.530668e-09
1.126962e+04	1.500195e-09
1.127466e+04	1.470308e-09
1.127971e+04	1.440995e-09
1.128475e+04	1.412245e-09
1.128980e+04	1.384049e-09
1.129484e+04	1.356396e-09
1.129989e+04	1.329277e-09
1.130493e+04	1.302680e-09
1.130997e+04	1.276597e-09
1.131502e+04	1.251018e-09
1.132006e+04	1.225933e-09
1.132511e+04	1.201334e-09
1.133015e+04	1.177211e-09
1.133520e+04	1.153556e-09
1.134024e+04	1.130359e-09
1.134529e+04	1.107613e-09
1.135033e+04	1.085309e-09
1.135538e+04	1.063438e-09
1.136042e+04	1.041992e-09
1.136547e+04	1.020965e-09
1.137051e+04	1.000347e-09
1.137555e+04	9.801306e-10
1.138060e+04	9.603091e-10
1.138564e+04	9.408747e-10
1.139069e+04	9.218201e-10
1.139573e+04	9.031382e-10
1.140078e+04	8.848219e-10
1.140582e+04	8.668645e-10
