# # p(y | x = 2.000000e-01)
# # y_val	p(y|x)
0.000000e+00	2.361741e-08
5.044592e+00	2.418659e-08
1.008918e+01	2.476886e-08
1.513378e+01	2.536451e-08
2.017837e+01	2.597384e-08
2.522296e+01	2.659715e-08
3.026755e+01	2.723472e-08
3.531214e+01	2.788689e-08
4.035673e+01	2.855396e-08
4.540133e+01	2.923625e-08
5.044592e+01	2.993409e-08
5.549051e+01	3.064783e-08
6.053510e+01	3.137780e-08
6.557969e+01	3.212435e-08
7.062428e+01	3.288784e-08
7.566888e+01	3.366864e-08
8.071347e+01	3.446710e-08
8.575806e+01	3.528363e-08
9.080265e+01	3.611859e-08
9.584724e+01	3.697238e-08
1.008918e+02	3.784541e-08
1.059364e+02	3.873809e-08
1.109810e+02	3.965083e-08
1.160256e+02	4.058406e-08
1.210702e+02	4.153822e-08
1.261148e+02	4.251374e-08
1.311594e+02	4.351109e-08
1.362040e+02	4.453072e-08
1.412486e+02	4.557310e-08
1.462932e+02	4.663872e-08
1.513378e+02	4.772806e-08
1.563823e+02	4.884162e-08
1.614269e+02	4.997991e-08
1.664715e+02	5.114345e-08
1.715161e+02	5.233277e-08
1.765607e+02	5.354840e-08
1.816053e+02	5.479090e-08
1.866499e+02	5.606083e-08
1.916945e+02	5.735876e-08
1.967391e+02	5.868527e-08
2.017837e+02	6.004096e-08
2.068283e+02	6.142642e-08
2.118729e+02	6.284229e-08
2.169174e+02	6.428918e-08
2.219620e+02	6.576774e-08
2.270066e+02	6.727862e-08
2.320512e+02	6.882248e-08
2.370958e+02	7.040001e-08
2.421404e+02	7.201191e-08
2.471850e+02	7.365886e-08
2.522296e+02	7.534159e-08
2.572742e+02	7.706084e-08
2.623188e+02	7.881735e-08
2.673634e+02	8.061188e-08
2.724080e+02	8.244521e-08
2.774525e+02	8.431812e-08
2.824971e+02	8.623142e-08
2.875417e+02	8.818593e-08
2.925863e+02	9.018248e-08
2.976309e+02	9.222193e-08
3.026755e+02	9.430514e-08
3.077201e+02	9.643299e-08
3.127647e+02	9.860639e-08
3.178093e+02	1.008262e-07
3.228539e+02	1.030935e-07
3.278985e+02	1.054091e-07
3.329431e+02	1.077740e-07
3.379876e+02	1.101892e-07
3.430322e+02	1.126558e-07
3.480768e+02	1.151746e-07
3.531214e+02	1.177468e-07
3.581660e+02	1.203735e-07
3.632106e+02	1.230557e-07
3.682552e+02	1.257945e-07
3.732998e+02	1.285910e-07
3.783444e+02	1.314464e-07
3.833890e+02	1.343619e-07
3.884336e+02	1.373385e-07
3.934782e+02	1.403776e-07
3.985228e+02	1.434804e-07
4.035673e+02	1.466481e-07
4.086119e+02	1.498820e-07
4.136565e+02	1.531833e-07
4.187011e+02	1.565535e-07
4.237457e+02	1.599938e-07
4.287903e+02	1.635056e-07
4.338349e+02	1.670903e-07
4.388795e+02	1.707493e-07
4.439241e+02	1.744841e-07
4.489687e+02	1.782961e-07
4.540133e+02	1.821869e-07
4.590579e+02	1.861578e-07
4.641024e+02	1.902106e-07
4.691470e+02	1.943468e-07
4.741916e+02	1.985679e-07
4.792362e+02	2.028756e-07
4.842808e+02	2.072716e-07
4.893254e+02	2.117575e-07
4.943700e+02	2.163352e-07
4.994146e+02	2.210062e-07
5.044592e+02	2.257725e-07
5.095038e+02	2.306357e-07
5.145484e+02	2.355979e-07
5.195930e+02	2.406607e-07
5.246375e+02	2.458263e-07
5.296821e+02	2.510964e-07
5.347267e+02	2.564731e-07
5.397713e+02	2.619583e-07
5.448159e+02	2.675542e-07
5.498605e+02	2.732627e-07
5.549051e+02	2.790861e-07
5.599497e+02	2.850265e-07
5.649943e+02	2.910860e-07
5.700389e+02	2.972669e-07
5.750835e+02	3.035714e-07
5.801281e+02	3.100019e-07
5.851726e+02	3.165607e-07
5.902172e+02	3.232502e-07
5.952618e+02	3.300728e-07
6.003064e+02	3.370309e-07
6.053510e+02	3.441271e-07
6.103956e+02	3.513639e-07
6.154402e+02	3.587440e-07
6.204848e+02	3.662698e-07
6.255294e+02	3.739442e-07
6.305740e+02	3.817699e-07
6.356186e+02	3.897496e-07
6.406632e+02	3.978861e-07
6.457077e+02	4.061823e-07
6.507523e+02	4.146411e-07
6.557969e+02	4.232655e-07
6.608415e+02	4.320584e-07
6.658861e+02	4.410230e-07
6.709307e+02	4.501623e-07
6.759753e+02	4.594795e-07
6.810199e+02	4.689778e-07
6.860645e+02	4.786605e-07
6.911091e+02	4.885309e-07
6.961537e+02	4.985924e-07
7.011983e+02	5.088483e-07
7.062428e+02	5.193022e-07
7.112874e+02	5.299576e-07
7.163320e+02	5.408181e-07
7.213766e+02	5.518874e-07
7.264212e+02	5.631691e-07
7.314658e+02	5.746671e-07
7.365104e+02	5.863851e-07
7.415550e+02	5.983272e-07
7.465996e+02	6.104971e-07
7.516442e+02	6.228990e-07
7.566888e+02	6.355370e-07
7.617334e+02	6.484151e-07
7.667780e+02	6.615376e-07
7.718225e+02	6.749088e-07
7.768671e+02	6.885331e-07
7.819117e+02	7.024148e-07
7.869563e+02	7.165584e-07
7.920009e+02	7.309686e-07
7.970455e+02	7.456499e-07
8.020901e+02	7.606070e-07
8.071347e+02	7.758447e-07
8.121793e+02	7.913679e-07
8.172239e+02	8.071815e-07
8.222685e+02	8.232905e-07
8.273131e+02	8.397000e-07
8.323576e+02	8.564151e-07
8.374022e+02	8.734411e-07
8.424468e+02	8.907833e-07
8.474914e+02	9.084471e-07
8.525360e+02	9.264379e-07
8.575806e+02	9.447615e-07
8.626252e+02	9.634233e-07
8.676698e+02	9.824292e-07
8.727144e+02	1.001785e-06
8.777590e+02	1.021496e-06
8.828036e+02	1.041570e-06
8.878482e+02	1.062011e-06
8.928927e+02	1.082826e-06
8.979373e+02	1.104022e-06
9.029819e+02	1.125604e-06
9.080265e+02	1.147580e-06
9.130711e+02	1.169955e-06
9.181157e+02	1.192737e-06
9.231603e+02	1.215932e-06
9.282049e+02	1.239547e-06
9.332495e+02	1.263589e-06
9.382941e+02	1.288065e-06
9.433387e+02	1.312982e-06
9.483833e+02	1.338348e-06
9.534278e+02	1.364170e-06
9.584724e+02	1.390455e-06
9.635170e+02	1.417211e-06
9.685616e+02	1.444446e-06
9.736062e+02	1.472168e-06
9.786508e+02	1.500383e-06
9.836954e+02	1.529102e-06
9.887400e+02	1.558331e-06
9.937846e+02	1.588079e-06
9.988292e+02	1.618355e-06
1.003874e+03	1.649166e-06
1.008918e+03	1.680522e-06
1.013963e+03	1.712432e-06
1.019008e+03	1.744903e-06
1.024052e+03	1.777946e-06
1.029097e+03	1.811570e-06
1.034141e+03	1.845782e-06
1.039186e+03	1.880594e-06
1.044230e+03	1.916015e-06
1.049275e+03	1.952054e-06
1.054320e+03	1.988721e-06
1.059364e+03	2.026026e-06
1.064409e+03	2.063979e-06
1.069453e+03	2.102591e-06
1.074498e+03	2.141871e-06
1.079543e+03	2.181831e-06
1.084587e+03	2.222480e-06
1.089632e+03	2.263830e-06
1.094676e+03	2.305892e-06
1.099721e+03	2.348677e-06
1.104766e+03	2.392195e-06
1.109810e+03	2.436459e-06
1.114855e+03	2.481480e-06
1.119899e+03	2.527269e-06
1.124944e+03	2.573839e-06
1.129989e+03	2.621202e-06
1.135033e+03	2.669369e-06
1.140078e+03	2.718354e-06
1.145122e+03	2.768168e-06
1.150167e+03	2.818824e-06
1.155212e+03	2.870336e-06
1.160256e+03	2.922716e-06
1.165301e+03	2.975977e-06
1.170345e+03	3.030133e-06
1.175390e+03	3.085197e-06
1.180434e+03	3.141183e-06
1.185479e+03	3.198105e-06
1.190524e+03	3.255978e-06
1.195568e+03	3.314814e-06
1.200613e+03	3.374630e-06
1.205657e+03	3.435438e-06
1.210702e+03	3.497255e-06
1.215747e+03	3.560096e-06
1.220791e+03	3.623974e-06
1.225836e+03	3.688907e-06
1.230880e+03	3.754909e-06
1.235925e+03	3.821996e-06
1.240970e+03	3.890185e-06
1.246014e+03	3.959491e-06
1.251059e+03	4.029931e-06
1.256103e+03	4.101521e-06
1.261148e+03	4.174279e-06
1.266193e+03	4.248221e-06
1.271237e+03	4.323365e-06
1.276282e+03	4.399728e-06
1.281326e+03	4.477327e-06
1.286371e+03	4.556182e-06
1.291415e+03	4.636309e-06
1.296460e+03	4.717727e-06
1.301505e+03	4.800455e-06
1.306549e+03	4.884511e-06
1.311594e+03	4.969915e-06
1.316638e+03	5.056685e-06
1.321683e+03	5.144842e-06
1.326728e+03	5.234404e-06
1.331772e+03	5.325393e-06
1.336817e+03	5.417828e-06
1.341861e+03	5.511729e-06
1.346906e+03	5.607117e-06
1.351951e+03	5.704013e-06
1.356995e+03	5.802439e-06
1.362040e+03	5.902415e-06
1.367084e+03	6.003964e-06
1.372129e+03	6.107107e-06
1.377174e+03	6.211866e-06
1.382218e+03	6.318265e-06
1.387263e+03	6.426325e-06
1.392307e+03	6.536069e-06
1.397352e+03	6.647522e-06
1.402397e+03	6.760705e-06
1.407441e+03	6.875644e-06
1.412486e+03	6.992362e-06
1.417530e+03	7.110884e-06
1.422575e+03	7.231233e-06
1.427619e+03	7.353435e-06
1.432664e+03	7.477515e-06
1.437709e+03	7.603499e-06
1.442753e+03	7.731412e-06
1.447798e+03	7.861280e-06
1.452842e+03	7.993130e-06
1.457887e+03	8.126987e-06
1.462932e+03	8.262880e-06
1.467976e+03	8.400834e-06
1.473021e+03	8.540878e-06
1.478065e+03	8.683040e-06
1.483110e+03	8.827346e-06
1.488155e+03	8.973827e-06
1.493199e+03	9.122510e-06
1.498244e+03	9.273424e-06
1.503288e+03	9.426599e-06
1.508333e+03	9.582065e-06
1.513378e+03	9.739850e-06
1.518422e+03	9.899987e-06
1.523467e+03	1.006250e-05
1.528511e+03	1.022743e-05
1.533556e+03	1.039481e-05
1.538600e+03	1.056465e-05
1.543645e+03	1.073701e-05
1.548690e+03	1.091190e-05
1.553734e+03	1.108936e-05
1.558779e+03	1.126943e-05
1.563823e+03	1.145214e-05
1.568868e+03	1.163751e-05
1.573913e+03	1.182559e-05
1.578957e+03	1.201641e-05
1.584002e+03	1.221001e-05
1.589046e+03	1.240641e-05
1.594091e+03	1.260566e-05
1.599136e+03	1.280778e-05
1.604180e+03	1.301282e-05
1.609225e+03	1.322081e-05
1.614269e+03	1.343179e-05
1.619314e+03	1.364580e-05
1.624359e+03	1.386287e-05
1.629403e+03	1.408304e-05
1.634448e+03	1.430635e-05
1.639492e+03	1.453283e-05
1.644537e+03	1.476254e-05
1.649582e+03	1.499549e-05
1.654626e+03	1.523175e-05
1.659671e+03	1.547133e-05
1.664715e+03	1.571430e-05
1.669760e+03	1.596068e-05
1.674804e+03	1.621051e-05
1.679849e+03	1.646385e-05
1.684894e+03	1.672072e-05
1.689938e+03	1.698118e-05
1.694983e+03	1.724527e-05
1.700027e+03	1.751302e-05
1.705072e+03	1.778448e-05
1.710117e+03	1.805971e-05
1.715161e+03	1.833873e-05
1.720206e+03	1.862159e-05
1.725250e+03	1.890835e-05
1.730295e+03	1.919904e-05
1.735340e+03	1.949372e-05
1.740384e+03	1.979242e-05
1.745429e+03	2.009519e-05
1.750473e+03	2.040209e-05
1.755518e+03	2.071315e-05
1.760563e+03	2.102843e-05
1.765607e+03	2.134798e-05
1.770652e+03	2.167184e-05
1.775696e+03	2.200006e-05
1.780741e+03	2.233270e-05
1.785785e+03	2.266979e-05
1.790830e+03	2.301140e-05
1.795875e+03	2.335757e-05
1.800919e+03	2.370836e-05
1.805964e+03	2.406381e-05
1.811008e+03	2.442398e-05
1.816053e+03	2.478893e-05
1.821098e+03	2.515869e-05
1.826142e+03	2.553333e-05
1.831187e+03	2.591290e-05
1.836231e+03	2.629746e-05
1.841276e+03	2.668706e-05
1.846321e+03	2.708175e-05
1.851365e+03	2.748159e-05
1.856410e+03	2.788663e-05
1.861454e+03	2.829694e-05
1.866499e+03	2.871256e-05
1.871544e+03	2.913357e-05
1.876588e+03	2.956000e-05
1.881633e+03	2.999193e-05
1.886677e+03	3.042940e-05
1.891722e+03	3.087249e-05
1.896767e+03	3.132124e-05
1.901811e+03	3.177572e-05
1.906856e+03	3.223599e-05
1.911900e+03	3.270211e-05
1.916945e+03	3.317414e-05
1.921989e+03	3.365213e-05
1.927034e+03	3.413617e-05
1.932079e+03	3.462629e-05
1.937123e+03	3.512258e-05
1.942168e+03	3.562509e-05
1.947212e+03	3.613388e-05
1.952257e+03	3.664902e-05
1.957302e+03	3.717058e-05
1.962346e+03	3.769861e-05
1.967391e+03	3.823319e-05
1.972435e+03	3.877439e-05
1.977480e+03	3.932225e-05
1.982525e+03	3.987686e-05
1.987569e+03	4.043828e-05
1.992614e+03	4.100658e-05
1.997658e+03	4.158183e-05
2.002703e+03	4.216409e-05
2.007748e+03	4.275343e-05
2.012792e+03	4.334993e-05
2.017837e+03	4.395365e-05
2.022881e+03	4.456466e-05
2.027926e+03	4.518303e-05
2.032970e+03	4.580884e-05
2.038015e+03	4.644216e-05
2.043060e+03	4.708305e-05
2.048104e+03	4.773159e-05
2.053149e+03	4.838786e-05
2.058193e+03	4.905192e-05
2.063238e+03	4.972385e-05
2.068283e+03	5.040372e-05
2.073327e+03	5.109161e-05
2.078372e+03	5.178759e-05
2.083416e+03	5.249174e-05
2.088461e+03	5.320413e-05
2.093506e+03	5.392485e-05
2.098550e+03	5.465395e-05
2.103595e+03	5.539153e-05
2.108639e+03	5.613766e-05
2.113684e+03	5.689242e-05
2.118729e+03	5.765588e-05
2.123773e+03	5.842812e-05
2.128818e+03	5.920923e-05
2.133862e+03	5.999928e-05
2.138907e+03	6.079834e-05
2.143952e+03	6.160651e-05
2.148996e+03	6.242386e-05
2.154041e+03	6.325047e-05
2.159085e+03	6.408642e-05
2.164130e+03	6.493180e-05
2.169174e+03	6.578668e-05
2.174219e+03	6.665115e-05
2.179264e+03	6.752529e-05
2.184308e+03	6.840918e-05
2.189353e+03	6.930291e-05
2.194397e+03	7.020655e-05
2.199442e+03	7.112020e-05
2.204487e+03	7.204394e-05
2.209531e+03	7.297785e-05
2.214576e+03	7.392201e-05
2.219620e+03	7.487652e-05
2.224665e+03	7.584146e-05
2.229710e+03	7.681691e-05
2.234754e+03	7.780295e-05
2.239799e+03	7.879969e-05
2.244843e+03	7.980719e-05
2.249888e+03	8.082556e-05
2.254933e+03	8.185487e-05
2.259977e+03	8.289521e-05
2.265022e+03	8.394668e-05
2.270066e+03	8.500935e-05
2.275111e+03	8.608333e-05
2.280155e+03	8.716869e-05
2.285200e+03	8.826553e-05
2.290245e+03	8.937393e-05
2.295289e+03	9.049399e-05
2.300334e+03	9.162580e-05
2.305378e+03	9.276943e-05
2.310423e+03	9.392499e-05
2.315468e+03	9.509257e-05
2.320512e+03	9.627225e-05
2.325557e+03	9.746413e-05
2.330601e+03	9.866829e-05
2.335646e+03	9.988483e-05
2.340691e+03	1.011138e-04
2.345735e+03	1.023554e-04
2.350780e+03	1.036096e-04
2.355824e+03	1.048766e-04
2.360869e+03	1.061564e-04
2.365914e+03	1.074492e-04
2.370958e+03	1.087549e-04
2.376003e+03	1.100738e-04
2.381047e+03	1.114059e-04
2.386092e+03	1.127512e-04
2.391137e+03	1.141100e-04
2.396181e+03	1.154823e-04
2.401226e+03	1.168681e-04
2.406270e+03	1.182676e-04
2.411315e+03	1.196809e-04
2.416359e+03	1.211080e-04
2.421404e+03	1.225491e-04
2.426449e+03	1.240042e-04
2.431493e+03	1.254734e-04
2.436538e+03	1.269569e-04
2.441582e+03	1.284547e-04
2.446627e+03	1.299670e-04
2.451672e+03	1.314937e-04
2.456716e+03	1.330351e-04
2.461761e+03	1.345911e-04
2.466805e+03	1.361620e-04
2.471850e+03	1.377477e-04
2.476895e+03	1.393484e-04
2.481939e+03	1.409642e-04
2.486984e+03	1.425952e-04
2.492028e+03	1.442414e-04
2.497073e+03	1.459030e-04
2.502118e+03	1.475800e-04
2.507162e+03	1.492726e-04
2.512207e+03	1.509807e-04
2.517251e+03	1.527047e-04
2.522296e+03	1.544444e-04
2.527340e+03	1.562001e-04
2.532385e+03	1.579717e-04
2.537430e+03	1.597595e-04
2.542474e+03	1.615634e-04
2.547519e+03	1.633836e-04
2.552563e+03	1.652202e-04
2.557608e+03	1.670733e-04
2.562653e+03	1.689429e-04
2.567697e+03	1.708292e-04
2.572742e+03	1.727322e-04
2.577786e+03	1.746520e-04
2.582831e+03	1.765888e-04
2.587876e+03	1.785426e-04
2.592920e+03	1.805134e-04
2.597965e+03	1.825015e-04
2.603009e+03	1.845068e-04
2.608054e+03	1.865295e-04
2.613099e+03	1.885697e-04
2.618143e+03	1.906274e-04
2.623188e+03	1.927027e-04
2.628232e+03	1.947958e-04
2.633277e+03	1.969066e-04
2.638322e+03	1.990354e-04
2.643366e+03	2.011821e-04
2.648411e+03	2.033469e-04
2.653455e+03	2.055298e-04
2.658500e+03	2.077310e-04
2.663544e+03	2.099505e-04
2.668589e+03	2.121885e-04
2.673634e+03	2.144449e-04
2.678678e+03	2.167198e-04
2.683723e+03	2.190135e-04
2.688767e+03	2.213258e-04
2.693812e+03	2.236570e-04
2.698857e+03	2.260071e-04
2.703901e+03	2.283761e-04
2.708946e+03	2.307643e-04
2.713990e+03	2.331715e-04
2.719035e+03	2.355980e-04
2.724080e+03	2.380438e-04
2.729124e+03	2.405089e-04
2.734169e+03	2.429935e-04
2.739213e+03	2.454976e-04
2.744258e+03	2.480213e-04
2.749303e+03	2.505647e-04
2.754347e+03	2.531278e-04
2.759392e+03	2.557108e-04
2.764436e+03	2.583136e-04
2.769481e+03	2.609365e-04
2.774525e+03	2.635793e-04
2.779570e+03	2.662423e-04
2.784615e+03	2.689254e-04
2.789659e+03	2.716288e-04
2.794704e+03	2.743525e-04
2.799748e+03	2.770965e-04
2.804793e+03	2.798610e-04
2.809838e+03	2.826461e-04
2.814882e+03	2.854516e-04
2.819927e+03	2.882779e-04
2.824971e+03	2.911248e-04
2.830016e+03	2.939925e-04
2.835061e+03	2.968810e-04
2.840105e+03	2.997904e-04
2.845150e+03	3.027207e-04
2.850194e+03	3.056720e-04
2.855239e+03	3.086443e-04
2.860284e+03	3.116378e-04
2.865328e+03	3.146524e-04
2.870373e+03	3.176883e-04
2.875417e+03	3.207454e-04
2.880462e+03	3.238238e-04
2.885507e+03	3.269236e-04
2.890551e+03	3.300448e-04
2.895596e+03	3.331874e-04
2.900640e+03	3.363516e-04
2.905685e+03	3.395373e-04
2.910729e+03	3.427447e-04
2.915774e+03	3.459736e-04
2.920819e+03	3.492243e-04
2.925863e+03	3.524966e-04
2.930908e+03	3.557907e-04
2.935952e+03	3.591067e-04
2.940997e+03	3.624444e-04
2.946042e+03	3.658041e-04
2.951086e+03	3.691856e-04
2.956131e+03	3.725891e-04
2.961175e+03	3.760145e-04
2.966220e+03	3.794619e-04
2.971265e+03	3.829314e-04
2.976309e+03	3.864229e-04
2.981354e+03	3.899365e-04
2.986398e+03	3.934722e-04
2.991443e+03	3.970300e-04
2.996488e+03	4.006100e-04
3.001532e+03	4.042121e-04
3.006577e+03	4.078364e-04
3.011621e+03	4.114829e-04
3.016666e+03	4.151517e-04
3.021710e+03	4.188426e-04
3.026755e+03	4.225558e-04
3.031800e+03	4.262913e-04
3.036844e+03	4.300490e-04
3.041889e+03	4.338290e-04
3.046933e+03	4.376313e-04
3.051978e+03	4.414558e-04
3.057023e+03	4.453026e-04
3.062067e+03	4.491718e-04
3.067112e+03	4.530631e-04
3.072156e+03	4.569768e-04
3.077201e+03	4.609127e-04
3.082246e+03	4.648710e-04
3.087290e+03	4.688514e-04
3.092335e+03	4.728541e-04
3.097379e+03	4.768791e-04
3.102424e+03	4.809263e-04
3.107469e+03	4.849957e-04
3.112513e+03	4.890873e-04
3.117558e+03	4.932011e-04
3.122602e+03	4.973370e-04
3.127647e+03	5.014951e-04
3.132691e+03	5.056752e-04
3.137736e+03	5.098775e-04
3.142781e+03	5.141018e-04
3.147825e+03	5.183482e-04
3.152870e+03	5.226165e-04
3.157914e+03	5.269068e-04
3.162959e+03	5.312191e-04
3.168004e+03	5.355532e-04
3.173048e+03	5.399092e-04
3.178093e+03	5.442870e-04
3.183137e+03	5.486866e-04
3.188182e+03	5.531078e-04
3.193227e+03	5.575508e-04
3.198271e+03	5.620154e-04
3.203316e+03	5.665016e-04
3.208360e+03	5.710092e-04
3.213405e+03	5.755384e-04
3.218450e+03	5.800890e-04
3.223494e+03	5.846609e-04
3.228539e+03	5.892541e-04
3.233583e+03	5.938685e-04
3.238628e+03	5.985041e-04
3.243673e+03	6.031608e-04
3.248717e+03	6.078385e-04
3.253762e+03	6.125371e-04
3.258806e+03	6.172567e-04
3.263851e+03	6.219970e-04
3.268895e+03	6.267580e-04
3.273940e+03	6.315397e-04
3.278985e+03	6.363420e-04
3.284029e+03	6.411647e-04
3.289074e+03	6.460078e-04
3.294118e+03	6.508712e-04
3.299163e+03	6.557548e-04
3.304208e+03	6.606586e-04
3.309252e+03	6.655823e-04
3.314297e+03	6.705260e-04
3.319341e+03	6.754895e-04
3.324386e+03	6.804726e-04
3.329431e+03	6.854755e-04
3.334475e+03	6.904978e-04
3.339520e+03	6.955395e-04
3.344564e+03	7.006004e-04
3.349609e+03	7.056806e-04
3.354654e+03	7.107798e-04
3.359698e+03	7.158979e-04
3.364743e+03	7.210349e-04
3.369787e+03	7.261905e-04
3.374832e+03	7.313647e-04
3.379876e+03	7.365574e-04
3.384921e+03	7.417683e-04
3.389966e+03	7.469975e-04
3.395010e+03	7.522446e-04
3.400055e+03	7.575097e-04
3.405099e+03	7.627925e-04
3.410144e+03	7.680930e-04
3.415189e+03	7.734109e-04
3.420233e+03	7.787462e-04
3.425278e+03	7.840986e-04
3.430322e+03	7.894681e-04
3.435367e+03	7.948545e-04
3.440412e+03	8.002576e-04
3.445456e+03	8.056773e-04
3.450501e+03	8.111134e-04
3.455545e+03	8.165657e-04
3.460590e+03	8.220341e-04
3.465635e+03	8.275184e-04
3.470679e+03	8.330185e-04
3.475724e+03	8.385341e-04
3.480768e+03	8.440652e-04
3.485813e+03	8.496114e-04
3.490858e+03	8.551727e-04
3.495902e+03	8.607489e-04
3.500947e+03	8.663398e-04
3.505991e+03	8.719452e-04
3.511036e+03	8.775648e-04
3.516080e+03	8.831986e-04
3.521125e+03	8.888463e-04
3.526170e+03	8.945078e-04
3.531214e+03	9.001828e-04
3.536259e+03	9.058711e-04
3.541303e+03	9.115726e-04
3.546348e+03	9.172869e-04
3.551393e+03	9.230141e-04
3.556437e+03	9.287537e-04
3.561482e+03	9.345056e-04
3.566526e+03	9.402697e-04
3.571571e+03	9.460456e-04
3.576616e+03	9.518332e-04
3.581660e+03	9.576322e-04
3.586705e+03	9.634425e-04
3.591749e+03	9.692638e-04
3.596794e+03	9.750958e-04
3.601839e+03	9.809384e-04
3.606883e+03	9.867913e-04
3.611928e+03	9.926542e-04
3.616972e+03	9.985271e-04
3.622017e+03	1.004410e-03
3.627061e+03	1.010301e-03
3.632106e+03	1.016202e-03
3.637151e+03	1.022112e-03
3.642195e+03	1.028031e-03
3.647240e+03	1.033958e-03
3.652284e+03	1.039893e-03
3.657329e+03	1.045835e-03
3.662374e+03	1.051786e-03
3.667418e+03	1.057744e-03
3.672463e+03	1.063709e-03
3.677507e+03	1.069681e-03
3.682552e+03	1.075660e-03
3.687597e+03	1.081645e-03
3.692641e+03	1.087636e-03
3.697686e+03	1.093633e-03
3.702730e+03	1.099635e-03
3.707775e+03	1.105643e-03
3.712820e+03	1.111655e-03
3.717864e+03	1.117673e-03
3.722909e+03	1.123695e-03
3.727953e+03	1.129721e-03
3.732998e+03	1.135751e-03
3.738043e+03	1.141784e-03
3.743087e+03	1.147821e-03
3.748132e+03	1.153861e-03
3.753176e+03	1.159904e-03
3.758221e+03	1.165949e-03
3.763265e+03	1.171996e-03
3.768310e+03	1.178046e-03
3.773355e+03	1.184097e-03
3.778399e+03	1.190149e-03
3.783444e+03	1.196202e-03
3.788488e+03	1.202256e-03
3.793533e+03	1.208310e-03
3.798578e+03	1.214364e-03
3.803622e+03	1.220419e-03
3.808667e+03	1.226472e-03
3.813711e+03	1.232525e-03
3.818756e+03	1.238577e-03
3.823801e+03	1.244627e-03
3.828845e+03	1.250676e-03
3.833890e+03	1.256722e-03
3.838934e+03	1.262766e-03
3.843979e+03	1.268808e-03
3.849024e+03	1.274846e-03
3.854068e+03	1.280881e-03
3.859113e+03	1.286913e-03
3.864157e+03	1.292941e-03
3.869202e+03	1.298964e-03
3.874246e+03	1.304983e-03
3.879291e+03	1.310996e-03
3.884336e+03	1.317005e-03
3.889380e+03	1.323008e-03
3.894425e+03	1.329005e-03
3.899469e+03	1.334996e-03
3.904514e+03	1.340980e-03
3.909559e+03	1.346958e-03
3.914603e+03	1.352928e-03
3.919648e+03	1.358891e-03
3.924692e+03	1.364846e-03
3.929737e+03	1.370792e-03
3.934782e+03	1.376730e-03
3.939826e+03	1.382660e-03
3.944871e+03	1.388580e-03
3.949915e+03	1.394490e-03
3.954960e+03	1.400391e-03
3.960005e+03	1.406281e-03
3.965049e+03	1.412161e-03
3.970094e+03	1.418030e-03
3.975138e+03	1.423888e-03
3.980183e+03	1.429734e-03
3.985228e+03	1.435568e-03
3.990272e+03	1.441390e-03
3.995317e+03	1.447199e-03
4.000361e+03	1.452996e-03
4.005406e+03	1.458779e-03
4.010450e+03	1.464548e-03
4.015495e+03	1.470304e-03
4.020540e+03	1.476045e-03
4.025584e+03	1.481771e-03
4.030629e+03	1.487483e-03
4.035673e+03	1.493179e-03
4.040718e+03	1.498860e-03
4.045763e+03	1.504524e-03
4.050807e+03	1.510172e-03
4.055852e+03	1.515804e-03
4.060896e+03	1.521418e-03
4.065941e+03	1.527015e-03
4.070986e+03	1.532594e-03
4.076030e+03	1.538155e-03
4.081075e+03	1.543697e-03
4.086119e+03	1.549221e-03
4.091164e+03	1.554726e-03
4.096209e+03	1.560211e-03
4.101253e+03	1.565676e-03
4.106298e+03	1.571122e-03
4.111342e+03	1.576546e-03
4.116387e+03	1.581950e-03
4.121431e+03	1.587333e-03
4.126476e+03	1.592694e-03
4.131521e+03	1.598033e-03
4.136565e+03	1.603350e-03
4.141610e+03	1.608644e-03
4.146654e+03	1.613916e-03
4.151699e+03	1.619164e-03
4.156744e+03	1.624389e-03
4.161788e+03	1.629590e-03
4.166833e+03	1.634766e-03
4.171877e+03	1.639918e-03
4.176922e+03	1.645045e-03
4.181967e+03	1.650147e-03
4.187011e+03	1.655223e-03
4.192056e+03	1.660273e-03
4.197100e+03	1.665297e-03
4.202145e+03	1.670295e-03
4.207190e+03	1.675265e-03
4.212234e+03	1.680208e-03
4.217279e+03	1.685124e-03
4.222323e+03	1.690012e-03
4.227368e+03	1.694871e-03
4.232413e+03	1.699702e-03
4.237457e+03	1.704504e-03
4.242502e+03	1.709277e-03
4.247546e+03	1.714021e-03
4.252591e+03	1.718734e-03
4.257635e+03	1.723417e-03
4.262680e+03	1.728070e-03
4.267725e+03	1.732692e-03
4.272769e+03	1.737283e-03
4.277814e+03	1.741843e-03
4.282858e+03	1.746371e-03
4.287903e+03	1.750866e-03
4.292948e+03	1.755330e-03
4.297992e+03	1.759761e-03
4.303037e+03	1.764159e-03
4.308081e+03	1.768523e-03
4.313126e+03	1.772854e-03
4.318171e+03	1.777151e-03
4.323215e+03	1.781414e-03
4.328260e+03	1.785643e-03
4.333304e+03	1.789837e-03
4.338349e+03	1.793995e-03
4.343394e+03	1.798119e-03
4.348438e+03	1.802206e-03
4.353483e+03	1.806258e-03
4.358527e+03	1.810274e-03
4.363572e+03	1.814253e-03
4.368616e+03	1.818196e-03
4.373661e+03	1.822101e-03
4.378706e+03	1.825969e-03
4.383750e+03	1.829800e-03
4.388795e+03	1.833593e-03
4.393839e+03	1.837347e-03
4.398884e+03	1.841064e-03
4.403929e+03	1.844741e-03
4.408973e+03	1.848380e-03
4.414018e+03	1.851980e-03
4.419062e+03	1.855540e-03
4.424107e+03	1.859060e-03
4.429152e+03	1.862541e-03
4.434196e+03	1.865981e-03
4.439241e+03	1.869381e-03
4.444285e+03	1.872740e-03
4.449330e+03	1.876059e-03
4.454375e+03	1.879336e-03
4.459419e+03	1.882572e-03
4.464464e+03	1.885766e-03
4.469508e+03	1.888919e-03
4.474553e+03	1.892029e-03
4.479598e+03	1.895097e-03
4.484642e+03	1.898122e-03
4.489687e+03	1.901105e-03
4.494731e+03	1.904045e-03
4.499776e+03	1.906942e-03
4.504820e+03	1.909795e-03
4.509865e+03	1.912605e-03
4.514910e+03	1.915371e-03
4.519954e+03	1.918092e-03
4.524999e+03	1.920770e-03
4.530043e+03	1.923403e-03
4.535088e+03	1.925992e-03
4.540133e+03	1.928536e-03
4.545177e+03	1.931035e-03
4.550222e+03	1.933489e-03
4.555266e+03	1.935898e-03
4.560311e+03	1.938261e-03
4.565356e+03	1.940578e-03
4.570400e+03	1.942850e-03
4.575445e+03	1.945075e-03
4.580489e+03	1.947255e-03
4.585534e+03	1.949388e-03
4.590579e+03	1.951474e-03
4.595623e+03	1.953514e-03
4.600668e+03	1.955507e-03
4.605712e+03	1.957453e-03
4.610757e+03	1.959352e-03
4.615801e+03	1.961204e-03
4.620846e+03	1.963009e-03
4.625891e+03	1.964766e-03
4.630935e+03	1.966475e-03
4.635980e+03	1.968136e-03
4.641024e+03	1.969750e-03
4.646069e+03	1.971316e-03
4.651114e+03	1.972833e-03
4.656158e+03	1.974303e-03
4.661203e+03	1.975724e-03
4.666247e+03	1.977096e-03
4.671292e+03	1.978420e-03
4.676337e+03	1.979696e-03
4.681381e+03	1.980922e-03
4.686426e+03	1.982100e-03
4.691470e+03	1.983229e-03
4.696515e+03	1.984309e-03
4.701560e+03	1.985339e-03
4.706604e+03	1.986321e-03
4.711649e+03	1.987253e-03
4.716693e+03	1.988136e-03
4.721738e+03	1.988970e-03
4.726783e+03	1.989754e-03
4.731827e+03	1.990489e-03
4.736872e+03	1.991174e-03
4.741916e+03	1.991810e-03
4.746961e+03	1.992396e-03
4.752005e+03	1.992932e-03
4.757050e+03	1.993418e-03
4.762095e+03	1.993855e-03
4.767139e+03	1.994242e-03
4.772184e+03	1.994579e-03
4.777228e+03	1.994866e-03
4.782273e+03	1.995104e-03
4.787318e+03	1.995291e-03
4.792362e+03	1.995429e-03
4.797407e+03	1.995516e-03
4.802451e+03	1.995554e-03
4.807496e+03	1.995542e-03
4.812541e+03	1.995480e-03
4.817585e+03	1.995368e-03
4.822630e+03	1.995206e-03
4.827674e+03	1.994994e-03
4.832719e+03	1.994732e-03
4.837764e+03	1.994420e-03
4.842808e+03	1.994059e-03
4.847853e+03	1.993647e-03
4.852897e+03	1.993186e-03
4.857942e+03	1.992675e-03
4.862986e+03	1.992115e-03
4.868031e+03	1.991505e-03
4.873076e+03	1.990845e-03
4.878120e+03	1.990135e-03
4.883165e+03	1.989376e-03
4.888209e+03	1.988568e-03
4.893254e+03	1.987710e-03
4.898299e+03	1.986803e-03
4.903343e+03	1.985846e-03
4.908388e+03	1.984841e-03
4.913432e+03	1.983786e-03
4.918477e+03	1.982682e-03
4.923522e+03	1.981529e-03
4.928566e+03	1.980328e-03
4.933611e+03	1.979077e-03
4.938655e+03	1.977778e-03
4.943700e+03	1.976430e-03
4.948745e+03	1.975034e-03
4.953789e+03	1.973589e-03
4.958834e+03	1.972096e-03
4.963878e+03	1.970555e-03
4.968923e+03	1.968966e-03
4.973967e+03	1.967329e-03
4.979012e+03	1.965644e-03
4.984057e+03	1.963911e-03
4.989101e+03	1.962131e-03
4.994146e+03	1.960303e-03
4.999190e+03	1.958428e-03
5.004235e+03	1.956506e-03
5.009280e+03	1.954537e-03
5.014324e+03	1.952521e-03
5.019369e+03	1.950458e-03
5.024413e+03	1.948349e-03
5.029458e+03	1.946193e-03
5.034503e+03	1.943991e-03
5.039547e+03	1.941743e-03
5.044592e+03	1.939449e-03
5.049636e+03	1.937109e-03
5.054681e+03	1.934724e-03
5.059726e+03	1.932293e-03
5.064770e+03	1.929817e-03
5.069815e+03	1.927296e-03
5.074859e+03	1.924730e-03
5.079904e+03	1.922119e-03
5.084949e+03	1.919464e-03
5.089993e+03	1.916765e-03
5.095038e+03	1.914021e-03
5.100082e+03	1.911234e-03
5.105127e+03	1.908403e-03
5.110171e+03	1.905528e-03
5.115216e+03	1.902611e-03
5.120261e+03	1.899650e-03
5.125305e+03	1.896646e-03
5.130350e+03	1.893600e-03
5.135394e+03	1.890511e-03
5.140439e+03	1.887380e-03
5.145484e+03	1.884207e-03
5.150528e+03	1.880992e-03
5.155573e+03	1.877736e-03
5.160617e+03	1.874439e-03
5.165662e+03	1.871100e-03
5.170707e+03	1.867721e-03
5.175751e+03	1.864301e-03
5.180796e+03	1.860841e-03
5.185840e+03	1.857341e-03
5.190885e+03	1.853801e-03
5.195930e+03	1.850222e-03
5.200974e+03	1.846603e-03
5.206019e+03	1.842945e-03
5.211063e+03	1.839248e-03
5.216108e+03	1.835513e-03
5.221152e+03	1.831740e-03
5.226197e+03	1.827929e-03
5.231242e+03	1.824080e-03
5.236286e+03	1.820193e-03
5.241331e+03	1.816269e-03
5.246375e+03	1.812309e-03
5.251420e+03	1.808312e-03
5.256465e+03	1.804278e-03
5.261509e+03	1.800209e-03
5.266554e+03	1.796104e-03
5.271598e+03	1.791963e-03
5.276643e+03	1.787787e-03
5.281688e+03	1.783576e-03
5.286732e+03	1.779331e-03
5.291777e+03	1.775051e-03
5.296821e+03	1.770737e-03
5.301866e+03	1.766390e-03
5.306911e+03	1.762009e-03
5.311955e+03	1.757595e-03
5.317000e+03	1.753148e-03
5.322044e+03	1.748669e-03
5.327089e+03	1.744157e-03
5.332134e+03	1.739614e-03
5.337178e+03	1.735039e-03
5.342223e+03	1.730432e-03
5.347267e+03	1.725795e-03
5.352312e+03	1.721127e-03
5.357356e+03	1.716429e-03
5.362401e+03	1.711701e-03
5.367446e+03	1.706943e-03
5.372490e+03	1.702156e-03
5.377535e+03	1.697340e-03
5.382579e+03	1.692495e-03
5.387624e+03	1.687621e-03
5.392669e+03	1.682720e-03
5.397713e+03	1.677791e-03
5.402758e+03	1.672834e-03
5.407802e+03	1.667850e-03
5.412847e+03	1.662840e-03
5.417892e+03	1.657803e-03
5.422936e+03	1.652740e-03
5.427981e+03	1.647651e-03
5.433025e+03	1.642537e-03
5.438070e+03	1.637398e-03
5.443115e+03	1.632234e-03
5.448159e+03	1.627045e-03
5.453204e+03	1.621833e-03
5.458248e+03	1.616597e-03
5.463293e+03	1.611337e-03
5.468337e+03	1.606054e-03
5.473382e+03	1.600749e-03
5.478427e+03	1.595421e-03
5.483471e+03	1.590071e-03
5.488516e+03	1.584699e-03
5.493560e+03	1.579306e-03
5.498605e+03	1.573892e-03
5.503650e+03	1.568457e-03
5.508694e+03	1.563002e-03
5.513739e+03	1.557527e-03
5.518783e+03	1.552032e-03
5.523828e+03	1.546518e-03
5.528873e+03	1.540985e-03
5.533917e+03	1.535434e-03
5.538962e+03	1.529864e-03
5.544006e+03	1.524276e-03
5.549051e+03	1.518670e-03
5.554096e+03	1.513048e-03
5.559140e+03	1.507408e-03
5.564185e+03	1.501752e-03
5.569229e+03	1.496079e-03
5.574274e+03	1.490391e-03
5.579319e+03	1.484688e-03
5.584363e+03	1.478969e-03
5.589408e+03	1.473235e-03
5.594452e+03	1.467487e-03
5.599497e+03	1.461724e-03
5.604541e+03	1.455948e-03
5.609586e+03	1.450158e-03
5.614631e+03	1.444356e-03
5.619675e+03	1.438540e-03
5.624720e+03	1.432712e-03
5.629764e+03	1.426872e-03
5.634809e+03	1.421020e-03
5.639854e+03	1.415157e-03
5.644898e+03	1.409283e-03
5.649943e+03	1.403397e-03
5.654987e+03	1.397502e-03
5.660032e+03	1.391597e-03
5.665077e+03	1.385681e-03
5.670121e+03	1.379757e-03
5.675166e+03	1.373823e-03
5.680210e+03	1.367881e-03
5.685255e+03	1.361930e-03
5.690300e+03	1.355971e-03
5.695344e+03	1.350005e-03
5.700389e+03	1.344031e-03
5.705433e+03	1.338050e-03
5.710478e+03	1.332063e-03
5.715522e+03	1.326069e-03
5.720567e+03	1.320069e-03
5.725612e+03	1.314063e-03
5.730656e+03	1.308052e-03
5.735701e+03	1.302035e-03
5.740745e+03	1.296014e-03
5.745790e+03	1.289989e-03
5.750835e+03	1.283959e-03
5.755879e+03	1.277926e-03
5.760924e+03	1.271889e-03
5.765968e+03	1.265849e-03
5.771013e+03	1.259806e-03
5.776058e+03	1.253761e-03
5.781102e+03	1.247713e-03
5.786147e+03	1.241664e-03
5.791191e+03	1.235613e-03
5.796236e+03	1.229561e-03
5.801281e+03	1.223507e-03
5.806325e+03	1.217453e-03
5.811370e+03	1.211399e-03
5.816414e+03	1.205345e-03
5.821459e+03	1.199291e-03
5.826504e+03	1.193237e-03
5.831548e+03	1.187184e-03
5.836593e+03	1.181133e-03
5.841637e+03	1.175083e-03
5.846682e+03	1.169034e-03
5.851726e+03	1.162988e-03
5.856771e+03	1.156944e-03
5.861816e+03	1.150903e-03
5.866860e+03	1.144864e-03
5.871905e+03	1.138829e-03
5.876949e+03	1.132797e-03
5.881994e+03	1.126769e-03
5.887039e+03	1.120745e-03
5.892083e+03	1.114725e-03
5.897128e+03	1.108710e-03
5.902172e+03	1.102700e-03
5.907217e+03	1.096695e-03
5.912262e+03	1.090695e-03
5.917306e+03	1.084701e-03
5.922351e+03	1.078713e-03
5.927395e+03	1.072731e-03
5.932440e+03	1.066755e-03
5.937485e+03	1.060787e-03
5.942529e+03	1.054825e-03
5.947574e+03	1.048871e-03
5.952618e+03	1.042924e-03
5.957663e+03	1.036985e-03
5.962707e+03	1.031054e-03
5.967752e+03	1.025131e-03
5.972797e+03	1.019217e-03
5.977841e+03	1.013311e-03
5.982886e+03	1.007415e-03
5.987930e+03	1.001527e-03
5.992975e+03	9.956495e-04
5.998020e+03	9.897815e-04
6.003064e+03	9.839234e-04
6.008109e+03	9.780755e-04
6.013153e+03	9.722381e-04
6.018198e+03	9.664113e-04
6.023243e+03	9.605954e-04
6.028287e+03	9.547906e-04
6.033332e+03	9.489971e-04
6.038376e+03	9.432152e-04
6.043421e+03	9.374451e-04
6.048466e+03	9.316870e-04
6.053510e+03	9.259410e-04
6.058555e+03	9.202075e-04
6.063599e+03	9.144866e-04
6.068644e+03	9.087785e-04
6.073689e+03	9.030834e-04
6.078733e+03	8.974016e-04
6.083778e+03	8.917332e-04
6.088822e+03	8.860785e-04
6.093867e+03	8.804376e-04
6.098911e+03	8.748107e-04
6.103956e+03	8.691980e-04
6.109001e+03	8.635997e-04
6.114045e+03	8.580160e-04
6.119090e+03	8.524471e-04
6.124134e+03	8.468931e-04
6.129179e+03	8.413543e-04
6.134224e+03	8.358308e-04
6.139268e+03	8.303227e-04
6.144313e+03	8.248304e-04
6.149357e+03	8.193538e-04
6.154402e+03	8.138933e-04
6.159447e+03	8.084489e-04
6.164491e+03	8.030208e-04
6.169536e+03	7.976092e-04
6.174580e+03	7.922143e-04
6.179625e+03	7.868362e-04
6.184670e+03	7.814750e-04
6.189714e+03	7.761310e-04
6.194759e+03	7.708042e-04
6.199803e+03	7.654948e-04
6.204848e+03	7.602029e-04
6.209892e+03	7.549288e-04
6.214937e+03	7.496724e-04
6.219982e+03	7.444341e-04
6.225026e+03	7.392139e-04
6.230071e+03	7.340119e-04
6.235115e+03	7.288282e-04
6.240160e+03	7.236631e-04
6.245205e+03	7.185166e-04
6.250249e+03	7.133888e-04
6.255294e+03	7.082800e-04
6.260338e+03	7.031901e-04
6.265383e+03	6.981193e-04
6.270428e+03	6.930677e-04
6.275472e+03	6.880355e-04
6.280517e+03	6.830228e-04
6.285561e+03	6.780295e-04
6.290606e+03	6.730560e-04
6.295651e+03	6.681022e-04
6.300695e+03	6.631683e-04
6.305740e+03	6.582543e-04
6.310784e+03	6.533605e-04
6.315829e+03	6.484867e-04
6.320874e+03	6.436332e-04
6.325918e+03	6.388001e-04
6.330963e+03	6.339874e-04
6.336007e+03	6.291952e-04
6.341052e+03	6.244236e-04
6.346096e+03	6.196727e-04
6.351141e+03	6.149425e-04
6.356186e+03	6.102332e-04
6.361230e+03	6.055448e-04
6.366275e+03	6.008774e-04
6.371319e+03	5.962311e-04
6.376364e+03	5.916058e-04
6.381409e+03	5.870018e-04
6.386453e+03	5.824190e-04
6.391498e+03	5.778575e-04
6.396542e+03	5.733174e-04
6.401587e+03	5.687988e-04
6.406632e+03	5.643017e-04
6.411676e+03	5.598260e-04
6.416721e+03	5.553720e-04
6.421765e+03	5.509397e-04
6.426810e+03	5.465290e-04
6.431855e+03	5.421401e-04
6.436899e+03	5.377730e-04
6.441944e+03	5.334277e-04
6.446988e+03	5.291043e-04
6.452033e+03	5.248028e-04
6.457077e+03	5.205233e-04
6.462122e+03	5.162657e-04
6.467167e+03	5.120301e-04
6.472211e+03	5.078166e-04
6.477256e+03	5.036251e-04
6.482300e+03	4.994558e-04
6.487345e+03	4.953086e-04
6.492390e+03	4.911835e-04
6.497434e+03	4.870806e-04
6.502479e+03	4.829998e-04
6.507523e+03	4.789413e-04
6.512568e+03	4.749050e-04
6.517613e+03	4.708909e-04
6.522657e+03	4.668991e-04
6.527702e+03	4.629295e-04
6.532746e+03	4.589822e-04
6.537791e+03	4.550572e-04
6.542836e+03	4.511545e-04
6.547880e+03	4.472740e-04
6.552925e+03	4.434158e-04
6.557969e+03	4.395799e-04
6.563014e+03	4.357662e-04
6.568059e+03	4.319749e-04
6.573103e+03	4.282058e-04
6.578148e+03	4.244590e-04
6.583192e+03	4.207344e-04
6.588237e+03	4.170321e-04
6.593281e+03	4.133521e-04
6.598326e+03	4.096942e-04
6.603371e+03	4.060586e-04
6.608415e+03	4.024451e-04
6.613460e+03	3.988538e-04
6.618504e+03	3.952847e-04
6.623549e+03	3.917377e-04
6.628594e+03	3.882129e-04
6.633638e+03	3.847101e-04
6.638683e+03	3.812294e-04
6.643727e+03	3.777707e-04
6.648772e+03	3.743341e-04
6.653817e+03	3.709194e-04
6.658861e+03	3.675267e-04
6.663906e+03	3.641559e-04
6.668950e+03	3.608070e-04
6.673995e+03	3.574799e-04
6.679040e+03	3.541746e-04
6.684084e+03	3.508912e-04
6.689129e+03	3.476295e-04
6.694173e+03	3.443894e-04
6.699218e+03	3.411711e-04
6.704262e+03	3.379744e-04
6.709307e+03	3.347992e-04
6.714352e+03	3.316456e-04
6.719396e+03	3.285134e-04
6.724441e+03	3.254027e-04
6.729485e+03	3.223134e-04
6.734530e+03	3.192454e-04
6.739575e+03	3.161987e-04
6.744619e+03	3.131733e-04
6.749664e+03	3.101690e-04
6.754708e+03	3.071859e-04
6.759753e+03	3.042239e-04
6.764798e+03	3.012829e-04
6.769842e+03	2.983628e-04
6.774887e+03	2.954637e-04
6.779931e+03	2.925854e-04
6.784976e+03	2.897279e-04
6.790021e+03	2.868911e-04
6.795065e+03	2.840750e-04
6.800110e+03	2.812795e-04
6.805154e+03	2.785045e-04
6.810199e+03	2.757500e-04
6.815243e+03	2.730159e-04
6.820288e+03	2.703022e-04
6.825333e+03	2.676087e-04
6.830377e+03	2.649355e-04
6.835422e+03	2.622824e-04
6.840466e+03	2.596494e-04
6.845511e+03	2.570363e-04
6.850556e+03	2.544432e-04
6.855600e+03	2.518700e-04
6.860645e+03	2.493166e-04
6.865689e+03	2.467828e-04
6.870734e+03	2.442687e-04
6.875779e+03	2.417742e-04
6.880823e+03	2.392991e-04
6.885868e+03	2.368435e-04
6.890912e+03	2.344072e-04
6.895957e+03	2.319901e-04
6.901002e+03	2.295922e-04
6.906046e+03	2.272135e-04
6.911091e+03	2.248537e-04
6.916135e+03	2.225129e-04
6.921180e+03	2.201909e-04
6.926225e+03	2.178878e-04
6.931269e+03	2.156033e-04
6.936314e+03	2.133374e-04
6.941358e+03	2.110901e-04
6.946403e+03	2.088612e-04
6.951447e+03	2.066507e-04
6.956492e+03	2.044584e-04
6.961537e+03	2.022844e-04
6.966581e+03	2.001284e-04
6.971626e+03	1.979905e-04
6.976670e+03	1.958705e-04
6.981715e+03	1.937684e-04
6.986760e+03	1.916840e-04
6.991804e+03	1.896174e-04
6.996849e+03	1.875683e-04
7.001893e+03	1.855367e-04
7.006938e+03	1.835225e-04
7.011983e+03	1.815256e-04
7.017027e+03	1.795460e-04
7.022072e+03	1.775835e-04
7.027116e+03	1.756381e-04
7.032161e+03	1.737096e-04
7.037206e+03	1.717981e-04
7.042250e+03	1.699033e-04
7.047295e+03	1.680252e-04
7.052339e+03	1.661637e-04
7.057384e+03	1.643187e-04
7.062428e+03	1.624901e-04
7.067473e+03	1.606779e-04
7.072518e+03	1.588819e-04
7.077562e+03	1.571020e-04
7.082607e+03	1.553382e-04
7.087651e+03	1.535903e-04
7.092696e+03	1.518584e-04
7.097741e+03	1.501422e-04
7.102785e+03	1.484416e-04
7.107830e+03	1.467567e-04
7.112874e+03	1.450872e-04
7.117919e+03	1.434332e-04
7.122964e+03	1.417945e-04
7.128008e+03	1.401710e-04
7.133053e+03	1.385626e-04
7.138097e+03	1.369692e-04
7.143142e+03	1.353908e-04
7.148187e+03	1.338272e-04
7.153231e+03	1.322783e-04
7.158276e+03	1.307441e-04
7.163320e+03	1.292245e-04
7.168365e+03	1.277194e-04
7.173410e+03	1.262286e-04
7.178454e+03	1.247521e-04
7.183499e+03	1.232897e-04
7.188543e+03	1.218415e-04
7.193588e+03	1.204073e-04
7.198632e+03	1.189869e-04
7.203677e+03	1.175804e-04
7.208722e+03	1.161876e-04
7.213766e+03	1.148085e-04
7.218811e+03	1.134428e-04
7.223855e+03	1.120906e-04
7.228900e+03	1.107518e-04
7.233945e+03	1.094262e-04
7.238989e+03	1.081137e-04
7.244034e+03	1.068144e-04
7.249078e+03	1.055280e-04
7.254123e+03	1.042545e-04
7.259168e+03	1.029938e-04
7.264212e+03	1.017458e-04
7.269257e+03	1.005103e-04
7.274301e+03	9.928745e-05
7.279346e+03	9.807698e-05
7.284391e+03	9.687885e-05
7.289435e+03	9.569295e-05
7.294480e+03	9.451921e-05
7.299524e+03	9.335753e-05
7.304569e+03	9.220782e-05
7.309613e+03	9.106999e-05
7.314658e+03	8.994396e-05
7.319703e+03	8.882962e-05
7.324747e+03	8.772689e-05
7.329792e+03	8.663568e-05
7.334836e+03	8.555591e-05
7.339881e+03	8.448748e-05
7.344926e+03	8.343030e-05
7.349970e+03	8.238429e-05
7.355015e+03	8.134936e-05
7.360059e+03	8.032542e-05
7.365104e+03	7.931239e-05
7.370149e+03	7.831017e-05
7.375193e+03	7.731868e-05
7.380238e+03	7.633784e-05
7.385282e+03	7.536755e-05
7.390327e+03	7.440773e-05
7.395372e+03	7.345830e-05
7.400416e+03	7.251917e-05
7.405461e+03	7.159025e-05
7.410505e+03	7.067146e-05
7.415550e+03	6.976272e-05
7.420595e+03	6.886395e-05
7.425639e+03	6.797505e-05
7.430684e+03	6.709594e-05
7.435728e+03	6.622655e-05
7.440773e+03	6.536679e-05
7.445817e+03	6.451657e-05
7.450862e+03	6.367582e-05
7.455907e+03	6.284445e-05
7.460951e+03	6.202239e-05
7.465996e+03	6.120955e-05
7.471040e+03	6.040585e-05
7.476085e+03	5.961121e-05
7.481130e+03	5.882555e-05
7.486174e+03	5.804879e-05
7.491219e+03	5.728086e-05
7.496263e+03	5.652168e-05
7.501308e+03	5.577115e-05
7.506353e+03	5.502922e-05
7.511397e+03	5.429580e-05
7.516442e+03	5.357082e-05
7.521486e+03	5.285419e-05
7.526531e+03	5.214584e-05
7.531576e+03	5.144570e-05
7.536620e+03	5.075369e-05
7.541665e+03	5.006974e-05
7.546709e+03	4.939376e-05
7.551754e+03	4.872570e-05
7.556798e+03	4.806546e-05
7.561843e+03	4.741299e-05
7.566888e+03	4.676820e-05
7.571932e+03	4.613103e-05
7.576977e+03	4.550140e-05
7.582021e+03	4.487924e-05
7.587066e+03	4.426448e-05
7.592111e+03	4.365705e-05
7.597155e+03	4.305688e-05
7.602200e+03	4.246390e-05
7.607244e+03	4.187803e-05
7.612289e+03	4.129922e-05
7.617334e+03	4.072738e-05
7.622378e+03	4.016246e-05
7.627423e+03	3.960438e-05
7.632467e+03	3.905308e-05
7.637512e+03	3.850849e-05
7.642557e+03	3.797055e-05
7.647601e+03	3.743918e-05
7.652646e+03	3.691433e-05
7.657690e+03	3.639592e-05
7.662735e+03	3.588390e-05
7.667780e+03	3.537819e-05
7.672824e+03	3.487874e-05
7.677869e+03	3.438548e-05
7.682913e+03	3.389834e-05
7.687958e+03	3.341727e-05
7.693002e+03	3.294221e-05
7.698047e+03	3.247308e-05
7.703092e+03	3.200984e-05
7.708136e+03	3.155241e-05
7.713181e+03	3.110074e-05
7.718225e+03	3.065477e-05
7.723270e+03	3.021444e-05
7.728315e+03	2.977969e-05
7.733359e+03	2.935046e-05
7.738404e+03	2.892670e-05
7.743448e+03	2.850833e-05
7.748493e+03	2.809532e-05
7.753538e+03	2.768760e-05
7.758582e+03	2.728511e-05
7.763627e+03	2.688780e-05
7.768671e+03	2.649561e-05
7.773716e+03	2.610849e-05
7.778761e+03	2.572638e-05
7.783805e+03	2.534923e-05
7.788850e+03	2.497698e-05
7.793894e+03	2.460959e-05
7.798939e+03	2.424699e-05
7.803983e+03	2.388914e-05
7.809028e+03	2.353597e-05
7.814073e+03	2.318745e-05
7.819117e+03	2.284352e-05
7.824162e+03	2.250413e-05
7.829206e+03	2.216923e-05
7.834251e+03	2.183876e-05
7.839296e+03	2.151268e-05
7.844340e+03	2.119094e-05
7.849385e+03	2.087349e-05
7.854429e+03	2.056028e-05
7.859474e+03	2.025126e-05
7.864519e+03	1.994639e-05
7.869563e+03	1.964561e-05
7.874608e+03	1.934889e-05
7.879652e+03	1.905617e-05
7.884697e+03	1.876741e-05
7.889742e+03	1.848257e-05
7.894786e+03	1.820159e-05
7.899831e+03	1.792444e-05
7.904875e+03	1.765106e-05
7.909920e+03	1.738142e-05
7.914965e+03	1.711547e-05
7.920009e+03	1.685316e-05
7.925054e+03	1.659447e-05
7.930098e+03	1.633933e-05
7.935143e+03	1.608771e-05
7.940187e+03	1.583958e-05
7.945232e+03	1.559487e-05
7.950277e+03	1.535357e-05
7.955321e+03	1.511562e-05
7.960366e+03	1.488099e-05
7.965410e+03	1.464963e-05
7.970455e+03	1.442151e-05
7.975500e+03	1.419658e-05
7.980544e+03	1.397482e-05
7.985589e+03	1.375617e-05
7.990633e+03	1.354061e-05
7.995678e+03	1.332809e-05
8.000723e+03	1.311857e-05
8.005767e+03	1.291203e-05
8.010812e+03	1.270842e-05
8.015856e+03	1.250771e-05
8.020901e+03	1.230986e-05
8.025946e+03	1.211484e-05
8.030990e+03	1.192261e-05
8.036035e+03	1.173314e-05
8.041079e+03	1.154638e-05
8.046124e+03	1.136232e-05
8.051168e+03	1.118091e-05
8.056213e+03	1.100212e-05
8.061258e+03	1.082592e-05
8.066302e+03	1.065228e-05
8.071347e+03	1.048115e-05
8.076391e+03	1.031252e-05
8.081436e+03	1.014635e-05
8.086481e+03	9.982608e-06
8.091525e+03	9.821260e-06
8.096570e+03	9.662279e-06
8.101614e+03	9.505634e-06
8.106659e+03	9.351294e-06
8.111704e+03	9.199230e-06
8.116748e+03	9.049412e-06
8.121793e+03	8.901811e-06
8.126837e+03	8.756399e-06
8.131882e+03	8.613146e-06
8.136927e+03	8.472025e-06
8.141971e+03	8.333008e-06
8.147016e+03	8.196067e-06
8.152060e+03	8.061175e-06
8.157105e+03	7.928304e-06
8.162150e+03	7.797428e-06
8.167194e+03	7.668521e-06
8.172239e+03	7.541556e-06
8.177283e+03	7.416508e-06
8.182328e+03	7.293351e-06
8.187372e+03	7.172059e-06
8.192417e+03	7.052608e-06
8.197462e+03	6.934973e-06
8.202506e+03	6.819129e-06
8.207551e+03	6.705053e-06
8.212595e+03	6.592720e-06
8.217640e+03	6.482107e-06
8.222685e+03	6.373191e-06
8.227729e+03	6.265947e-06
8.232774e+03	6.160354e-06
8.237818e+03	6.056389e-06
8.242863e+03	5.954030e-06
8.247908e+03	5.853254e-06
8.252952e+03	5.754040e-06
8.257997e+03	5.656366e-06
8.263041e+03	5.560211e-06
8.268086e+03	5.465554e-06
8.273131e+03	5.372373e-06
8.278175e+03	5.280650e-06
8.283220e+03	5.190362e-06
8.288264e+03	5.101491e-06
8.293309e+03	5.014015e-06
8.298353e+03	4.927917e-06
8.303398e+03	4.843175e-06
8.308443e+03	4.759772e-06
8.313487e+03	4.677688e-06
8.318532e+03	4.596904e-06
8.323576e+03	4.517403e-06
8.328621e+03	4.439165e-06
8.333666e+03	4.362174e-06
8.338710e+03	4.286410e-06
8.343755e+03	4.211857e-06
8.348799e+03	4.138497e-06
8.353844e+03	4.066313e-06
8.358889e+03	3.995288e-06
8.363933e+03	3.925406e-06
8.368978e+03	3.856649e-06
8.374022e+03	3.789002e-06
8.379067e+03	3.722448e-06
8.384112e+03	3.656972e-06
8.389156e+03	3.592557e-06
8.394201e+03	3.529189e-06
8.399245e+03	3.466852e-06
8.404290e+03	3.405531e-06
8.409335e+03	3.345210e-06
8.414379e+03	3.285876e-06
8.419424e+03	3.227514e-06
8.424468e+03	3.170109e-06
8.429513e+03	3.113647e-06
8.434557e+03	3.058114e-06
8.439602e+03	3.003496e-06
8.444647e+03	2.949780e-06
8.449691e+03	2.896952e-06
8.454736e+03	2.844999e-06
8.459780e+03	2.793908e-06
8.464825e+03	2.743666e-06
8.469870e+03	2.694260e-06
8.474914e+03	2.645677e-06
8.479959e+03	2.597905e-06
8.485003e+03	2.550932e-06
8.490048e+03	2.504746e-06
8.495093e+03	2.459335e-06
8.500137e+03	2.414686e-06
8.505182e+03	2.370789e-06
8.510226e+03	2.327631e-06
8.515271e+03	2.285202e-06
8.520316e+03	2.243490e-06
8.525360e+03	2.202484e-06
8.530405e+03	2.162174e-06
8.535449e+03	2.122549e-06
8.540494e+03	2.083597e-06
8.545538e+03	2.045309e-06
8.550583e+03	2.007675e-06
8.555628e+03	1.970683e-06
8.560672e+03	1.934325e-06
8.565717e+03	1.898590e-06
8.570761e+03	1.863469e-06
8.575806e+03	1.828952e-06
8.580851e+03	1.795029e-06
8.585895e+03	1.761691e-06
8.590940e+03	1.728929e-06
8.595984e+03	1.696734e-06
8.601029e+03	1.665096e-06
8.606074e+03	1.634008e-06
8.611118e+03	1.603460e-06
8.616163e+03	1.573444e-06
8.621207e+03	1.543951e-06
8.626252e+03	1.514973e-06
8.631297e+03	1.486502e-06
8.636341e+03	1.458529e-06
8.641386e+03	1.431047e-06
8.646430e+03	1.404047e-06
8.651475e+03	1.377523e-06
8.656520e+03	1.351465e-06
8.661564e+03	1.325868e-06
8.666609e+03	1.300723e-06
8.671653e+03	1.276022e-06
8.676698e+03	1.251760e-06
8.681742e+03	1.227928e-06
8.686787e+03	1.204519e-06
8.691832e+03	1.181528e-06
8.696876e+03	1.158946e-06
8.701921e+03	1.136767e-06
8.706965e+03	1.114985e-06
8.712010e+03	1.093593e-06
8.717055e+03	1.072584e-06
8.722099e+03	1.051953e-06
8.727144e+03	1.031693e-06
8.732188e+03	1.011797e-06
8.737233e+03	9.922609e-07
8.742278e+03	9.730772e-07
8.747322e+03	9.542406e-07
8.752367e+03	9.357452e-07
8.757411e+03	9.175853e-07
8.762456e+03	8.997553e-07
8.767501e+03	8.822497e-07
8.772545e+03	8.650630e-07
8.777590e+03	8.481900e-07
8.782634e+03	8.316252e-07
8.787679e+03	8.153635e-07
8.792723e+03	7.993998e-07
8.797768e+03	7.837291e-07
8.802813e+03	7.683463e-07
8.807857e+03	7.532466e-07
8.812902e+03	7.384252e-07
8.817946e+03	7.238773e-07
8.822991e+03	7.095982e-07
8.828036e+03	6.955834e-07
8.833080e+03	6.818284e-07
8.838125e+03	6.683286e-07
8.843169e+03	6.550797e-07
8.848214e+03	6.420774e-07
8.853259e+03	6.293175e-07
8.858303e+03	6.167956e-07
8.863348e+03	6.045078e-07
8.868392e+03	5.924500e-07
8.873437e+03	5.806182e-07
8.878482e+03	5.690084e-07
8.883526e+03	5.576168e-07
8.888571e+03	5.464396e-07
8.893615e+03	5.354730e-07
8.898660e+03	5.247134e-07
8.903704e+03	5.141572e-07
8.908749e+03	5.038007e-07
8.913794e+03	4.936404e-07
8.918838e+03	4.836730e-07
8.923883e+03	4.738950e-07
8.928927e+03	4.643030e-07
8.933972e+03	4.548938e-07
8.939017e+03	4.456641e-07
8.944061e+03	4.366107e-07
8.949106e+03	4.277306e-07
8.954150e+03	4.190206e-07
8.959195e+03	4.104777e-07
8.964240e+03	4.020989e-07
8.969284e+03	3.938813e-07
8.974329e+03	3.858219e-07
8.979373e+03	3.779180e-07
8.984418e+03	3.701668e-07
8.989463e+03	3.625655e-07
8.994507e+03	3.551113e-07
8.999552e+03	3.478018e-07
9.004596e+03	3.406341e-07
9.009641e+03	3.336059e-07
9.014686e+03	3.267145e-07
9.019730e+03	3.199574e-07
9.024775e+03	3.133322e-07
9.029819e+03	3.068366e-07
9.034864e+03	3.004680e-07
9.039908e+03	2.942243e-07
9.044953e+03	2.881032e-07
9.049998e+03	2.821023e-07
9.055042e+03	2.762195e-07
9.060087e+03	2.704526e-07
9.065131e+03	2.647995e-07
9.070176e+03	2.592581e-07
9.075221e+03	2.538263e-07
9.080265e+03	2.485020e-07
9.085310e+03	2.432834e-07
9.090354e+03	2.381684e-07
9.095399e+03	2.331551e-07
9.100444e+03	2.282416e-07
9.105488e+03	2.234261e-07
9.110533e+03	2.187067e-07
9.115577e+03	2.140816e-07
9.120622e+03	2.095491e-07
9.125667e+03	2.051074e-07
9.130711e+03	2.007549e-07
9.135756e+03	1.964898e-07
9.140800e+03	1.923105e-07
9.145845e+03	1.882154e-07
9.150889e+03	1.842028e-07
9.155934e+03	1.802713e-07
9.160979e+03	1.764193e-07
9.166023e+03	1.726453e-07
9.171068e+03	1.689478e-07
9.176112e+03	1.653254e-07
9.181157e+03	1.617766e-07
9.186202e+03	1.583000e-07
9.191246e+03	1.548942e-07
9.196291e+03	1.515579e-07
9.201335e+03	1.482898e-07
9.206380e+03	1.450885e-07
9.211425e+03	1.419527e-07
9.216469e+03	1.388813e-07
9.221514e+03	1.358729e-07
9.226558e+03	1.329264e-07
9.231603e+03	1.300405e-07
9.236648e+03	1.272140e-07
9.241692e+03	1.244459e-07
9.246737e+03	1.217350e-07
9.251781e+03	1.190802e-07
9.256826e+03	1.164803e-07
9.261871e+03	1.139343e-07
9.266915e+03	1.114412e-07
9.271960e+03	1.090000e-07
9.277004e+03	1.066095e-07
9.282049e+03	1.042689e-07
9.287093e+03	1.019771e-07
9.292138e+03	9.973316e-08
9.297183e+03	9.753617e-08
9.302227e+03	9.538519e-08
9.307272e+03	9.327931e-08
9.312316e+03	9.121764e-08
9.317361e+03	8.919931e-08
9.322406e+03	8.722346e-08
9.327450e+03	8.528924e-08
9.332495e+03	8.339582e-08
9.337539e+03	8.154240e-08
9.342584e+03	7.972817e-08
9.347629e+03	7.795236e-08
9.352673e+03	7.621419e-08
9.357718e+03	7.451292e-08
9.362762e+03	7.284780e-08
9.367807e+03	7.121811e-08
9.372852e+03	6.962313e-08
9.377896e+03	6.806217e-08
9.382941e+03	6.653454e-08
9.387985e+03	6.503958e-08
9.393030e+03	6.357661e-08
9.398074e+03	6.214500e-08
9.403119e+03	6.074410e-08
9.408164e+03	5.937330e-08
9.413208e+03	5.803197e-08
9.418253e+03	5.671954e-08
9.423297e+03	5.543539e-08
9.428342e+03	5.417897e-08
9.433387e+03	5.294969e-08
9.438431e+03	5.174702e-08
9.443476e+03	5.057039e-08
9.448520e+03	4.941928e-08
9.453565e+03	4.829317e-08
9.458610e+03	4.719153e-08
9.463654e+03	4.611387e-08
9.468699e+03	4.505970e-08
9.473743e+03	4.402852e-08
9.478788e+03	4.301986e-08
9.483833e+03	4.203326e-08
9.488877e+03	4.106825e-08
9.493922e+03	4.012440e-08
9.498966e+03	3.920126e-08
9.504011e+03	3.829840e-08
9.509056e+03	3.741540e-08
9.514100e+03	3.655184e-08
9.519145e+03	3.570732e-08
9.524189e+03	3.488144e-08
9.529234e+03	3.407380e-08
9.534278e+03	3.328404e-08
9.539323e+03	3.251176e-08
9.544368e+03	3.175661e-08
9.549412e+03	3.101823e-08
9.554457e+03	3.029625e-08
9.559501e+03	2.959034e-08
9.564546e+03	2.890016e-08
9.569591e+03	2.822536e-08
9.574635e+03	2.756563e-08
9.579680e+03	2.692065e-08
9.584724e+03	2.629010e-08
9.589769e+03	2.567368e-08
9.594814e+03	2.507109e-08
9.599858e+03	2.448202e-08
9.604903e+03	2.390620e-08
9.609947e+03	2.334334e-08
9.614992e+03	2.279316e-08
9.620037e+03	2.225539e-08
9.625081e+03	2.172976e-08
9.630126e+03	2.121602e-08
9.635170e+03	2.071390e-08
9.640215e+03	2.022317e-08
9.645259e+03	1.974356e-08
9.650304e+03	1.927485e-08
9.655349e+03	1.881679e-08
9.660393e+03	1.836916e-08
9.665438e+03	1.793173e-08
9.670482e+03	1.750428e-08
9.675527e+03	1.708658e-08
9.680572e+03	1.667844e-08
9.685616e+03	1.627965e-08
9.690661e+03	1.588998e-08
9.695705e+03	1.550926e-08
9.700750e+03	1.513728e-08
9.705795e+03	1.477386e-08
9.710839e+03	1.441879e-08
9.715884e+03	1.407191e-08
9.720928e+03	1.373303e-08
9.725973e+03	1.340198e-08
9.731018e+03	1.307858e-08
9.736062e+03	1.276266e-08
9.741107e+03	1.245407e-08
9.746151e+03	1.215263e-08
9.751196e+03	1.185819e-08
9.756241e+03	1.157059e-08
9.761285e+03	1.128969e-08
9.766330e+03	1.101533e-08
9.771374e+03	1.074737e-08
9.776419e+03	1.048566e-08
9.781463e+03	1.023008e-08
9.786508e+03	9.980469e-09
9.791553e+03	9.736708e-09
9.796597e+03	9.498663e-09
9.801642e+03	9.266206e-09
9.806686e+03	9.039212e-09
9.811731e+03	8.817557e-09
9.816776e+03	8.601123e-09
9.821820e+03	8.389792e-09
9.826865e+03	8.183448e-09
9.831909e+03	7.981979e-09
9.836954e+03	7.785275e-09
9.841999e+03	7.593229e-09
9.847043e+03	7.405735e-09
9.852088e+03	7.222690e-09
9.857132e+03	7.043993e-09
9.862177e+03	6.869545e-09
9.867222e+03	6.699250e-09
9.872266e+03	6.533013e-09
9.877311e+03	6.370742e-09
9.882355e+03	6.212346e-09
9.887400e+03	6.057736e-09
9.892444e+03	5.906827e-09
9.897489e+03	5.759532e-09
9.902534e+03	5.615771e-09
9.907578e+03	5.475460e-09
9.912623e+03	5.338522e-09
9.917667e+03	5.204878e-09
9.922712e+03	5.074453e-09
9.927757e+03	4.947173e-09
9.932801e+03	4.822964e-09
9.937846e+03	4.701756e-09
9.942890e+03	4.583479e-09
9.947935e+03	4.468066e-09
9.952980e+03	4.355451e-09
9.958024e+03	4.245567e-09
9.963069e+03	4.138352e-09
9.968113e+03	4.033744e-09
9.973158e+03	3.931681e-09
9.978203e+03	3.832106e-09
9.983247e+03	3.734958e-09
9.988292e+03	3.640182e-09
9.993336e+03	3.547723e-09
9.998381e+03	3.457525e-09
1.000343e+04	3.369537e-09
1.000847e+04	3.283705e-09
1.001351e+04	3.199979e-09
1.001856e+04	3.118311e-09
1.002360e+04	3.038650e-09
1.002865e+04	2.960951e-09
1.003369e+04	2.885166e-09
1.003874e+04	2.811251e-09
1.004378e+04	2.739160e-09
1.004883e+04	2.668852e-09
1.005387e+04	2.600283e-09
1.005892e+04	2.533412e-09
1.006396e+04	2.468200e-09
1.006901e+04	2.404605e-09
1.007405e+04	2.342591e-09
1.007909e+04	2.282119e-09
1.008414e+04	2.223152e-09
1.008918e+04	2.165655e-09
1.009423e+04	2.109592e-09
1.009927e+04	2.054929e-09
1.010432e+04	2.001633e-09
1.010936e+04	1.949669e-09
1.011441e+04	1.899008e-09
1.011945e+04	1.849616e-09
1.012450e+04	1.801464e-09
1.012954e+04	1.754522e-09
1.013458e+04	1.708760e-09
1.013963e+04	1.664150e-09
1.014467e+04	1.620664e-09
1.014972e+04	1.578275e-09
1.015476e+04	1.536956e-09
1.015981e+04	1.496682e-09
1.016485e+04	1.457426e-09
1.016990e+04	1.419164e-09
1.017494e+04	1.381873e-09
1.017999e+04	1.345527e-09
1.018503e+04	1.310105e-09
1.019008e+04	1.275583e-09
1.019512e+04	1.241940e-09
1.020016e+04	1.209154e-09
1.020521e+04	1.177205e-09
1.021025e+04	1.146070e-09
1.021530e+04	1.115731e-09
1.022034e+04	1.086168e-09
1.022539e+04	1.057362e-09
1.023043e+04	1.029295e-09
1.023548e+04	1.001947e-09
1.024052e+04	9.753010e-10
1.024557e+04	9.493403e-10
1.025061e+04	9.240474e-10
1.025566e+04	8.994059e-10
1.026070e+04	8.753996e-10
1.026574e+04	8.520127e-10
1.027079e+04	8.292299e-10
1.027583e+04	8.070361e-10
1.028088e+04	7.854167e-10
1.028592e+04	7.643573e-10
1.029097e+04	7.438439e-10
1.029601e+04	7.238630e-10
1.030106e+04	7.044012e-10
1.030610e+04	6.854454e-10
1.031115e+04	6.669831e-10
1.031619e+04	6.490018e-10
1.032123e+04	6.314895e-10
1.032628e+04	6.144343e-10
1.033132e+04	5.978248e-10
1.033637e+04	5.816498e-10
1.034141e+04	5.658982e-10
1.034646e+04	5.505594e-10
1.035150e+04	5.356230e-10
1.035655e+04	5.210788e-10
1.036159e+04	5.069168e-10
1.036664e+04	4.931273e-10
1.037168e+04	4.797010e-10
1.037673e+04	4.666286e-10
1.038177e+04	4.539010e-10
1.038681e+04	4.415095e-10
1.039186e+04	4.294456e-10
1.039690e+04	4.177009e-10
1.040195e+04	4.062672e-10
1.040699e+04	3.951366e-10
1.041204e+04	3.843013e-10
1.041708e+04	3.737538e-10
1.042213e+04	3.634867e-10
1.042717e+04	3.534927e-10
1.043222e+04	3.437650e-10
1.043726e+04	3.342966e-10
1.044230e+04	3.250808e-10
1.044735e+04	3.161112e-10
1.045239e+04	3.073814e-10
1.045744e+04	2.988852e-10
1.046248e+04	2.906166e-10
1.046753e+04	2.825696e-10
1.047257e+04	2.747386e-10
1.047762e+04	2.671179e-10
1.048266e+04	2.597021e-10
1.048771e+04	2.524859e-10
1.049275e+04	2.454640e-10
1.049780e+04	2.386315e-10
1.050284e+04	2.319833e-10
1.050788e+04	2.255147e-10
1.051293e+04	2.192210e-10
1.051797e+04	2.130977e-10
1.052302e+04	2.071401e-10
1.052806e+04	2.013441e-10
1.053311e+04	1.957054e-10
1.053815e+04	1.902198e-10
1.054320e+04	1.848833e-10
1.054824e+04	1.796921e-10
1.055329e+04	1.746423e-10
1.055833e+04	1.697301e-10
1.056338e+04	1.649520e-10
1.056842e+04	1.603043e-10
1.057346e+04	1.557837e-10
1.057851e+04	1.513868e-10
1.058355e+04	1.471104e-10
1.058860e+04	1.429511e-10
1.059364e+04	1.389060e-10
1.059869e+04	1.349720e-10
1.060373e+04	1.311461e-10
1.060878e+04	1.274254e-10
1.061382e+04	1.238072e-10
1.061887e+04	1.202888e-10
1.062391e+04	1.168674e-10
1.062895e+04	1.135405e-10
1.063400e+04	1.103055e-10
1.063904e+04	1.071600e-10
1.064409e+04	1.041016e-10
1.064913e+04	1.011280e-10
1.065418e+04	9.823686e-11
1.065922e+04	9.542598e-11
1.066427e+04	9.269321e-11
1.066931e+04	9.003645e-11
1.067436e+04	8.745365e-11
1.067940e+04	8.494281e-11
1.068445e+04	8.250199e-11
1.068949e+04	8.012931e-11
1.069453e+04	7.782291e-11
1.069958e+04	7.558101e-11
1.070462e+04	7.340186e-11
1.070967e+04	7.128375e-11
1.071471e+04	6.922504e-11
1.071976e+04	6.722409e-11
1.072480e+04	6.527935e-11
1.072985e+04	6.338929e-11
1.073489e+04	6.155241e-11
1.073994e+04	5.976726e-11
1.074498e+04	5.803243e-11
1.075003e+04	5.634655e-11
1.075507e+04	5.470827e-11
1.076011e+04	5.311630e-11
1.076516e+04	5.156937e-11
1.077020e+04	5.006623e-11
1.077525e+04	4.860569e-11
1.078029e+04	4.718658e-11
1.078534e+04	4.580775e-11
1.079038e+04	4.446810e-11
1.079543e+04	4.316655e-11
1.080047e+04	4.190205e-11
1.080552e+04	4.067357e-11
1.081056e+04	3.948012e-11
1.081560e+04	3.832073e-11
1.082065e+04	3.719445e-11
1.082569e+04	3.610038e-11
1.083074e+04	3.503761e-11
1.083578e+04	3.400527e-11
1.084083e+04	3.300253e-11
1.084587e+04	3.202855e-11
1.085092e+04	3.108254e-11
1.085596e+04	3.016372e-11
1.086101e+04	2.927133e-11
1.086605e+04	2.840462e-11
1.087110e+04	2.756289e-11
1.087614e+04	2.674544e-11
1.088118e+04	2.595158e-11
1.088623e+04	2.518065e-11
1.089127e+04	2.443201e-11
1.089632e+04	2.370504e-11
1.090136e+04	2.299912e-11
1.090641e+04	2.231366e-11
1.091145e+04	2.164810e-11
1.091650e+04	2.100186e-11
1.092154e+04	2.037440e-11
1.092659e+04	1.976519e-11
1.093163e+04	1.917372e-11
1.093667e+04	1.859948e-11
1.094172e+04	1.804199e-11
1.094676e+04	1.750078e-11
1.095181e+04	1.697537e-11
1.095685e+04	1.646532e-11
1.096190e+04	1.597020e-11
1.096694e+04	1.548958e-11
1.097199e+04	1.502305e-11
1.097703e+04	1.457021e-11
1.098208e+04	1.413066e-11
1.098712e+04	1.370403e-11
1.099217e+04	1.328994e-11
1.099721e+04	1.288805e-11
1.100225e+04	1.249800e-11
1.100730e+04	1.211945e-11
1.101234e+04	1.175207e-11
1.101739e+04	1.139554e-11
1.102243e+04	1.104955e-11
1.102748e+04	1.071380e-11
1.103252e+04	1.038799e-11
1.103757e+04	1.007184e-11
1.104261e+04	9.765066e-12
1.104766e+04	9.467398e-12
1.105270e+04	9.178574e-12
1.105775e+04	8.898338e-12
1.106279e+04	8.626443e-12
1.106783e+04	8.362646e-12
1.107288e+04	8.106713e-12
1.107792e+04	7.858416e-12
1.108297e+04	7.617534e-12
1.108801e+04	7.383851e-12
1.109306e+04	7.157157e-12
1.109810e+04	6.937250e-12
1.110315e+04	6.723931e-12
1.110819e+04	6.517008e-12
1.111324e+04	6.316295e-12
1.111828e+04	6.121611e-12
1.112332e+04	5.932779e-12
1.112837e+04	5.749628e-12
1.113341e+04	5.571991e-12
1.113846e+04	5.399708e-12
1.114350e+04	5.232621e-12
1.114855e+04	5.070577e-12
1.115359e+04	4.913428e-12
1.115864e+04	4.761031e-12
1.116368e+04	4.613244e-12
1.116873e+04	4.469934e-12
1.117377e+04	4.330967e-12
1.117882e+04	4.196216e-12
1.118386e+04	4.065555e-12
1.118890e+04	3.938864e-12
1.119395e+04	3.816026e-12
1.119899e+04	3.696926e-12
1.120404e+04	3.581453e-12
1.120908e+04	3.469501e-12
1.121413e+04	3.360964e-12
1.121917e+04	3.255741e-12
1.122422e+04	3.153733e-12
1.122926e+04	3.054845e-12
1.123431e+04	2.958984e-12
1.123935e+04	2.866059e-12
1.124440e+04	2.775982e-12
1.124944e+04	2.688670e-12
1.125448e+04	2.604038e-12
1.125953e+04	2.522008e-12
1.126457e+04	2.442500e-12
1.126962e+04	2.365440e-12
1.127466e+04	2.290753e-12
1.127971e+04	2.218370e-12
1.128475e+04	2.148219e-12
1.128980e+04	2.080235e-12
1.129484e+04	2.014352e-12
1.129989e+04	1.950507e-12
1.130493e+04	1.888638e-12
1.130997e+04	1.828686e-12
1.131502e+04	1.770593e-12
1.132006e+04	1.714302e-12
1.132511e+04	1.659759e-12
1.133015e+04	1.606912e-12
1.133520e+04	1.555708e-12
1.134024e+04	1.506098e-12
1.134529e+04	1.458034e-12
1.135033e+04	1.411468e-12
1.135538e+04	1.366355e-12
1.136042e+04	1.322651e-12
1.136547e+04	1.280313e-12
1.137051e+04	1.239299e-12
1.137555e+04	1.199569e-12
1.138060e+04	1.161083e-12
1.138564e+04	1.123805e-12
1.139069e+04	1.087695e-12
1.139573e+04	1.052720e-12
1.140078e+04	1.018844e-12
1.140582e+04	9.860335e-13
