# # p(y | x = 5.200000e-03)
# # y_val	p(y|x)
0.000000e+00	1.185306e-05
9.866476e+00	1.203270e-05
1.973295e+01	1.221479e-05
2.959943e+01	1.239935e-05
3.946590e+01	1.258643e-05
4.933238e+01	1.277604e-05
5.919885e+01	1.296822e-05
6.906533e+01	1.316299e-05
7.893180e+01	1.336039e-05
8.879828e+01	1.356045e-05
9.866476e+01	1.376319e-05
1.085312e+02	1.396866e-05
1.183977e+02	1.417688e-05
1.282642e+02	1.438788e-05
1.381307e+02	1.460169e-05
1.479971e+02	1.481835e-05
1.578636e+02	1.503788e-05
1.677301e+02	1.526033e-05
1.775966e+02	1.548573e-05
1.874630e+02	1.571410e-05
1.973295e+02	1.594548e-05
2.071960e+02	1.617991e-05
2.170625e+02	1.641742e-05
2.269289e+02	1.665804e-05
2.367954e+02	1.690181e-05
2.466619e+02	1.714877e-05
2.565284e+02	1.739894e-05
2.663948e+02	1.765237e-05
2.762613e+02	1.790909e-05
2.861278e+02	1.816914e-05
2.959943e+02	1.843255e-05
3.058607e+02	1.869937e-05
3.157272e+02	1.896962e-05
3.255937e+02	1.924335e-05
3.354602e+02	1.952059e-05
3.453266e+02	1.980138e-05
3.551931e+02	2.008577e-05
3.650596e+02	2.037378e-05
3.749261e+02	2.066546e-05
3.847925e+02	2.096085e-05
3.946590e+02	2.125999e-05
4.045255e+02	2.156291e-05
4.143920e+02	2.186966e-05
4.242585e+02	2.218028e-05
4.341249e+02	2.249481e-05
4.439914e+02	2.281328e-05
4.538579e+02	2.313575e-05
4.637244e+02	2.346226e-05
4.735908e+02	2.379284e-05
4.834573e+02	2.412754e-05
4.933238e+02	2.446640e-05
5.031903e+02	2.480946e-05
5.130567e+02	2.515678e-05
5.229232e+02	2.550838e-05
5.327897e+02	2.586432e-05
5.426562e+02	2.622465e-05
5.525226e+02	2.658939e-05
5.623891e+02	2.695861e-05
5.722556e+02	2.733235e-05
5.821221e+02	2.771065e-05
5.919885e+02	2.809355e-05
6.018550e+02	2.848111e-05
6.117215e+02	2.887337e-05
6.215880e+02	2.927038e-05
6.314544e+02	2.967219e-05
6.413209e+02	3.007884e-05
6.511874e+02	3.049038e-05
6.610539e+02	3.090686e-05
6.709203e+02	3.132833e-05
6.807868e+02	3.175484e-05
6.906533e+02	3.218643e-05
7.005198e+02	3.262316e-05
7.103862e+02	3.306508e-05
7.202527e+02	3.351224e-05
7.301192e+02	3.396468e-05
7.399857e+02	3.442247e-05
7.498521e+02	3.488564e-05
7.597186e+02	3.535426e-05
7.695851e+02	3.582837e-05
7.794516e+02	3.630803e-05
7.893180e+02	3.679328e-05
7.991845e+02	3.728419e-05
8.090510e+02	3.778081e-05
8.189175e+02	3.828318e-05
8.287839e+02	3.879137e-05
8.386504e+02	3.930543e-05
8.485169e+02	3.982540e-05
8.583834e+02	4.035136e-05
8.682499e+02	4.088335e-05
8.781163e+02	4.142142e-05
8.879828e+02	4.196564e-05
8.978493e+02	4.251606e-05
9.077158e+02	4.307274e-05
9.175822e+02	4.363573e-05
9.274487e+02	4.420509e-05
9.373152e+02	4.478088e-05
9.471817e+02	4.536315e-05
9.570481e+02	4.595197e-05
9.669146e+02	4.654740e-05
9.767811e+02	4.714948e-05
9.866476e+02	4.775829e-05
9.965140e+02	4.837387e-05
1.006381e+03	4.899630e-05
1.016247e+03	4.962562e-05
1.026113e+03	5.026191e-05
1.035980e+03	5.090521e-05
1.045846e+03	5.155560e-05
1.055713e+03	5.221313e-05
1.065579e+03	5.287787e-05
1.075446e+03	5.354987e-05
1.085312e+03	5.422920e-05
1.095179e+03	5.491592e-05
1.105045e+03	5.561009e-05
1.114912e+03	5.631178e-05
1.124778e+03	5.702105e-05
1.134645e+03	5.773796e-05
1.144511e+03	5.846259e-05
1.154378e+03	5.919498e-05
1.164244e+03	5.993521e-05
1.174111e+03	6.068333e-05
1.183977e+03	6.143943e-05
1.193844e+03	6.220355e-05
1.203710e+03	6.297577e-05
1.213576e+03	6.375616e-05
1.223443e+03	6.454477e-05
1.233309e+03	6.534167e-05
1.243176e+03	6.614694e-05
1.253042e+03	6.696063e-05
1.262909e+03	6.778282e-05
1.272775e+03	6.861357e-05
1.282642e+03	6.945296e-05
1.292508e+03	7.030103e-05
1.302375e+03	7.115788e-05
1.312241e+03	7.202356e-05
1.322108e+03	7.289814e-05
1.331974e+03	7.378169e-05
1.341841e+03	7.467428e-05
1.351707e+03	7.557599e-05
1.361574e+03	7.648687e-05
1.371440e+03	7.740700e-05
1.381307e+03	7.833645e-05
1.391173e+03	7.927528e-05
1.401040e+03	8.022358e-05
1.410906e+03	8.118141e-05
1.420772e+03	8.214883e-05
1.430639e+03	8.312593e-05
1.440505e+03	8.411277e-05
1.450372e+03	8.510942e-05
1.460238e+03	8.611596e-05
1.470105e+03	8.713246e-05
1.479971e+03	8.815898e-05
1.489838e+03	8.919561e-05
1.499704e+03	9.024240e-05
1.509571e+03	9.129945e-05
1.519437e+03	9.236681e-05
1.529304e+03	9.344456e-05
1.539170e+03	9.453277e-05
1.549037e+03	9.563152e-05
1.558903e+03	9.674088e-05
1.568770e+03	9.786092e-05
1.578636e+03	9.899171e-05
1.588503e+03	1.001333e-04
1.598369e+03	1.012859e-04
1.608236e+03	1.024494e-04
1.618102e+03	1.036239e-04
1.627968e+03	1.048096e-04
1.637835e+03	1.060065e-04
1.647701e+03	1.072146e-04
1.657568e+03	1.084341e-04
1.667434e+03	1.096650e-04
1.677301e+03	1.109074e-04
1.687167e+03	1.121614e-04
1.697034e+03	1.134270e-04
1.706900e+03	1.147044e-04
1.716767e+03	1.159935e-04
1.726633e+03	1.172945e-04
1.736500e+03	1.186074e-04
1.746366e+03	1.199324e-04
1.756233e+03	1.212695e-04
1.766099e+03	1.226187e-04
1.775966e+03	1.239801e-04
1.785832e+03	1.253539e-04
1.795699e+03	1.267401e-04
1.805565e+03	1.281387e-04
1.815432e+03	1.295498e-04
1.825298e+03	1.309736e-04
1.835164e+03	1.324101e-04
1.845031e+03	1.338593e-04
1.854897e+03	1.353214e-04
1.864764e+03	1.367964e-04
1.874630e+03	1.382843e-04
1.884497e+03	1.397854e-04
1.894363e+03	1.412995e-04
1.904230e+03	1.428269e-04
1.914096e+03	1.443676e-04
1.923963e+03	1.459216e-04
1.933829e+03	1.474891e-04
1.943696e+03	1.490700e-04
1.953562e+03	1.506646e-04
1.963429e+03	1.522727e-04
1.973295e+03	1.538947e-04
1.983162e+03	1.555304e-04
1.993028e+03	1.571800e-04
2.002895e+03	1.588435e-04
2.012761e+03	1.605211e-04
2.022627e+03	1.622127e-04
2.032494e+03	1.639185e-04
2.042360e+03	1.656386e-04
2.052227e+03	1.673729e-04
2.062093e+03	1.691217e-04
2.071960e+03	1.708849e-04
2.081826e+03	1.726626e-04
2.091693e+03	1.744549e-04
2.101559e+03	1.762619e-04
2.111426e+03	1.780836e-04
2.121292e+03	1.799201e-04
2.131159e+03	1.817715e-04
2.141025e+03	1.836379e-04
2.150892e+03	1.855193e-04
2.160758e+03	1.874157e-04
2.170625e+03	1.893273e-04
2.180491e+03	1.912542e-04
2.190358e+03	1.931963e-04
2.200224e+03	1.951538e-04
2.210091e+03	1.971267e-04
2.219957e+03	1.991151e-04
2.229823e+03	2.011191e-04
2.239690e+03	2.031387e-04
2.249556e+03	2.051740e-04
2.259423e+03	2.072251e-04
2.269289e+03	2.092920e-04
2.279156e+03	2.113747e-04
2.289022e+03	2.134735e-04
2.298889e+03	2.155882e-04
2.308755e+03	2.177191e-04
2.318622e+03	2.198661e-04
2.328488e+03	2.220293e-04
2.338355e+03	2.242088e-04
2.348221e+03	2.264046e-04
2.358088e+03	2.286168e-04
2.367954e+03	2.308455e-04
2.377821e+03	2.330906e-04
2.387687e+03	2.353524e-04
2.397554e+03	2.376308e-04
2.407420e+03	2.399259e-04
2.417287e+03	2.422377e-04
2.427153e+03	2.445664e-04
2.437019e+03	2.469119e-04
2.446886e+03	2.492744e-04
2.456752e+03	2.516538e-04
2.466619e+03	2.540503e-04
2.476485e+03	2.564638e-04
2.486352e+03	2.588945e-04
2.496218e+03	2.613424e-04
2.506085e+03	2.638076e-04
2.515951e+03	2.662901e-04
2.525818e+03	2.687899e-04
2.535684e+03	2.713071e-04
2.545551e+03	2.738417e-04
2.555417e+03	2.763939e-04
2.565284e+03	2.789636e-04
2.575150e+03	2.815510e-04
2.585017e+03	2.841559e-04
2.594883e+03	2.867786e-04
2.604750e+03	2.894190e-04
2.614616e+03	2.920772e-04
2.624483e+03	2.947532e-04
2.634349e+03	2.974471e-04
2.644215e+03	3.001589e-04
2.654082e+03	3.028887e-04
2.663948e+03	3.056364e-04
2.673815e+03	3.084022e-04
2.683681e+03	3.111861e-04
2.693548e+03	3.139880e-04
2.703414e+03	3.168082e-04
2.713281e+03	3.196465e-04
2.723147e+03	3.225030e-04
2.733014e+03	3.253778e-04
2.742880e+03	3.282709e-04
2.752747e+03	3.311823e-04
2.762613e+03	3.341121e-04
2.772480e+03	3.370602e-04
2.782346e+03	3.400268e-04
2.792213e+03	3.430118e-04
2.802079e+03	3.460153e-04
2.811946e+03	3.490372e-04
2.821812e+03	3.520777e-04
2.831678e+03	3.551368e-04
2.841545e+03	3.582144e-04
2.851411e+03	3.613107e-04
2.861278e+03	3.644255e-04
2.871144e+03	3.675590e-04
2.881011e+03	3.707111e-04
2.890877e+03	3.738820e-04
2.900744e+03	3.770715e-04
2.910610e+03	3.802797e-04
2.920477e+03	3.835067e-04
2.930343e+03	3.867524e-04
2.940210e+03	3.900168e-04
2.950076e+03	3.933001e-04
2.959943e+03	3.966020e-04
2.969809e+03	3.999228e-04
2.979676e+03	4.032624e-04
2.989542e+03	4.066208e-04
2.999409e+03	4.099980e-04
3.009275e+03	4.133940e-04
3.019142e+03	4.168088e-04
3.029008e+03	4.202424e-04
3.038874e+03	4.236949e-04
3.048741e+03	4.271661e-04
3.058607e+03	4.306562e-04
3.068474e+03	4.341651e-04
3.078340e+03	4.376928e-04
3.088207e+03	4.412393e-04
3.098073e+03	4.448046e-04
3.107940e+03	4.483887e-04
3.117806e+03	4.519916e-04
3.127673e+03	4.556132e-04
3.137539e+03	4.592536e-04
3.147406e+03	4.629128e-04
3.157272e+03	4.665906e-04
3.167139e+03	4.702872e-04
3.177005e+03	4.740025e-04
3.186872e+03	4.777365e-04
3.196738e+03	4.814891e-04
3.206605e+03	4.852603e-04
3.216471e+03	4.890502e-04
3.226338e+03	4.928586e-04
3.236204e+03	4.966856e-04
3.246070e+03	5.005311e-04
3.255937e+03	5.043952e-04
3.265803e+03	5.082777e-04
3.275670e+03	5.121786e-04
3.285536e+03	5.160980e-04
3.295403e+03	5.200357e-04
3.305269e+03	5.239917e-04
3.315136e+03	5.279661e-04
3.325002e+03	5.319587e-04
3.334869e+03	5.359695e-04
3.344735e+03	5.399985e-04
3.354602e+03	5.440457e-04
3.364468e+03	5.481109e-04
3.374335e+03	5.521941e-04
3.384201e+03	5.562954e-04
3.394068e+03	5.604146e-04
3.403934e+03	5.645516e-04
3.413801e+03	5.687065e-04
3.423667e+03	5.728792e-04
3.433534e+03	5.770696e-04
3.443400e+03	5.812777e-04
3.453266e+03	5.855033e-04
3.463133e+03	5.897465e-04
3.472999e+03	5.940072e-04
3.482866e+03	5.982853e-04
3.492732e+03	6.025808e-04
3.502599e+03	6.068935e-04
3.512465e+03	6.112234e-04
3.522332e+03	6.155705e-04
3.532198e+03	6.199346e-04
3.542065e+03	6.243157e-04
3.551931e+03	6.287137e-04
3.561798e+03	6.331286e-04
3.571664e+03	6.375602e-04
3.581531e+03	6.420085e-04
3.591397e+03	6.464734e-04
3.601264e+03	6.509548e-04
3.611130e+03	6.554526e-04
3.620997e+03	6.599667e-04
3.630863e+03	6.644971e-04
3.640729e+03	6.690436e-04
3.650596e+03	6.736062e-04
3.660462e+03	6.781848e-04
3.670329e+03	6.827792e-04
3.680195e+03	6.873894e-04
3.690062e+03	6.920152e-04
3.699928e+03	6.966566e-04
3.709795e+03	7.013135e-04
3.719661e+03	7.059857e-04
3.729528e+03	7.106731e-04
3.739394e+03	7.153757e-04
3.749261e+03	7.200934e-04
3.759127e+03	7.248259e-04
3.768994e+03	7.295732e-04
3.778860e+03	7.343353e-04
3.788727e+03	7.391119e-04
3.798593e+03	7.439029e-04
3.808460e+03	7.487083e-04
3.818326e+03	7.535278e-04
3.828193e+03	7.583615e-04
3.838059e+03	7.632091e-04
3.847925e+03	7.680705e-04
3.857792e+03	7.729456e-04
3.867658e+03	7.778343e-04
3.877525e+03	7.827364e-04
3.887391e+03	7.876518e-04
3.897258e+03	7.925804e-04
3.907124e+03	7.975220e-04
3.916991e+03	8.024764e-04
3.926857e+03	8.074436e-04
3.936724e+03	8.124234e-04
3.946590e+03	8.174156e-04
3.956457e+03	8.224201e-04
3.966323e+03	8.274368e-04
3.976190e+03	8.324655e-04
3.986056e+03	8.375060e-04
3.995923e+03	8.425583e-04
4.005789e+03	8.476220e-04
4.015656e+03	8.526972e-04
4.025522e+03	8.577835e-04
4.035389e+03	8.628809e-04
4.045255e+03	8.679892e-04
4.055121e+03	8.731083e-04
4.064988e+03	8.782379e-04
4.074854e+03	8.833779e-04
4.084721e+03	8.885281e-04
4.094587e+03	8.936884e-04
4.104454e+03	8.988586e-04
4.114320e+03	9.040385e-04
4.124187e+03	9.092279e-04
4.134053e+03	9.144267e-04
4.143920e+03	9.196346e-04
4.153786e+03	9.248516e-04
4.163653e+03	9.300773e-04
4.173519e+03	9.353117e-04
4.183386e+03	9.405545e-04
4.193252e+03	9.458056e-04
4.203119e+03	9.510648e-04
4.212985e+03	9.563318e-04
4.222852e+03	9.616065e-04
4.232718e+03	9.668887e-04
4.242585e+03	9.721782e-04
4.252451e+03	9.774747e-04
4.262317e+03	9.827782e-04
4.272184e+03	9.880884e-04
4.282050e+03	9.934050e-04
4.291917e+03	9.987280e-04
4.301783e+03	1.004057e-03
4.311650e+03	1.009392e-03
4.321516e+03	1.014733e-03
4.331383e+03	1.020079e-03
4.341249e+03	1.025430e-03
4.351116e+03	1.030786e-03
4.360982e+03	1.036147e-03
4.370849e+03	1.041513e-03
4.380715e+03	1.046883e-03
4.390582e+03	1.052258e-03
4.400448e+03	1.057636e-03
4.410315e+03	1.063018e-03
4.420181e+03	1.068404e-03
4.430048e+03	1.073792e-03
4.439914e+03	1.079184e-03
4.449780e+03	1.084579e-03
4.459647e+03	1.089976e-03
4.469513e+03	1.095376e-03
4.479380e+03	1.100778e-03
4.489246e+03	1.106182e-03
4.499113e+03	1.111587e-03
4.508979e+03	1.116994e-03
4.518846e+03	1.122403e-03
4.528712e+03	1.127812e-03
4.538579e+03	1.133222e-03
4.548445e+03	1.138632e-03
4.558312e+03	1.144043e-03
4.568178e+03	1.149454e-03
4.578045e+03	1.154864e-03
4.587911e+03	1.160274e-03
4.597778e+03	1.165683e-03
4.607644e+03	1.171092e-03
4.617511e+03	1.176499e-03
4.627377e+03	1.181905e-03
4.637244e+03	1.187309e-03
4.647110e+03	1.192711e-03
4.656976e+03	1.198111e-03
4.666843e+03	1.203508e-03
4.676709e+03	1.208903e-03
4.686576e+03	1.214295e-03
4.696442e+03	1.219684e-03
4.706309e+03	1.225069e-03
4.716175e+03	1.230450e-03
4.726042e+03	1.235828e-03
4.735908e+03	1.241201e-03
4.745775e+03	1.246570e-03
4.755641e+03	1.251934e-03
4.765508e+03	1.257293e-03
4.775374e+03	1.262646e-03
4.785241e+03	1.267994e-03
4.795107e+03	1.273337e-03
4.804974e+03	1.278673e-03
4.814840e+03	1.284003e-03
4.824707e+03	1.289326e-03
4.834573e+03	1.294643e-03
4.844440e+03	1.299952e-03
4.854306e+03	1.305254e-03
4.864172e+03	1.310549e-03
4.874039e+03	1.315835e-03
4.883905e+03	1.321113e-03
4.893772e+03	1.326383e-03
4.903638e+03	1.331644e-03
4.913505e+03	1.336896e-03
4.923371e+03	1.342139e-03
4.933238e+03	1.347372e-03
4.943104e+03	1.352595e-03
4.952971e+03	1.357809e-03
4.962837e+03	1.363011e-03
4.972704e+03	1.368204e-03
4.982570e+03	1.373385e-03
4.992437e+03	1.378555e-03
5.002303e+03	1.383714e-03
5.012170e+03	1.388861e-03
5.022036e+03	1.393996e-03
5.031903e+03	1.399119e-03
5.041769e+03	1.404229e-03
5.051636e+03	1.409326e-03
5.061502e+03	1.414410e-03
5.071368e+03	1.419481e-03
5.081235e+03	1.424538e-03
5.091101e+03	1.429582e-03
5.100968e+03	1.434611e-03
5.110834e+03	1.439625e-03
5.120701e+03	1.444625e-03
5.130567e+03	1.449610e-03
5.140434e+03	1.454580e-03
5.150300e+03	1.459533e-03
5.160167e+03	1.464472e-03
5.170033e+03	1.469394e-03
5.179900e+03	1.474299e-03
5.189766e+03	1.479188e-03
5.199633e+03	1.484060e-03
5.209499e+03	1.488915e-03
5.219366e+03	1.493752e-03
5.229232e+03	1.498571e-03
5.239099e+03	1.503373e-03
5.248965e+03	1.508156e-03
5.258831e+03	1.512920e-03
5.268698e+03	1.517666e-03
5.278564e+03	1.522392e-03
5.288431e+03	1.527099e-03
5.298297e+03	1.531787e-03
5.308164e+03	1.536454e-03
5.318030e+03	1.541102e-03
5.327897e+03	1.545728e-03
5.337763e+03	1.550334e-03
5.347630e+03	1.554919e-03
5.357496e+03	1.559483e-03
5.367363e+03	1.564025e-03
5.377229e+03	1.568545e-03
5.387096e+03	1.573044e-03
5.396962e+03	1.577520e-03
5.406829e+03	1.581973e-03
5.416695e+03	1.586403e-03
5.426562e+03	1.590811e-03
5.436428e+03	1.595194e-03
5.446295e+03	1.599555e-03
5.456161e+03	1.603891e-03
5.466027e+03	1.608203e-03
5.475894e+03	1.612491e-03
5.485760e+03	1.616754e-03
5.495627e+03	1.620992e-03
5.505493e+03	1.625205e-03
5.515360e+03	1.629392e-03
5.525226e+03	1.633554e-03
5.535093e+03	1.637689e-03
5.544959e+03	1.641799e-03
5.554826e+03	1.645882e-03
5.564692e+03	1.649938e-03
5.574559e+03	1.653967e-03
5.584425e+03	1.657969e-03
5.594292e+03	1.661944e-03
5.604158e+03	1.665891e-03
5.614025e+03	1.669810e-03
5.623891e+03	1.673701e-03
5.633758e+03	1.677563e-03
5.643624e+03	1.681397e-03
5.653491e+03	1.685202e-03
5.663357e+03	1.688978e-03
5.673223e+03	1.692724e-03
5.683090e+03	1.696441e-03
5.692956e+03	1.700128e-03
5.702823e+03	1.703785e-03
5.712689e+03	1.707411e-03
5.722556e+03	1.711007e-03
5.732422e+03	1.714573e-03
5.742289e+03	1.718107e-03
5.752155e+03	1.721610e-03
5.762022e+03	1.725082e-03
5.771888e+03	1.728522e-03
5.781755e+03	1.731931e-03
5.791621e+03	1.735307e-03
5.801488e+03	1.738651e-03
5.811354e+03	1.741962e-03
5.821221e+03	1.745241e-03
5.831087e+03	1.748487e-03
5.840954e+03	1.751700e-03
5.850820e+03	1.754880e-03
5.860687e+03	1.758026e-03
5.870553e+03	1.761138e-03
5.880419e+03	1.764216e-03
5.890286e+03	1.767260e-03
5.900152e+03	1.770270e-03
5.910019e+03	1.773246e-03
5.919885e+03	1.776187e-03
5.929752e+03	1.779093e-03
5.939618e+03	1.781963e-03
5.949485e+03	1.784799e-03
5.959351e+03	1.787599e-03
5.969218e+03	1.790364e-03
5.979084e+03	1.793093e-03
5.988951e+03	1.795785e-03
5.998817e+03	1.798442e-03
6.008684e+03	1.801062e-03
6.018550e+03	1.803646e-03
6.028417e+03	1.806193e-03
6.038283e+03	1.808704e-03
6.048150e+03	1.811177e-03
6.058016e+03	1.813613e-03
6.067882e+03	1.816012e-03
6.077749e+03	1.818374e-03
6.087615e+03	1.820698e-03
6.097482e+03	1.822984e-03
6.107348e+03	1.825232e-03
6.117215e+03	1.827442e-03
6.127081e+03	1.829614e-03
6.136948e+03	1.831748e-03
6.146814e+03	1.833843e-03
6.156681e+03	1.835899e-03
6.166547e+03	1.837917e-03
6.176414e+03	1.839896e-03
6.186280e+03	1.841835e-03
6.196147e+03	1.843736e-03
6.206013e+03	1.845597e-03
6.215880e+03	1.847419e-03
6.225746e+03	1.849202e-03
6.235613e+03	1.850945e-03
6.245479e+03	1.852648e-03
6.255346e+03	1.854311e-03
6.265212e+03	1.855934e-03
6.275078e+03	1.857517e-03
6.284945e+03	1.859060e-03
6.294811e+03	1.860563e-03
6.304678e+03	1.862025e-03
6.314544e+03	1.863446e-03
6.324411e+03	1.864828e-03
6.334277e+03	1.866168e-03
6.344144e+03	1.867468e-03
6.354010e+03	1.868727e-03
6.363877e+03	1.869944e-03
6.373743e+03	1.871121e-03
6.383610e+03	1.872257e-03
6.393476e+03	1.873352e-03
6.403343e+03	1.874405e-03
6.413209e+03	1.875417e-03
6.423076e+03	1.876388e-03
6.432942e+03	1.877317e-03
6.442809e+03	1.878205e-03
6.452675e+03	1.879051e-03
6.462542e+03	1.879856e-03
6.472408e+03	1.880618e-03
6.482274e+03	1.881340e-03
6.492141e+03	1.882019e-03
6.502007e+03	1.882656e-03
6.511874e+03	1.883252e-03
6.521740e+03	1.883806e-03
6.531607e+03	1.884318e-03
6.541473e+03	1.884787e-03
6.551340e+03	1.885215e-03
6.561206e+03	1.885601e-03
6.571073e+03	1.885945e-03
6.580939e+03	1.886246e-03
6.590806e+03	1.886506e-03
6.600672e+03	1.886723e-03
6.610539e+03	1.886899e-03
6.620405e+03	1.887032e-03
6.630272e+03	1.887123e-03
6.640138e+03	1.887172e-03
6.650005e+03	1.887178e-03
6.659871e+03	1.887143e-03
6.669738e+03	1.887065e-03
6.679604e+03	1.886945e-03
6.689470e+03	1.886783e-03
6.699337e+03	1.886579e-03
6.709203e+03	1.886333e-03
6.719070e+03	1.886044e-03
6.728936e+03	1.885714e-03
6.738803e+03	1.885341e-03
6.748669e+03	1.884926e-03
6.758536e+03	1.884470e-03
6.768402e+03	1.883971e-03
6.778269e+03	1.883431e-03
6.788135e+03	1.882848e-03
6.798002e+03	1.882224e-03
6.807868e+03	1.881558e-03
6.817735e+03	1.880850e-03
6.827601e+03	1.880100e-03
6.837468e+03	1.879308e-03
6.847334e+03	1.878475e-03
6.857201e+03	1.877601e-03
6.867067e+03	1.876684e-03
6.876933e+03	1.875727e-03
6.886800e+03	1.874728e-03
6.896666e+03	1.873687e-03
6.906533e+03	1.872606e-03
6.916399e+03	1.871483e-03
6.926266e+03	1.870319e-03
6.936132e+03	1.869114e-03
6.945999e+03	1.867868e-03
6.955865e+03	1.866581e-03
6.965732e+03	1.865253e-03
6.975598e+03	1.863885e-03
6.985465e+03	1.862476e-03
6.995331e+03	1.861026e-03
7.005198e+03	1.859537e-03
7.015064e+03	1.858006e-03
7.024931e+03	1.856436e-03
7.034797e+03	1.854825e-03
7.044664e+03	1.853175e-03
7.054530e+03	1.851484e-03
7.064397e+03	1.849754e-03
7.074263e+03	1.847984e-03
7.084129e+03	1.846174e-03
7.093996e+03	1.844325e-03
7.103862e+03	1.842437e-03
7.113729e+03	1.840510e-03
7.123595e+03	1.838543e-03
7.133462e+03	1.836538e-03
7.143328e+03	1.834493e-03
7.153195e+03	1.832410e-03
7.163061e+03	1.830289e-03
7.172928e+03	1.828129e-03
7.182794e+03	1.825931e-03
7.192661e+03	1.823695e-03
7.202527e+03	1.821420e-03
7.212394e+03	1.819108e-03
7.222260e+03	1.816759e-03
7.232127e+03	1.814371e-03
7.241993e+03	1.811947e-03
7.251860e+03	1.809485e-03
7.261726e+03	1.806986e-03
7.271593e+03	1.804451e-03
7.281459e+03	1.801878e-03
7.291325e+03	1.799270e-03
7.301192e+03	1.796624e-03
7.311058e+03	1.793943e-03
7.320925e+03	1.791225e-03
7.330791e+03	1.788472e-03
7.340658e+03	1.785683e-03
7.350524e+03	1.782859e-03
7.360391e+03	1.779999e-03
7.370257e+03	1.777104e-03
7.380124e+03	1.774174e-03
7.389990e+03	1.771209e-03
7.399857e+03	1.768210e-03
7.409723e+03	1.765177e-03
7.419590e+03	1.762109e-03
7.429456e+03	1.759007e-03
7.439323e+03	1.755872e-03
7.449189e+03	1.752703e-03
7.459056e+03	1.749501e-03
7.468922e+03	1.746265e-03
7.478789e+03	1.742996e-03
7.488655e+03	1.739695e-03
7.498521e+03	1.736361e-03
7.508388e+03	1.732995e-03
7.518254e+03	1.729597e-03
7.528121e+03	1.726167e-03
7.537987e+03	1.722705e-03
7.547854e+03	1.719212e-03
7.557720e+03	1.715687e-03
7.567587e+03	1.712131e-03
7.577453e+03	1.708545e-03
7.587320e+03	1.704928e-03
7.597186e+03	1.701280e-03
7.607053e+03	1.697603e-03
7.616919e+03	1.693895e-03
7.626786e+03	1.690158e-03
7.636652e+03	1.686392e-03
7.646519e+03	1.682596e-03
7.656385e+03	1.678771e-03
7.666252e+03	1.674918e-03
7.676118e+03	1.671036e-03
7.685984e+03	1.667126e-03
7.695851e+03	1.663188e-03
7.705717e+03	1.659222e-03
7.715584e+03	1.655228e-03
7.725450e+03	1.651207e-03
7.735317e+03	1.647159e-03
7.745183e+03	1.643085e-03
7.755050e+03	1.638984e-03
7.764916e+03	1.634856e-03
7.774783e+03	1.630703e-03
7.784649e+03	1.626523e-03
7.794516e+03	1.622319e-03
7.804382e+03	1.618088e-03
7.814249e+03	1.613833e-03
7.824115e+03	1.609553e-03
7.833982e+03	1.605249e-03
7.843848e+03	1.600920e-03
7.853715e+03	1.596567e-03
7.863581e+03	1.592191e-03
7.873448e+03	1.587791e-03
7.883314e+03	1.583368e-03
7.893180e+03	1.578922e-03
7.903047e+03	1.574453e-03
7.912913e+03	1.569962e-03
7.922780e+03	1.565448e-03
7.932646e+03	1.560913e-03
7.942513e+03	1.556356e-03
7.952379e+03	1.551778e-03
7.962246e+03	1.547178e-03
7.972112e+03	1.542558e-03
7.981979e+03	1.537917e-03
7.991845e+03	1.533256e-03
8.001712e+03	1.528575e-03
8.011578e+03	1.523874e-03
8.021445e+03	1.519153e-03
8.031311e+03	1.514414e-03
8.041178e+03	1.509655e-03
8.051044e+03	1.504878e-03
8.060911e+03	1.500082e-03
8.070777e+03	1.495268e-03
8.080644e+03	1.490437e-03
8.090510e+03	1.485588e-03
8.100376e+03	1.480721e-03
8.110243e+03	1.475837e-03
8.120109e+03	1.470937e-03
8.129976e+03	1.466020e-03
8.139842e+03	1.461087e-03
8.149709e+03	1.456138e-03
8.159575e+03	1.451174e-03
8.169442e+03	1.446194e-03
8.179308e+03	1.441198e-03
8.189175e+03	1.436188e-03
8.199041e+03	1.431164e-03
8.208908e+03	1.426125e-03
8.218774e+03	1.421072e-03
8.228641e+03	1.416006e-03
8.238507e+03	1.410926e-03
8.248374e+03	1.405832e-03
8.258240e+03	1.400726e-03
8.268107e+03	1.395607e-03
8.277973e+03	1.390476e-03
8.287839e+03	1.385333e-03
8.297706e+03	1.380178e-03
8.307572e+03	1.375011e-03
8.317439e+03	1.369833e-03
8.327305e+03	1.364645e-03
8.337172e+03	1.359445e-03
8.347038e+03	1.354235e-03
8.356905e+03	1.349015e-03
8.366771e+03	1.343785e-03
8.376638e+03	1.338545e-03
8.386504e+03	1.333296e-03
8.396371e+03	1.328037e-03
8.406237e+03	1.322770e-03
8.416104e+03	1.317495e-03
8.425970e+03	1.312211e-03
8.435837e+03	1.306919e-03
8.445703e+03	1.301620e-03
8.455570e+03	1.296312e-03
8.465436e+03	1.290998e-03
8.475303e+03	1.285677e-03
8.485169e+03	1.280349e-03
8.495035e+03	1.275015e-03
8.504902e+03	1.269674e-03
8.514768e+03	1.264328e-03
8.524635e+03	1.258976e-03
8.534501e+03	1.253618e-03
8.544368e+03	1.248256e-03
8.554234e+03	1.242889e-03
8.564101e+03	1.237517e-03
8.573967e+03	1.232141e-03
8.583834e+03	1.226761e-03
8.593700e+03	1.221376e-03
8.603567e+03	1.215989e-03
8.613433e+03	1.210598e-03
8.623300e+03	1.205204e-03
8.633166e+03	1.199808e-03
8.643033e+03	1.194408e-03
8.652899e+03	1.189007e-03
8.662766e+03	1.183603e-03
8.672632e+03	1.178198e-03
8.682499e+03	1.172791e-03
8.692365e+03	1.167383e-03
8.702231e+03	1.161974e-03
8.712098e+03	1.156564e-03
8.721964e+03	1.151154e-03
8.731831e+03	1.145743e-03
8.741697e+03	1.140333e-03
8.751564e+03	1.134922e-03
8.761430e+03	1.129512e-03
8.771297e+03	1.124103e-03
8.781163e+03	1.118694e-03
8.791030e+03	1.113287e-03
8.800896e+03	1.107881e-03
8.810763e+03	1.102476e-03
8.820629e+03	1.097074e-03
8.830496e+03	1.091673e-03
8.840362e+03	1.086275e-03
8.850229e+03	1.080880e-03
8.860095e+03	1.075487e-03
8.869962e+03	1.070097e-03
8.879828e+03	1.064710e-03
8.889695e+03	1.059327e-03
8.899561e+03	1.053948e-03
8.909427e+03	1.048572e-03
8.919294e+03	1.043201e-03
8.929160e+03	1.037833e-03
8.939027e+03	1.032471e-03
8.948893e+03	1.027113e-03
8.958760e+03	1.021760e-03
8.968626e+03	1.016412e-03
8.978493e+03	1.011070e-03
8.988359e+03	1.005733e-03
8.998226e+03	1.000402e-03
9.008092e+03	9.950774e-04
9.017959e+03	9.897587e-04
9.027825e+03	9.844465e-04
9.037692e+03	9.791409e-04
9.047558e+03	9.738421e-04
9.057425e+03	9.685504e-04
9.067291e+03	9.632659e-04
9.077158e+03	9.579888e-04
9.087024e+03	9.527194e-04
9.096890e+03	9.474577e-04
9.106757e+03	9.422041e-04
9.116623e+03	9.369587e-04
9.126490e+03	9.317216e-04
9.136356e+03	9.264931e-04
9.146223e+03	9.212734e-04
9.156089e+03	9.160626e-04
9.165956e+03	9.108609e-04
9.175822e+03	9.056685e-04
9.185689e+03	9.004856e-04
9.195555e+03	8.953124e-04
9.205422e+03	8.901490e-04
9.215288e+03	8.849956e-04
9.225155e+03	8.798523e-04
9.235021e+03	8.747194e-04
9.244888e+03	8.695970e-04
9.254754e+03	8.644853e-04
9.264621e+03	8.593845e-04
9.274487e+03	8.542946e-04
9.284354e+03	8.492159e-04
9.294220e+03	8.441486e-04
9.304086e+03	8.390927e-04
9.313953e+03	8.340485e-04
9.323819e+03	8.290161e-04
9.333686e+03	8.239956e-04
9.343552e+03	8.189873e-04
9.353419e+03	8.139911e-04
9.363285e+03	8.090074e-04
9.373152e+03	8.040363e-04
9.383018e+03	7.990778e-04
9.392885e+03	7.941321e-04
9.402751e+03	7.891995e-04
9.412618e+03	7.842799e-04
9.422484e+03	7.793736e-04
9.432351e+03	7.744807e-04
9.442217e+03	7.696013e-04
9.452084e+03	7.647356e-04
9.461950e+03	7.598836e-04
9.471817e+03	7.550456e-04
9.481683e+03	7.502216e-04
9.491550e+03	7.454117e-04
9.501416e+03	7.406162e-04
9.511282e+03	7.358350e-04
9.521149e+03	7.310684e-04
9.531015e+03	7.263164e-04
9.540882e+03	7.215792e-04
9.550748e+03	7.168569e-04
9.560615e+03	7.121496e-04
9.570481e+03	7.074573e-04
9.580348e+03	7.027803e-04
9.590214e+03	6.981186e-04
9.600081e+03	6.934723e-04
9.609947e+03	6.888416e-04
9.619814e+03	6.842265e-04
9.629680e+03	6.796271e-04
9.639547e+03	6.750436e-04
9.649413e+03	6.704760e-04
9.659280e+03	6.659244e-04
9.669146e+03	6.613889e-04
9.679013e+03	6.568697e-04
9.688879e+03	6.523667e-04
9.698746e+03	6.478802e-04
9.708612e+03	6.434101e-04
9.718478e+03	6.389566e-04
9.728345e+03	6.345197e-04
9.738211e+03	6.300995e-04
9.748078e+03	6.256962e-04
9.757944e+03	6.213098e-04
9.767811e+03	6.169403e-04
9.777677e+03	6.125879e-04
9.787544e+03	6.082525e-04
9.797410e+03	6.039344e-04
9.807277e+03	5.996335e-04
9.817143e+03	5.953500e-04
9.827010e+03	5.910838e-04
9.836876e+03	5.868351e-04
9.846743e+03	5.826039e-04
9.856609e+03	5.783903e-04
9.866476e+03	5.741944e-04
9.876342e+03	5.700161e-04
9.886209e+03	5.658556e-04
9.896075e+03	5.617129e-04
9.905941e+03	5.575881e-04
9.915808e+03	5.534812e-04
9.925674e+03	5.493923e-04
9.935541e+03	5.453214e-04
9.945407e+03	5.412686e-04
9.955274e+03	5.372339e-04
9.965140e+03	5.332174e-04
9.975007e+03	5.292190e-04
9.984873e+03	5.252389e-04
9.994740e+03	5.212771e-04
1.000461e+04	5.173336e-04
1.001447e+04	5.134085e-04
1.002434e+04	5.095018e-04
1.003421e+04	5.056135e-04
1.004407e+04	5.017436e-04
1.005394e+04	4.978923e-04
1.006381e+04	4.940594e-04
1.007367e+04	4.902452e-04
1.008354e+04	4.864495e-04
1.009340e+04	4.826724e-04
1.010327e+04	4.789139e-04
1.011314e+04	4.751741e-04
1.012300e+04	4.714529e-04
1.013287e+04	4.677505e-04
1.014274e+04	4.640667e-04
1.015260e+04	4.604017e-04
1.016247e+04	4.567554e-04
1.017234e+04	4.531279e-04
1.018220e+04	4.495191e-04
1.019207e+04	4.459291e-04
1.020194e+04	4.423579e-04
1.021180e+04	4.388055e-04
1.022167e+04	4.352718e-04
1.023154e+04	4.317570e-04
1.024140e+04	4.282610e-04
1.025127e+04	4.247839e-04
1.026113e+04	4.213255e-04
1.027100e+04	4.178860e-04
1.028087e+04	4.144652e-04
1.029073e+04	4.110633e-04
1.030060e+04	4.076802e-04
1.031047e+04	4.043159e-04
1.032033e+04	4.009705e-04
1.033020e+04	3.976438e-04
1.034007e+04	3.943359e-04
1.034993e+04	3.910467e-04
1.035980e+04	3.877764e-04
1.036967e+04	3.845248e-04
1.037953e+04	3.812920e-04
1.038940e+04	3.780778e-04
1.039927e+04	3.748824e-04
1.040913e+04	3.717057e-04
1.041900e+04	3.685477e-04
1.042886e+04	3.654084e-04
1.043873e+04	3.622877e-04
1.044860e+04	3.591856e-04
1.045846e+04	3.561021e-04
1.046833e+04	3.530372e-04
1.047820e+04	3.499909e-04
1.048806e+04	3.469631e-04
1.049793e+04	3.439538e-04
1.050780e+04	3.409630e-04
1.051766e+04	3.379906e-04
1.052753e+04	3.350367e-04
1.053740e+04	3.321012e-04
1.054726e+04	3.291840e-04
1.055713e+04	3.262851e-04
1.056700e+04	3.234046e-04
1.057686e+04	3.205423e-04
1.058673e+04	3.176983e-04
1.059659e+04	3.148725e-04
1.060646e+04	3.120648e-04
1.061633e+04	3.092752e-04
1.062619e+04	3.065038e-04
1.063606e+04	3.037504e-04
1.064593e+04	3.010149e-04
1.065579e+04	2.982975e-04
1.066566e+04	2.955980e-04
1.067553e+04	2.929164e-04
1.068539e+04	2.902526e-04
1.069526e+04	2.876066e-04
1.070513e+04	2.849783e-04
1.071499e+04	2.823678e-04
1.072486e+04	2.797750e-04
1.073473e+04	2.771997e-04
1.074459e+04	2.746420e-04
1.075446e+04	2.721019e-04
1.076432e+04	2.695792e-04
1.077419e+04	2.670739e-04
1.078406e+04	2.645860e-04
1.079392e+04	2.621154e-04
1.080379e+04	2.596621e-04
1.081366e+04	2.572260e-04
1.082352e+04	2.548070e-04
1.083339e+04	2.524052e-04
1.084326e+04	2.500204e-04
1.085312e+04	2.476526e-04
1.086299e+04	2.453018e-04
1.087286e+04	2.429678e-04
1.088272e+04	2.406507e-04
1.089259e+04	2.383504e-04
1.090246e+04	2.360667e-04
1.091232e+04	2.337997e-04
1.092219e+04	2.315493e-04
1.093205e+04	2.293155e-04
1.094192e+04	2.270981e-04
1.095179e+04	2.248972e-04
1.096165e+04	2.227126e-04
1.097152e+04	2.205442e-04
1.098139e+04	2.183922e-04
1.099125e+04	2.162562e-04
1.100112e+04	2.141364e-04
1.101099e+04	2.120327e-04
1.102085e+04	2.099449e-04
1.103072e+04	2.078730e-04
1.104059e+04	2.058170e-04
1.105045e+04	2.037767e-04
1.106032e+04	2.017522e-04
1.107019e+04	1.997433e-04
1.108005e+04	1.977500e-04
1.108992e+04	1.957722e-04
1.109979e+04	1.938099e-04
1.110965e+04	1.918629e-04
1.111952e+04	1.899313e-04
1.112938e+04	1.880149e-04
1.113925e+04	1.861137e-04
1.114912e+04	1.842276e-04
1.115898e+04	1.823565e-04
1.116885e+04	1.805004e-04
1.117872e+04	1.786592e-04
1.118858e+04	1.768329e-04
1.119845e+04	1.750213e-04
1.120832e+04	1.732244e-04
1.121818e+04	1.714421e-04
1.122805e+04	1.696743e-04
1.123792e+04	1.679210e-04
1.124778e+04	1.661822e-04
1.125765e+04	1.644576e-04
1.126752e+04	1.627473e-04
1.127738e+04	1.610512e-04
1.128725e+04	1.593693e-04
1.129711e+04	1.577013e-04
1.130698e+04	1.560474e-04
1.131685e+04	1.544073e-04
1.132671e+04	1.527810e-04
1.133658e+04	1.511685e-04
1.134645e+04	1.495697e-04
1.135631e+04	1.479845e-04
1.136618e+04	1.464128e-04
1.137605e+04	1.448546e-04
1.138591e+04	1.433097e-04
1.139578e+04	1.417782e-04
1.140565e+04	1.402599e-04
1.141551e+04	1.387547e-04
1.142538e+04	1.372627e-04
1.143525e+04	1.357836e-04
1.144511e+04	1.343175e-04
1.145498e+04	1.328642e-04
1.146484e+04	1.314237e-04
1.147471e+04	1.299960e-04
1.148458e+04	1.285809e-04
1.149444e+04	1.271783e-04
1.150431e+04	1.257882e-04
1.151418e+04	1.244106e-04
1.152404e+04	1.230453e-04
1.153391e+04	1.216922e-04
1.154378e+04	1.203513e-04
1.155364e+04	1.190226e-04
1.156351e+04	1.177059e-04
1.157338e+04	1.164011e-04
1.158324e+04	1.151083e-04
1.159311e+04	1.138272e-04
1.160298e+04	1.125579e-04
1.161284e+04	1.113003e-04
1.162271e+04	1.100543e-04
1.163257e+04	1.088198e-04
1.164244e+04	1.075967e-04
1.165231e+04	1.063850e-04
1.166217e+04	1.051846e-04
1.167204e+04	1.039954e-04
1.168191e+04	1.028173e-04
1.169177e+04	1.016504e-04
1.170164e+04	1.004944e-04
1.171151e+04	9.934936e-05
1.172137e+04	9.821517e-05
1.173124e+04	9.709176e-05
1.174111e+04	9.597905e-05
1.175097e+04	9.487697e-05
1.176084e+04	9.378546e-05
1.177071e+04	9.270443e-05
1.178057e+04	9.163381e-05
1.179044e+04	9.057353e-05
1.180030e+04	8.952352e-05
1.181017e+04	8.848371e-05
1.182004e+04	8.745402e-05
1.182990e+04	8.643438e-05
1.183977e+04	8.542472e-05
1.184964e+04	8.442496e-05
1.185950e+04	8.343505e-05
1.186937e+04	8.245490e-05
1.187924e+04	8.148444e-05
1.188910e+04	8.052360e-05
1.189897e+04	7.957232e-05
1.190884e+04	7.863051e-05
1.191870e+04	7.769812e-05
1.192857e+04	7.677507e-05
1.193844e+04	7.586129e-05
1.194830e+04	7.495671e-05
1.195817e+04	7.406126e-05
1.196803e+04	7.317488e-05
1.197790e+04	7.229748e-05
1.198777e+04	7.142901e-05
1.199763e+04	7.056940e-05
1.200750e+04	6.971857e-05
1.201737e+04	6.887646e-05
1.202723e+04	6.804301e-05
1.203710e+04	6.721814e-05
1.204697e+04	6.640178e-05
1.205683e+04	6.559387e-05
1.206670e+04	6.479434e-05
1.207657e+04	6.400313e-05
1.208643e+04	6.322017e-05
1.209630e+04	6.244539e-05
1.210617e+04	6.167873e-05
1.211603e+04	6.092012e-05
1.212590e+04	6.016949e-05
1.213576e+04	5.942679e-05
1.214563e+04	5.869194e-05
1.215550e+04	5.796488e-05
1.216536e+04	5.724555e-05
1.217523e+04	5.653389e-05
1.218510e+04	5.582982e-05
1.219496e+04	5.513329e-05
1.220483e+04	5.444424e-05
1.221470e+04	5.376259e-05
1.222456e+04	5.308829e-05
1.223443e+04	5.242128e-05
1.224430e+04	5.176149e-05
1.225416e+04	5.110887e-05
1.226403e+04	5.046334e-05
1.227390e+04	4.982486e-05
1.228376e+04	4.919335e-05
1.229363e+04	4.856876e-05
1.230350e+04	4.795103e-05
1.231336e+04	4.734010e-05
1.232323e+04	4.673591e-05
1.233309e+04	4.613840e-05
1.234296e+04	4.554751e-05
1.235283e+04	4.496319e-05
1.236269e+04	4.438537e-05
1.237256e+04	4.381399e-05
1.238243e+04	4.324901e-05
1.239229e+04	4.269035e-05
1.240216e+04	4.213797e-05
1.241203e+04	4.159181e-05
1.242189e+04	4.105181e-05
1.243176e+04	4.051791e-05
1.244163e+04	3.999007e-05
1.245149e+04	3.946822e-05
1.246136e+04	3.895231e-05
1.247123e+04	3.844228e-05
1.248109e+04	3.793808e-05
1.249096e+04	3.743967e-05
1.250082e+04	3.694697e-05
1.251069e+04	3.645994e-05
1.252056e+04	3.597853e-05
1.253042e+04	3.550268e-05
1.254029e+04	3.503234e-05
1.255016e+04	3.456746e-05
1.256002e+04	3.410799e-05
1.256989e+04	3.365387e-05
1.257976e+04	3.320506e-05
1.258962e+04	3.276150e-05
1.259949e+04	3.232314e-05
1.260936e+04	3.188994e-05
1.261922e+04	3.146184e-05
1.262909e+04	3.103879e-05
1.263896e+04	3.062075e-05
1.264882e+04	3.020766e-05
1.265869e+04	2.979948e-05
1.266855e+04	2.939615e-05
1.267842e+04	2.899764e-05
1.268829e+04	2.860389e-05
1.269815e+04	2.821486e-05
1.270802e+04	2.783050e-05
1.271789e+04	2.745076e-05
1.272775e+04	2.707559e-05
1.273762e+04	2.670496e-05
1.274749e+04	2.633881e-05
1.275735e+04	2.597710e-05
1.276722e+04	2.561979e-05
1.277709e+04	2.526682e-05
1.278695e+04	2.491817e-05
1.279682e+04	2.457377e-05
1.280669e+04	2.423359e-05
1.281655e+04	2.389759e-05
1.282642e+04	2.356572e-05
1.283628e+04	2.323794e-05
1.284615e+04	2.291421e-05
1.285602e+04	2.259448e-05
1.286588e+04	2.227871e-05
1.287575e+04	2.196687e-05
1.288562e+04	2.165891e-05
1.289548e+04	2.135479e-05
1.290535e+04	2.105447e-05
1.291522e+04	2.075790e-05
1.292508e+04	2.046506e-05
1.293495e+04	2.017590e-05
1.294482e+04	1.989038e-05
1.295468e+04	1.960846e-05
1.296455e+04	1.933011e-05
1.297442e+04	1.905528e-05
1.298428e+04	1.878394e-05
1.299415e+04	1.851605e-05
1.300401e+04	1.825157e-05
1.301388e+04	1.799047e-05
1.302375e+04	1.773270e-05
1.303361e+04	1.747824e-05
1.304348e+04	1.722705e-05
1.305335e+04	1.697909e-05
1.306321e+04	1.673432e-05
1.307308e+04	1.649271e-05
1.308295e+04	1.625423e-05
1.309281e+04	1.601883e-05
1.310268e+04	1.578650e-05
1.311255e+04	1.555718e-05
1.312241e+04	1.533086e-05
1.313228e+04	1.510749e-05
1.314215e+04	1.488704e-05
1.315201e+04	1.466948e-05
1.316188e+04	1.445477e-05
1.317174e+04	1.424289e-05
1.318161e+04	1.403381e-05
1.319148e+04	1.382748e-05
1.320134e+04	1.362388e-05
1.321121e+04	1.342298e-05
1.322108e+04	1.322475e-05
1.323094e+04	1.302915e-05
1.324081e+04	1.283616e-05
1.325068e+04	1.264575e-05
1.326054e+04	1.245788e-05
1.327041e+04	1.227253e-05
1.328028e+04	1.208966e-05
1.329014e+04	1.190926e-05
1.330001e+04	1.173128e-05
1.330988e+04	1.155571e-05
1.331974e+04	1.138251e-05
1.332961e+04	1.121165e-05
1.333948e+04	1.104312e-05
1.334934e+04	1.087687e-05
1.335921e+04	1.071289e-05
1.336907e+04	1.055114e-05
1.337894e+04	1.039160e-05
1.338881e+04	1.023425e-05
1.339867e+04	1.007905e-05
1.340854e+04	9.925990e-06
1.341841e+04	9.775032e-06
1.342827e+04	9.626155e-06
1.343814e+04	9.479333e-06
1.344801e+04	9.334542e-06
1.345787e+04	9.191757e-06
1.346774e+04	9.050954e-06
1.347761e+04	8.912109e-06
1.348747e+04	8.775197e-06
1.349734e+04	8.640196e-06
1.350721e+04	8.507082e-06
1.351707e+04	8.375831e-06
1.352694e+04	8.246421e-06
1.353680e+04	8.118829e-06
1.354667e+04	7.993033e-06
1.355654e+04	7.869010e-06
1.356640e+04	7.746738e-06
1.357627e+04	7.626196e-06
1.358614e+04	7.507361e-06
1.359600e+04	7.390213e-06
1.360587e+04	7.274731e-06
1.361574e+04	7.160893e-06
1.362560e+04	7.048679e-06
1.363547e+04	6.938069e-06
1.364534e+04	6.829042e-06
1.365520e+04	6.721577e-06
1.366507e+04	6.615656e-06
1.367494e+04	6.511259e-06
1.368480e+04	6.408366e-06
1.369467e+04	6.306958e-06
1.370453e+04	6.207016e-06
1.371440e+04	6.108521e-06
1.372427e+04	6.011455e-06
1.373413e+04	5.915799e-06
1.374400e+04	5.821535e-06
1.375387e+04	5.728645e-06
1.376373e+04	5.637111e-06
1.377360e+04	5.546916e-06
1.378347e+04	5.458042e-06
1.379333e+04	5.370472e-06
1.380320e+04	5.284189e-06
1.381307e+04	5.199176e-06
1.382293e+04	5.115416e-06
1.383280e+04	5.032893e-06
1.384267e+04	4.951591e-06
1.385253e+04	4.871494e-06
1.386240e+04	4.792585e-06
1.387226e+04	4.714848e-06
1.388213e+04	4.638269e-06
1.389200e+04	4.562832e-06
1.390186e+04	4.488522e-06
1.391173e+04	4.415323e-06
1.392160e+04	4.343221e-06
1.393146e+04	4.272200e-06
1.394133e+04	4.202248e-06
1.395120e+04	4.133348e-06
1.396106e+04	4.065487e-06
1.397093e+04	3.998651e-06
1.398080e+04	3.932825e-06
1.399066e+04	3.867997e-06
1.400053e+04	3.804153e-06
1.401040e+04	3.741278e-06
1.402026e+04	3.679361e-06
1.403013e+04	3.618388e-06
1.403999e+04	3.558345e-06
1.404986e+04	3.499221e-06
1.405973e+04	3.441002e-06
1.406959e+04	3.383676e-06
1.407946e+04	3.327231e-06
1.408933e+04	3.271654e-06
1.409919e+04	3.216934e-06
1.410906e+04	3.163058e-06
1.411893e+04	3.110015e-06
1.412879e+04	3.057793e-06
1.413866e+04	3.006381e-06
1.414853e+04	2.955767e-06
1.415839e+04	2.905941e-06
1.416826e+04	2.856891e-06
1.417813e+04	2.808605e-06
1.418799e+04	2.761074e-06
1.419786e+04	2.714287e-06
1.420772e+04	2.668233e-06
1.421759e+04	2.622902e-06
1.422746e+04	2.578284e-06
1.423732e+04	2.534368e-06
1.424719e+04	2.491144e-06
1.425706e+04	2.448602e-06
1.426692e+04	2.406734e-06
1.427679e+04	2.365528e-06
1.428666e+04	2.324976e-06
1.429652e+04	2.285068e-06
1.430639e+04	2.245795e-06
1.431626e+04	2.207147e-06
1.432612e+04	2.169116e-06
1.433599e+04	2.131693e-06
1.434586e+04	2.094869e-06
1.435572e+04	2.058635e-06
1.436559e+04	2.022982e-06
1.437545e+04	1.987902e-06
1.438532e+04	1.953387e-06
1.439519e+04	1.919429e-06
1.440505e+04	1.886018e-06
1.441492e+04	1.853148e-06
1.442479e+04	1.820810e-06
1.443465e+04	1.788996e-06
1.444452e+04	1.757699e-06
1.445439e+04	1.726911e-06
1.446425e+04	1.696624e-06
1.447412e+04	1.666831e-06
1.448399e+04	1.637525e-06
1.449385e+04	1.608698e-06
1.450372e+04	1.580343e-06
1.451359e+04	1.552453e-06
1.452345e+04	1.525021e-06
1.453332e+04	1.498041e-06
1.454319e+04	1.471505e-06
1.455305e+04	1.445407e-06
1.456292e+04	1.419740e-06
1.457278e+04	1.394497e-06
1.458265e+04	1.369673e-06
1.459252e+04	1.345261e-06
1.460238e+04	1.321254e-06
1.461225e+04	1.297646e-06
1.462212e+04	1.274432e-06
1.463198e+04	1.251606e-06
1.464185e+04	1.229160e-06
1.465172e+04	1.207090e-06
1.466158e+04	1.185390e-06
1.467145e+04	1.164054e-06
1.468132e+04	1.143077e-06
1.469118e+04	1.122452e-06
1.470105e+04	1.102175e-06
1.471092e+04	1.082241e-06
1.472078e+04	1.062643e-06
1.473065e+04	1.043376e-06
1.474051e+04	1.024436e-06
1.475038e+04	1.005817e-06
1.476025e+04	9.875148e-07
1.477011e+04	9.695238e-07
1.477998e+04	9.518393e-07
1.478985e+04	9.344565e-07
1.479971e+04	9.173706e-07
1.480958e+04	9.005770e-07
1.481945e+04	8.840711e-07
1.482931e+04	8.678483e-07
1.483918e+04	8.519041e-07
1.484905e+04	8.362342e-07
1.485891e+04	8.208342e-07
1.486878e+04	8.056998e-07
1.487865e+04	7.908268e-07
1.488851e+04	7.762109e-07
1.489838e+04	7.618482e-07
1.490824e+04	7.477346e-07
1.491811e+04	7.338659e-07
1.492798e+04	7.202385e-07
1.493784e+04	7.068483e-07
1.494771e+04	6.936915e-07
1.495758e+04	6.807644e-07
1.496744e+04	6.680633e-07
1.497731e+04	6.555845e-07
1.498718e+04	6.433244e-07
1.499704e+04	6.312795e-07
1.500691e+04	6.194462e-07
1.501678e+04	6.078212e-07
1.502664e+04	5.964010e-07
1.503651e+04	5.851824e-07
1.504638e+04	5.741619e-07
1.505624e+04	5.633364e-07
1.506611e+04	5.527026e-07
1.507597e+04	5.422574e-07
1.508584e+04	5.319978e-07
1.509571e+04	5.219206e-07
1.510557e+04	5.120229e-07
1.511544e+04	5.023016e-07
1.512531e+04	4.927539e-07
1.513517e+04	4.833768e-07
1.514504e+04	4.741677e-07
1.515491e+04	4.651235e-07
1.516477e+04	4.562417e-07
1.517464e+04	4.475195e-07
1.518451e+04	4.389542e-07
1.519437e+04	4.305433e-07
1.520424e+04	4.222840e-07
1.521411e+04	4.141740e-07
1.522397e+04	4.062106e-07
1.523384e+04	3.983914e-07
1.524370e+04	3.907141e-07
1.525357e+04	3.831761e-07
1.526344e+04	3.757751e-07
1.527330e+04	3.685089e-07
1.528317e+04	3.613751e-07
1.529304e+04	3.543714e-07
1.530290e+04	3.474958e-07
1.531277e+04	3.407459e-07
1.532264e+04	3.341197e-07
1.533250e+04	3.276150e-07
1.534237e+04	3.212297e-07
1.535224e+04	3.149619e-07
1.536210e+04	3.088095e-07
1.537197e+04	3.027705e-07
1.538184e+04	2.968429e-07
1.539170e+04	2.910249e-07
1.540157e+04	2.853146e-07
1.541143e+04	2.797100e-07
1.542130e+04	2.742094e-07
1.543117e+04	2.688110e-07
1.544103e+04	2.635130e-07
1.545090e+04	2.583136e-07
1.546077e+04	2.532111e-07
1.547063e+04	2.482039e-07
1.548050e+04	2.432903e-07
1.549037e+04	2.384686e-07
1.550023e+04	2.337373e-07
1.551010e+04	2.290947e-07
1.551997e+04	2.245393e-07
1.552983e+04	2.200695e-07
1.553970e+04	2.156839e-07
1.554957e+04	2.113810e-07
1.555943e+04	2.071593e-07
1.556930e+04	2.030174e-07
1.557916e+04	1.989539e-07
1.558903e+04	1.949673e-07
1.559890e+04	1.910564e-07
1.560876e+04	1.872197e-07
1.561863e+04	1.834559e-07
1.562850e+04	1.797638e-07
1.563836e+04	1.761421e-07
1.564823e+04	1.725895e-07
1.565810e+04	1.691048e-07
1.566796e+04	1.656867e-07
1.567783e+04	1.623341e-07
1.568770e+04	1.590457e-07
1.569756e+04	1.558205e-07
1.570743e+04	1.526573e-07
1.571730e+04	1.495550e-07
1.572716e+04	1.465124e-07
1.573703e+04	1.435285e-07
1.574690e+04	1.406023e-07
1.575676e+04	1.377326e-07
1.576663e+04	1.349185e-07
1.577649e+04	1.321589e-07
1.578636e+04	1.294529e-07
1.579623e+04	1.267994e-07
1.580609e+04	1.241976e-07
1.581596e+04	1.216464e-07
1.582583e+04	1.191450e-07
1.583569e+04	1.166924e-07
1.584556e+04	1.142878e-07
1.585543e+04	1.119302e-07
1.586529e+04	1.096187e-07
1.587516e+04	1.073526e-07
1.588503e+04	1.051311e-07
1.589489e+04	1.029531e-07
1.590476e+04	1.008181e-07
1.591463e+04	9.872510e-08
1.592449e+04	9.667341e-08
1.593436e+04	9.466224e-08
1.594422e+04	9.269084e-08
1.595409e+04	9.075846e-08
1.596396e+04	8.886439e-08
1.597382e+04	8.700790e-08
1.598369e+04	8.518829e-08
1.599356e+04	8.340487e-08
1.600342e+04	8.165696e-08
1.601329e+04	7.994390e-08
1.602316e+04	7.826502e-08
1.603302e+04	7.661969e-08
1.604289e+04	7.500728e-08
1.605276e+04	7.342715e-08
1.606262e+04	7.187871e-08
1.607249e+04	7.036135e-08
1.608236e+04	6.887448e-08
1.609222e+04	6.741752e-08
1.610209e+04	6.598991e-08
1.611195e+04	6.459109e-08
1.612182e+04	6.322051e-08
1.613169e+04	6.187762e-08
1.614155e+04	6.056191e-08
1.615142e+04	5.927285e-08
1.616129e+04	5.800993e-08
1.617115e+04	5.677265e-08
1.618102e+04	5.556052e-08
1.619089e+04	5.437306e-08
1.620075e+04	5.320978e-08
1.621062e+04	5.207023e-08
1.622049e+04	5.095394e-08
1.623035e+04	4.986048e-08
1.624022e+04	4.878938e-08
1.625009e+04	4.774023e-08
1.625995e+04	4.671260e-08
1.626982e+04	4.570606e-08
1.627968e+04	4.472022e-08
1.628955e+04	4.375466e-08
1.629942e+04	4.280899e-08
1.630928e+04	4.188282e-08
1.631915e+04	4.097578e-08
1.632902e+04	4.008748e-08
1.633888e+04	3.921757e-08
1.634875e+04	3.836567e-08
1.635862e+04	3.753144e-08
1.636848e+04	3.671453e-08
1.637835e+04	3.591460e-08
1.638822e+04	3.513131e-08
1.639808e+04	3.436434e-08
1.640795e+04	3.361336e-08
1.641782e+04	3.287806e-08
1.642768e+04	3.215812e-08
1.643755e+04	3.145325e-08
1.644741e+04	3.076314e-08
1.645728e+04	3.008749e-08
1.646715e+04	2.942603e-08
1.647701e+04	2.877847e-08
1.648688e+04	2.814453e-08
1.649675e+04	2.752394e-08
1.650661e+04	2.691643e-08
1.651648e+04	2.632175e-08
1.652635e+04	2.573962e-08
1.653621e+04	2.516981e-08
1.654608e+04	2.461206e-08
1.655595e+04	2.406614e-08
1.656581e+04	2.353179e-08
1.657568e+04	2.300880e-08
1.658555e+04	2.249693e-08
1.659541e+04	2.199595e-08
1.660528e+04	2.150565e-08
1.661514e+04	2.102581e-08
1.662501e+04	2.055622e-08
1.663488e+04	2.009666e-08
1.664474e+04	1.964694e-08
1.665461e+04	1.920686e-08
1.666448e+04	1.877621e-08
1.667434e+04	1.835481e-08
1.668421e+04	1.794246e-08
1.669408e+04	1.753899e-08
1.670394e+04	1.714420e-08
1.671381e+04	1.675793e-08
1.672368e+04	1.638000e-08
1.673354e+04	1.601023e-08
1.674341e+04	1.564846e-08
1.675328e+04	1.529452e-08
1.676314e+04	1.494825e-08
1.677301e+04	1.460950e-08
1.678287e+04	1.427810e-08
1.679274e+04	1.395391e-08
1.680261e+04	1.363677e-08
1.681247e+04	1.332655e-08
1.682234e+04	1.302309e-08
1.683221e+04	1.272626e-08
1.684207e+04	1.243591e-08
1.685194e+04	1.215192e-08
1.686181e+04	1.187414e-08
1.687167e+04	1.160246e-08
1.688154e+04	1.133674e-08
1.689141e+04	1.107686e-08
1.690127e+04	1.082270e-08
1.691114e+04	1.057412e-08
1.692101e+04	1.033103e-08
1.693087e+04	1.009330e-08
1.694074e+04	9.860825e-09
1.695061e+04	9.633485e-09
1.696047e+04	9.411176e-09
1.697034e+04	9.193792e-09
1.698020e+04	8.981229e-09
1.699007e+04	8.773384e-09
1.699994e+04	8.570158e-09
1.700980e+04	8.371452e-09
1.701967e+04	8.177170e-09
1.702954e+04	7.987219e-09
1.703940e+04	7.801506e-09
1.704927e+04	7.619941e-09
1.705914e+04	7.442435e-09
1.706900e+04	7.268902e-09
1.707887e+04	7.099256e-09
1.708874e+04	6.933414e-09
1.709860e+04	6.771296e-09
1.710847e+04	6.612820e-09
1.711834e+04	6.457909e-09
1.712820e+04	6.306486e-09
1.713807e+04	6.158476e-09
1.714793e+04	6.013805e-09
1.715780e+04	5.872402e-09
1.716767e+04	5.734195e-09
1.717753e+04	5.599116e-09
1.718740e+04	5.467096e-09
1.719727e+04	5.338071e-09
1.720713e+04	5.211973e-09
1.721700e+04	5.088741e-09
1.722687e+04	4.968312e-09
1.723673e+04	4.850624e-09
1.724660e+04	4.735618e-09
1.725647e+04	4.623236e-09
1.726633e+04	4.513419e-09
1.727620e+04	4.406113e-09
1.728607e+04	4.301262e-09
1.729593e+04	4.198812e-09
1.730580e+04	4.098710e-09
1.731566e+04	4.000906e-09
1.732553e+04	3.905349e-09
1.733540e+04	3.811988e-09
1.734526e+04	3.720776e-09
1.735513e+04	3.631666e-09
1.736500e+04	3.544610e-09
1.737486e+04	3.459564e-09
1.738473e+04	3.376483e-09
1.739460e+04	3.295324e-09
1.740446e+04	3.216043e-09
1.741433e+04	3.138600e-09
1.742420e+04	3.062953e-09
1.743406e+04	2.989063e-09
1.744393e+04	2.916890e-09
1.745380e+04	2.846396e-09
1.746366e+04	2.777543e-09
1.747353e+04	2.710296e-09
1.748339e+04	2.644617e-09
1.749326e+04	2.580473e-09
1.750313e+04	2.517828e-09
1.751299e+04	2.456649e-09
1.752286e+04	2.396903e-09
1.753273e+04	2.338558e-09
1.754259e+04	2.281582e-09
1.755246e+04	2.225944e-09
1.756233e+04	2.171615e-09
1.757219e+04	2.118564e-09
1.758206e+04	2.066763e-09
1.759193e+04	2.016184e-09
1.760179e+04	1.966798e-09
1.761166e+04	1.918579e-09
1.762153e+04	1.871501e-09
1.763139e+04	1.825537e-09
1.764126e+04	1.780662e-09
1.765112e+04	1.736852e-09
1.766099e+04	1.694081e-09
1.767086e+04	1.652327e-09
1.768072e+04	1.611566e-09
1.769059e+04	1.571775e-09
1.770046e+04	1.532933e-09
1.771032e+04	1.495017e-09
1.772019e+04	1.458006e-09
1.773006e+04	1.421880e-09
1.773992e+04	1.386618e-09
1.774979e+04	1.352200e-09
1.775966e+04	1.318607e-09
1.776952e+04	1.285819e-09
1.777939e+04	1.253820e-09
1.778926e+04	1.222589e-09
1.779912e+04	1.192109e-09
1.780899e+04	1.162363e-09
1.781885e+04	1.133334e-09
1.782872e+04	1.105006e-09
1.783859e+04	1.077361e-09
1.784845e+04	1.050385e-09
1.785832e+04	1.024061e-09
1.786819e+04	9.983747e-10
1.787805e+04	9.733109e-10
1.788792e+04	9.488550e-10
1.789779e+04	9.249929e-10
1.790765e+04	9.017108e-10
1.791752e+04	8.789951e-10
1.792739e+04	8.568325e-10
1.793725e+04	8.352100e-10
1.794712e+04	8.141149e-10
1.795699e+04	7.935350e-10
1.796685e+04	7.734580e-10
1.797672e+04	7.538721e-10
1.798659e+04	7.347657e-10
1.799645e+04	7.161276e-10
1.800632e+04	6.979467e-10
1.801618e+04	6.802121e-10
1.802605e+04	6.629134e-10
1.803592e+04	6.460402e-10
1.804578e+04	6.295823e-10
1.805565e+04	6.135300e-10
1.806552e+04	5.978737e-10
1.807538e+04	5.826038e-10
1.808525e+04	5.677113e-10
1.809512e+04	5.531871e-10
1.810498e+04	5.390224e-10
1.811485e+04	5.252086e-10
1.812472e+04	5.117375e-10
1.813458e+04	4.986007e-10
1.814445e+04	4.857903e-10
1.815432e+04	4.732985e-10
1.816418e+04	4.611176e-10
1.817405e+04	4.492401e-10
1.818391e+04	4.376588e-10
1.819378e+04	4.263666e-10
1.820365e+04	4.153564e-10
1.821351e+04	4.046215e-10
1.822338e+04	3.941552e-10
1.823325e+04	3.839511e-10
1.824311e+04	3.740028e-10
1.825298e+04	3.643041e-10
1.826285e+04	3.548490e-10
1.827271e+04	3.456315e-10
1.828258e+04	3.366460e-10
1.829245e+04	3.278867e-10
1.830231e+04	3.193483e-10
1.831218e+04	3.110252e-10
1.832205e+04	3.029122e-10
1.833191e+04	2.950043e-10
1.834178e+04	2.872965e-10
1.835164e+04	2.797837e-10
1.836151e+04	2.724614e-10
1.837138e+04	2.653247e-10
1.838124e+04	2.583692e-10
1.839111e+04	2.515904e-10
1.840098e+04	2.449840e-10
1.841084e+04	2.385458e-10
1.842071e+04	2.322715e-10
1.843058e+04	2.261573e-10
1.844044e+04	2.201990e-10
1.845031e+04	2.143929e-10
1.846018e+04	2.087353e-10
1.847004e+04	2.032224e-10
1.847991e+04	1.978507e-10
1.848978e+04	1.926167e-10
1.849964e+04	1.875170e-10
1.850951e+04	1.825482e-10
1.851937e+04	1.777071e-10
1.852924e+04	1.729905e-10
1.853911e+04	1.683953e-10
1.854897e+04	1.639185e-10
1.855884e+04	1.595572e-10
1.856871e+04	1.553085e-10
1.857857e+04	1.511695e-10
1.858844e+04	1.471375e-10
1.859831e+04	1.432099e-10
1.860817e+04	1.393840e-10
1.861804e+04	1.356572e-10
1.862791e+04	1.320272e-10
1.863777e+04	1.284914e-10
1.864764e+04	1.250476e-10
1.865751e+04	1.216933e-10
1.866737e+04	1.184263e-10
1.867724e+04	1.152445e-10
1.868710e+04	1.121456e-10
1.869697e+04	1.091277e-10
1.870684e+04	1.061885e-10
1.871670e+04	1.033263e-10
1.872657e+04	1.005389e-10
1.873644e+04	9.782456e-11
1.874630e+04	9.518136e-11
1.875617e+04	9.260751e-11
1.876604e+04	9.010125e-11
1.877590e+04	8.766085e-11
1.878577e+04	8.528465e-11
1.879564e+04	8.297101e-11
1.880550e+04	8.071832e-11
1.881537e+04	7.852505e-11
1.882524e+04	7.638966e-11
1.883510e+04	7.431068e-11
1.884497e+04	7.228667e-11
1.885483e+04	7.031621e-11
1.886470e+04	6.839794e-11
1.887457e+04	6.653051e-11
1.888443e+04	6.471262e-11
1.889430e+04	6.294300e-11
1.890417e+04	6.122040e-11
1.891403e+04	5.954361e-11
1.892390e+04	5.791146e-11
1.893377e+04	5.632279e-11
1.894363e+04	5.477647e-11
1.895350e+04	5.327142e-11
1.896337e+04	5.180656e-11
1.897323e+04	5.038086e-11
1.898310e+04	4.899330e-11
1.899297e+04	4.764288e-11
