# # p(y | x = 2.000000e+01)
# # y_val	p(y|x)
0.000000e+00	2.642108e-06
9.866476e+00	2.683598e-06
1.973295e+01	2.725689e-06
2.959943e+01	2.768388e-06
3.946590e+01	2.811704e-06
4.933238e+01	2.855643e-06
5.919885e+01	2.900215e-06
6.906533e+01	2.945428e-06
7.893180e+01	2.991289e-06
8.879828e+01	3.037807e-06
9.866476e+01	3.084991e-06
1.085312e+02	3.132848e-06
1.183977e+02	3.181389e-06
1.282642e+02	3.230621e-06
1.381307e+02	3.280554e-06
1.479971e+02	3.331196e-06
1.578636e+02	3.382556e-06
1.677301e+02	3.434644e-06
1.775966e+02	3.487468e-06
1.874630e+02	3.541039e-06
1.973295e+02	3.595365e-06
2.071960e+02	3.650456e-06
2.170625e+02	3.706321e-06
2.269289e+02	3.762971e-06
2.367954e+02	3.820416e-06
2.466619e+02	3.878664e-06
2.565284e+02	3.937727e-06
2.663948e+02	3.997614e-06
2.762613e+02	4.058336e-06
2.861278e+02	4.119903e-06
2.959943e+02	4.182326e-06
3.058607e+02	4.245614e-06
3.157272e+02	4.309780e-06
3.255937e+02	4.374834e-06
3.354602e+02	4.440786e-06
3.453266e+02	4.507648e-06
3.551931e+02	4.575431e-06
3.650596e+02	4.644146e-06
3.749261e+02	4.713804e-06
3.847925e+02	4.784418e-06
3.946590e+02	4.855999e-06
4.045255e+02	4.928558e-06
4.143920e+02	5.002107e-06
4.242585e+02	5.076659e-06
4.341249e+02	5.152226e-06
4.439914e+02	5.228819e-06
4.538579e+02	5.306451e-06
4.637244e+02	5.385135e-06
4.735908e+02	5.464884e-06
4.834573e+02	5.545709e-06
4.933238e+02	5.627624e-06
5.031903e+02	5.710642e-06
5.130567e+02	5.794777e-06
5.229232e+02	5.880040e-06
5.327897e+02	5.966446e-06
5.426562e+02	6.054009e-06
5.525226e+02	6.142741e-06
5.623891e+02	6.232657e-06
5.722556e+02	6.323771e-06
5.821221e+02	6.416096e-06
5.919885e+02	6.509647e-06
6.018550e+02	6.604438e-06
6.117215e+02	6.700484e-06
6.215880e+02	6.797800e-06
6.314544e+02	6.896399e-06
6.413209e+02	6.996298e-06
6.511874e+02	7.097510e-06
6.610539e+02	7.200052e-06
6.709203e+02	7.303938e-06
6.807868e+02	7.409185e-06
6.906533e+02	7.515807e-06
7.005198e+02	7.623820e-06
7.103862e+02	7.733241e-06
7.202527e+02	7.844085e-06
7.301192e+02	7.956368e-06
7.399857e+02	8.070108e-06
7.498521e+02	8.185320e-06
7.597186e+02	8.302022e-06
7.695851e+02	8.420229e-06
7.794516e+02	8.539959e-06
7.893180e+02	8.661230e-06
7.991845e+02	8.784058e-06
8.090510e+02	8.908460e-06
8.189175e+02	9.034455e-06
8.287839e+02	9.162061e-06
8.386504e+02	9.291294e-06
8.485169e+02	9.422174e-06
8.583834e+02	9.554718e-06
8.682499e+02	9.688945e-06
8.781163e+02	9.824874e-06
8.879828e+02	9.962523e-06
8.978493e+02	1.010191e-05
9.077158e+02	1.024306e-05
9.175822e+02	1.038598e-05
9.274487e+02	1.053070e-05
9.373152e+02	1.067724e-05
9.471817e+02	1.082561e-05
9.570481e+02	1.097584e-05
9.669146e+02	1.112794e-05
9.767811e+02	1.128195e-05
9.866476e+02	1.143786e-05
9.965140e+02	1.159572e-05
1.006381e+03	1.175553e-05
1.016247e+03	1.191733e-05
1.026113e+03	1.208112e-05
1.035980e+03	1.224693e-05
1.045846e+03	1.241479e-05
1.055713e+03	1.258471e-05
1.065579e+03	1.275672e-05
1.075446e+03	1.293084e-05
1.085312e+03	1.310709e-05
1.095179e+03	1.328549e-05
1.105045e+03	1.346607e-05
1.114912e+03	1.364885e-05
1.124778e+03	1.383384e-05
1.134645e+03	1.402109e-05
1.144511e+03	1.421060e-05
1.154378e+03	1.440240e-05
1.164244e+03	1.459652e-05
1.174111e+03	1.479297e-05
1.183977e+03	1.499179e-05
1.193844e+03	1.519300e-05
1.203710e+03	1.539662e-05
1.213576e+03	1.560267e-05
1.223443e+03	1.581119e-05
1.233309e+03	1.602219e-05
1.243176e+03	1.623570e-05
1.253042e+03	1.645175e-05
1.262909e+03	1.667036e-05
1.272775e+03	1.689156e-05
1.282642e+03	1.711538e-05
1.292508e+03	1.734184e-05
1.302375e+03	1.757096e-05
1.312241e+03	1.780277e-05
1.322108e+03	1.803731e-05
1.331974e+03	1.827459e-05
1.341841e+03	1.851465e-05
1.351707e+03	1.875751e-05
1.361574e+03	1.900320e-05
1.371440e+03	1.925175e-05
1.381307e+03	1.950318e-05
1.391173e+03	1.975752e-05
1.401040e+03	2.001481e-05
1.410906e+03	2.027506e-05
1.420772e+03	2.053832e-05
1.430639e+03	2.080460e-05
1.440505e+03	2.107395e-05
1.450372e+03	2.134637e-05
1.460238e+03	2.162192e-05
1.470105e+03	2.190061e-05
1.479971e+03	2.218248e-05
1.489838e+03	2.246755e-05
1.499704e+03	2.275586e-05
1.509571e+03	2.304744e-05
1.519437e+03	2.334231e-05
1.529304e+03	2.364052e-05
1.539170e+03	2.394209e-05
1.549037e+03	2.424705e-05
1.558903e+03	2.455543e-05
1.568770e+03	2.486727e-05
1.578636e+03	2.518259e-05
1.588503e+03	2.550144e-05
1.598369e+03	2.582384e-05
1.608236e+03	2.614983e-05
1.618102e+03	2.647943e-05
1.627968e+03	2.681269e-05
1.637835e+03	2.714963e-05
1.647701e+03	2.749029e-05
1.657568e+03	2.783470e-05
1.667434e+03	2.818290e-05
1.677301e+03	2.853492e-05
1.687167e+03	2.889080e-05
1.697034e+03	2.925057e-05
1.706900e+03	2.961426e-05
1.716767e+03	2.998191e-05
1.726633e+03	3.035355e-05
1.736500e+03	3.072923e-05
1.746366e+03	3.110897e-05
1.756233e+03	3.149282e-05
1.766099e+03	3.188080e-05
1.775966e+03	3.227296e-05
1.785832e+03	3.266933e-05
1.795699e+03	3.306995e-05
1.805565e+03	3.347485e-05
1.815432e+03	3.388408e-05
1.825298e+03	3.429766e-05
1.835164e+03	3.471564e-05
1.845031e+03	3.513806e-05
1.854897e+03	3.556495e-05
1.864764e+03	3.599636e-05
1.874630e+03	3.643231e-05
1.884497e+03	3.687285e-05
1.894363e+03	3.731802e-05
1.904230e+03	3.776785e-05
1.914096e+03	3.822239e-05
1.923963e+03	3.868168e-05
1.933829e+03	3.914575e-05
1.943696e+03	3.961464e-05
1.953562e+03	4.008841e-05
1.963429e+03	4.056707e-05
1.973295e+03	4.105068e-05
1.983162e+03	4.153928e-05
1.993028e+03	4.203291e-05
2.002895e+03	4.253160e-05
2.012761e+03	4.303540e-05
2.022627e+03	4.354436e-05
2.032494e+03	4.405851e-05
2.042360e+03	4.457789e-05
2.052227e+03	4.510255e-05
2.062093e+03	4.563253e-05
2.071960e+03	4.616788e-05
2.081826e+03	4.670862e-05
2.091693e+03	4.725482e-05
2.101559e+03	4.780650e-05
2.111426e+03	4.836372e-05
2.121292e+03	4.892652e-05
2.131159e+03	4.949494e-05
2.141025e+03	5.006902e-05
2.150892e+03	5.064881e-05
2.160758e+03	5.123436e-05
2.170625e+03	5.182570e-05
2.180491e+03	5.242289e-05
2.190358e+03	5.302596e-05
2.200224e+03	5.363497e-05
2.210091e+03	5.424995e-05
2.219957e+03	5.487096e-05
2.229823e+03	5.549803e-05
2.239690e+03	5.613122e-05
2.249556e+03	5.677057e-05
2.259423e+03	5.741612e-05
2.269289e+03	5.806793e-05
2.279156e+03	5.872603e-05
2.289022e+03	5.939048e-05
2.298889e+03	6.006133e-05
2.308755e+03	6.073861e-05
2.318622e+03	6.142237e-05
2.328488e+03	6.211267e-05
2.338355e+03	6.280955e-05
2.348221e+03	6.351306e-05
2.358088e+03	6.422324e-05
2.367954e+03	6.494015e-05
2.377821e+03	6.566383e-05
2.387687e+03	6.639433e-05
2.397554e+03	6.713169e-05
2.407420e+03	6.787598e-05
2.417287e+03	6.862722e-05
2.427153e+03	6.938549e-05
2.437019e+03	7.015081e-05
2.446886e+03	7.092325e-05
2.456752e+03	7.170285e-05
2.466619e+03	7.248966e-05
2.476485e+03	7.328372e-05
2.486352e+03	7.408510e-05
2.496218e+03	7.489384e-05
2.506085e+03	7.570999e-05
2.515951e+03	7.653359e-05
2.525818e+03	7.736471e-05
2.535684e+03	7.820338e-05
2.545551e+03	7.904966e-05
2.555417e+03	7.990361e-05
2.565284e+03	8.076526e-05
2.575150e+03	8.163468e-05
2.585017e+03	8.251190e-05
2.594883e+03	8.339700e-05
2.604750e+03	8.429000e-05
2.614616e+03	8.519097e-05
2.624483e+03	8.609996e-05
2.634349e+03	8.701701e-05
2.644215e+03	8.794218e-05
2.654082e+03	8.887552e-05
2.663948e+03	8.981709e-05
2.673815e+03	9.076693e-05
2.683681e+03	9.172509e-05
2.693548e+03	9.269163e-05
2.703414e+03	9.366660e-05
2.713281e+03	9.465005e-05
2.723147e+03	9.564203e-05
2.733014e+03	9.664260e-05
2.742880e+03	9.765180e-05
2.752747e+03	9.866969e-05
2.762613e+03	9.969633e-05
2.772480e+03	1.007318e-04
2.782346e+03	1.017760e-04
2.792213e+03	1.028292e-04
2.802079e+03	1.038913e-04
2.811946e+03	1.049624e-04
2.821812e+03	1.060426e-04
2.831678e+03	1.071319e-04
2.841545e+03	1.082304e-04
2.851411e+03	1.093380e-04
2.861278e+03	1.104549e-04
2.871144e+03	1.115812e-04
2.881011e+03	1.127168e-04
2.890877e+03	1.138618e-04
2.900744e+03	1.150164e-04
2.910610e+03	1.161804e-04
2.920477e+03	1.173540e-04
2.930343e+03	1.185373e-04
2.940210e+03	1.197302e-04
2.950076e+03	1.209329e-04
2.959943e+03	1.221454e-04
2.969809e+03	1.233677e-04
2.979676e+03	1.245999e-04
2.989542e+03	1.258420e-04
2.999409e+03	1.270942e-04
3.009275e+03	1.283564e-04
3.019142e+03	1.296287e-04
3.029008e+03	1.309112e-04
3.038874e+03	1.322039e-04
3.048741e+03	1.335068e-04
3.058607e+03	1.348201e-04
3.068474e+03	1.361437e-04
3.078340e+03	1.374777e-04
3.088207e+03	1.388223e-04
3.098073e+03	1.401773e-04
3.107940e+03	1.415429e-04
3.117806e+03	1.429191e-04
3.127673e+03	1.443060e-04
3.137539e+03	1.457037e-04
3.147406e+03	1.471121e-04
3.157272e+03	1.485313e-04
3.167139e+03	1.499614e-04
3.177005e+03	1.514025e-04
3.186872e+03	1.528545e-04
3.196738e+03	1.543176e-04
3.206605e+03	1.557917e-04
3.216471e+03	1.572770e-04
3.226338e+03	1.587735e-04
3.236204e+03	1.602812e-04
3.246070e+03	1.618002e-04
3.255937e+03	1.633305e-04
3.265803e+03	1.648722e-04
3.275670e+03	1.664253e-04
3.285536e+03	1.679899e-04
3.295403e+03	1.695661e-04
3.305269e+03	1.711538e-04
3.315136e+03	1.727532e-04
3.325002e+03	1.743642e-04
3.334869e+03	1.759869e-04
3.344735e+03	1.776215e-04
3.354602e+03	1.792678e-04
3.364468e+03	1.809260e-04
3.374335e+03	1.825962e-04
3.384201e+03	1.842782e-04
3.394068e+03	1.859723e-04
3.403934e+03	1.876785e-04
3.413801e+03	1.893968e-04
3.423667e+03	1.911272e-04
3.433534e+03	1.928698e-04
3.443400e+03	1.946246e-04
3.453266e+03	1.963917e-04
3.463133e+03	1.981712e-04
3.472999e+03	1.999630e-04
3.482866e+03	2.017672e-04
3.492732e+03	2.035840e-04
3.502599e+03	2.054132e-04
3.512465e+03	2.072549e-04
3.522332e+03	2.091093e-04
3.532198e+03	2.109763e-04
3.542065e+03	2.128560e-04
3.551931e+03	2.147484e-04
3.561798e+03	2.166535e-04
3.571664e+03	2.185715e-04
3.581531e+03	2.205023e-04
3.591397e+03	2.224460e-04
3.601264e+03	2.244026e-04
3.611130e+03	2.263722e-04
3.620997e+03	2.283548e-04
3.630863e+03	2.303504e-04
3.640729e+03	2.323591e-04
3.650596e+03	2.343810e-04
3.660462e+03	2.364160e-04
3.670329e+03	2.384642e-04
3.680195e+03	2.405256e-04
3.690062e+03	2.426003e-04
3.699928e+03	2.446883e-04
3.709795e+03	2.467897e-04
3.719661e+03	2.489044e-04
3.729528e+03	2.510326e-04
3.739394e+03	2.531742e-04
3.749261e+03	2.553293e-04
3.759127e+03	2.574979e-04
3.768994e+03	2.596801e-04
3.778860e+03	2.618758e-04
3.788727e+03	2.640851e-04
3.798593e+03	2.663082e-04
3.808460e+03	2.685448e-04
3.818326e+03	2.707952e-04
3.828193e+03	2.730594e-04
3.838059e+03	2.753372e-04
3.847925e+03	2.776289e-04
3.857792e+03	2.799345e-04
3.867658e+03	2.822538e-04
3.877525e+03	2.845871e-04
3.887391e+03	2.869343e-04
3.897258e+03	2.892954e-04
3.907124e+03	2.916704e-04
3.916991e+03	2.940595e-04
3.926857e+03	2.964625e-04
3.936724e+03	2.988796e-04
3.946590e+03	3.013108e-04
3.956457e+03	3.037560e-04
3.966323e+03	3.062153e-04
3.976190e+03	3.086888e-04
3.986056e+03	3.111764e-04
3.995923e+03	3.136782e-04
4.005789e+03	3.161941e-04
4.015656e+03	3.187243e-04
4.025522e+03	3.212687e-04
4.035389e+03	3.238273e-04
4.045255e+03	3.264002e-04
4.055121e+03	3.289873e-04
4.064988e+03	3.315888e-04
4.074854e+03	3.342045e-04
4.084721e+03	3.368346e-04
4.094587e+03	3.394790e-04
4.104454e+03	3.421378e-04
4.114320e+03	3.448109e-04
4.124187e+03	3.474984e-04
4.134053e+03	3.502002e-04
4.143920e+03	3.529165e-04
4.153786e+03	3.556471e-04
4.163653e+03	3.583922e-04
4.173519e+03	3.611517e-04
4.183386e+03	3.639256e-04
4.193252e+03	3.667139e-04
4.203119e+03	3.695167e-04
4.212985e+03	3.723339e-04
4.222852e+03	3.751655e-04
4.232718e+03	3.780116e-04
4.242585e+03	3.808722e-04
4.252451e+03	3.837472e-04
4.262317e+03	3.866367e-04
4.272184e+03	3.895406e-04
4.282050e+03	3.924590e-04
4.291917e+03	3.953918e-04
4.301783e+03	3.983390e-04
4.311650e+03	4.013008e-04
4.321516e+03	4.042769e-04
4.331383e+03	4.072675e-04
4.341249e+03	4.102725e-04
4.351116e+03	4.132920e-04
4.360982e+03	4.163258e-04
4.370849e+03	4.193741e-04
4.380715e+03	4.224368e-04
4.390582e+03	4.255139e-04
4.400448e+03	4.286053e-04
4.410315e+03	4.317111e-04
4.420181e+03	4.348313e-04
4.430048e+03	4.379658e-04
4.439914e+03	4.411146e-04
4.449780e+03	4.442777e-04
4.459647e+03	4.474552e-04
4.469513e+03	4.506469e-04
4.479380e+03	4.538528e-04
4.489246e+03	4.570730e-04
4.499113e+03	4.603074e-04
4.508979e+03	4.635561e-04
4.518846e+03	4.668188e-04
4.528712e+03	4.700958e-04
4.538579e+03	4.733869e-04
4.548445e+03	4.766920e-04
4.558312e+03	4.800113e-04
4.568178e+03	4.833446e-04
4.578045e+03	4.866919e-04
4.587911e+03	4.900533e-04
4.597778e+03	4.934285e-04
4.607644e+03	4.968178e-04
4.617511e+03	5.002209e-04
4.627377e+03	5.036379e-04
4.637244e+03	5.070687e-04
4.647110e+03	5.105133e-04
4.656976e+03	5.139717e-04
4.666843e+03	5.174438e-04
4.676709e+03	5.209296e-04
4.686576e+03	5.244291e-04
4.696442e+03	5.279422e-04
4.706309e+03	5.314688e-04
4.716175e+03	5.350090e-04
4.726042e+03	5.385626e-04
4.735908e+03	5.421297e-04
4.745775e+03	5.457102e-04
4.755641e+03	5.493040e-04
4.765508e+03	5.529112e-04
4.775374e+03	5.565316e-04
4.785241e+03	5.601652e-04
4.795107e+03	5.638119e-04
4.804974e+03	5.674718e-04
4.814840e+03	5.711447e-04
4.824707e+03	5.748306e-04
4.834573e+03	5.785294e-04
4.844440e+03	5.822411e-04
4.854306e+03	5.859657e-04
4.864172e+03	5.897030e-04
4.874039e+03	5.934530e-04
4.883905e+03	5.972157e-04
4.893772e+03	6.009910e-04
4.903638e+03	6.047788e-04
4.913505e+03	6.085790e-04
4.923371e+03	6.123917e-04
4.933238e+03	6.162167e-04
4.943104e+03	6.200540e-04
4.952971e+03	6.239034e-04
4.962837e+03	6.277650e-04
4.972704e+03	6.316387e-04
4.982570e+03	6.355243e-04
4.992437e+03	6.394218e-04
5.002303e+03	6.433312e-04
5.012170e+03	6.472524e-04
5.022036e+03	6.511852e-04
5.031903e+03	6.551297e-04
5.041769e+03	6.590857e-04
5.051636e+03	6.630532e-04
5.061502e+03	6.670320e-04
5.071368e+03	6.710222e-04
5.081235e+03	6.750235e-04
5.091101e+03	6.790360e-04
5.100968e+03	6.830595e-04
5.110834e+03	6.870940e-04
5.120701e+03	6.911394e-04
5.130567e+03	6.951955e-04
5.140434e+03	6.992623e-04
5.150300e+03	7.033398e-04
5.160167e+03	7.074277e-04
5.170033e+03	7.115261e-04
5.179900e+03	7.156348e-04
5.189766e+03	7.197537e-04
5.199633e+03	7.238828e-04
5.209499e+03	7.280219e-04
5.219366e+03	7.321710e-04
5.229232e+03	7.363299e-04
5.239099e+03	7.404985e-04
5.248965e+03	7.446768e-04
5.258831e+03	7.488646e-04
5.268698e+03	7.530618e-04
5.278564e+03	7.572684e-04
5.288431e+03	7.614842e-04
5.298297e+03	7.657091e-04
5.308164e+03	7.699430e-04
5.318030e+03	7.741858e-04
5.327897e+03	7.784374e-04
5.337763e+03	7.826977e-04
5.347630e+03	7.869665e-04
5.357496e+03	7.912438e-04
5.367363e+03	7.955294e-04
5.377229e+03	7.998232e-04
5.387096e+03	8.041251e-04
5.396962e+03	8.084351e-04
5.406829e+03	8.127528e-04
5.416695e+03	8.170784e-04
5.426562e+03	8.214115e-04
5.436428e+03	8.257521e-04
5.446295e+03	8.301001e-04
5.456161e+03	8.344554e-04
5.466027e+03	8.388178e-04
5.475894e+03	8.431872e-04
5.485760e+03	8.475634e-04
5.495627e+03	8.519464e-04
5.505493e+03	8.563360e-04
5.515360e+03	8.607321e-04
5.525226e+03	8.651346e-04
5.535093e+03	8.695432e-04
5.544959e+03	8.739580e-04
5.554826e+03	8.783787e-04
5.564692e+03	8.828051e-04
5.574559e+03	8.872373e-04
5.584425e+03	8.916750e-04
5.594292e+03	8.961181e-04
5.604158e+03	9.005665e-04
5.614025e+03	9.050199e-04
5.623891e+03	9.094784e-04
5.633758e+03	9.139416e-04
5.643624e+03	9.184096e-04
5.653491e+03	9.228821e-04
5.663357e+03	9.273590e-04
5.673223e+03	9.318401e-04
5.683090e+03	9.363254e-04
5.692956e+03	9.408146e-04
5.702823e+03	9.453076e-04
5.712689e+03	9.498042e-04
5.722556e+03	9.543043e-04
5.732422e+03	9.588078e-04
5.742289e+03	9.633145e-04
5.752155e+03	9.678242e-04
5.762022e+03	9.723368e-04
5.771888e+03	9.768521e-04
5.781755e+03	9.813700e-04
5.791621e+03	9.858904e-04
5.801488e+03	9.904129e-04
5.811354e+03	9.949376e-04
5.821221e+03	9.994642e-04
5.831087e+03	1.003993e-03
5.840954e+03	1.008522e-03
5.850820e+03	1.013054e-03
5.860687e+03	1.017587e-03
5.870553e+03	1.022120e-03
5.880419e+03	1.026655e-03
5.890286e+03	1.031191e-03
5.900152e+03	1.035727e-03
5.910019e+03	1.040264e-03
5.919885e+03	1.044800e-03
5.929752e+03	1.049338e-03
5.939618e+03	1.053874e-03
5.949485e+03	1.058411e-03
5.959351e+03	1.062948e-03
5.969218e+03	1.067483e-03
5.979084e+03	1.072018e-03
5.988951e+03	1.076553e-03
5.998817e+03	1.081086e-03
6.008684e+03	1.085617e-03
6.018550e+03	1.090148e-03
6.028417e+03	1.094676e-03
6.038283e+03	1.099203e-03
6.048150e+03	1.103728e-03
6.058016e+03	1.108251e-03
6.067882e+03	1.112771e-03
6.077749e+03	1.117289e-03
6.087615e+03	1.121805e-03
6.097482e+03	1.126317e-03
6.107348e+03	1.130826e-03
6.117215e+03	1.135333e-03
6.127081e+03	1.139835e-03
6.136948e+03	1.144334e-03
6.146814e+03	1.148830e-03
6.156681e+03	1.153321e-03
6.166547e+03	1.157808e-03
6.176414e+03	1.162291e-03
6.186280e+03	1.166770e-03
6.196147e+03	1.171243e-03
6.206013e+03	1.175712e-03
6.215880e+03	1.180176e-03
6.225746e+03	1.184634e-03
6.235613e+03	1.189087e-03
6.245479e+03	1.193534e-03
6.255346e+03	1.197976e-03
6.265212e+03	1.202412e-03
6.275078e+03	1.206841e-03
6.284945e+03	1.211264e-03
6.294811e+03	1.215680e-03
6.304678e+03	1.220090e-03
6.314544e+03	1.224492e-03
6.324411e+03	1.228888e-03
6.334277e+03	1.233276e-03
6.344144e+03	1.237656e-03
6.354010e+03	1.242029e-03
6.363877e+03	1.246394e-03
6.373743e+03	1.250751e-03
6.383610e+03	1.255100e-03
6.393476e+03	1.259440e-03
6.403343e+03	1.263771e-03
6.413209e+03	1.268093e-03
6.423076e+03	1.272407e-03
6.432942e+03	1.276711e-03
6.442809e+03	1.281006e-03
6.452675e+03	1.285291e-03
6.462542e+03	1.289566e-03
6.472408e+03	1.293831e-03
6.482274e+03	1.298086e-03
6.492141e+03	1.302330e-03
6.502007e+03	1.306564e-03
6.511874e+03	1.310787e-03
6.521740e+03	1.314999e-03
6.531607e+03	1.319200e-03
6.541473e+03	1.323390e-03
6.551340e+03	1.327568e-03
6.561206e+03	1.331734e-03
6.571073e+03	1.335888e-03
6.580939e+03	1.340030e-03
6.590806e+03	1.344160e-03
6.600672e+03	1.348277e-03
6.610539e+03	1.352381e-03
6.620405e+03	1.356472e-03
6.630272e+03	1.360551e-03
6.640138e+03	1.364616e-03
6.650005e+03	1.368667e-03
6.659871e+03	1.372705e-03
6.669738e+03	1.376729e-03
6.679604e+03	1.380738e-03
6.689470e+03	1.384734e-03
6.699337e+03	1.388715e-03
6.709203e+03	1.392681e-03
6.719070e+03	1.396633e-03
6.728936e+03	1.400569e-03
6.738803e+03	1.404490e-03
6.748669e+03	1.408396e-03
6.758536e+03	1.412286e-03
6.768402e+03	1.416160e-03
6.778269e+03	1.420019e-03
6.788135e+03	1.423861e-03
6.798002e+03	1.427687e-03
6.807868e+03	1.431496e-03
6.817735e+03	1.435288e-03
6.827601e+03	1.439064e-03
6.837468e+03	1.442822e-03
6.847334e+03	1.446564e-03
6.857201e+03	1.450287e-03
6.867067e+03	1.453993e-03
6.876933e+03	1.457681e-03
6.886800e+03	1.461351e-03
6.896666e+03	1.465003e-03
6.906533e+03	1.468637e-03
6.916399e+03	1.472252e-03
6.926266e+03	1.475848e-03
6.936132e+03	1.479425e-03
6.945999e+03	1.482983e-03
6.955865e+03	1.486521e-03
6.965732e+03	1.490041e-03
6.975598e+03	1.493540e-03
6.985465e+03	1.497020e-03
6.995331e+03	1.500480e-03
7.005198e+03	1.503919e-03
7.015064e+03	1.507338e-03
7.024931e+03	1.510737e-03
7.034797e+03	1.514114e-03
7.044664e+03	1.517471e-03
7.054530e+03	1.520807e-03
7.064397e+03	1.524122e-03
7.074263e+03	1.527415e-03
7.084129e+03	1.530687e-03
7.093996e+03	1.533936e-03
7.103862e+03	1.537164e-03
7.113729e+03	1.540370e-03
7.123595e+03	1.543554e-03
7.133462e+03	1.546715e-03
7.143328e+03	1.549854e-03
7.153195e+03	1.552970e-03
7.163061e+03	1.556063e-03
7.172928e+03	1.559132e-03
7.182794e+03	1.562179e-03
7.192661e+03	1.565202e-03
7.202527e+03	1.568202e-03
7.212394e+03	1.571178e-03
7.222260e+03	1.574130e-03
7.232127e+03	1.577058e-03
7.241993e+03	1.579962e-03
7.251860e+03	1.582842e-03
7.261726e+03	1.585697e-03
7.271593e+03	1.588528e-03
7.281459e+03	1.591333e-03
7.291325e+03	1.594114e-03
7.301192e+03	1.596870e-03
7.311058e+03	1.599600e-03
7.320925e+03	1.602305e-03
7.330791e+03	1.604985e-03
7.340658e+03	1.607639e-03
7.350524e+03	1.610267e-03
7.360391e+03	1.612869e-03
7.370257e+03	1.615446e-03
7.380124e+03	1.617995e-03
7.389990e+03	1.620519e-03
7.399857e+03	1.623016e-03
7.409723e+03	1.625486e-03
7.419590e+03	1.627930e-03
7.429456e+03	1.630347e-03
7.439323e+03	1.632737e-03
7.449189e+03	1.635099e-03
7.459056e+03	1.637435e-03
7.468922e+03	1.639743e-03
7.478789e+03	1.642023e-03
7.488655e+03	1.644276e-03
7.498521e+03	1.646501e-03
7.508388e+03	1.648698e-03
7.518254e+03	1.650867e-03
7.528121e+03	1.653008e-03
7.537987e+03	1.655120e-03
7.547854e+03	1.657205e-03
7.557720e+03	1.659261e-03
7.567587e+03	1.661288e-03
7.577453e+03	1.663286e-03
7.587320e+03	1.665256e-03
7.597186e+03	1.667197e-03
7.607053e+03	1.669109e-03
7.616919e+03	1.670991e-03
7.626786e+03	1.672845e-03
7.636652e+03	1.674669e-03
7.646519e+03	1.676463e-03
7.656385e+03	1.678228e-03
7.666252e+03	1.679964e-03
7.676118e+03	1.681669e-03
7.685984e+03	1.683345e-03
7.695851e+03	1.684991e-03
7.705717e+03	1.686607e-03
7.715584e+03	1.688193e-03
7.725450e+03	1.689748e-03
7.735317e+03	1.691274e-03
7.745183e+03	1.692769e-03
7.755050e+03	1.694233e-03
7.764916e+03	1.695667e-03
7.774783e+03	1.697071e-03
7.784649e+03	1.698444e-03
7.794516e+03	1.699786e-03
7.804382e+03	1.701097e-03
7.814249e+03	1.702377e-03
7.824115e+03	1.703626e-03
7.833982e+03	1.704845e-03
7.843848e+03	1.706032e-03
7.853715e+03	1.707188e-03
7.863581e+03	1.708312e-03
7.873448e+03	1.709406e-03
7.883314e+03	1.710468e-03
7.893180e+03	1.711498e-03
7.903047e+03	1.712498e-03
7.912913e+03	1.713465e-03
7.922780e+03	1.714401e-03
7.932646e+03	1.715306e-03
7.942513e+03	1.716178e-03
7.952379e+03	1.717019e-03
7.962246e+03	1.717828e-03
7.972112e+03	1.718605e-03
7.981979e+03	1.719351e-03
7.991845e+03	1.720064e-03
8.001712e+03	1.720746e-03
8.011578e+03	1.721395e-03
8.021445e+03	1.722013e-03
8.031311e+03	1.722598e-03
8.041178e+03	1.723151e-03
8.051044e+03	1.723673e-03
8.060911e+03	1.724162e-03
8.070777e+03	1.724618e-03
8.080644e+03	1.725043e-03
8.090510e+03	1.725435e-03
8.100376e+03	1.725795e-03
8.110243e+03	1.726123e-03
8.120109e+03	1.726419e-03
8.129976e+03	1.726682e-03
8.139842e+03	1.726913e-03
8.149709e+03	1.727111e-03
8.159575e+03	1.727277e-03
8.169442e+03	1.727411e-03
8.179308e+03	1.727512e-03
8.189175e+03	1.727581e-03
8.199041e+03	1.727618e-03
8.208908e+03	1.727622e-03
8.218774e+03	1.727594e-03
8.228641e+03	1.727533e-03
8.238507e+03	1.727440e-03
8.248374e+03	1.727315e-03
8.258240e+03	1.727157e-03
8.268107e+03	1.726967e-03
8.277973e+03	1.726745e-03
8.287839e+03	1.726490e-03
8.297706e+03	1.726203e-03
8.307572e+03	1.725884e-03
8.317439e+03	1.725532e-03
8.327305e+03	1.725148e-03
8.337172e+03	1.724732e-03
8.347038e+03	1.724283e-03
8.356905e+03	1.723803e-03
8.366771e+03	1.723290e-03
8.376638e+03	1.722745e-03
8.386504e+03	1.722168e-03
8.396371e+03	1.721559e-03
8.406237e+03	1.720918e-03
8.416104e+03	1.720244e-03
8.425970e+03	1.719539e-03
8.435837e+03	1.718802e-03
8.445703e+03	1.718033e-03
8.455570e+03	1.717232e-03
8.465436e+03	1.716400e-03
8.475303e+03	1.715535e-03
8.485169e+03	1.714639e-03
8.495035e+03	1.713711e-03
8.504902e+03	1.712752e-03
8.514768e+03	1.711761e-03
8.524635e+03	1.710739e-03
8.534501e+03	1.709685e-03
8.544368e+03	1.708599e-03
8.554234e+03	1.707483e-03
8.564101e+03	1.706335e-03
8.573967e+03	1.705156e-03
8.583834e+03	1.703946e-03
8.593700e+03	1.702705e-03
8.603567e+03	1.701432e-03
8.613433e+03	1.700129e-03
8.623300e+03	1.698795e-03
8.633166e+03	1.697430e-03
8.643033e+03	1.696035e-03
8.652899e+03	1.694609e-03
8.662766e+03	1.693152e-03
8.672632e+03	1.691665e-03
8.682499e+03	1.690148e-03
8.692365e+03	1.688600e-03
8.702231e+03	1.687022e-03
8.712098e+03	1.685414e-03
8.721964e+03	1.683776e-03
8.731831e+03	1.682107e-03
8.741697e+03	1.680409e-03
8.751564e+03	1.678682e-03
8.761430e+03	1.676924e-03
8.771297e+03	1.675137e-03
8.781163e+03	1.673321e-03
8.791030e+03	1.671475e-03
8.800896e+03	1.669600e-03
8.810763e+03	1.667696e-03
8.820629e+03	1.665763e-03
8.830496e+03	1.663801e-03
8.840362e+03	1.661810e-03
8.850229e+03	1.659790e-03
8.860095e+03	1.657741e-03
8.869962e+03	1.655665e-03
8.879828e+03	1.653559e-03
8.889695e+03	1.651426e-03
8.899561e+03	1.649264e-03
8.909427e+03	1.647074e-03
8.919294e+03	1.644856e-03
8.929160e+03	1.642611e-03
8.939027e+03	1.640338e-03
8.948893e+03	1.638037e-03
8.958760e+03	1.635709e-03
8.968626e+03	1.633353e-03
8.978493e+03	1.630970e-03
8.988359e+03	1.628560e-03
8.998226e+03	1.626124e-03
9.008092e+03	1.623660e-03
9.017959e+03	1.621170e-03
9.027825e+03	1.618653e-03
9.037692e+03	1.616110e-03
9.047558e+03	1.613541e-03
9.057425e+03	1.610946e-03
9.067291e+03	1.608324e-03
9.077158e+03	1.605677e-03
9.087024e+03	1.603004e-03
9.096890e+03	1.600305e-03
9.106757e+03	1.597581e-03
9.116623e+03	1.594832e-03
9.126490e+03	1.592058e-03
9.136356e+03	1.589259e-03
9.146223e+03	1.586435e-03
9.156089e+03	1.583586e-03
9.165956e+03	1.580713e-03
9.175822e+03	1.577815e-03
9.185689e+03	1.574893e-03
9.195555e+03	1.571947e-03
9.205422e+03	1.568977e-03
9.215288e+03	1.565984e-03
9.225155e+03	1.562967e-03
9.235021e+03	1.559926e-03
9.244888e+03	1.556862e-03
9.254754e+03	1.553775e-03
9.264621e+03	1.550665e-03
9.274487e+03	1.547532e-03
9.284354e+03	1.544377e-03
9.294220e+03	1.541199e-03
9.304086e+03	1.537999e-03
9.313953e+03	1.534777e-03
9.323819e+03	1.531533e-03
9.333686e+03	1.528267e-03
9.343552e+03	1.524979e-03
9.353419e+03	1.521670e-03
9.363285e+03	1.518340e-03
9.373152e+03	1.514988e-03
9.383018e+03	1.511616e-03
9.392885e+03	1.508223e-03
9.402751e+03	1.504809e-03
9.412618e+03	1.501375e-03
9.422484e+03	1.497920e-03
9.432351e+03	1.494446e-03
9.442217e+03	1.490952e-03
9.452084e+03	1.487437e-03
9.461950e+03	1.483904e-03
9.471817e+03	1.480351e-03
9.481683e+03	1.476779e-03
9.491550e+03	1.473187e-03
9.501416e+03	1.469577e-03
9.511282e+03	1.465949e-03
9.521149e+03	1.462302e-03
9.531015e+03	1.458636e-03
9.540882e+03	1.454953e-03
9.550748e+03	1.451252e-03
9.560615e+03	1.447532e-03
9.570481e+03	1.443796e-03
9.580348e+03	1.440042e-03
9.590214e+03	1.436271e-03
9.600081e+03	1.432483e-03
9.609947e+03	1.428678e-03
9.619814e+03	1.424856e-03
9.629680e+03	1.421018e-03
9.639547e+03	1.417164e-03
9.649413e+03	1.413294e-03
9.659280e+03	1.409408e-03
9.669146e+03	1.405506e-03
9.679013e+03	1.401589e-03
9.688879e+03	1.397656e-03
9.698746e+03	1.393709e-03
9.708612e+03	1.389746e-03
9.718478e+03	1.385769e-03
9.728345e+03	1.381778e-03
9.738211e+03	1.377771e-03
9.748078e+03	1.373751e-03
9.757944e+03	1.369717e-03
9.767811e+03	1.365669e-03
9.777677e+03	1.361608e-03
9.787544e+03	1.357533e-03
9.797410e+03	1.353445e-03
9.807277e+03	1.349344e-03
9.817143e+03	1.345230e-03
9.827010e+03	1.341104e-03
9.836876e+03	1.336965e-03
9.846743e+03	1.332814e-03
9.856609e+03	1.328651e-03
9.866476e+03	1.324476e-03
9.876342e+03	1.320290e-03
9.886209e+03	1.316092e-03
9.896075e+03	1.311882e-03
9.905941e+03	1.307662e-03
9.915808e+03	1.303431e-03
9.925674e+03	1.299189e-03
9.935541e+03	1.294937e-03
9.945407e+03	1.290675e-03
9.955274e+03	1.286402e-03
9.965140e+03	1.282120e-03
9.975007e+03	1.277827e-03
9.984873e+03	1.273526e-03
9.994740e+03	1.269215e-03
1.000461e+04	1.264894e-03
1.001447e+04	1.260565e-03
1.002434e+04	1.256228e-03
1.003421e+04	1.251881e-03
1.004407e+04	1.247527e-03
1.005394e+04	1.243164e-03
1.006381e+04	1.238793e-03
1.007367e+04	1.234414e-03
1.008354e+04	1.230028e-03
1.009340e+04	1.225635e-03
1.010327e+04	1.221234e-03
1.011314e+04	1.216826e-03
1.012300e+04	1.212411e-03
1.013287e+04	1.207990e-03
1.014274e+04	1.203563e-03
1.015260e+04	1.199129e-03
1.016247e+04	1.194689e-03
1.017234e+04	1.190243e-03
1.018220e+04	1.185791e-03
1.019207e+04	1.181334e-03
1.020194e+04	1.176872e-03
1.021180e+04	1.172404e-03
1.022167e+04	1.167932e-03
1.023154e+04	1.163455e-03
1.024140e+04	1.158973e-03
1.025127e+04	1.154487e-03
1.026113e+04	1.149997e-03
1.027100e+04	1.145502e-03
1.028087e+04	1.141004e-03
1.029073e+04	1.136502e-03
1.030060e+04	1.131997e-03
1.031047e+04	1.127489e-03
1.032033e+04	1.122977e-03
1.033020e+04	1.118462e-03
1.034007e+04	1.113945e-03
1.034993e+04	1.109425e-03
1.035980e+04	1.104903e-03
1.036967e+04	1.100379e-03
1.037953e+04	1.095852e-03
1.038940e+04	1.091324e-03
1.039927e+04	1.086794e-03
1.040913e+04	1.082263e-03
1.041900e+04	1.077730e-03
1.042886e+04	1.073196e-03
1.043873e+04	1.068661e-03
1.044860e+04	1.064126e-03
1.045846e+04	1.059590e-03
1.046833e+04	1.055053e-03
1.047820e+04	1.050516e-03
1.048806e+04	1.045979e-03
1.049793e+04	1.041442e-03
1.050780e+04	1.036905e-03
1.051766e+04	1.032369e-03
1.052753e+04	1.027833e-03
1.053740e+04	1.023298e-03
1.054726e+04	1.018764e-03
1.055713e+04	1.014231e-03
1.056700e+04	1.009699e-03
1.057686e+04	1.005169e-03
1.058673e+04	1.000640e-03
1.059659e+04	9.961131e-04
1.060646e+04	9.915879e-04
1.061633e+04	9.870648e-04
1.062619e+04	9.825439e-04
1.063606e+04	9.780253e-04
1.064593e+04	9.735093e-04
1.065579e+04	9.689960e-04
1.066566e+04	9.644855e-04
1.067553e+04	9.599780e-04
1.068539e+04	9.554737e-04
1.069526e+04	9.509727e-04
1.070513e+04	9.464751e-04
1.071499e+04	9.419812e-04
1.072486e+04	9.374910e-04
1.073473e+04	9.330047e-04
1.074459e+04	9.285225e-04
1.075446e+04	9.240445e-04
1.076432e+04	9.195708e-04
1.077419e+04	9.151017e-04
1.078406e+04	9.106372e-04
1.079392e+04	9.061775e-04
1.080379e+04	9.017227e-04
1.081366e+04	8.972730e-04
1.082352e+04	8.928285e-04
1.083339e+04	8.883894e-04
1.084326e+04	8.839558e-04
1.085312e+04	8.795278e-04
1.086299e+04	8.751056e-04
1.087286e+04	8.706893e-04
1.088272e+04	8.662791e-04
1.089259e+04	8.618750e-04
1.090246e+04	8.574772e-04
1.091232e+04	8.530859e-04
1.092219e+04	8.487012e-04
1.093205e+04	8.443232e-04
1.094192e+04	8.399520e-04
1.095179e+04	8.355878e-04
1.096165e+04	8.312306e-04
1.097152e+04	8.268807e-04
1.098139e+04	8.225382e-04
1.099125e+04	8.182031e-04
1.100112e+04	8.138756e-04
1.101099e+04	8.095558e-04
1.102085e+04	8.052438e-04
1.103072e+04	8.009398e-04
1.104059e+04	7.966438e-04
1.105045e+04	7.923561e-04
1.106032e+04	7.880766e-04
1.107019e+04	7.838056e-04
1.108005e+04	7.795431e-04
1.108992e+04	7.752892e-04
1.109979e+04	7.710441e-04
1.110965e+04	7.668079e-04
1.111952e+04	7.625806e-04
1.112938e+04	7.583625e-04
1.113925e+04	7.541535e-04
1.114912e+04	7.499538e-04
1.115898e+04	7.457636e-04
1.116885e+04	7.415828e-04
1.117872e+04	7.374117e-04
1.118858e+04	7.332502e-04
1.119845e+04	7.290986e-04
1.120832e+04	7.249569e-04
1.121818e+04	7.208252e-04
1.122805e+04	7.167036e-04
1.123792e+04	7.125923e-04
1.124778e+04	7.084912e-04
1.125765e+04	7.044005e-04
1.126752e+04	7.003204e-04
1.127738e+04	6.962508e-04
1.128725e+04	6.921918e-04
1.129711e+04	6.881437e-04
1.130698e+04	6.841063e-04
1.131685e+04	6.800800e-04
1.132671e+04	6.760646e-04
1.133658e+04	6.720604e-04
1.134645e+04	6.680673e-04
1.135631e+04	6.640855e-04
1.136618e+04	6.601151e-04
1.137605e+04	6.561561e-04
1.138591e+04	6.522086e-04
1.139578e+04	6.482728e-04
1.140565e+04	6.443486e-04
1.141551e+04	6.404361e-04
1.142538e+04	6.365355e-04
1.143525e+04	6.326467e-04
1.144511e+04	6.287700e-04
1.145498e+04	6.249052e-04
1.146484e+04	6.210526e-04
1.147471e+04	6.172122e-04
1.148458e+04	6.133840e-04
1.149444e+04	6.095681e-04
1.150431e+04	6.057646e-04
1.151418e+04	6.019736e-04
1.152404e+04	5.981950e-04
1.153391e+04	5.944291e-04
1.154378e+04	5.906758e-04
1.155364e+04	5.869351e-04
1.156351e+04	5.832073e-04
1.157338e+04	5.794922e-04
1.158324e+04	5.757900e-04
1.159311e+04	5.721008e-04
1.160298e+04	5.684245e-04
1.161284e+04	5.647612e-04
1.162271e+04	5.611111e-04
1.163257e+04	5.574741e-04
1.164244e+04	5.538502e-04
1.165231e+04	5.502396e-04
1.166217e+04	5.466423e-04
1.167204e+04	5.430584e-04
1.168191e+04	5.394878e-04
1.169177e+04	5.359307e-04
1.170164e+04	5.323870e-04
1.171151e+04	5.288568e-04
1.172137e+04	5.253402e-04
1.173124e+04	5.218372e-04
1.174111e+04	5.183479e-04
1.175097e+04	5.148722e-04
1.176084e+04	5.114103e-04
1.177071e+04	5.079620e-04
1.178057e+04	5.045276e-04
1.179044e+04	5.011070e-04
1.180030e+04	4.977003e-04
1.181017e+04	4.943075e-04
1.182004e+04	4.909286e-04
1.182990e+04	4.875636e-04
1.183977e+04	4.842127e-04
1.184964e+04	4.808757e-04
1.185950e+04	4.775528e-04
1.186937e+04	4.742440e-04
1.187924e+04	4.709492e-04
1.188910e+04	4.676686e-04
1.189897e+04	4.644021e-04
1.190884e+04	4.611498e-04
1.191870e+04	4.579117e-04
1.192857e+04	4.546878e-04
1.193844e+04	4.514782e-04
1.194830e+04	4.482828e-04
1.195817e+04	4.451016e-04
1.196803e+04	4.419348e-04
1.197790e+04	4.387822e-04
1.198777e+04	4.356440e-04
1.199763e+04	4.325201e-04
1.200750e+04	4.294106e-04
1.201737e+04	4.263154e-04
1.202723e+04	4.232346e-04
1.203710e+04	4.201682e-04
1.204697e+04	4.171162e-04
1.205683e+04	4.140786e-04
1.206670e+04	4.110554e-04
1.207657e+04	4.080466e-04
1.208643e+04	4.050523e-04
1.209630e+04	4.020724e-04
1.210617e+04	3.991069e-04
1.211603e+04	3.961559e-04
1.212590e+04	3.932193e-04
1.213576e+04	3.902972e-04
1.214563e+04	3.873895e-04
1.215550e+04	3.844963e-04
1.216536e+04	3.816175e-04
1.217523e+04	3.787532e-04
1.218510e+04	3.759034e-04
1.219496e+04	3.730680e-04
1.220483e+04	3.702470e-04
1.221470e+04	3.674405e-04
1.222456e+04	3.646484e-04
1.223443e+04	3.618707e-04
1.224430e+04	3.591075e-04
1.225416e+04	3.563587e-04
1.226403e+04	3.536243e-04
1.227390e+04	3.509043e-04
1.228376e+04	3.481987e-04
1.229363e+04	3.455075e-04
1.230350e+04	3.428307e-04
1.231336e+04	3.401682e-04
1.232323e+04	3.375201e-04
1.233309e+04	3.348863e-04
1.234296e+04	3.322668e-04
1.235283e+04	3.296616e-04
1.236269e+04	3.270708e-04
1.237256e+04	3.244942e-04
1.238243e+04	3.219319e-04
1.239229e+04	3.193838e-04
1.240216e+04	3.168499e-04
1.241203e+04	3.143303e-04
1.242189e+04	3.118248e-04
1.243176e+04	3.093335e-04
1.244163e+04	3.068564e-04
1.245149e+04	3.043934e-04
1.246136e+04	3.019445e-04
1.247123e+04	2.995097e-04
1.248109e+04	2.970890e-04
1.249096e+04	2.946823e-04
1.250082e+04	2.922896e-04
1.251069e+04	2.899109e-04
1.252056e+04	2.875462e-04
1.253042e+04	2.851954e-04
1.254029e+04	2.828585e-04
1.255016e+04	2.805355e-04
1.256002e+04	2.782264e-04
1.256989e+04	2.759311e-04
1.257976e+04	2.736497e-04
1.258962e+04	2.713820e-04
1.259949e+04	2.691280e-04
1.260936e+04	2.668878e-04
1.261922e+04	2.646612e-04
1.262909e+04	2.624483e-04
1.263896e+04	2.602490e-04
1.264882e+04	2.580634e-04
1.265869e+04	2.558912e-04
1.266855e+04	2.537326e-04
1.267842e+04	2.515875e-04
1.268829e+04	2.494559e-04
1.269815e+04	2.473377e-04
1.270802e+04	2.452328e-04
1.271789e+04	2.431414e-04
1.272775e+04	2.410632e-04
1.273762e+04	2.389983e-04
1.274749e+04	2.369467e-04
1.275735e+04	2.349082e-04
1.276722e+04	2.328830e-04
1.277709e+04	2.308709e-04
1.278695e+04	2.288718e-04
1.279682e+04	2.268859e-04
1.280669e+04	2.249129e-04
1.281655e+04	2.229529e-04
1.282642e+04	2.210059e-04
1.283628e+04	2.190717e-04
1.284615e+04	2.171504e-04
1.285602e+04	2.152420e-04
1.286588e+04	2.133463e-04
1.287575e+04	2.114633e-04
1.288562e+04	2.095930e-04
1.289548e+04	2.077354e-04
1.290535e+04	2.058903e-04
1.291522e+04	2.040579e-04
1.292508e+04	2.022379e-04
1.293495e+04	2.004304e-04
1.294482e+04	1.986354e-04
1.295468e+04	1.968527e-04
1.296455e+04	1.950824e-04
1.297442e+04	1.933244e-04
1.298428e+04	1.915786e-04
1.299415e+04	1.898450e-04
1.300401e+04	1.881236e-04
1.301388e+04	1.864143e-04
1.302375e+04	1.847171e-04
1.303361e+04	1.830319e-04
1.304348e+04	1.813587e-04
1.305335e+04	1.796974e-04
1.306321e+04	1.780479e-04
1.307308e+04	1.764103e-04
1.308295e+04	1.747845e-04
1.309281e+04	1.731705e-04
1.310268e+04	1.715681e-04
1.311255e+04	1.699773e-04
1.312241e+04	1.683982e-04
1.313228e+04	1.668306e-04
1.314215e+04	1.652745e-04
1.315201e+04	1.637298e-04
1.316188e+04	1.621965e-04
1.317174e+04	1.606746e-04
1.318161e+04	1.591640e-04
1.319148e+04	1.576646e-04
1.320134e+04	1.561764e-04
1.321121e+04	1.546994e-04
1.322108e+04	1.532335e-04
1.323094e+04	1.517786e-04
1.324081e+04	1.503347e-04
1.325068e+04	1.489017e-04
1.326054e+04	1.474796e-04
1.327041e+04	1.460684e-04
1.328028e+04	1.446680e-04
1.329014e+04	1.432783e-04
1.330001e+04	1.418993e-04
1.330988e+04	1.405310e-04
1.331974e+04	1.391732e-04
1.332961e+04	1.378259e-04
1.333948e+04	1.364892e-04
1.334934e+04	1.351629e-04
1.335921e+04	1.338469e-04
1.336907e+04	1.325413e-04
1.337894e+04	1.312460e-04
1.338881e+04	1.299608e-04
1.339867e+04	1.286859e-04
1.340854e+04	1.274211e-04
1.341841e+04	1.261663e-04
1.342827e+04	1.249215e-04
1.343814e+04	1.236868e-04
1.344801e+04	1.224619e-04
1.345787e+04	1.212469e-04
1.346774e+04	1.200416e-04
1.347761e+04	1.188462e-04
1.348747e+04	1.176604e-04
1.349734e+04	1.164843e-04
1.350721e+04	1.153178e-04
1.351707e+04	1.141608e-04
1.352694e+04	1.130133e-04
1.353680e+04	1.118752e-04
1.354667e+04	1.107466e-04
1.355654e+04	1.096272e-04
1.356640e+04	1.085172e-04
1.357627e+04	1.074163e-04
1.358614e+04	1.063247e-04
1.359600e+04	1.052421e-04
1.360587e+04	1.041687e-04
1.361574e+04	1.031042e-04
1.362560e+04	1.020487e-04
1.363547e+04	1.010021e-04
1.364534e+04	9.996441e-05
1.365520e+04	9.893550e-05
1.366507e+04	9.791534e-05
1.367494e+04	9.690389e-05
1.368480e+04	9.590108e-05
1.369467e+04	9.490687e-05
1.370453e+04	9.392121e-05
1.371440e+04	9.294405e-05
1.372427e+04	9.197532e-05
1.373413e+04	9.101499e-05
1.374400e+04	9.006299e-05
1.375387e+04	8.911929e-05
1.376373e+04	8.818381e-05
1.377360e+04	8.725652e-05
1.378347e+04	8.633737e-05
1.379333e+04	8.542629e-05
1.380320e+04	8.452324e-05
1.381307e+04	8.362817e-05
1.382293e+04	8.274103e-05
1.383280e+04	8.186177e-05
1.384267e+04	8.099033e-05
1.385253e+04	8.012666e-05
1.386240e+04	7.927072e-05
1.387226e+04	7.842245e-05
1.388213e+04	7.758181e-05
1.389200e+04	7.674873e-05
1.390186e+04	7.592318e-05
1.391173e+04	7.510510e-05
1.392160e+04	7.429445e-05
1.393146e+04	7.349116e-05
1.394133e+04	7.269520e-05
1.395120e+04	7.190651e-05
1.396106e+04	7.112504e-05
1.397093e+04	7.035075e-05
1.398080e+04	6.958358e-05
1.399066e+04	6.882349e-05
1.400053e+04	6.807043e-05
1.401040e+04	6.732434e-05
1.402026e+04	6.658518e-05
1.403013e+04	6.585290e-05
1.403999e+04	6.512746e-05
1.404986e+04	6.440880e-05
1.405973e+04	6.369687e-05
1.406959e+04	6.299164e-05
1.407946e+04	6.229304e-05
1.408933e+04	6.160103e-05
1.409919e+04	6.091558e-05
1.410906e+04	6.023662e-05
1.411893e+04	5.956411e-05
1.412879e+04	5.889800e-05
1.413866e+04	5.823825e-05
1.414853e+04	5.758482e-05
1.415839e+04	5.693764e-05
1.416826e+04	5.629669e-05
1.417813e+04	5.566190e-05
1.418799e+04	5.503324e-05
1.419786e+04	5.441067e-05
1.420772e+04	5.379412e-05
1.421759e+04	5.318357e-05
1.422746e+04	5.257896e-05
1.423732e+04	5.198025e-05
1.424719e+04	5.138739e-05
1.425706e+04	5.080034e-05
1.426692e+04	5.021906e-05
1.427679e+04	4.964350e-05
1.428666e+04	4.907361e-05
1.429652e+04	4.850936e-05
1.430639e+04	4.795070e-05
1.431626e+04	4.739758e-05
1.432612e+04	4.684996e-05
1.433599e+04	4.630780e-05
1.434586e+04	4.577106e-05
1.435572e+04	4.523969e-05
1.436559e+04	4.471365e-05
1.437545e+04	4.419290e-05
1.438532e+04	4.367740e-05
1.439519e+04	4.316710e-05
1.440505e+04	4.266196e-05
1.441492e+04	4.216194e-05
1.442479e+04	4.166701e-05
1.443465e+04	4.117711e-05
1.444452e+04	4.069220e-05
1.445439e+04	4.021226e-05
1.446425e+04	3.973723e-05
1.447412e+04	3.926707e-05
1.448399e+04	3.880175e-05
1.449385e+04	3.834123e-05
1.450372e+04	3.788546e-05
1.451359e+04	3.743440e-05
1.452345e+04	3.698803e-05
1.453332e+04	3.654629e-05
1.454319e+04	3.610915e-05
1.455305e+04	3.567657e-05
1.456292e+04	3.524851e-05
1.457278e+04	3.482493e-05
1.458265e+04	3.440580e-05
1.459252e+04	3.399108e-05
1.460238e+04	3.358072e-05
1.461225e+04	3.317470e-05
1.462212e+04	3.277297e-05
1.463198e+04	3.237550e-05
1.464185e+04	3.198225e-05
1.465172e+04	3.159319e-05
1.466158e+04	3.120827e-05
1.467145e+04	3.082747e-05
1.468132e+04	3.045074e-05
1.469118e+04	3.007805e-05
1.470105e+04	2.970937e-05
1.471092e+04	2.934465e-05
1.472078e+04	2.898387e-05
1.473065e+04	2.862698e-05
1.474051e+04	2.827397e-05
1.475038e+04	2.792478e-05
1.476025e+04	2.757938e-05
1.477011e+04	2.723775e-05
1.477998e+04	2.689985e-05
1.478985e+04	2.656564e-05
1.479971e+04	2.623509e-05
1.480958e+04	2.590816e-05
1.481945e+04	2.558484e-05
1.482931e+04	2.526507e-05
1.483918e+04	2.494883e-05
1.484905e+04	2.463609e-05
1.485891e+04	2.432681e-05
1.486878e+04	2.402097e-05
1.487865e+04	2.371852e-05
1.488851e+04	2.341945e-05
1.489838e+04	2.312371e-05
1.490824e+04	2.283128e-05
1.491811e+04	2.254212e-05
1.492798e+04	2.225621e-05
1.493784e+04	2.197351e-05
1.494771e+04	2.169400e-05
1.495758e+04	2.141764e-05
1.496744e+04	2.114441e-05
1.497731e+04	2.087427e-05
1.498718e+04	2.060719e-05
1.499704e+04	2.034315e-05
1.500691e+04	2.008212e-05
1.501678e+04	1.982406e-05
1.502664e+04	1.956896e-05
1.503651e+04	1.931677e-05
1.504638e+04	1.906748e-05
1.505624e+04	1.882105e-05
1.506611e+04	1.857746e-05
1.507597e+04	1.833668e-05
1.508584e+04	1.809867e-05
1.509571e+04	1.786343e-05
1.510557e+04	1.763091e-05
1.511544e+04	1.740109e-05
1.512531e+04	1.717394e-05
1.513517e+04	1.694944e-05
1.514504e+04	1.672757e-05
1.515491e+04	1.650828e-05
1.516477e+04	1.629157e-05
1.517464e+04	1.607740e-05
1.518451e+04	1.586575e-05
1.519437e+04	1.565659e-05
1.520424e+04	1.544990e-05
1.521411e+04	1.524565e-05
1.522397e+04	1.504382e-05
1.523384e+04	1.484438e-05
1.524370e+04	1.464732e-05
1.525357e+04	1.445259e-05
1.526344e+04	1.426019e-05
1.527330e+04	1.407009e-05
1.528317e+04	1.388226e-05
1.529304e+04	1.369668e-05
1.530290e+04	1.351333e-05
1.531277e+04	1.333218e-05
1.532264e+04	1.315322e-05
1.533250e+04	1.297641e-05
1.534237e+04	1.280174e-05
1.535224e+04	1.262919e-05
1.536210e+04	1.245873e-05
1.537197e+04	1.229033e-05
1.538184e+04	1.212399e-05
1.539170e+04	1.195968e-05
1.540157e+04	1.179736e-05
1.541143e+04	1.163704e-05
1.542130e+04	1.147868e-05
1.543117e+04	1.132226e-05
1.544103e+04	1.116776e-05
1.545090e+04	1.101516e-05
1.546077e+04	1.086445e-05
1.547063e+04	1.071560e-05
1.548050e+04	1.056859e-05
1.549037e+04	1.042340e-05
1.550023e+04	1.028001e-05
1.551010e+04	1.013840e-05
1.551997e+04	9.998558e-06
1.552983e+04	9.860460e-06
1.553970e+04	9.724086e-06
1.554957e+04	9.589419e-06
1.555943e+04	9.456439e-06
1.556930e+04	9.325129e-06
1.557916e+04	9.195469e-06
1.558903e+04	9.067443e-06
1.559890e+04	8.941031e-06
1.560876e+04	8.816217e-06
1.561863e+04	8.692981e-06
1.562850e+04	8.571308e-06
1.563836e+04	8.451179e-06
1.564823e+04	8.332578e-06
1.565810e+04	8.215487e-06
1.566796e+04	8.099890e-06
1.567783e+04	7.985769e-06
1.568770e+04	7.873109e-06
1.569756e+04	7.761893e-06
1.570743e+04	7.652104e-06
1.571730e+04	7.543727e-06
1.572716e+04	7.436745e-06
1.573703e+04	7.331143e-06
1.574690e+04	7.226905e-06
1.575676e+04	7.124015e-06
1.576663e+04	7.022459e-06
1.577649e+04	6.922221e-06
1.578636e+04	6.823285e-06
1.579623e+04	6.725638e-06
1.580609e+04	6.629263e-06
1.581596e+04	6.534147e-06
1.582583e+04	6.440276e-06
1.583569e+04	6.347633e-06
1.584556e+04	6.256206e-06
1.585543e+04	6.165981e-06
1.586529e+04	6.076942e-06
1.587516e+04	5.989077e-06
1.588503e+04	5.902372e-06
1.589489e+04	5.816813e-06
1.590476e+04	5.732387e-06
1.591463e+04	5.649080e-06
1.592449e+04	5.566880e-06
1.593436e+04	5.485772e-06
1.594422e+04	5.405746e-06
1.595409e+04	5.326786e-06
1.596396e+04	5.248882e-06
1.597382e+04	5.172020e-06
1.598369e+04	5.096188e-06
1.599356e+04	5.021374e-06
1.600342e+04	4.947565e-06
1.601329e+04	4.874750e-06
1.602316e+04	4.802916e-06
1.603302e+04	4.732053e-06
1.604289e+04	4.662147e-06
1.605276e+04	4.593188e-06
1.606262e+04	4.525164e-06
1.607249e+04	4.458064e-06
1.608236e+04	4.391877e-06
1.609222e+04	4.326591e-06
1.610209e+04	4.262196e-06
1.611195e+04	4.198680e-06
1.612182e+04	4.136033e-06
1.613169e+04	4.074245e-06
1.614155e+04	4.013305e-06
1.615142e+04	3.953202e-06
1.616129e+04	3.893926e-06
1.617115e+04	3.835467e-06
1.618102e+04	3.777815e-06
1.619089e+04	3.720959e-06
1.620075e+04	3.664891e-06
1.621062e+04	3.609599e-06
1.622049e+04	3.555076e-06
1.623035e+04	3.501310e-06
1.624022e+04	3.448293e-06
1.625009e+04	3.396015e-06
1.625995e+04	3.344466e-06
1.626982e+04	3.293639e-06
1.627968e+04	3.243523e-06
1.628955e+04	3.194109e-06
1.629942e+04	3.145390e-06
1.630928e+04	3.097356e-06
1.631915e+04	3.049998e-06
1.632902e+04	3.003307e-06
1.633888e+04	2.957276e-06
1.634875e+04	2.911896e-06
1.635862e+04	2.867159e-06
1.636848e+04	2.823056e-06
1.637835e+04	2.779579e-06
1.638822e+04	2.736721e-06
1.639808e+04	2.694473e-06
1.640795e+04	2.652827e-06
1.641782e+04	2.611776e-06
1.642768e+04	2.571312e-06
1.643755e+04	2.531428e-06
1.644741e+04	2.492115e-06
1.645728e+04	2.453367e-06
1.646715e+04	2.415176e-06
1.647701e+04	2.377535e-06
1.648688e+04	2.340437e-06
1.649675e+04	2.303875e-06
1.650661e+04	2.267841e-06
1.651648e+04	2.232329e-06
1.652635e+04	2.197332e-06
1.653621e+04	2.162843e-06
1.654608e+04	2.128855e-06
1.655595e+04	2.095362e-06
1.656581e+04	2.062358e-06
1.657568e+04	2.029835e-06
1.658555e+04	1.997788e-06
1.659541e+04	1.966209e-06
1.660528e+04	1.935094e-06
1.661514e+04	1.904435e-06
1.662501e+04	1.874227e-06
1.663488e+04	1.844464e-06
1.664474e+04	1.815139e-06
1.665461e+04	1.786247e-06
1.666448e+04	1.757782e-06
1.667434e+04	1.729738e-06
1.668421e+04	1.702109e-06
1.669408e+04	1.674891e-06
1.670394e+04	1.648077e-06
1.671381e+04	1.621661e-06
1.672368e+04	1.595639e-06
1.673354e+04	1.570006e-06
1.674341e+04	1.544755e-06
1.675328e+04	1.519881e-06
1.676314e+04	1.495381e-06
1.677301e+04	1.471247e-06
1.678287e+04	1.447476e-06
1.679274e+04	1.424062e-06
1.680261e+04	1.401001e-06
1.681247e+04	1.378287e-06
1.682234e+04	1.355917e-06
1.683221e+04	1.333884e-06
1.684207e+04	1.312185e-06
1.685194e+04	1.290814e-06
1.686181e+04	1.269768e-06
1.687167e+04	1.249041e-06
1.688154e+04	1.228630e-06
1.689141e+04	1.208530e-06
1.690127e+04	1.188736e-06
1.691114e+04	1.169244e-06
1.692101e+04	1.150051e-06
1.693087e+04	1.131151e-06
1.694074e+04	1.112541e-06
1.695061e+04	1.094217e-06
1.696047e+04	1.076175e-06
1.697034e+04	1.058410e-06
1.698020e+04	1.040918e-06
1.699007e+04	1.023697e-06
1.699994e+04	1.006742e-06
1.700980e+04	9.900488e-07
1.701967e+04	9.736144e-07
1.702954e+04	9.574347e-07
1.703940e+04	9.415063e-07
1.704927e+04	9.258256e-07
1.705914e+04	9.103889e-07
1.706900e+04	8.951928e-07
1.707887e+04	8.802339e-07
1.708874e+04	8.655087e-07
1.709860e+04	8.510139e-07
1.710847e+04	8.367462e-07
1.711834e+04	8.227022e-07
1.712820e+04	8.088788e-07
1.713807e+04	7.952728e-07
1.714793e+04	7.818809e-07
1.715780e+04	7.687002e-07
1.716767e+04	7.557275e-07
1.717753e+04	7.429597e-07
1.718740e+04	7.303940e-07
1.719727e+04	7.180274e-07
1.720713e+04	7.058569e-07
1.721700e+04	6.938797e-07
1.722687e+04	6.820929e-07
1.723673e+04	6.704938e-07
1.724660e+04	6.590796e-07
1.725647e+04	6.478475e-07
1.726633e+04	6.367950e-07
1.727620e+04	6.259192e-07
1.728607e+04	6.152177e-07
1.729593e+04	6.046878e-07
1.730580e+04	5.943269e-07
1.731566e+04	5.841327e-07
1.732553e+04	5.741025e-07
1.733540e+04	5.642340e-07
1.734526e+04	5.545247e-07
1.735513e+04	5.449723e-07
1.736500e+04	5.355744e-07
1.737486e+04	5.263287e-07
1.738473e+04	5.172330e-07
1.739460e+04	5.082848e-07
1.740446e+04	4.994821e-07
1.741433e+04	4.908227e-07
1.742420e+04	4.823043e-07
1.743406e+04	4.739249e-07
1.744393e+04	4.656824e-07
1.745380e+04	4.575746e-07
1.746366e+04	4.495996e-07
1.747353e+04	4.417552e-07
1.748339e+04	4.340396e-07
1.749326e+04	4.264508e-07
1.750313e+04	4.189868e-07
1.751299e+04	4.116457e-07
1.752286e+04	4.044257e-07
1.753273e+04	3.973248e-07
1.754259e+04	3.903413e-07
1.755246e+04	3.834734e-07
1.756233e+04	3.767192e-07
1.757219e+04	3.700770e-07
1.758206e+04	3.635452e-07
1.759193e+04	3.571219e-07
1.760179e+04	3.508056e-07
1.761166e+04	3.445945e-07
1.762153e+04	3.384870e-07
1.763139e+04	3.324816e-07
1.764126e+04	3.265766e-07
1.765112e+04	3.207704e-07
1.766099e+04	3.150615e-07
1.767086e+04	3.094485e-07
1.768072e+04	3.039298e-07
1.769059e+04	2.985038e-07
1.770046e+04	2.931693e-07
1.771032e+04	2.879247e-07
1.772019e+04	2.827686e-07
1.773006e+04	2.776996e-07
1.773992e+04	2.727164e-07
1.774979e+04	2.678176e-07
1.775966e+04	2.630019e-07
1.776952e+04	2.582679e-07
1.777939e+04	2.536144e-07
1.778926e+04	2.490400e-07
1.779912e+04	2.445436e-07
1.780899e+04	2.401238e-07
1.781885e+04	2.357796e-07
1.782872e+04	2.315095e-07
1.783859e+04	2.273126e-07
1.784845e+04	2.231875e-07
1.785832e+04	2.191332e-07
1.786819e+04	2.151485e-07
1.787805e+04	2.112323e-07
1.788792e+04	2.073835e-07
1.789779e+04	2.036010e-07
1.790765e+04	1.998837e-07
1.791752e+04	1.962307e-07
1.792739e+04	1.926408e-07
1.793725e+04	1.891130e-07
1.794712e+04	1.856463e-07
1.795699e+04	1.822398e-07
1.796685e+04	1.788924e-07
1.797672e+04	1.756033e-07
1.798659e+04	1.723713e-07
1.799645e+04	1.691957e-07
1.800632e+04	1.660755e-07
1.801618e+04	1.630097e-07
1.802605e+04	1.599976e-07
1.803592e+04	1.570381e-07
1.804578e+04	1.541305e-07
1.805565e+04	1.512740e-07
1.806552e+04	1.484675e-07
1.807538e+04	1.457104e-07
1.808525e+04	1.430019e-07
1.809512e+04	1.403410e-07
1.810498e+04	1.377271e-07
1.811485e+04	1.351593e-07
1.812472e+04	1.326369e-07
1.813458e+04	1.301591e-07
1.814445e+04	1.277253e-07
1.815432e+04	1.253346e-07
1.816418e+04	1.229863e-07
1.817405e+04	1.206798e-07
1.818391e+04	1.184143e-07
1.819378e+04	1.161892e-07
1.820365e+04	1.140037e-07
1.821351e+04	1.118572e-07
1.822338e+04	1.097491e-07
1.823325e+04	1.076788e-07
1.824311e+04	1.056454e-07
1.825298e+04	1.036486e-07
1.826285e+04	1.016876e-07
1.827271e+04	9.976178e-08
1.828258e+04	9.787063e-08
1.829245e+04	9.601353e-08
1.830231e+04	9.418990e-08
1.831218e+04	9.239918e-08
1.832205e+04	9.064080e-08
1.833191e+04	8.891422e-08
1.834178e+04	8.721889e-08
1.835164e+04	8.555428e-08
1.836151e+04	8.391987e-08
1.837138e+04	8.231514e-08
1.838124e+04	8.073958e-08
1.839111e+04	7.919269e-08
1.840098e+04	7.767399e-08
1.841084e+04	7.618298e-08
1.842071e+04	7.471919e-08
1.843058e+04	7.328215e-08
1.844044e+04	7.187140e-08
1.845031e+04	7.048649e-08
1.846018e+04	6.912697e-08
1.847004e+04	6.779240e-08
1.847991e+04	6.648235e-08
1.848978e+04	6.519639e-08
1.849964e+04	6.393411e-08
1.850951e+04	6.269510e-08
1.851937e+04	6.147894e-08
1.852924e+04	6.028524e-08
1.853911e+04	5.911361e-08
1.854897e+04	5.796367e-08
1.855884e+04	5.683503e-08
1.856871e+04	5.572732e-08
1.857857e+04	5.464017e-08
1.858844e+04	5.357323e-08
1.859831e+04	5.252614e-08
1.860817e+04	5.149855e-08
1.861804e+04	5.049012e-08
1.862791e+04	4.950050e-08
1.863777e+04	4.852937e-08
1.864764e+04	4.757641e-08
1.865751e+04	4.664128e-08
1.866737e+04	4.572367e-08
1.867724e+04	4.482328e-08
1.868710e+04	4.393979e-08
1.869697e+04	4.307291e-08
1.870684e+04	4.222234e-08
1.871670e+04	4.138779e-08
1.872657e+04	4.056897e-08
1.873644e+04	3.976561e-08
1.874630e+04	3.897743e-08
1.875617e+04	3.820415e-08
1.876604e+04	3.744552e-08
1.877590e+04	3.670126e-08
1.878577e+04	3.597111e-08
1.879564e+04	3.525483e-08
1.880550e+04	3.455217e-08
1.881537e+04	3.386288e-08
1.882524e+04	3.318671e-08
1.883510e+04	3.252344e-08
1.884497e+04	3.187283e-08
1.885483e+04	3.123464e-08
1.886470e+04	3.060866e-08
1.887457e+04	2.999467e-08
1.888443e+04	2.939244e-08
1.889430e+04	2.880176e-08
1.890417e+04	2.822242e-08
1.891403e+04	2.765422e-08
1.892390e+04	2.709694e-08
1.893377e+04	2.655040e-08
1.894363e+04	2.601440e-08
1.895350e+04	2.548874e-08
1.896337e+04	2.497323e-08
1.897323e+04	2.446769e-08
1.898310e+04	2.397194e-08
1.899297e+04	2.348579e-08
