# # p(y | x = 3.300000e-02)
# # y_val	p(y|x)
0.000000e+00	2.298309e-07
5.044592e+00	2.346705e-07
1.008918e+01	2.396062e-07
1.513378e+01	2.446399e-07
2.017837e+01	2.497734e-07
2.522296e+01	2.550084e-07
3.026755e+01	2.603469e-07
3.531214e+01	2.657907e-07
4.035673e+01	2.713419e-07
4.540133e+01	2.770024e-07
5.044592e+01	2.827741e-07
5.549051e+01	2.886592e-07
6.053510e+01	2.946597e-07
6.557969e+01	3.007777e-07
7.062428e+01	3.070153e-07
7.566888e+01	3.133748e-07
8.071347e+01	3.198583e-07
8.575806e+01	3.264681e-07
9.080265e+01	3.332065e-07
9.584724e+01	3.400758e-07
1.008918e+02	3.470784e-07
1.059364e+02	3.542167e-07
1.109810e+02	3.614931e-07
1.160256e+02	3.689101e-07
1.210702e+02	3.764703e-07
1.261148e+02	3.841761e-07
1.311594e+02	3.920303e-07
1.362040e+02	4.000354e-07
1.412486e+02	4.081942e-07
1.462932e+02	4.165094e-07
1.513378e+02	4.249837e-07
1.563823e+02	4.336201e-07
1.614269e+02	4.424213e-07
1.664715e+02	4.513904e-07
1.715161e+02	4.605302e-07
1.765607e+02	4.698437e-07
1.816053e+02	4.793341e-07
1.866499e+02	4.890045e-07
1.916945e+02	4.988580e-07
1.967391e+02	5.088978e-07
2.017837e+02	5.191271e-07
2.068283e+02	5.295494e-07
2.118729e+02	5.401679e-07
2.169174e+02	5.509862e-07
2.219620e+02	5.620076e-07
2.270066e+02	5.732357e-07
2.320512e+02	5.846740e-07
2.370958e+02	5.963263e-07
2.421404e+02	6.081962e-07
2.471850e+02	6.202874e-07
2.522296e+02	6.326039e-07
2.572742e+02	6.451494e-07
2.623188e+02	6.579279e-07
2.673634e+02	6.709433e-07
2.724080e+02	6.841998e-07
2.774525e+02	6.977015e-07
2.824971e+02	7.114525e-07
2.875417e+02	7.254572e-07
2.925863e+02	7.397197e-07
2.976309e+02	7.542445e-07
3.026755e+02	7.690360e-07
3.077201e+02	7.840988e-07
3.127647e+02	7.994374e-07
3.178093e+02	8.150564e-07
3.228539e+02	8.309607e-07
3.278985e+02	8.471550e-07
3.329431e+02	8.636441e-07
3.379876e+02	8.804330e-07
3.430322e+02	8.975267e-07
3.480768e+02	9.149303e-07
3.531214e+02	9.326490e-07
3.581660e+02	9.506880e-07
3.632106e+02	9.690526e-07
3.682552e+02	9.877482e-07
3.732998e+02	1.006780e-06
3.783444e+02	1.026155e-06
3.833890e+02	1.045876e-06
3.884336e+02	1.065952e-06
3.934782e+02	1.086386e-06
3.985228e+02	1.107186e-06
4.035673e+02	1.128357e-06
4.086119e+02	1.149905e-06
4.136565e+02	1.171836e-06
4.187011e+02	1.194157e-06
4.237457e+02	1.216874e-06
4.287903e+02	1.239993e-06
4.338349e+02	1.263522e-06
4.388795e+02	1.287465e-06
4.439241e+02	1.311831e-06
4.489687e+02	1.336626e-06
4.540133e+02	1.361857e-06
4.590579e+02	1.387531e-06
4.641024e+02	1.413654e-06
4.691470e+02	1.440236e-06
4.741916e+02	1.467281e-06
4.792362e+02	1.494799e-06
4.842808e+02	1.522796e-06
4.893254e+02	1.551280e-06
4.943700e+02	1.580259e-06
4.994146e+02	1.609741e-06
5.044592e+02	1.639733e-06
5.095038e+02	1.670244e-06
5.145484e+02	1.701282e-06
5.195930e+02	1.732855e-06
5.246375e+02	1.764972e-06
5.296821e+02	1.797640e-06
5.347267e+02	1.830870e-06
5.397713e+02	1.864668e-06
5.448159e+02	1.899045e-06
5.498605e+02	1.934010e-06
5.549051e+02	1.969571e-06
5.599497e+02	2.005737e-06
5.649943e+02	2.042519e-06
5.700389e+02	2.079925e-06
5.750835e+02	2.117965e-06
5.801281e+02	2.156649e-06
5.851726e+02	2.195987e-06
5.902172e+02	2.235989e-06
5.952618e+02	2.276665e-06
6.003064e+02	2.318025e-06
6.053510e+02	2.360080e-06
6.103956e+02	2.402840e-06
6.154402e+02	2.446316e-06
6.204848e+02	2.490519e-06
6.255294e+02	2.535459e-06
6.305740e+02	2.581149e-06
6.356186e+02	2.627599e-06
6.406632e+02	2.674820e-06
6.457077e+02	2.722825e-06
6.507523e+02	2.771624e-06
6.557969e+02	2.821230e-06
6.608415e+02	2.871656e-06
6.658861e+02	2.922912e-06
6.709307e+02	2.975012e-06
6.759753e+02	3.027967e-06
6.810199e+02	3.081791e-06
6.860645e+02	3.136497e-06
6.911091e+02	3.192097e-06
6.961537e+02	3.248605e-06
7.011983e+02	3.306033e-06
7.062428e+02	3.364396e-06
7.112874e+02	3.423707e-06
7.163320e+02	3.483980e-06
7.213766e+02	3.545229e-06
7.264212e+02	3.607467e-06
7.314658e+02	3.670711e-06
7.365104e+02	3.734973e-06
7.415550e+02	3.800269e-06
7.465996e+02	3.866614e-06
7.516442e+02	3.934022e-06
7.566888e+02	4.002510e-06
7.617334e+02	4.072092e-06
7.667780e+02	4.142784e-06
7.718225e+02	4.214602e-06
7.768671e+02	4.287562e-06
7.819117e+02	4.361680e-06
7.869563e+02	4.436973e-06
7.920009e+02	4.513457e-06
7.970455e+02	4.591150e-06
8.020901e+02	4.670067e-06
8.071347e+02	4.750227e-06
8.121793e+02	4.831647e-06
8.172239e+02	4.914344e-06
8.222685e+02	4.998337e-06
8.273131e+02	5.083643e-06
8.323576e+02	5.170281e-06
8.374022e+02	5.258269e-06
8.424468e+02	5.347626e-06
8.474914e+02	5.438371e-06
8.525360e+02	5.530523e-06
8.575806e+02	5.624101e-06
8.626252e+02	5.719125e-06
8.676698e+02	5.815615e-06
8.727144e+02	5.913591e-06
8.777590e+02	6.013073e-06
8.828036e+02	6.114082e-06
8.878482e+02	6.216638e-06
8.928927e+02	6.320762e-06
8.979373e+02	6.426476e-06
9.029819e+02	6.533801e-06
9.080265e+02	6.642759e-06
9.130711e+02	6.753372e-06
9.181157e+02	6.865662e-06
9.231603e+02	6.979651e-06
9.282049e+02	7.095362e-06
9.332495e+02	7.212819e-06
9.382941e+02	7.332043e-06
9.433387e+02	7.453059e-06
9.483833e+02	7.575891e-06
9.534278e+02	7.700562e-06
9.584724e+02	7.827096e-06
9.635170e+02	7.955519e-06
9.685616e+02	8.085854e-06
9.736062e+02	8.218127e-06
9.786508e+02	8.352364e-06
9.836954e+02	8.488589e-06
9.887400e+02	8.626829e-06
9.937846e+02	8.767109e-06
9.988292e+02	8.909457e-06
1.003874e+03	9.053898e-06
1.008918e+03	9.200460e-06
1.013963e+03	9.349169e-06
1.019008e+03	9.500055e-06
1.024052e+03	9.653143e-06
1.029097e+03	9.808463e-06
1.034141e+03	9.966042e-06
1.039186e+03	1.012591e-05
1.044230e+03	1.028810e-05
1.049275e+03	1.045263e-05
1.054320e+03	1.061953e-05
1.059364e+03	1.078885e-05
1.064409e+03	1.096060e-05
1.069453e+03	1.113482e-05
1.074498e+03	1.131153e-05
1.079543e+03	1.149077e-05
1.084587e+03	1.167257e-05
1.089632e+03	1.185697e-05
1.094676e+03	1.204399e-05
1.099721e+03	1.223366e-05
1.104766e+03	1.242602e-05
1.109810e+03	1.262111e-05
1.114855e+03	1.281894e-05
1.119899e+03	1.301957e-05
1.124944e+03	1.322302e-05
1.129989e+03	1.342933e-05
1.135033e+03	1.363852e-05
1.140078e+03	1.385064e-05
1.145122e+03	1.406573e-05
1.150167e+03	1.428381e-05
1.155212e+03	1.450492e-05
1.160256e+03	1.472911e-05
1.165301e+03	1.495639e-05
1.170345e+03	1.518683e-05
1.175390e+03	1.542044e-05
1.180434e+03	1.565726e-05
1.185479e+03	1.589735e-05
1.190524e+03	1.614072e-05
1.195568e+03	1.638743e-05
1.200613e+03	1.663751e-05
1.205657e+03	1.689101e-05
1.210702e+03	1.714795e-05
1.215747e+03	1.740838e-05
1.220791e+03	1.767234e-05
1.225836e+03	1.793987e-05
1.230880e+03	1.821102e-05
1.235925e+03	1.848582e-05
1.240970e+03	1.876432e-05
1.246014e+03	1.904655e-05
1.251059e+03	1.933257e-05
1.256103e+03	1.962241e-05
1.261148e+03	1.991611e-05
1.266193e+03	2.021373e-05
1.271237e+03	2.051530e-05
1.276282e+03	2.082087e-05
1.281326e+03	2.113048e-05
1.286371e+03	2.144418e-05
1.291415e+03	2.176202e-05
1.296460e+03	2.208404e-05
1.301505e+03	2.241028e-05
1.306549e+03	2.274080e-05
1.311594e+03	2.307564e-05
1.316638e+03	2.341484e-05
1.321683e+03	2.375846e-05
1.326728e+03	2.410655e-05
1.331772e+03	2.445914e-05
1.336817e+03	2.481630e-05
1.341861e+03	2.517807e-05
1.346906e+03	2.554450e-05
1.351951e+03	2.591564e-05
1.356995e+03	2.629153e-05
1.362040e+03	2.667225e-05
1.367084e+03	2.705782e-05
1.372129e+03	2.744831e-05
1.377174e+03	2.784376e-05
1.382218e+03	2.824423e-05
1.387263e+03	2.864978e-05
1.392307e+03	2.906045e-05
1.397352e+03	2.947630e-05
1.402397e+03	2.989738e-05
1.407441e+03	3.032375e-05
1.412486e+03	3.075546e-05
1.417530e+03	3.119256e-05
1.422575e+03	3.163512e-05
1.427619e+03	3.208319e-05
1.432664e+03	3.253682e-05
1.437709e+03	3.299607e-05
1.442753e+03	3.346100e-05
1.447798e+03	3.393167e-05
1.452842e+03	3.440813e-05
1.457887e+03	3.489044e-05
1.462932e+03	3.537867e-05
1.467976e+03	3.587286e-05
1.473021e+03	3.637308e-05
1.478065e+03	3.687940e-05
1.483110e+03	3.739186e-05
1.488155e+03	3.791053e-05
1.493199e+03	3.843548e-05
1.498244e+03	3.896675e-05
1.503288e+03	3.950442e-05
1.508333e+03	4.004855e-05
1.513378e+03	4.059920e-05
1.518422e+03	4.115643e-05
1.523467e+03	4.172031e-05
1.528511e+03	4.229089e-05
1.533556e+03	4.286825e-05
1.538600e+03	4.345245e-05
1.543645e+03	4.404355e-05
1.548690e+03	4.464162e-05
1.553734e+03	4.524672e-05
1.558779e+03	4.585893e-05
1.563823e+03	4.647830e-05
1.568868e+03	4.710490e-05
1.573913e+03	4.773881e-05
1.578957e+03	4.838008e-05
1.584002e+03	4.902879e-05
1.589046e+03	4.968501e-05
1.594091e+03	5.034879e-05
1.599136e+03	5.102023e-05
1.604180e+03	5.169937e-05
1.609225e+03	5.238629e-05
1.614269e+03	5.308107e-05
1.619314e+03	5.378377e-05
1.624359e+03	5.449446e-05
1.629403e+03	5.521322e-05
1.634448e+03	5.594011e-05
1.639492e+03	5.667521e-05
1.644537e+03	5.741859e-05
1.649582e+03	5.817033e-05
1.654626e+03	5.893049e-05
1.659671e+03	5.969915e-05
1.664715e+03	6.047639e-05
1.669760e+03	6.126227e-05
1.674804e+03	6.205687e-05
1.679849e+03	6.286027e-05
1.684894e+03	6.367254e-05
1.689938e+03	6.449376e-05
1.694983e+03	6.532400e-05
1.700027e+03	6.616334e-05
1.705072e+03	6.701185e-05
1.710117e+03	6.786961e-05
1.715161e+03	6.873671e-05
1.720206e+03	6.961320e-05
1.725250e+03	7.049918e-05
1.730295e+03	7.139473e-05
1.735340e+03	7.229991e-05
1.740384e+03	7.321481e-05
1.745429e+03	7.413950e-05
1.750473e+03	7.507407e-05
1.755518e+03	7.601860e-05
1.760563e+03	7.697316e-05
1.765607e+03	7.793783e-05
1.770652e+03	7.891270e-05
1.775696e+03	7.989784e-05
1.780741e+03	8.089334e-05
1.785785e+03	8.189927e-05
1.790830e+03	8.291572e-05
1.795875e+03	8.394277e-05
1.800919e+03	8.498050e-05
1.805964e+03	8.602899e-05
1.811008e+03	8.708832e-05
1.816053e+03	8.815859e-05
1.821098e+03	8.923986e-05
1.826142e+03	9.033222e-05
1.831187e+03	9.143576e-05
1.836231e+03	9.255055e-05
1.841276e+03	9.367669e-05
1.846321e+03	9.481425e-05
1.851365e+03	9.596332e-05
1.856410e+03	9.712399e-05
1.861454e+03	9.829633e-05
1.866499e+03	9.948043e-05
1.871544e+03	1.006764e-04
1.876588e+03	1.018843e-04
1.881633e+03	1.031041e-04
1.886677e+03	1.043361e-04
1.891722e+03	1.055803e-04
1.896767e+03	1.068368e-04
1.901811e+03	1.081056e-04
1.906856e+03	1.093868e-04
1.911900e+03	1.106806e-04
1.916945e+03	1.119869e-04
1.921989e+03	1.133060e-04
1.927034e+03	1.146379e-04
1.932079e+03	1.159826e-04
1.937123e+03	1.173403e-04
1.942168e+03	1.187110e-04
1.947212e+03	1.200949e-04
1.952257e+03	1.214919e-04
1.957302e+03	1.229023e-04
1.962346e+03	1.243261e-04
1.967391e+03	1.257633e-04
1.972435e+03	1.272141e-04
1.977480e+03	1.286785e-04
1.982525e+03	1.301566e-04
1.987569e+03	1.316486e-04
1.992614e+03	1.331545e-04
1.997658e+03	1.346744e-04
2.002703e+03	1.362083e-04
2.007748e+03	1.377564e-04
2.012792e+03	1.393188e-04
2.017837e+03	1.408955e-04
2.022881e+03	1.424866e-04
2.027926e+03	1.440922e-04
2.032970e+03	1.457124e-04
2.038015e+03	1.473473e-04
2.043060e+03	1.489970e-04
2.048104e+03	1.506615e-04
2.053149e+03	1.523409e-04
2.058193e+03	1.540354e-04
2.063238e+03	1.557449e-04
2.068283e+03	1.574697e-04
2.073327e+03	1.592097e-04
2.078372e+03	1.609651e-04
2.083416e+03	1.627359e-04
2.088461e+03	1.645223e-04
2.093506e+03	1.663243e-04
2.098550e+03	1.681420e-04
2.103595e+03	1.699754e-04
2.108639e+03	1.718247e-04
2.113684e+03	1.736900e-04
2.118729e+03	1.755713e-04
2.123773e+03	1.774687e-04
2.128818e+03	1.793823e-04
2.133862e+03	1.813122e-04
2.138907e+03	1.832585e-04
2.143952e+03	1.852212e-04
2.148996e+03	1.872004e-04
2.154041e+03	1.891962e-04
2.159085e+03	1.912087e-04
2.164130e+03	1.932380e-04
2.169174e+03	1.952841e-04
2.174219e+03	1.973471e-04
2.179264e+03	1.994272e-04
2.184308e+03	2.015243e-04
2.189353e+03	2.036386e-04
2.194397e+03	2.057701e-04
2.199442e+03	2.079190e-04
2.204487e+03	2.100852e-04
2.209531e+03	2.122689e-04
2.214576e+03	2.144701e-04
2.219620e+03	2.166890e-04
2.224665e+03	2.189256e-04
2.229710e+03	2.211799e-04
2.234754e+03	2.234521e-04
2.239799e+03	2.257422e-04
2.244843e+03	2.280503e-04
2.249888e+03	2.303765e-04
2.254933e+03	2.327208e-04
2.259977e+03	2.350833e-04
2.265022e+03	2.374641e-04
2.270066e+03	2.398632e-04
2.275111e+03	2.422808e-04
2.280155e+03	2.447168e-04
2.285200e+03	2.471714e-04
2.290245e+03	2.496446e-04
2.295289e+03	2.521366e-04
2.300334e+03	2.546472e-04
2.305378e+03	2.571767e-04
2.310423e+03	2.597251e-04
2.315468e+03	2.622924e-04
2.320512e+03	2.648788e-04
2.325557e+03	2.674842e-04
2.330601e+03	2.701087e-04
2.335646e+03	2.727525e-04
2.340691e+03	2.754155e-04
2.345735e+03	2.780979e-04
2.350780e+03	2.807996e-04
2.355824e+03	2.835207e-04
2.360869e+03	2.862614e-04
2.365914e+03	2.890216e-04
2.370958e+03	2.918014e-04
2.376003e+03	2.946008e-04
2.381047e+03	2.974200e-04
2.386092e+03	3.002589e-04
2.391137e+03	3.031177e-04
2.396181e+03	3.059963e-04
2.401226e+03	3.088948e-04
2.406270e+03	3.118133e-04
2.411315e+03	3.147519e-04
2.416359e+03	3.177104e-04
2.421404e+03	3.206891e-04
2.426449e+03	3.236880e-04
2.431493e+03	3.267070e-04
2.436538e+03	3.297462e-04
2.441582e+03	3.328058e-04
2.446627e+03	3.358856e-04
2.451672e+03	3.389859e-04
2.456716e+03	3.421065e-04
2.461761e+03	3.452475e-04
2.466805e+03	3.484091e-04
2.471850e+03	3.515911e-04
2.476895e+03	3.547936e-04
2.481939e+03	3.580168e-04
2.486984e+03	3.612605e-04
2.492028e+03	3.645249e-04
2.497073e+03	3.678099e-04
2.502118e+03	3.711156e-04
2.507162e+03	3.744421e-04
2.512207e+03	3.777892e-04
2.517251e+03	3.811572e-04
2.522296e+03	3.845459e-04
2.527340e+03	3.879554e-04
2.532385e+03	3.913858e-04
2.537430e+03	3.948370e-04
2.542474e+03	3.983091e-04
2.547519e+03	4.018020e-04
2.552563e+03	4.053159e-04
2.557608e+03	4.088506e-04
2.562653e+03	4.124063e-04
2.567697e+03	4.159829e-04
2.572742e+03	4.195804e-04
2.577786e+03	4.231989e-04
2.582831e+03	4.268384e-04
2.587876e+03	4.304988e-04
2.592920e+03	4.341801e-04
2.597965e+03	4.378824e-04
2.603009e+03	4.416057e-04
2.608054e+03	4.453500e-04
2.613099e+03	4.491152e-04
2.618143e+03	4.529013e-04
2.623188e+03	4.567084e-04
2.628232e+03	4.605364e-04
2.633277e+03	4.643854e-04
2.638322e+03	4.682553e-04
2.643366e+03	4.721461e-04
2.648411e+03	4.760578e-04
2.653455e+03	4.799903e-04
2.658500e+03	4.839438e-04
2.663544e+03	4.879180e-04
2.668589e+03	4.919131e-04
2.673634e+03	4.959290e-04
2.678678e+03	4.999656e-04
2.683723e+03	5.040230e-04
2.688767e+03	5.081012e-04
2.693812e+03	5.122000e-04
2.698857e+03	5.163195e-04
2.703901e+03	5.204596e-04
2.708946e+03	5.246203e-04
2.713990e+03	5.288015e-04
2.719035e+03	5.330033e-04
2.724080e+03	5.372256e-04
2.729124e+03	5.414683e-04
2.734169e+03	5.457314e-04
2.739213e+03	5.500148e-04
2.744258e+03	5.543186e-04
2.749303e+03	5.586426e-04
2.754347e+03	5.629868e-04
2.759392e+03	5.673512e-04
2.764436e+03	5.717357e-04
2.769481e+03	5.761402e-04
2.774525e+03	5.805647e-04
2.779570e+03	5.850091e-04
2.784615e+03	5.894734e-04
2.789659e+03	5.939575e-04
2.794704e+03	5.984613e-04
2.799748e+03	6.029848e-04
2.804793e+03	6.075278e-04
2.809838e+03	6.120904e-04
2.814882e+03	6.166725e-04
2.819927e+03	6.212739e-04
2.824971e+03	6.258947e-04
2.830016e+03	6.305346e-04
2.835061e+03	6.351937e-04
2.840105e+03	6.398718e-04
2.845150e+03	6.445689e-04
2.850194e+03	6.492849e-04
2.855239e+03	6.540197e-04
2.860284e+03	6.587732e-04
2.865328e+03	6.635453e-04
2.870373e+03	6.683359e-04
2.875417e+03	6.731449e-04
2.880462e+03	6.779723e-04
2.885507e+03	6.828179e-04
2.890551e+03	6.876815e-04
2.895596e+03	6.925632e-04
2.900640e+03	6.974628e-04
2.905685e+03	7.023801e-04
2.910729e+03	7.073152e-04
2.915774e+03	7.122678e-04
2.920819e+03	7.172378e-04
2.925863e+03	7.222252e-04
2.930908e+03	7.272298e-04
2.935952e+03	7.322515e-04
2.940997e+03	7.372902e-04
2.946042e+03	7.423456e-04
2.951086e+03	7.474178e-04
2.956131e+03	7.525066e-04
2.961175e+03	7.576118e-04
2.966220e+03	7.627334e-04
2.971265e+03	7.678711e-04
2.976309e+03	7.730248e-04
2.981354e+03	7.781945e-04
2.986398e+03	7.833799e-04
2.991443e+03	7.885809e-04
2.996488e+03	7.937973e-04
3.001532e+03	7.990291e-04
3.006577e+03	8.042760e-04
3.011621e+03	8.095380e-04
3.016666e+03	8.148148e-04
3.021710e+03	8.201063e-04
3.026755e+03	8.254123e-04
3.031800e+03	8.307327e-04
3.036844e+03	8.360673e-04
3.041889e+03	8.414160e-04
3.046933e+03	8.467785e-04
3.051978e+03	8.521547e-04
3.057023e+03	8.575445e-04
3.062067e+03	8.629476e-04
3.067112e+03	8.683639e-04
3.072156e+03	8.737932e-04
3.077201e+03	8.792354e-04
3.082246e+03	8.846901e-04
3.087290e+03	8.901574e-04
3.092335e+03	8.956369e-04
3.097379e+03	9.011285e-04
3.102424e+03	9.066320e-04
3.107469e+03	9.121471e-04
3.112513e+03	9.176738e-04
3.117558e+03	9.232118e-04
3.122602e+03	9.287609e-04
3.127647e+03	9.343209e-04
3.132691e+03	9.398916e-04
3.137736e+03	9.454729e-04
3.142781e+03	9.510644e-04
3.147825e+03	9.566660e-04
3.152870e+03	9.622774e-04
3.157914e+03	9.678986e-04
3.162959e+03	9.735292e-04
3.168004e+03	9.791690e-04
3.173048e+03	9.848178e-04
3.178093e+03	9.904755e-04
3.183137e+03	9.961417e-04
3.188182e+03	1.001816e-03
3.193227e+03	1.007499e-03
3.198271e+03	1.013189e-03
3.203316e+03	1.018888e-03
3.208360e+03	1.024593e-03
3.213405e+03	1.030306e-03
3.218450e+03	1.036026e-03
3.223494e+03	1.041753e-03
3.228539e+03	1.047486e-03
3.233583e+03	1.053225e-03
3.238628e+03	1.058970e-03
3.243673e+03	1.064721e-03
3.248717e+03	1.070478e-03
3.253762e+03	1.076240e-03
3.258806e+03	1.082007e-03
3.263851e+03	1.087778e-03
3.268895e+03	1.093554e-03
3.273940e+03	1.099335e-03
3.278985e+03	1.105119e-03
3.284029e+03	1.110907e-03
3.289074e+03	1.116699e-03
3.294118e+03	1.122494e-03
3.299163e+03	1.128292e-03
3.304208e+03	1.134092e-03
3.309252e+03	1.139895e-03
3.314297e+03	1.145701e-03
3.319341e+03	1.151508e-03
3.324386e+03	1.157316e-03
3.329431e+03	1.163126e-03
3.334475e+03	1.168938e-03
3.339520e+03	1.174750e-03
3.344564e+03	1.180562e-03
3.349609e+03	1.186375e-03
3.354654e+03	1.192188e-03
3.359698e+03	1.198000e-03
3.364743e+03	1.203812e-03
3.369787e+03	1.209623e-03
3.374832e+03	1.215433e-03
3.379876e+03	1.221241e-03
3.384921e+03	1.227048e-03
3.389966e+03	1.232853e-03
3.395010e+03	1.238655e-03
3.400055e+03	1.244455e-03
3.405099e+03	1.250252e-03
3.410144e+03	1.256046e-03
3.415189e+03	1.261836e-03
3.420233e+03	1.267622e-03
3.425278e+03	1.273405e-03
3.430322e+03	1.279183e-03
3.435367e+03	1.284956e-03
3.440412e+03	1.290725e-03
3.445456e+03	1.296488e-03
3.450501e+03	1.302246e-03
3.455545e+03	1.307998e-03
3.460590e+03	1.313744e-03
3.465635e+03	1.319483e-03
3.470679e+03	1.325215e-03
3.475724e+03	1.330941e-03
3.480768e+03	1.336659e-03
3.485813e+03	1.342369e-03
3.490858e+03	1.348072e-03
3.495902e+03	1.353766e-03
3.500947e+03	1.359451e-03
3.505991e+03	1.365128e-03
3.511036e+03	1.370795e-03
3.516080e+03	1.376453e-03
3.521125e+03	1.382101e-03
3.526170e+03	1.387739e-03
3.531214e+03	1.393366e-03
3.536259e+03	1.398983e-03
3.541303e+03	1.404588e-03
3.546348e+03	1.410182e-03
3.551393e+03	1.415765e-03
3.556437e+03	1.421335e-03
3.561482e+03	1.426893e-03
3.566526e+03	1.432438e-03
3.571571e+03	1.437970e-03
3.576616e+03	1.443489e-03
3.581660e+03	1.448994e-03
3.586705e+03	1.454486e-03
3.591749e+03	1.459963e-03
3.596794e+03	1.465425e-03
3.601839e+03	1.470873e-03
3.606883e+03	1.476305e-03
3.611928e+03	1.481722e-03
3.616972e+03	1.487123e-03
3.622017e+03	1.492508e-03
3.627061e+03	1.497876e-03
3.632106e+03	1.503228e-03
3.637151e+03	1.508562e-03
3.642195e+03	1.513879e-03
3.647240e+03	1.519178e-03
3.652284e+03	1.524459e-03
3.657329e+03	1.529722e-03
3.662374e+03	1.534966e-03
3.667418e+03	1.540191e-03
3.672463e+03	1.545397e-03
3.677507e+03	1.550583e-03
3.682552e+03	1.555749e-03
3.687597e+03	1.560895e-03
3.692641e+03	1.566020e-03
3.697686e+03	1.571124e-03
3.702730e+03	1.576207e-03
3.707775e+03	1.581269e-03
3.712820e+03	1.586309e-03
3.717864e+03	1.591326e-03
3.722909e+03	1.596321e-03
3.727953e+03	1.601293e-03
3.732998e+03	1.606242e-03
3.738043e+03	1.611168e-03
3.743087e+03	1.616070e-03
3.748132e+03	1.620948e-03
3.753176e+03	1.625802e-03
3.758221e+03	1.630631e-03
3.763265e+03	1.635435e-03
3.768310e+03	1.640213e-03
3.773355e+03	1.644967e-03
3.778399e+03	1.649694e-03
3.783444e+03	1.654395e-03
3.788488e+03	1.659070e-03
3.793533e+03	1.663718e-03
3.798578e+03	1.668339e-03
3.803622e+03	1.672933e-03
3.808667e+03	1.677499e-03
3.813711e+03	1.682037e-03
3.818756e+03	1.686546e-03
3.823801e+03	1.691028e-03
3.828845e+03	1.695480e-03
3.833890e+03	1.699903e-03
3.838934e+03	1.704297e-03
3.843979e+03	1.708662e-03
3.849024e+03	1.712996e-03
3.854068e+03	1.717300e-03
3.859113e+03	1.721573e-03
3.864157e+03	1.725816e-03
3.869202e+03	1.730027e-03
3.874246e+03	1.734207e-03
3.879291e+03	1.738356e-03
3.884336e+03	1.742472e-03
3.889380e+03	1.746557e-03
3.894425e+03	1.750609e-03
3.899469e+03	1.754628e-03
3.904514e+03	1.758614e-03
3.909559e+03	1.762567e-03
3.914603e+03	1.766486e-03
3.919648e+03	1.770371e-03
3.924692e+03	1.774223e-03
3.929737e+03	1.778040e-03
3.934782e+03	1.781822e-03
3.939826e+03	1.785570e-03
3.944871e+03	1.789282e-03
3.949915e+03	1.792959e-03
3.954960e+03	1.796601e-03
3.960005e+03	1.800206e-03
3.965049e+03	1.803776e-03
3.970094e+03	1.807309e-03
3.975138e+03	1.810806e-03
3.980183e+03	1.814266e-03
3.985228e+03	1.817688e-03
3.990272e+03	1.821074e-03
3.995317e+03	1.824422e-03
4.000361e+03	1.827732e-03
4.005406e+03	1.831004e-03
4.010450e+03	1.834238e-03
4.015495e+03	1.837434e-03
4.020540e+03	1.840591e-03
4.025584e+03	1.843709e-03
4.030629e+03	1.846788e-03
4.035673e+03	1.849827e-03
4.040718e+03	1.852828e-03
4.045763e+03	1.855788e-03
4.050807e+03	1.858709e-03
4.055852e+03	1.861589e-03
4.060896e+03	1.864429e-03
4.065941e+03	1.867229e-03
4.070986e+03	1.869988e-03
4.076030e+03	1.872706e-03
4.081075e+03	1.875382e-03
4.086119e+03	1.878018e-03
4.091164e+03	1.880612e-03
4.096209e+03	1.883165e-03
4.101253e+03	1.885675e-03
4.106298e+03	1.888144e-03
4.111342e+03	1.890570e-03
4.116387e+03	1.892954e-03
4.121431e+03	1.895296e-03
4.126476e+03	1.897595e-03
4.131521e+03	1.899851e-03
4.136565e+03	1.902063e-03
4.141610e+03	1.904233e-03
4.146654e+03	1.906360e-03
4.151699e+03	1.908443e-03
4.156744e+03	1.910482e-03
4.161788e+03	1.912478e-03
4.166833e+03	1.914430e-03
4.171877e+03	1.916337e-03
4.176922e+03	1.918201e-03
4.181967e+03	1.920020e-03
4.187011e+03	1.921795e-03
4.192056e+03	1.923525e-03
4.197100e+03	1.925210e-03
4.202145e+03	1.926851e-03
4.207190e+03	1.928447e-03
4.212234e+03	1.929997e-03
4.217279e+03	1.931503e-03
4.222323e+03	1.932963e-03
4.227368e+03	1.934378e-03
4.232413e+03	1.935748e-03
4.237457e+03	1.937072e-03
4.242502e+03	1.938350e-03
4.247546e+03	1.939582e-03
4.252591e+03	1.940769e-03
4.257635e+03	1.941910e-03
4.262680e+03	1.943004e-03
4.267725e+03	1.944053e-03
4.272769e+03	1.945055e-03
4.277814e+03	1.946012e-03
4.282858e+03	1.946922e-03
4.287903e+03	1.947785e-03
4.292948e+03	1.948602e-03
4.297992e+03	1.949373e-03
4.303037e+03	1.950097e-03
4.308081e+03	1.950775e-03
4.313126e+03	1.951405e-03
4.318171e+03	1.951990e-03
4.323215e+03	1.952527e-03
4.328260e+03	1.953018e-03
4.333304e+03	1.953462e-03
4.338349e+03	1.953859e-03
4.343394e+03	1.954209e-03
4.348438e+03	1.954512e-03
4.353483e+03	1.954769e-03
4.358527e+03	1.954978e-03
4.363572e+03	1.955141e-03
4.368616e+03	1.955256e-03
4.373661e+03	1.955325e-03
4.378706e+03	1.955346e-03
4.383750e+03	1.955321e-03
4.388795e+03	1.955249e-03
4.393839e+03	1.955129e-03
4.398884e+03	1.954963e-03
4.403929e+03	1.954750e-03
4.408973e+03	1.954490e-03
4.414018e+03	1.954183e-03
4.419062e+03	1.953829e-03
4.424107e+03	1.953428e-03
4.429152e+03	1.952980e-03
4.434196e+03	1.952486e-03
4.439241e+03	1.951945e-03
4.444285e+03	1.951357e-03
4.449330e+03	1.950722e-03
4.454375e+03	1.950041e-03
4.459419e+03	1.949313e-03
4.464464e+03	1.948539e-03
4.469508e+03	1.947718e-03
4.474553e+03	1.946851e-03
4.479598e+03	1.945937e-03
4.484642e+03	1.944977e-03
4.489687e+03	1.943971e-03
4.494731e+03	1.942919e-03
4.499776e+03	1.941820e-03
4.504820e+03	1.940676e-03
4.509865e+03	1.939486e-03
4.514910e+03	1.938250e-03
4.519954e+03	1.936968e-03
4.524999e+03	1.935640e-03
4.530043e+03	1.934267e-03
4.535088e+03	1.932849e-03
4.540133e+03	1.931385e-03
4.545177e+03	1.929875e-03
4.550222e+03	1.928321e-03
4.555266e+03	1.926722e-03
4.560311e+03	1.925078e-03
4.565356e+03	1.923389e-03
4.570400e+03	1.921655e-03
4.575445e+03	1.919877e-03
4.580489e+03	1.918054e-03
4.585534e+03	1.916187e-03
4.590579e+03	1.914276e-03
4.595623e+03	1.912320e-03
4.600668e+03	1.910321e-03
4.605712e+03	1.908278e-03
4.610757e+03	1.906192e-03
4.615801e+03	1.904062e-03
4.620846e+03	1.901889e-03
4.625891e+03	1.899672e-03
4.630935e+03	1.897413e-03
4.635980e+03	1.895111e-03
4.641024e+03	1.892766e-03
4.646069e+03	1.890378e-03
4.651114e+03	1.887949e-03
4.656158e+03	1.885477e-03
4.661203e+03	1.882963e-03
4.666247e+03	1.880407e-03
4.671292e+03	1.877810e-03
4.676337e+03	1.875171e-03
4.681381e+03	1.872491e-03
4.686426e+03	1.869769e-03
4.691470e+03	1.867007e-03
4.696515e+03	1.864204e-03
4.701560e+03	1.861361e-03
4.706604e+03	1.858477e-03
4.711649e+03	1.855554e-03
4.716693e+03	1.852590e-03
4.721738e+03	1.849587e-03
4.726783e+03	1.846544e-03
4.731827e+03	1.843462e-03
4.736872e+03	1.840341e-03
4.741916e+03	1.837181e-03
4.746961e+03	1.833982e-03
4.752005e+03	1.830745e-03
4.757050e+03	1.827470e-03
4.762095e+03	1.824156e-03
4.767139e+03	1.820805e-03
4.772184e+03	1.817417e-03
4.777228e+03	1.813991e-03
4.782273e+03	1.810528e-03
4.787318e+03	1.807029e-03
4.792362e+03	1.803493e-03
4.797407e+03	1.799920e-03
4.802451e+03	1.796312e-03
4.807496e+03	1.792667e-03
4.812541e+03	1.788987e-03
4.817585e+03	1.785272e-03
4.822630e+03	1.781522e-03
4.827674e+03	1.777737e-03
4.832719e+03	1.773917e-03
4.837764e+03	1.770063e-03
4.842808e+03	1.766175e-03
4.847853e+03	1.762253e-03
4.852897e+03	1.758297e-03
4.857942e+03	1.754309e-03
4.862986e+03	1.750287e-03
4.868031e+03	1.746233e-03
4.873076e+03	1.742146e-03
4.878120e+03	1.738027e-03
4.883165e+03	1.733876e-03
4.888209e+03	1.729693e-03
4.893254e+03	1.725479e-03
4.898299e+03	1.721234e-03
4.903343e+03	1.716958e-03
4.908388e+03	1.712652e-03
4.913432e+03	1.708315e-03
4.918477e+03	1.703948e-03
4.923522e+03	1.699552e-03
4.928566e+03	1.695126e-03
4.933611e+03	1.690672e-03
4.938655e+03	1.686188e-03
4.943700e+03	1.681676e-03
4.948745e+03	1.677136e-03
4.953789e+03	1.672568e-03
4.958834e+03	1.667972e-03
4.963878e+03	1.663349e-03
4.968923e+03	1.658699e-03
4.973967e+03	1.654022e-03
4.979012e+03	1.649318e-03
4.984057e+03	1.644589e-03
4.989101e+03	1.639834e-03
4.994146e+03	1.635053e-03
4.999190e+03	1.630247e-03
5.004235e+03	1.625416e-03
5.009280e+03	1.620560e-03
5.014324e+03	1.615680e-03
5.019369e+03	1.610776e-03
5.024413e+03	1.605849e-03
5.029458e+03	1.600898e-03
5.034503e+03	1.595924e-03
5.039547e+03	1.590927e-03
5.044592e+03	1.585908e-03
5.049636e+03	1.580866e-03
5.054681e+03	1.575803e-03
5.059726e+03	1.570718e-03
5.064770e+03	1.565612e-03
5.069815e+03	1.560486e-03
5.074859e+03	1.555338e-03
5.079904e+03	1.550170e-03
5.084949e+03	1.544983e-03
5.089993e+03	1.539776e-03
5.095038e+03	1.534549e-03
5.100082e+03	1.529303e-03
5.105127e+03	1.524039e-03
5.110171e+03	1.518757e-03
5.115216e+03	1.513456e-03
5.120261e+03	1.508138e-03
5.125305e+03	1.502802e-03
5.130350e+03	1.497449e-03
5.135394e+03	1.492079e-03
5.140439e+03	1.486693e-03
5.145484e+03	1.481291e-03
5.150528e+03	1.475873e-03
5.155573e+03	1.470439e-03
5.160617e+03	1.464990e-03
5.165662e+03	1.459527e-03
5.170707e+03	1.454048e-03
5.175751e+03	1.448556e-03
5.180796e+03	1.443050e-03
5.185840e+03	1.437530e-03
5.190885e+03	1.431996e-03
5.195930e+03	1.426450e-03
5.200974e+03	1.420891e-03
5.206019e+03	1.415320e-03
5.211063e+03	1.409737e-03
5.216108e+03	1.404142e-03
5.221152e+03	1.398536e-03
5.226197e+03	1.392918e-03
5.231242e+03	1.387290e-03
5.236286e+03	1.381651e-03
5.241331e+03	1.376003e-03
5.246375e+03	1.370344e-03
5.251420e+03	1.364676e-03
5.256465e+03	1.358999e-03
5.261509e+03	1.353312e-03
5.266554e+03	1.347618e-03
5.271598e+03	1.341915e-03
5.276643e+03	1.336204e-03
5.281688e+03	1.330485e-03
5.286732e+03	1.324759e-03
5.291777e+03	1.319026e-03
5.296821e+03	1.313286e-03
5.301866e+03	1.307540e-03
5.306911e+03	1.301787e-03
5.311955e+03	1.296029e-03
5.317000e+03	1.290266e-03
5.322044e+03	1.284497e-03
5.327089e+03	1.278723e-03
5.332134e+03	1.272944e-03
5.337178e+03	1.267161e-03
5.342223e+03	1.261375e-03
5.347267e+03	1.255584e-03
5.352312e+03	1.249790e-03
5.357356e+03	1.243993e-03
5.362401e+03	1.238193e-03
5.367446e+03	1.232390e-03
5.372490e+03	1.226585e-03
5.377535e+03	1.220778e-03
5.382579e+03	1.214970e-03
5.387624e+03	1.209160e-03
5.392669e+03	1.203349e-03
5.397713e+03	1.197537e-03
5.402758e+03	1.191724e-03
5.407802e+03	1.185912e-03
5.412847e+03	1.180099e-03
5.417892e+03	1.174286e-03
5.422936e+03	1.168475e-03
5.427981e+03	1.162663e-03
5.433025e+03	1.156853e-03
5.438070e+03	1.151045e-03
5.443115e+03	1.145238e-03
5.448159e+03	1.139433e-03
5.453204e+03	1.133630e-03
5.458248e+03	1.127830e-03
5.463293e+03	1.122032e-03
5.468337e+03	1.116237e-03
5.473382e+03	1.110446e-03
5.478427e+03	1.104658e-03
5.483471e+03	1.098874e-03
5.488516e+03	1.093094e-03
5.493560e+03	1.087318e-03
5.498605e+03	1.081547e-03
5.503650e+03	1.075780e-03
5.508694e+03	1.070019e-03
5.513739e+03	1.064263e-03
5.518783e+03	1.058512e-03
5.523828e+03	1.052767e-03
5.528873e+03	1.047029e-03
5.533917e+03	1.041296e-03
5.538962e+03	1.035570e-03
5.544006e+03	1.029851e-03
5.549051e+03	1.024138e-03
5.554096e+03	1.018433e-03
5.559140e+03	1.012736e-03
5.564185e+03	1.007046e-03
5.569229e+03	1.001364e-03
5.574274e+03	9.956898e-04
5.579319e+03	9.900243e-04
5.584363e+03	9.843674e-04
5.589408e+03	9.787192e-04
5.594452e+03	9.730801e-04
5.599497e+03	9.674503e-04
5.604541e+03	9.618299e-04
5.609586e+03	9.562192e-04
5.614631e+03	9.506184e-04
5.619675e+03	9.450277e-04
5.624720e+03	9.394473e-04
5.629764e+03	9.338775e-04
5.634809e+03	9.283183e-04
5.639854e+03	9.227701e-04
5.644898e+03	9.172330e-04
5.649943e+03	9.117072e-04
5.654987e+03	9.061930e-04
5.660032e+03	9.006904e-04
5.665077e+03	8.951998e-04
5.670121e+03	8.897213e-04
5.675166e+03	8.842550e-04
5.680210e+03	8.788012e-04
5.685255e+03	8.733601e-04
5.690300e+03	8.679318e-04
5.695344e+03	8.625166e-04
5.700389e+03	8.571145e-04
5.705433e+03	8.517258e-04
5.710478e+03	8.463507e-04
5.715522e+03	8.409892e-04
5.720567e+03	8.356417e-04
5.725612e+03	8.303082e-04
5.730656e+03	8.249889e-04
5.735701e+03	8.196841e-04
5.740745e+03	8.143937e-04
5.745790e+03	8.091181e-04
5.750835e+03	8.038574e-04
5.755879e+03	7.986116e-04
5.760924e+03	7.933811e-04
5.765968e+03	7.881658e-04
5.771013e+03	7.829661e-04
5.776058e+03	7.777819e-04
5.781102e+03	7.726135e-04
5.786147e+03	7.674611e-04
5.791191e+03	7.623246e-04
5.796236e+03	7.572044e-04
5.801281e+03	7.521005e-04
5.806325e+03	7.470130e-04
5.811370e+03	7.419422e-04
5.816414e+03	7.368880e-04
5.821459e+03	7.318507e-04
5.826504e+03	7.268304e-04
5.831548e+03	7.218272e-04
5.836593e+03	7.168412e-04
5.841637e+03	7.118725e-04
5.846682e+03	7.069213e-04
5.851726e+03	7.019876e-04
5.856771e+03	6.970717e-04
5.861816e+03	6.921735e-04
5.866860e+03	6.872933e-04
5.871905e+03	6.824311e-04
5.876949e+03	6.775869e-04
5.881994e+03	6.727611e-04
5.887039e+03	6.679535e-04
5.892083e+03	6.631644e-04
5.897128e+03	6.583937e-04
5.902172e+03	6.536417e-04
5.907217e+03	6.489084e-04
5.912262e+03	6.441939e-04
5.917306e+03	6.394983e-04
5.922351e+03	6.348217e-04
5.927395e+03	6.301642e-04
5.932440e+03	6.255257e-04
5.937485e+03	6.209065e-04
5.942529e+03	6.163067e-04
5.947574e+03	6.117261e-04
5.952618e+03	6.071651e-04
5.957663e+03	6.026236e-04
5.962707e+03	5.981017e-04
5.967752e+03	5.935994e-04
5.972797e+03	5.891169e-04
5.977841e+03	5.846542e-04
5.982886e+03	5.802114e-04
5.987930e+03	5.757885e-04
5.992975e+03	5.713855e-04
5.998020e+03	5.670027e-04
6.003064e+03	5.626399e-04
6.008109e+03	5.582973e-04
6.013153e+03	5.539749e-04
6.018198e+03	5.496728e-04
6.023243e+03	5.453909e-04
6.028287e+03	5.411295e-04
6.033332e+03	5.368884e-04
6.038376e+03	5.326677e-04
6.043421e+03	5.284676e-04
6.048466e+03	5.242880e-04
6.053510e+03	5.201289e-04
6.058555e+03	5.159904e-04
6.063599e+03	5.118726e-04
6.068644e+03	5.077754e-04
6.073689e+03	5.036990e-04
6.078733e+03	4.996432e-04
6.083778e+03	4.956082e-04
6.088822e+03	4.915940e-04
6.093867e+03	4.876006e-04
6.098911e+03	4.836280e-04
6.103956e+03	4.796762e-04
6.109001e+03	4.757453e-04
6.114045e+03	4.718353e-04
6.119090e+03	4.679461e-04
6.124134e+03	4.640779e-04
6.129179e+03	4.602306e-04
6.134224e+03	4.564043e-04
6.139268e+03	4.525988e-04
6.144313e+03	4.488144e-04
6.149357e+03	4.450508e-04
6.154402e+03	4.413083e-04
6.159447e+03	4.375866e-04
6.164491e+03	4.338860e-04
6.169536e+03	4.302063e-04
6.174580e+03	4.265476e-04
6.179625e+03	4.229098e-04
6.184670e+03	4.192930e-04
6.189714e+03	4.156971e-04
6.194759e+03	4.121222e-04
6.199803e+03	4.085682e-04
6.204848e+03	4.050351e-04
6.209892e+03	4.015229e-04
6.214937e+03	3.980316e-04
6.219982e+03	3.945612e-04
6.225026e+03	3.911117e-04
6.230071e+03	3.876830e-04
6.235115e+03	3.842751e-04
6.240160e+03	3.808880e-04
6.245205e+03	3.775217e-04
6.250249e+03	3.741762e-04
6.255294e+03	3.708514e-04
6.260338e+03	3.675474e-04
6.265383e+03	3.642640e-04
6.270428e+03	3.610013e-04
6.275472e+03	3.577592e-04
6.280517e+03	3.545377e-04
6.285561e+03	3.513368e-04
6.290606e+03	3.481564e-04
6.295651e+03	3.449965e-04
6.300695e+03	3.418571e-04
6.305740e+03	3.387381e-04
6.310784e+03	3.356395e-04
6.315829e+03	3.325612e-04
6.320874e+03	3.295033e-04
6.325918e+03	3.264657e-04
6.330963e+03	3.234482e-04
6.336007e+03	3.204510e-04
6.341052e+03	3.174739e-04
6.346096e+03	3.145170e-04
6.351141e+03	3.115800e-04
6.356186e+03	3.086631e-04
6.361230e+03	3.057662e-04
6.366275e+03	3.028892e-04
6.371319e+03	3.000320e-04
6.376364e+03	2.971946e-04
6.381409e+03	2.943770e-04
6.386453e+03	2.915791e-04
6.391498e+03	2.888009e-04
6.396542e+03	2.860423e-04
6.401587e+03	2.833032e-04
6.406632e+03	2.805836e-04
6.411676e+03	2.778834e-04
6.416721e+03	2.752026e-04
6.421765e+03	2.725411e-04
6.426810e+03	2.698989e-04
6.431855e+03	2.672759e-04
6.436899e+03	2.646720e-04
6.441944e+03	2.620871e-04
6.446988e+03	2.595213e-04
6.452033e+03	2.569744e-04
6.457077e+03	2.544465e-04
6.462122e+03	2.519373e-04
6.467167e+03	2.494469e-04
6.472211e+03	2.469751e-04
6.477256e+03	2.445220e-04
6.482300e+03	2.420874e-04
6.487345e+03	2.396714e-04
6.492390e+03	2.372737e-04
6.497434e+03	2.348944e-04
6.502479e+03	2.325333e-04
6.507523e+03	2.301905e-04
6.512568e+03	2.278657e-04
6.517613e+03	2.255591e-04
6.522657e+03	2.232704e-04
6.527702e+03	2.209996e-04
6.532746e+03	2.187467e-04
6.537791e+03	2.165116e-04
6.542836e+03	2.142941e-04
6.547880e+03	2.120942e-04
6.552925e+03	2.099119e-04
6.557969e+03	2.077471e-04
6.563014e+03	2.055996e-04
6.568059e+03	2.034695e-04
6.573103e+03	2.013566e-04
6.578148e+03	1.992608e-04
6.583192e+03	1.971821e-04
6.588237e+03	1.951204e-04
6.593281e+03	1.930757e-04
6.598326e+03	1.910477e-04
6.603371e+03	1.890365e-04
6.608415e+03	1.870421e-04
6.613460e+03	1.850642e-04
6.618504e+03	1.831028e-04
6.623549e+03	1.811578e-04
6.628594e+03	1.792292e-04
6.633638e+03	1.773169e-04
6.638683e+03	1.754208e-04
6.643727e+03	1.735408e-04
6.648772e+03	1.716768e-04
6.653817e+03	1.698287e-04
6.658861e+03	1.679965e-04
6.663906e+03	1.661801e-04
6.668950e+03	1.643794e-04
6.673995e+03	1.625942e-04
6.679040e+03	1.608246e-04
6.684084e+03	1.590705e-04
6.689129e+03	1.573317e-04
6.694173e+03	1.556081e-04
6.699218e+03	1.538998e-04
6.704262e+03	1.522065e-04
6.709307e+03	1.505283e-04
6.714352e+03	1.488650e-04
6.719396e+03	1.472165e-04
6.724441e+03	1.455828e-04
6.729485e+03	1.439637e-04
6.734530e+03	1.423593e-04
6.739575e+03	1.407693e-04
6.744619e+03	1.391938e-04
6.749664e+03	1.376325e-04
6.754708e+03	1.360856e-04
6.759753e+03	1.345527e-04
6.764798e+03	1.330340e-04
6.769842e+03	1.315292e-04
6.774887e+03	1.300384e-04
6.779931e+03	1.285613e-04
6.784976e+03	1.270980e-04
6.790021e+03	1.256483e-04
6.795065e+03	1.242121e-04
6.800110e+03	1.227894e-04
6.805154e+03	1.213801e-04
6.810199e+03	1.199841e-04
6.815243e+03	1.186013e-04
6.820288e+03	1.172316e-04
6.825333e+03	1.158750e-04
6.830377e+03	1.145313e-04
6.835422e+03	1.132004e-04
6.840466e+03	1.118824e-04
6.845511e+03	1.105770e-04
6.850556e+03	1.092842e-04
6.855600e+03	1.080040e-04
6.860645e+03	1.067362e-04
6.865689e+03	1.054807e-04
6.870734e+03	1.042375e-04
6.875779e+03	1.030065e-04
6.880823e+03	1.017876e-04
6.885868e+03	1.005806e-04
6.890912e+03	9.938564e-05
6.895957e+03	9.820248e-05
6.901002e+03	9.703107e-05
6.906046e+03	9.587133e-05
6.911091e+03	9.472318e-05
6.916135e+03	9.358654e-05
6.921180e+03	9.246130e-05
6.926225e+03	9.134741e-05
6.931269e+03	9.024476e-05
6.936314e+03	8.915329e-05
6.941358e+03	8.807290e-05
6.946403e+03	8.700351e-05
6.951447e+03	8.594504e-05
6.956492e+03	8.489741e-05
6.961537e+03	8.386054e-05
6.966581e+03	8.283433e-05
6.971626e+03	8.181872e-05
6.976670e+03	8.081363e-05
6.981715e+03	7.981896e-05
6.986760e+03	7.883464e-05
6.991804e+03	7.786058e-05
6.996849e+03	7.689672e-05
7.001893e+03	7.594296e-05
7.006938e+03	7.499923e-05
7.011983e+03	7.406545e-05
7.017027e+03	7.314154e-05
7.022072e+03	7.222742e-05
7.027116e+03	7.132301e-05
7.032161e+03	7.042823e-05
7.037206e+03	6.954301e-05
7.042250e+03	6.866726e-05
7.047295e+03	6.780092e-05
7.052339e+03	6.694389e-05
7.057384e+03	6.609612e-05
7.062428e+03	6.525750e-05
7.067473e+03	6.442799e-05
7.072518e+03	6.360749e-05
7.077562e+03	6.279592e-05
7.082607e+03	6.199323e-05
7.087651e+03	6.119932e-05
7.092696e+03	6.041413e-05
7.097741e+03	5.963759e-05
7.102785e+03	5.886960e-05
7.107830e+03	5.811012e-05
7.112874e+03	5.735905e-05
7.117919e+03	5.661633e-05
7.122964e+03	5.588189e-05
7.128008e+03	5.515564e-05
7.133053e+03	5.443753e-05
7.138097e+03	5.372748e-05
7.143142e+03	5.302541e-05
7.148187e+03	5.233127e-05
7.153231e+03	5.164496e-05
7.158276e+03	5.096644e-05
7.163320e+03	5.029562e-05
7.168365e+03	4.963244e-05
7.173410e+03	4.897682e-05
7.178454e+03	4.832871e-05
7.183499e+03	4.768802e-05
7.188543e+03	4.705470e-05
7.193588e+03	4.642868e-05
7.198632e+03	4.580988e-05
7.203677e+03	4.519824e-05
7.208722e+03	4.459370e-05
7.213766e+03	4.399619e-05
7.218811e+03	4.340564e-05
7.223855e+03	4.282199e-05
7.228900e+03	4.224518e-05
7.233945e+03	4.167513e-05
7.238989e+03	4.111178e-05
7.244034e+03	4.055508e-05
7.249078e+03	4.000495e-05
7.254123e+03	3.946134e-05
7.259168e+03	3.892418e-05
7.264212e+03	3.839341e-05
7.269257e+03	3.786897e-05
7.274301e+03	3.735080e-05
7.279346e+03	3.683883e-05
7.284391e+03	3.633300e-05
7.289435e+03	3.583326e-05
7.294480e+03	3.533954e-05
7.299524e+03	3.485179e-05
7.304569e+03	3.436995e-05
7.309613e+03	3.389395e-05
7.314658e+03	3.342374e-05
7.319703e+03	3.295927e-05
7.324747e+03	3.250046e-05
7.329792e+03	3.204728e-05
7.334836e+03	3.159965e-05
7.339881e+03	3.115753e-05
7.344926e+03	3.072086e-05
7.349970e+03	3.028957e-05
7.355015e+03	2.986363e-05
7.360059e+03	2.944297e-05
7.365104e+03	2.902753e-05
7.370149e+03	2.861728e-05
7.375193e+03	2.821214e-05
7.380238e+03	2.781206e-05
7.385282e+03	2.741701e-05
7.390327e+03	2.702691e-05
7.395372e+03	2.664173e-05
7.400416e+03	2.626140e-05
7.405461e+03	2.588589e-05
7.410505e+03	2.551513e-05
7.415550e+03	2.514907e-05
7.420595e+03	2.478767e-05
7.425639e+03	2.443088e-05
7.430684e+03	2.407864e-05
7.435728e+03	2.373092e-05
7.440773e+03	2.338765e-05
7.445817e+03	2.304880e-05
7.450862e+03	2.271430e-05
7.455907e+03	2.238413e-05
7.460951e+03	2.205822e-05
7.465996e+03	2.173654e-05
7.471040e+03	2.141904e-05
7.476085e+03	2.110566e-05
7.481130e+03	2.079637e-05
7.486174e+03	2.049112e-05
7.491219e+03	2.018987e-05
7.496263e+03	1.989256e-05
7.501308e+03	1.959917e-05
7.506353e+03	1.930964e-05
7.511397e+03	1.902392e-05
7.516442e+03	1.874199e-05
7.521486e+03	1.846379e-05
7.526531e+03	1.818928e-05
7.531576e+03	1.791842e-05
7.536620e+03	1.765118e-05
7.541665e+03	1.738750e-05
7.546709e+03	1.712734e-05
7.551754e+03	1.687068e-05
7.556798e+03	1.661746e-05
7.561843e+03	1.636765e-05
7.566888e+03	1.612121e-05
7.571932e+03	1.587810e-05
7.576977e+03	1.563827e-05
7.582021e+03	1.540170e-05
7.587066e+03	1.516835e-05
7.592111e+03	1.493817e-05
7.597155e+03	1.471113e-05
7.602200e+03	1.448719e-05
7.607244e+03	1.426632e-05
7.612289e+03	1.404848e-05
7.617334e+03	1.383363e-05
7.622378e+03	1.362174e-05
7.627423e+03	1.341278e-05
7.632467e+03	1.320670e-05
7.637512e+03	1.300348e-05
7.642557e+03	1.280308e-05
7.647601e+03	1.260546e-05
7.652646e+03	1.241059e-05
7.657690e+03	1.221845e-05
7.662735e+03	1.202899e-05
7.667780e+03	1.184218e-05
7.672824e+03	1.165799e-05
7.677869e+03	1.147640e-05
7.682913e+03	1.129736e-05
7.687958e+03	1.112084e-05
7.693002e+03	1.094682e-05
7.698047e+03	1.077527e-05
7.703092e+03	1.060615e-05
7.708136e+03	1.043943e-05
7.713181e+03	1.027509e-05
7.718225e+03	1.011309e-05
7.723270e+03	9.953402e-06
7.728315e+03	9.796003e-06
7.733359e+03	9.640862e-06
7.738404e+03	9.487951e-06
7.743448e+03	9.337240e-06
7.748493e+03	9.188702e-06
7.753538e+03	9.042310e-06
7.758582e+03	8.898037e-06
7.763627e+03	8.755855e-06
7.768671e+03	8.615738e-06
7.773716e+03	8.477660e-06
7.778761e+03	8.341594e-06
7.783805e+03	8.207515e-06
7.788850e+03	8.075397e-06
7.793894e+03	7.945215e-06
7.798939e+03	7.816944e-06
7.803983e+03	7.690559e-06
7.809028e+03	7.566035e-06
7.814073e+03	7.443349e-06
7.819117e+03	7.322477e-06
7.824162e+03	7.203394e-06
7.829206e+03	7.086078e-06
7.834251e+03	6.970505e-06
7.839296e+03	6.856652e-06
7.844340e+03	6.744497e-06
7.849385e+03	6.634017e-06
7.854429e+03	6.525189e-06
7.859474e+03	6.417993e-06
7.864519e+03	6.312407e-06
7.869563e+03	6.208408e-06
7.874608e+03	6.105976e-06
7.879652e+03	6.005090e-06
7.884697e+03	5.905728e-06
7.889742e+03	5.807872e-06
7.894786e+03	5.711499e-06
7.899831e+03	5.616591e-06
7.904875e+03	5.523127e-06
7.909920e+03	5.431088e-06
7.914965e+03	5.340455e-06
7.920009e+03	5.251208e-06
7.925054e+03	5.163328e-06
7.930098e+03	5.076797e-06
7.935143e+03	4.991596e-06
7.940187e+03	4.907707e-06
7.945232e+03	4.825112e-06
7.950277e+03	4.743794e-06
7.955321e+03	4.663733e-06
7.960366e+03	4.584914e-06
7.965410e+03	4.507318e-06
7.970455e+03	4.430930e-06
7.975500e+03	4.355731e-06
7.980544e+03	4.281706e-06
7.985589e+03	4.208837e-06
7.990633e+03	4.137109e-06
7.995678e+03	4.066506e-06
8.000723e+03	3.997012e-06
8.005767e+03	3.928611e-06
8.010812e+03	3.861288e-06
8.015856e+03	3.795028e-06
8.020901e+03	3.729815e-06
8.025946e+03	3.665634e-06
8.030990e+03	3.602471e-06
8.036035e+03	3.540312e-06
8.041079e+03	3.479141e-06
8.046124e+03	3.418946e-06
8.051168e+03	3.359711e-06
8.056213e+03	3.301423e-06
8.061258e+03	3.244068e-06
8.066302e+03	3.187633e-06
8.071347e+03	3.132105e-06
8.076391e+03	3.077470e-06
8.081436e+03	3.023716e-06
8.086481e+03	2.970829e-06
8.091525e+03	2.918797e-06
8.096570e+03	2.867607e-06
8.101614e+03	2.817248e-06
8.106659e+03	2.767706e-06
8.111704e+03	2.718970e-06
8.116748e+03	2.671028e-06
8.121793e+03	2.623869e-06
8.126837e+03	2.577480e-06
8.131882e+03	2.531851e-06
8.136927e+03	2.486969e-06
8.141971e+03	2.442825e-06
8.147016e+03	2.399406e-06
8.152060e+03	2.356703e-06
8.157105e+03	2.314704e-06
8.162150e+03	2.273399e-06
8.167194e+03	2.232777e-06
8.172239e+03	2.192829e-06
8.177283e+03	2.153543e-06
8.182328e+03	2.114910e-06
8.187372e+03	2.076921e-06
8.192417e+03	2.039565e-06
8.197462e+03	2.002833e-06
8.202506e+03	1.966715e-06
8.207551e+03	1.931202e-06
8.212595e+03	1.896285e-06
8.217640e+03	1.861954e-06
8.222685e+03	1.828201e-06
8.227729e+03	1.795017e-06
8.232774e+03	1.762392e-06
8.237818e+03	1.730319e-06
8.242863e+03	1.698789e-06
8.247908e+03	1.667794e-06
8.252952e+03	1.637324e-06
8.257997e+03	1.607373e-06
8.263041e+03	1.577931e-06
8.268086e+03	1.548992e-06
8.273131e+03	1.520547e-06
8.278175e+03	1.492588e-06
8.283220e+03	1.465109e-06
8.288264e+03	1.438100e-06
8.293309e+03	1.411556e-06
8.298353e+03	1.385468e-06
8.303398e+03	1.359830e-06
8.308443e+03	1.334634e-06
8.313487e+03	1.309874e-06
8.318532e+03	1.285542e-06
8.323576e+03	1.261632e-06
8.328621e+03	1.238136e-06
8.333666e+03	1.215049e-06
8.338710e+03	1.192364e-06
8.343755e+03	1.170074e-06
8.348799e+03	1.148174e-06
8.353844e+03	1.126656e-06
8.358889e+03	1.105515e-06
8.363933e+03	1.084745e-06
8.368978e+03	1.064339e-06
8.374022e+03	1.044292e-06
8.379067e+03	1.024598e-06
8.384112e+03	1.005251e-06
8.389156e+03	9.862461e-07
8.394201e+03	9.675771e-07
8.399245e+03	9.492386e-07
8.404290e+03	9.312254e-07
8.409335e+03	9.135320e-07
8.414379e+03	8.961533e-07
8.419424e+03	8.790840e-07
8.424468e+03	8.623192e-07
8.429513e+03	8.458537e-07
8.434557e+03	8.296828e-07
8.439602e+03	8.138014e-07
8.444647e+03	7.982049e-07
8.449691e+03	7.828884e-07
8.454736e+03	7.678474e-07
8.459780e+03	7.530773e-07
8.464825e+03	7.385736e-07
8.469870e+03	7.243318e-07
8.474914e+03	7.103475e-07
8.479959e+03	6.966165e-07
8.485003e+03	6.831345e-07
8.490048e+03	6.698974e-07
8.495093e+03	6.569009e-07
8.500137e+03	6.441412e-07
8.505182e+03	6.316141e-07
8.510226e+03	6.193157e-07
8.515271e+03	6.072422e-07
8.520316e+03	5.953898e-07
8.525360e+03	5.837547e-07
8.530405e+03	5.723333e-07
8.535449e+03	5.611218e-07
8.540494e+03	5.501167e-07
8.545538e+03	5.393145e-07
8.550583e+03	5.287117e-07
8.555628e+03	5.183049e-07
8.560672e+03	5.080908e-07
8.565717e+03	4.980660e-07
8.570761e+03	4.882272e-07
8.575806e+03	4.785713e-07
8.580851e+03	4.690951e-07
8.585895e+03	4.597955e-07
8.590940e+03	4.506694e-07
8.595984e+03	4.417139e-07
8.601029e+03	4.329259e-07
8.606074e+03	4.243025e-07
8.611118e+03	4.158410e-07
8.616163e+03	4.075384e-07
8.621207e+03	3.993919e-07
8.626252e+03	3.913989e-07
8.631297e+03	3.835567e-07
8.636341e+03	3.758625e-07
8.641386e+03	3.683139e-07
8.646430e+03	3.609082e-07
8.651475e+03	3.536429e-07
8.656520e+03	3.465155e-07
8.661564e+03	3.395236e-07
8.666609e+03	3.326648e-07
8.671653e+03	3.259367e-07
8.676698e+03	3.193371e-07
8.681742e+03	3.128635e-07
8.686787e+03	3.065138e-07
8.691832e+03	3.002858e-07
8.696876e+03	2.941772e-07
8.701921e+03	2.881860e-07
8.706965e+03	2.823101e-07
8.712010e+03	2.765473e-07
8.717055e+03	2.708956e-07
8.722099e+03	2.653530e-07
8.727144e+03	2.599176e-07
8.732188e+03	2.545874e-07
8.737233e+03	2.493606e-07
8.742278e+03	2.442352e-07
8.747322e+03	2.392094e-07
8.752367e+03	2.342813e-07
8.757411e+03	2.294493e-07
8.762456e+03	2.247116e-07
8.767501e+03	2.200664e-07
8.772545e+03	2.155120e-07
8.777590e+03	2.110468e-07
8.782634e+03	2.066692e-07
8.787679e+03	2.023775e-07
8.792723e+03	1.981702e-07
8.797768e+03	1.940457e-07
8.802813e+03	1.900024e-07
8.807857e+03	1.860390e-07
8.812902e+03	1.821538e-07
8.817946e+03	1.783455e-07
8.822991e+03	1.746126e-07
8.828036e+03	1.709538e-07
8.833080e+03	1.673676e-07
8.838125e+03	1.638526e-07
8.843169e+03	1.604077e-07
8.848214e+03	1.570314e-07
8.853259e+03	1.537225e-07
8.858303e+03	1.504797e-07
8.863348e+03	1.473017e-07
8.868392e+03	1.441874e-07
8.873437e+03	1.411356e-07
8.878482e+03	1.381450e-07
8.883526e+03	1.352146e-07
8.888571e+03	1.323431e-07
8.893615e+03	1.295295e-07
8.898660e+03	1.267727e-07
8.903704e+03	1.240716e-07
8.908749e+03	1.214251e-07
8.913794e+03	1.188322e-07
8.918838e+03	1.162919e-07
8.923883e+03	1.138031e-07
8.928927e+03	1.113649e-07
8.933972e+03	1.089764e-07
8.939017e+03	1.066365e-07
8.944061e+03	1.043444e-07
8.949106e+03	1.020990e-07
8.954150e+03	9.989963e-08
8.959195e+03	9.774525e-08
8.964240e+03	9.563504e-08
8.969284e+03	9.356813e-08
8.974329e+03	9.154369e-08
8.979373e+03	8.956091e-08
8.984418e+03	8.761896e-08
8.989463e+03	8.571706e-08
8.994507e+03	8.385443e-08
8.999552e+03	8.203031e-08
9.004596e+03	8.024394e-08
9.009641e+03	7.849458e-08
9.014686e+03	7.678152e-08
9.019730e+03	7.510404e-08
9.024775e+03	7.346144e-08
9.029819e+03	7.185304e-08
9.034864e+03	7.027817e-08
9.039908e+03	6.873617e-08
9.044953e+03	6.722638e-08
9.049998e+03	6.574818e-08
9.055042e+03	6.430094e-08
9.060087e+03	6.288404e-08
9.065131e+03	6.149688e-08
9.070176e+03	6.013888e-08
9.075221e+03	5.880946e-08
9.080265e+03	5.750804e-08
9.085310e+03	5.623407e-08
9.090354e+03	5.498701e-08
9.095399e+03	5.376630e-08
9.100444e+03	5.257144e-08
9.105488e+03	5.140189e-08
9.110533e+03	5.025715e-08
9.115577e+03	4.913673e-08
9.120622e+03	4.804013e-08
9.125667e+03	4.696687e-08
9.130711e+03	4.591649e-08
9.135756e+03	4.488853e-08
9.140800e+03	4.388252e-08
9.145845e+03	4.289803e-08
9.150889e+03	4.193461e-08
9.155934e+03	4.099185e-08
9.160979e+03	4.006932e-08
9.166023e+03	3.916662e-08
9.171068e+03	3.828333e-08
9.176112e+03	3.741906e-08
9.181157e+03	3.657342e-08
9.186202e+03	3.574603e-08
9.191246e+03	3.493653e-08
9.196291e+03	3.414453e-08
9.201335e+03	3.336969e-08
9.206380e+03	3.261165e-08
9.211425e+03	3.187006e-08
9.216469e+03	3.114459e-08
9.221514e+03	3.043490e-08
9.226558e+03	2.974067e-08
9.231603e+03	2.906157e-08
9.236648e+03	2.839730e-08
9.241692e+03	2.774755e-08
9.246737e+03	2.711201e-08
9.251781e+03	2.649040e-08
9.256826e+03	2.588241e-08
9.261871e+03	2.528777e-08
9.266915e+03	2.470620e-08
9.271960e+03	2.413742e-08
9.277004e+03	2.358117e-08
9.282049e+03	2.303718e-08
9.287093e+03	2.250521e-08
9.292138e+03	2.198499e-08
9.297183e+03	2.147628e-08
9.302227e+03	2.097884e-08
9.307272e+03	2.049242e-08
9.312316e+03	2.001681e-08
9.317361e+03	1.955176e-08
9.322406e+03	1.909706e-08
9.327450e+03	1.865248e-08
9.332495e+03	1.821782e-08
9.337539e+03	1.779286e-08
9.342584e+03	1.737739e-08
9.347629e+03	1.697122e-08
9.352673e+03	1.657414e-08
9.357718e+03	1.618597e-08
9.362762e+03	1.580650e-08
9.367807e+03	1.543557e-08
9.372852e+03	1.507297e-08
9.377896e+03	1.471854e-08
9.382941e+03	1.437210e-08
9.387985e+03	1.403347e-08
9.393030e+03	1.370250e-08
9.398074e+03	1.337900e-08
9.403119e+03	1.306284e-08
9.408164e+03	1.275383e-08
9.413208e+03	1.245184e-08
9.418253e+03	1.215671e-08
9.423297e+03	1.186828e-08
9.428342e+03	1.158642e-08
9.433387e+03	1.131099e-08
9.438431e+03	1.104183e-08
9.443476e+03	1.077883e-08
9.448520e+03	1.052183e-08
9.453565e+03	1.027071e-08
9.458610e+03	1.002535e-08
9.463654e+03	9.785613e-09
9.468699e+03	9.551379e-09
9.473743e+03	9.322528e-09
9.478788e+03	9.098942e-09
9.483833e+03	8.880505e-09
9.488877e+03	8.667104e-09
9.493922e+03	8.458628e-09
9.498966e+03	8.254968e-09
9.504011e+03	8.056018e-09
9.509056e+03	7.861674e-09
9.514100e+03	7.671834e-09
9.519145e+03	7.486398e-09
9.524189e+03	7.305269e-09
9.529234e+03	7.128351e-09
9.534278e+03	6.955551e-09
9.539323e+03	6.786776e-09
9.544368e+03	6.621938e-09
9.549412e+03	6.460948e-09
9.554457e+03	6.303721e-09
9.559501e+03	6.150172e-09
9.564546e+03	6.000219e-09
9.569591e+03	5.853781e-09
9.574635e+03	5.710780e-09
9.579680e+03	5.571139e-09
9.584724e+03	5.434782e-09
9.589769e+03	5.301635e-09
9.594814e+03	5.171625e-09
9.599858e+03	5.044683e-09
9.604903e+03	4.920738e-09
9.609947e+03	4.799723e-09
9.614992e+03	4.681572e-09
9.620037e+03	4.566219e-09
9.625081e+03	4.453602e-09
9.630126e+03	4.343658e-09
9.635170e+03	4.236326e-09
9.640215e+03	4.131548e-09
9.645259e+03	4.029264e-09
9.650304e+03	3.929417e-09
9.655349e+03	3.831953e-09
9.660393e+03	3.736817e-09
9.665438e+03	3.643955e-09
9.670482e+03	3.553315e-09
9.675527e+03	3.464847e-09
9.680572e+03	3.378500e-09
9.685616e+03	3.294226e-09
9.690661e+03	3.211977e-09
9.695705e+03	3.131706e-09
9.700750e+03	3.053368e-09
9.705795e+03	2.976918e-09
9.710839e+03	2.902313e-09
9.715884e+03	2.829509e-09
9.720928e+03	2.758465e-09
9.725973e+03	2.689140e-09
9.731018e+03	2.621495e-09
9.736062e+03	2.555490e-09
9.741107e+03	2.491087e-09
9.746151e+03	2.428248e-09
9.751196e+03	2.366938e-09
9.756241e+03	2.307121e-09
9.761285e+03	2.248761e-09
9.766330e+03	2.191825e-09
9.771374e+03	2.136279e-09
9.776419e+03	2.082090e-09
9.781463e+03	2.029228e-09
9.786508e+03	1.977660e-09
9.791553e+03	1.927356e-09
9.796597e+03	1.878287e-09
9.801642e+03	1.830423e-09
9.806686e+03	1.783735e-09
9.811731e+03	1.738197e-09
9.816776e+03	1.693781e-09
9.821820e+03	1.650460e-09
9.826865e+03	1.608209e-09
9.831909e+03	1.567001e-09
9.836954e+03	1.526813e-09
9.841999e+03	1.487619e-09
9.847043e+03	1.449397e-09
9.852088e+03	1.412123e-09
9.857132e+03	1.375775e-09
9.862177e+03	1.340329e-09
9.867222e+03	1.305766e-09
9.872266e+03	1.272064e-09
9.877311e+03	1.239201e-09
9.882355e+03	1.207159e-09
9.887400e+03	1.175917e-09
9.892444e+03	1.145456e-09
9.897489e+03	1.115757e-09
9.902534e+03	1.086802e-09
9.907578e+03	1.058573e-09
9.912623e+03	1.031053e-09
9.917667e+03	1.004223e-09
9.922712e+03	9.780689e-10
9.927757e+03	9.525727e-10
9.932801e+03	9.277188e-10
9.937846e+03	9.034917e-10
9.942890e+03	8.798762e-10
9.947935e+03	8.568573e-10
9.952980e+03	8.344206e-10
9.958024e+03	8.125519e-10
9.963069e+03	7.912373e-10
9.968113e+03	7.704633e-10
9.973158e+03	7.502167e-10
9.978203e+03	7.304846e-10
9.983247e+03	7.112545e-10
9.988292e+03	6.925139e-10
9.993336e+03	6.742509e-10
9.998381e+03	6.564538e-10
1.000343e+04	6.391111e-10
1.000847e+04	6.222116e-10
1.001351e+04	6.057444e-10
1.001856e+04	5.896989e-10
1.002360e+04	5.740646e-10
1.002865e+04	5.588314e-10
1.003369e+04	5.439893e-10
1.003874e+04	5.295287e-10
1.004378e+04	5.154401e-10
1.004883e+04	5.017143e-10
1.005387e+04	4.883423e-10
1.005892e+04	4.753153e-10
1.006396e+04	4.626247e-10
1.006901e+04	4.502620e-10
1.007405e+04	4.382193e-10
1.007909e+04	4.264883e-10
1.008414e+04	4.150615e-10
1.008918e+04	4.039311e-10
1.009423e+04	3.930897e-10
1.009927e+04	3.825301e-10
1.010432e+04	3.722452e-10
1.010936e+04	3.622282e-10
1.011441e+04	3.524722e-10
1.011945e+04	3.429708e-10
1.012450e+04	3.337174e-10
1.012954e+04	3.247060e-10
1.013458e+04	3.159302e-10
1.013963e+04	3.073843e-10
1.014467e+04	2.990624e-10
1.014972e+04	2.909587e-10
1.015476e+04	2.830679e-10
1.015981e+04	2.753844e-10
1.016485e+04	2.679031e-10
1.016990e+04	2.606187e-10
1.017494e+04	2.535263e-10
1.017999e+04	2.466210e-10
1.018503e+04	2.398980e-10
1.019008e+04	2.333527e-10
1.019512e+04	2.269805e-10
1.020016e+04	2.207770e-10
1.020521e+04	2.147379e-10
1.021025e+04	2.088590e-10
1.021530e+04	2.031361e-10
1.022034e+04	1.975654e-10
1.022539e+04	1.921427e-10
1.023043e+04	1.868644e-10
1.023548e+04	1.817268e-10
1.024052e+04	1.767261e-10
1.024557e+04	1.718589e-10
1.025061e+04	1.671218e-10
1.025566e+04	1.625113e-10
1.026070e+04	1.580243e-10
1.026574e+04	1.536574e-10
1.027079e+04	1.494076e-10
1.027583e+04	1.452719e-10
1.028088e+04	1.412472e-10
1.028592e+04	1.373308e-10
1.029097e+04	1.335197e-10
1.029601e+04	1.298113e-10
1.030106e+04	1.262028e-10
1.030610e+04	1.226917e-10
1.031115e+04	1.192754e-10
1.031619e+04	1.159515e-10
1.032123e+04	1.127175e-10
1.032628e+04	1.095710e-10
1.033132e+04	1.065099e-10
1.033637e+04	1.035317e-10
1.034141e+04	1.006344e-10
1.034646e+04	9.781589e-11
1.035150e+04	9.507399e-11
1.035655e+04	9.240673e-11
1.036159e+04	8.981214e-11
1.036664e+04	8.728831e-11
1.037168e+04	8.483336e-11
1.037673e+04	8.244547e-11
1.038177e+04	8.012288e-11
1.038681e+04	7.786384e-11
1.039186e+04	7.566668e-11
1.039690e+04	7.352975e-11
1.040195e+04	7.145146e-11
1.040699e+04	6.943024e-11
1.041204e+04	6.746457e-11
1.041708e+04	6.555298e-11
1.042213e+04	6.369403e-11
1.042717e+04	6.188630e-11
1.043222e+04	6.012844e-11
1.043726e+04	5.841911e-11
1.044230e+04	5.675700e-11
1.044735e+04	5.514086e-11
1.045239e+04	5.356945e-11
1.045744e+04	5.204157e-11
1.046248e+04	5.055606e-11
1.046753e+04	4.911177e-11
1.047257e+04	4.770759e-11
1.047762e+04	4.634245e-11
1.048266e+04	4.501529e-11
1.048771e+04	4.372509e-11
1.049275e+04	4.247084e-11
1.049780e+04	4.125159e-11
1.050284e+04	4.006637e-11
1.050788e+04	3.891427e-11
1.051293e+04	3.779439e-11
1.051797e+04	3.670586e-11
1.052302e+04	3.564782e-11
1.052806e+04	3.461945e-11
1.053311e+04	3.361994e-11
1.053815e+04	3.264850e-11
1.054320e+04	3.170437e-11
1.054824e+04	3.078680e-11
1.055329e+04	2.989507e-11
1.055833e+04	2.902847e-11
1.056338e+04	2.818631e-11
1.056842e+04	2.736793e-11
1.057346e+04	2.657267e-11
1.057851e+04	2.579990e-11
1.058355e+04	2.504900e-11
1.058860e+04	2.431938e-11
1.059364e+04	2.361043e-11
1.059869e+04	2.292161e-11
1.060373e+04	2.225234e-11
1.060878e+04	2.160210e-11
1.061382e+04	2.097036e-11
1.061887e+04	2.035660e-11
1.062391e+04	1.976033e-11
1.062895e+04	1.918106e-11
1.063400e+04	1.861833e-11
1.063904e+04	1.807167e-11
1.064409e+04	1.754065e-11
1.064913e+04	1.702481e-11
1.065418e+04	1.652375e-11
1.065922e+04	1.603705e-11
1.066427e+04	1.556432e-11
1.066931e+04	1.510515e-11
1.067436e+04	1.465918e-11
1.067940e+04	1.422604e-11
1.068445e+04	1.380536e-11
1.068949e+04	1.339680e-11
1.069453e+04	1.300002e-11
1.069958e+04	1.261468e-11
1.070462e+04	1.224048e-11
1.070967e+04	1.187709e-11
1.071471e+04	1.152421e-11
1.071976e+04	1.118155e-11
1.072480e+04	1.084881e-11
1.072985e+04	1.052572e-11
1.073489e+04	1.021201e-11
1.073994e+04	9.907416e-12
1.074498e+04	9.611672e-12
1.075003e+04	9.324532e-12
1.075507e+04	9.045754e-12
1.076011e+04	8.775099e-12
1.076516e+04	8.512338e-12
1.077020e+04	8.257246e-12
1.077525e+04	8.009607e-12
1.078029e+04	7.769207e-12
1.078534e+04	7.535842e-12
1.079038e+04	7.309312e-12
1.079543e+04	7.089420e-12
1.080047e+04	6.875978e-12
1.080552e+04	6.668803e-12
1.081056e+04	6.467714e-12
1.081560e+04	6.272538e-12
1.082065e+04	6.083106e-12
1.082569e+04	5.899252e-12
1.083074e+04	5.720819e-12
1.083578e+04	5.547649e-12
1.084083e+04	5.379591e-12
1.084587e+04	5.216500e-12
1.085092e+04	5.058231e-12
1.085596e+04	4.904646e-12
1.086101e+04	4.755611e-12
1.086605e+04	4.610993e-12
1.087110e+04	4.470666e-12
1.087614e+04	4.334505e-12
1.088118e+04	4.202390e-12
1.088623e+04	4.074204e-12
1.089127e+04	3.949834e-12
1.089632e+04	3.829168e-12
1.090136e+04	3.712099e-12
1.090641e+04	3.598522e-12
1.091145e+04	3.488337e-12
1.091650e+04	3.381445e-12
1.092154e+04	3.277749e-12
1.092659e+04	3.177157e-12
1.093163e+04	3.079578e-12
1.093667e+04	2.984925e-12
1.094172e+04	2.893111e-12
1.094676e+04	2.804053e-12
1.095181e+04	2.717672e-12
1.095685e+04	2.633889e-12
1.096190e+04	2.552627e-12
1.096694e+04	2.473813e-12
1.097199e+04	2.397375e-12
1.097703e+04	2.323243e-12
1.098208e+04	2.251349e-12
1.098712e+04	2.181628e-12
1.099217e+04	2.114015e-12
1.099721e+04	2.048448e-12
1.100225e+04	1.984867e-12
1.100730e+04	1.923213e-12
1.101234e+04	1.863430e-12
1.101739e+04	1.805461e-12
1.102243e+04	1.749254e-12
1.102748e+04	1.694756e-12
1.103252e+04	1.641917e-12
1.103757e+04	1.590687e-12
1.104261e+04	1.541018e-12
1.104766e+04	1.492864e-12
1.105270e+04	1.446180e-12
1.105775e+04	1.400922e-12
1.106279e+04	1.357049e-12
1.106783e+04	1.314517e-12
1.107288e+04	1.273288e-12
1.107792e+04	1.233323e-12
1.108297e+04	1.194583e-12
1.108801e+04	1.157032e-12
1.109306e+04	1.120635e-12
1.109810e+04	1.085356e-12
1.110315e+04	1.051163e-12
1.110819e+04	1.018023e-12
1.111324e+04	9.859036e-13
1.111828e+04	9.547749e-13
1.112332e+04	9.246068e-13
1.112837e+04	8.953704e-13
1.113341e+04	8.670377e-13
1.113846e+04	8.395813e-13
1.114350e+04	8.129749e-13
1.114855e+04	7.871927e-13
1.115359e+04	7.622098e-13
1.115864e+04	7.380021e-13
1.116368e+04	7.145461e-13
1.116873e+04	6.918189e-13
1.117377e+04	6.697986e-13
1.117882e+04	6.484635e-13
1.118386e+04	6.277930e-13
1.118890e+04	6.077667e-13
1.119395e+04	5.883652e-13
1.119899e+04	5.695693e-13
1.120404e+04	5.513606e-13
1.120908e+04	5.337212e-13
1.121413e+04	5.166337e-13
1.121917e+04	5.000813e-13
1.122422e+04	4.840476e-13
1.122926e+04	4.685167e-13
1.123431e+04	4.534732e-13
1.123935e+04	4.389022e-13
1.124440e+04	4.247892e-13
1.124944e+04	4.111201e-13
1.125448e+04	3.978814e-13
1.125953e+04	3.850596e-13
1.126457e+04	3.726421e-13
1.126962e+04	3.606164e-13
1.127466e+04	3.489704e-13
1.127971e+04	3.376924e-13
1.128475e+04	3.267710e-13
1.128980e+04	3.161952e-13
1.129484e+04	3.059544e-13
1.129989e+04	2.960381e-13
1.130493e+04	2.864364e-13
1.130997e+04	2.771394e-13
1.131502e+04	2.681377e-13
1.132006e+04	2.594222e-13
1.132511e+04	2.509839e-13
1.133015e+04	2.428143e-13
1.133520e+04	2.349049e-13
1.134024e+04	2.272478e-13
1.134529e+04	2.198349e-13
1.135033e+04	2.126588e-13
1.135538e+04	2.057119e-13
1.136042e+04	1.989872e-13
1.136547e+04	1.924778e-13
1.137051e+04	1.861767e-13
1.137555e+04	1.800777e-13
1.138060e+04	1.741742e-13
1.138564e+04	1.684603e-13
1.139069e+04	1.629298e-13
1.139573e+04	1.575772e-13
1.140078e+04	1.523967e-13
1.140582e+04	1.473830e-13
