# # p(y | x = 2.100000e-03)
# # y_val	p(y|x)
0.000000e+00	1.612687e-05
9.866476e+00	1.637908e-05
1.973295e+01	1.663481e-05
2.959943e+01	1.689412e-05
3.946590e+01	1.715703e-05
4.933238e+01	1.742361e-05
5.919885e+01	1.769388e-05
6.906533e+01	1.796789e-05
7.893180e+01	1.824570e-05
8.879828e+01	1.852733e-05
9.866476e+01	1.881284e-05
1.085312e+02	1.910227e-05
1.183977e+02	1.939567e-05
1.282642e+02	1.969308e-05
1.381307e+02	1.999456e-05
1.479971e+02	2.030014e-05
1.578636e+02	2.060987e-05
1.677301e+02	2.092381e-05
1.775966e+02	2.124199e-05
1.874630e+02	2.156448e-05
1.973295e+02	2.189131e-05
2.071960e+02	2.222255e-05
2.170625e+02	2.255822e-05
2.269289e+02	2.289840e-05
2.367954e+02	2.324312e-05
2.466619e+02	2.359245e-05
2.565284e+02	2.394642e-05
2.663948e+02	2.430510e-05
2.762613e+02	2.466853e-05
2.861278e+02	2.503677e-05
2.959943e+02	2.540987e-05
3.058607e+02	2.578789e-05
3.157272e+02	2.617087e-05
3.255937e+02	2.655888e-05
3.354602e+02	2.695197e-05
3.453266e+02	2.735019e-05
3.551931e+02	2.775360e-05
3.650596e+02	2.816225e-05
3.749261e+02	2.857621e-05
3.847925e+02	2.899552e-05
3.946590e+02	2.942025e-05
4.045255e+02	2.985046e-05
4.143920e+02	3.028620e-05
4.242585e+02	3.072753e-05
4.341249e+02	3.117451e-05
4.439914e+02	3.162720e-05
4.538579e+02	3.208567e-05
4.637244e+02	3.254996e-05
4.735908e+02	3.302015e-05
4.834573e+02	3.349629e-05
4.933238e+02	3.397845e-05
5.031903e+02	3.446668e-05
5.130567e+02	3.496105e-05
5.229232e+02	3.546163e-05
5.327897e+02	3.596848e-05
5.426562e+02	3.648165e-05
5.525226e+02	3.700123e-05
5.623891e+02	3.752726e-05
5.722556e+02	3.805982e-05
5.821221e+02	3.859897e-05
5.919885e+02	3.914478e-05
6.018550e+02	3.969731e-05
6.117215e+02	4.025664e-05
6.215880e+02	4.082282e-05
6.314544e+02	4.139593e-05
6.413209e+02	4.197604e-05
6.511874e+02	4.256321e-05
6.610539e+02	4.315751e-05
6.709203e+02	4.375902e-05
6.807868e+02	4.436780e-05
6.906533e+02	4.498393e-05
7.005198e+02	4.560746e-05
7.103862e+02	4.623849e-05
7.202527e+02	4.687707e-05
7.301192e+02	4.752329e-05
7.399857e+02	4.817720e-05
7.498521e+02	4.883889e-05
7.597186e+02	4.950843e-05
7.695851e+02	5.018590e-05
7.794516e+02	5.087136e-05
7.893180e+02	5.156489e-05
7.991845e+02	5.226657e-05
8.090510e+02	5.297647e-05
8.189175e+02	5.369467e-05
8.287839e+02	5.442125e-05
8.386504e+02	5.515627e-05
8.485169e+02	5.589983e-05
8.583834e+02	5.665199e-05
8.682499e+02	5.741284e-05
8.781163e+02	5.818244e-05
8.879828e+02	5.896089e-05
8.978493e+02	5.974826e-05
9.077158e+02	6.054463e-05
9.175822e+02	6.135008e-05
9.274487e+02	6.216468e-05
9.373152e+02	6.298853e-05
9.471817e+02	6.382170e-05
9.570481e+02	6.466427e-05
9.669146e+02	6.551632e-05
9.767811e+02	6.637795e-05
9.866476e+02	6.724921e-05
9.965140e+02	6.813021e-05
1.006381e+03	6.902103e-05
1.016247e+03	6.992174e-05
1.026113e+03	7.083244e-05
1.035980e+03	7.175320e-05
1.045846e+03	7.268411e-05
1.055713e+03	7.362525e-05
1.065579e+03	7.457672e-05
1.075446e+03	7.553859e-05
1.085312e+03	7.651095e-05
1.095179e+03	7.749389e-05
1.105045e+03	7.848749e-05
1.114912e+03	7.949185e-05
1.124778e+03	8.050704e-05
1.134645e+03	8.153315e-05
1.144511e+03	8.257028e-05
1.154378e+03	8.361851e-05
1.164244e+03	8.467793e-05
1.174111e+03	8.574862e-05
1.183977e+03	8.683068e-05
1.193844e+03	8.792419e-05
1.203710e+03	8.902925e-05
1.213576e+03	9.014593e-05
1.223443e+03	9.127434e-05
1.233309e+03	9.241457e-05
1.243176e+03	9.356669e-05
1.253042e+03	9.473081e-05
1.262909e+03	9.590701e-05
1.272775e+03	9.709539e-05
1.282642e+03	9.829603e-05
1.292508e+03	9.950903e-05
1.302375e+03	1.007345e-04
1.312241e+03	1.019725e-04
1.322108e+03	1.032231e-04
1.331974e+03	1.044864e-04
1.341841e+03	1.057626e-04
1.351707e+03	1.070516e-04
1.361574e+03	1.083537e-04
1.371440e+03	1.096689e-04
1.381307e+03	1.109972e-04
1.391173e+03	1.123388e-04
1.401040e+03	1.136938e-04
1.410906e+03	1.150623e-04
1.420772e+03	1.164443e-04
1.430639e+03	1.178399e-04
1.440505e+03	1.192493e-04
1.450372e+03	1.206726e-04
1.460238e+03	1.221097e-04
1.470105e+03	1.235609e-04
1.479971e+03	1.250263e-04
1.489838e+03	1.265058e-04
1.499704e+03	1.279996e-04
1.509571e+03	1.295078e-04
1.519437e+03	1.310306e-04
1.529304e+03	1.325679e-04
1.539170e+03	1.341199e-04
1.549037e+03	1.356866e-04
1.558903e+03	1.372683e-04
1.568770e+03	1.388649e-04
1.578636e+03	1.404765e-04
1.588503e+03	1.421033e-04
1.598369e+03	1.437453e-04
1.608236e+03	1.454027e-04
1.618102e+03	1.470755e-04
1.627968e+03	1.487638e-04
1.637835e+03	1.504678e-04
1.647701e+03	1.521874e-04
1.657568e+03	1.539229e-04
1.667434e+03	1.556742e-04
1.677301e+03	1.574415e-04
1.687167e+03	1.592250e-04
1.697034e+03	1.610245e-04
1.706900e+03	1.628404e-04
1.716767e+03	1.646726e-04
1.726633e+03	1.665212e-04
1.736500e+03	1.683864e-04
1.746366e+03	1.702682e-04
1.756233e+03	1.721668e-04
1.766099e+03	1.740821e-04
1.775966e+03	1.760144e-04
1.785832e+03	1.779637e-04
1.795699e+03	1.799300e-04
1.805565e+03	1.819135e-04
1.815432e+03	1.839143e-04
1.825298e+03	1.859324e-04
1.835164e+03	1.879680e-04
1.845031e+03	1.900211e-04
1.854897e+03	1.920918e-04
1.864764e+03	1.941802e-04
1.874630e+03	1.962864e-04
1.884497e+03	1.984105e-04
1.894363e+03	2.005526e-04
1.904230e+03	2.027127e-04
1.914096e+03	2.048910e-04
1.923963e+03	2.070874e-04
1.933829e+03	2.093022e-04
1.943696e+03	2.115354e-04
1.953562e+03	2.137871e-04
1.963429e+03	2.160573e-04
1.973295e+03	2.183462e-04
1.983162e+03	2.206538e-04
1.993028e+03	2.229802e-04
2.002895e+03	2.253254e-04
2.012761e+03	2.276897e-04
2.022627e+03	2.300730e-04
2.032494e+03	2.324754e-04
2.042360e+03	2.348971e-04
2.052227e+03	2.373380e-04
2.062093e+03	2.397983e-04
2.071960e+03	2.422781e-04
2.081826e+03	2.447773e-04
2.091693e+03	2.472962e-04
2.101559e+03	2.498347e-04
2.111426e+03	2.523929e-04
2.121292e+03	2.549710e-04
2.131159e+03	2.575690e-04
2.141025e+03	2.601869e-04
2.150892e+03	2.628248e-04
2.160758e+03	2.654829e-04
2.170625e+03	2.681611e-04
2.180491e+03	2.708596e-04
2.190358e+03	2.735783e-04
2.200224e+03	2.763175e-04
2.210091e+03	2.790771e-04
2.219957e+03	2.818572e-04
2.229823e+03	2.846578e-04
2.239690e+03	2.874792e-04
2.249556e+03	2.903212e-04
2.259423e+03	2.931839e-04
2.269289e+03	2.960675e-04
2.279156e+03	2.989719e-04
2.289022e+03	3.018973e-04
2.298889e+03	3.048437e-04
2.308755e+03	3.078112e-04
2.318622e+03	3.107997e-04
2.328488e+03	3.138095e-04
2.338355e+03	3.168404e-04
2.348221e+03	3.198926e-04
2.358088e+03	3.229661e-04
2.367954e+03	3.260610e-04
2.377821e+03	3.291773e-04
2.387687e+03	3.323151e-04
2.397554e+03	3.354744e-04
2.407420e+03	3.386553e-04
2.417287e+03	3.418577e-04
2.427153e+03	3.450818e-04
2.437019e+03	3.483276e-04
2.446886e+03	3.515952e-04
2.456752e+03	3.548845e-04
2.466619e+03	3.581956e-04
2.476485e+03	3.615285e-04
2.486352e+03	3.648834e-04
2.496218e+03	3.682601e-04
2.506085e+03	3.716588e-04
2.515951e+03	3.750795e-04
2.525818e+03	3.785222e-04
2.535684e+03	3.819869e-04
2.545551e+03	3.854738e-04
2.555417e+03	3.889826e-04
2.565284e+03	3.925137e-04
2.575150e+03	3.960668e-04
2.585017e+03	3.996421e-04
2.594883e+03	4.032396e-04
2.604750e+03	4.068594e-04
2.614616e+03	4.105013e-04
2.624483e+03	4.141654e-04
2.634349e+03	4.178519e-04
2.644215e+03	4.215605e-04
2.654082e+03	4.252915e-04
2.663948e+03	4.290447e-04
2.673815e+03	4.328202e-04
2.683681e+03	4.366181e-04
2.693548e+03	4.404382e-04
2.703414e+03	4.442806e-04
2.713281e+03	4.481454e-04
2.723147e+03	4.520324e-04
2.733014e+03	4.559418e-04
2.742880e+03	4.598734e-04
2.752747e+03	4.638274e-04
2.762613e+03	4.678036e-04
2.772480e+03	4.718021e-04
2.782346e+03	4.758229e-04
2.792213e+03	4.798659e-04
2.802079e+03	4.839312e-04
2.811946e+03	4.880187e-04
2.821812e+03	4.921285e-04
2.831678e+03	4.962604e-04
2.841545e+03	5.004145e-04
2.851411e+03	5.045907e-04
2.861278e+03	5.087890e-04
2.871144e+03	5.130095e-04
2.881011e+03	5.172520e-04
2.890877e+03	5.215165e-04
2.900744e+03	5.258031e-04
2.910610e+03	5.301116e-04
2.920477e+03	5.344420e-04
2.930343e+03	5.387944e-04
2.940210e+03	5.431686e-04
2.950076e+03	5.475646e-04
2.959943e+03	5.519823e-04
2.969809e+03	5.564218e-04
2.979676e+03	5.608830e-04
2.989542e+03	5.653657e-04
2.999409e+03	5.698701e-04
3.009275e+03	5.743959e-04
3.019142e+03	5.789432e-04
3.029008e+03	5.835119e-04
3.038874e+03	5.881019e-04
3.048741e+03	5.927133e-04
3.058607e+03	5.973458e-04
3.068474e+03	6.019994e-04
3.078340e+03	6.066742e-04
3.088207e+03	6.113699e-04
3.098073e+03	6.160866e-04
3.107940e+03	6.208241e-04
3.117806e+03	6.255824e-04
3.127673e+03	6.303614e-04
3.137539e+03	6.351610e-04
3.147406e+03	6.399811e-04
3.157272e+03	6.448217e-04
3.167139e+03	6.496826e-04
3.177005e+03	6.545638e-04
3.186872e+03	6.594652e-04
3.196738e+03	6.643866e-04
3.206605e+03	6.693280e-04
3.216471e+03	6.742893e-04
3.226338e+03	6.792704e-04
3.236204e+03	6.842711e-04
3.246070e+03	6.892915e-04
3.255937e+03	6.943312e-04
3.265803e+03	6.993903e-04
3.275670e+03	7.044687e-04
3.285536e+03	7.095661e-04
3.295403e+03	7.146826e-04
3.305269e+03	7.198180e-04
3.315136e+03	7.249721e-04
3.325002e+03	7.301448e-04
3.334869e+03	7.353360e-04
3.344735e+03	7.405457e-04
3.354602e+03	7.457735e-04
3.364468e+03	7.510195e-04
3.374335e+03	7.562835e-04
3.384201e+03	7.615652e-04
3.394068e+03	7.668647e-04
3.403934e+03	7.721818e-04
3.413801e+03	7.775162e-04
3.423667e+03	7.828679e-04
3.433534e+03	7.882368e-04
3.443400e+03	7.936225e-04
3.453266e+03	7.990251e-04
3.463133e+03	8.044444e-04
3.472999e+03	8.098801e-04
3.482866e+03	8.153321e-04
3.492732e+03	8.208003e-04
3.502599e+03	8.262845e-04
3.512465e+03	8.317846e-04
3.522332e+03	8.373003e-04
3.532198e+03	8.428315e-04
3.542065e+03	8.483779e-04
3.551931e+03	8.539396e-04
3.561798e+03	8.595161e-04
3.571664e+03	8.651074e-04
3.581531e+03	8.707134e-04
3.591397e+03	8.763337e-04
3.601264e+03	8.819682e-04
3.611130e+03	8.876167e-04
3.620997e+03	8.932791e-04
3.630863e+03	8.989551e-04
3.640729e+03	9.046445e-04
3.650596e+03	9.103471e-04
3.660462e+03	9.160628e-04
3.670329e+03	9.217913e-04
3.680195e+03	9.275324e-04
3.690062e+03	9.332859e-04
3.699928e+03	9.390516e-04
3.709795e+03	9.448292e-04
3.719661e+03	9.506186e-04
3.729528e+03	9.564196e-04
3.739394e+03	9.622319e-04
3.749261e+03	9.680553e-04
3.759127e+03	9.738895e-04
3.768994e+03	9.797344e-04
3.778860e+03	9.855897e-04
3.788727e+03	9.914552e-04
3.798593e+03	9.973306e-04
3.808460e+03	1.003216e-03
3.818326e+03	1.009110e-03
3.828193e+03	1.015014e-03
3.838059e+03	1.020927e-03
3.847925e+03	1.026849e-03
3.857792e+03	1.032779e-03
3.867658e+03	1.038717e-03
3.877525e+03	1.044664e-03
3.887391e+03	1.050618e-03
3.897258e+03	1.056579e-03
3.907124e+03	1.062548e-03
3.916991e+03	1.068524e-03
3.926857e+03	1.074507e-03
3.936724e+03	1.080496e-03
3.946590e+03	1.086491e-03
3.956457e+03	1.092492e-03
3.966323e+03	1.098499e-03
3.976190e+03	1.104511e-03
3.986056e+03	1.110528e-03
3.995923e+03	1.116550e-03
4.005789e+03	1.122577e-03
4.015656e+03	1.128608e-03
4.025522e+03	1.134643e-03
4.035389e+03	1.140682e-03
4.045255e+03	1.146724e-03
4.055121e+03	1.152769e-03
4.064988e+03	1.158817e-03
4.074854e+03	1.164868e-03
4.084721e+03	1.170921e-03
4.094587e+03	1.176976e-03
4.104454e+03	1.183033e-03
4.114320e+03	1.189091e-03
4.124187e+03	1.195150e-03
4.134053e+03	1.201210e-03
4.143920e+03	1.207271e-03
4.153786e+03	1.213332e-03
4.163653e+03	1.219392e-03
4.173519e+03	1.225453e-03
4.183386e+03	1.231512e-03
4.193252e+03	1.237571e-03
4.203119e+03	1.243628e-03
4.212985e+03	1.249684e-03
4.222852e+03	1.255738e-03
4.232718e+03	1.261789e-03
4.242585e+03	1.267838e-03
4.252451e+03	1.273885e-03
4.262317e+03	1.279927e-03
4.272184e+03	1.285967e-03
4.282050e+03	1.292002e-03
4.291917e+03	1.298034e-03
4.301783e+03	1.304061e-03
4.311650e+03	1.310083e-03
4.321516e+03	1.316100e-03
4.331383e+03	1.322111e-03
4.341249e+03	1.328117e-03
4.351116e+03	1.334117e-03
4.360982e+03	1.340110e-03
4.370849e+03	1.346096e-03
4.380715e+03	1.352076e-03
4.390582e+03	1.358047e-03
4.400448e+03	1.364012e-03
4.410315e+03	1.369968e-03
4.420181e+03	1.375915e-03
4.430048e+03	1.381854e-03
4.439914e+03	1.387784e-03
4.449780e+03	1.393704e-03
4.459647e+03	1.399615e-03
4.469513e+03	1.405516e-03
4.479380e+03	1.411406e-03
4.489246e+03	1.417285e-03
4.499113e+03	1.423153e-03
4.508979e+03	1.429010e-03
4.518846e+03	1.434855e-03
4.528712e+03	1.440687e-03
4.538579e+03	1.446508e-03
4.548445e+03	1.452315e-03
4.558312e+03	1.458109e-03
4.568178e+03	1.463890e-03
4.578045e+03	1.469657e-03
4.587911e+03	1.475410e-03
4.597778e+03	1.481148e-03
4.607644e+03	1.486871e-03
4.617511e+03	1.492579e-03
4.627377e+03	1.498271e-03
4.637244e+03	1.503948e-03
4.647110e+03	1.509608e-03
4.656976e+03	1.515252e-03
4.666843e+03	1.520878e-03
4.676709e+03	1.526488e-03
4.686576e+03	1.532079e-03
4.696442e+03	1.537653e-03
4.706309e+03	1.543208e-03
4.716175e+03	1.548745e-03
4.726042e+03	1.554263e-03
4.735908e+03	1.559761e-03
4.745775e+03	1.565239e-03
4.755641e+03	1.570698e-03
4.765508e+03	1.576136e-03
4.775374e+03	1.581553e-03
4.785241e+03	1.586949e-03
4.795107e+03	1.592324e-03
4.804974e+03	1.597677e-03
4.814840e+03	1.603008e-03
4.824707e+03	1.608316e-03
4.834573e+03	1.613602e-03
4.844440e+03	1.618865e-03
4.854306e+03	1.624104e-03
4.864172e+03	1.629319e-03
4.874039e+03	1.634510e-03
4.883905e+03	1.639676e-03
4.893772e+03	1.644818e-03
4.903638e+03	1.649935e-03
4.913505e+03	1.655026e-03
4.923371e+03	1.660091e-03
4.933238e+03	1.665130e-03
4.943104e+03	1.670142e-03
4.952971e+03	1.675128e-03
4.962837e+03	1.680087e-03
4.972704e+03	1.685018e-03
4.982570e+03	1.689921e-03
4.992437e+03	1.694796e-03
5.002303e+03	1.699643e-03
5.012170e+03	1.704461e-03
5.022036e+03	1.709249e-03
5.031903e+03	1.714009e-03
5.041769e+03	1.718738e-03
5.051636e+03	1.723438e-03
5.061502e+03	1.728107e-03
5.071368e+03	1.732745e-03
5.081235e+03	1.737352e-03
5.091101e+03	1.741928e-03
5.100968e+03	1.746473e-03
5.110834e+03	1.750985e-03
5.120701e+03	1.755465e-03
5.130567e+03	1.759913e-03
5.140434e+03	1.764327e-03
5.150300e+03	1.768709e-03
5.160167e+03	1.773057e-03
5.170033e+03	1.777371e-03
5.179900e+03	1.781651e-03
5.189766e+03	1.785896e-03
5.199633e+03	1.790107e-03
5.209499e+03	1.794283e-03
5.219366e+03	1.798424e-03
5.229232e+03	1.802529e-03
5.239099e+03	1.806599e-03
5.248965e+03	1.810632e-03
5.258831e+03	1.814629e-03
5.268698e+03	1.818589e-03
5.278564e+03	1.822512e-03
5.288431e+03	1.826398e-03
5.298297e+03	1.830247e-03
5.308164e+03	1.834057e-03
5.318030e+03	1.837830e-03
5.327897e+03	1.841564e-03
5.337763e+03	1.845260e-03
5.347630e+03	1.848917e-03
5.357496e+03	1.852535e-03
5.367363e+03	1.856113e-03
5.377229e+03	1.859652e-03
5.387096e+03	1.863151e-03
5.396962e+03	1.866609e-03
5.406829e+03	1.870028e-03
5.416695e+03	1.873405e-03
5.426562e+03	1.876742e-03
5.436428e+03	1.880038e-03
5.446295e+03	1.883292e-03
5.456161e+03	1.886505e-03
5.466027e+03	1.889676e-03
5.475894e+03	1.892805e-03
5.485760e+03	1.895892e-03
5.495627e+03	1.898936e-03
5.505493e+03	1.901938e-03
5.515360e+03	1.904896e-03
5.525226e+03	1.907812e-03
5.535093e+03	1.910684e-03
5.544959e+03	1.913513e-03
5.554826e+03	1.916297e-03
5.564692e+03	1.919038e-03
5.574559e+03	1.921735e-03
5.584425e+03	1.924387e-03
5.594292e+03	1.926995e-03
5.604158e+03	1.929558e-03
5.614025e+03	1.932076e-03
5.623891e+03	1.934549e-03
5.633758e+03	1.936977e-03
5.643624e+03	1.939359e-03
5.653491e+03	1.941695e-03
5.663357e+03	1.943986e-03
5.673223e+03	1.946230e-03
5.683090e+03	1.948429e-03
5.692956e+03	1.950581e-03
5.702823e+03	1.952687e-03
5.712689e+03	1.954746e-03
5.722556e+03	1.956758e-03
5.732422e+03	1.958723e-03
5.742289e+03	1.960641e-03
5.752155e+03	1.962512e-03
5.762022e+03	1.964336e-03
5.771888e+03	1.966112e-03
5.781755e+03	1.967840e-03
5.791621e+03	1.969521e-03
5.801488e+03	1.971154e-03
5.811354e+03	1.972738e-03
5.821221e+03	1.974275e-03
5.831087e+03	1.975763e-03
5.840954e+03	1.977203e-03
5.850820e+03	1.978595e-03
5.860687e+03	1.979938e-03
5.870553e+03	1.981232e-03
5.880419e+03	1.982478e-03
5.890286e+03	1.983675e-03
5.900152e+03	1.984822e-03
5.910019e+03	1.985921e-03
5.919885e+03	1.986971e-03
5.929752e+03	1.987971e-03
5.939618e+03	1.988922e-03
5.949485e+03	1.989824e-03
5.959351e+03	1.990676e-03
5.969218e+03	1.991479e-03
5.979084e+03	1.992233e-03
5.988951e+03	1.992936e-03
5.998817e+03	1.993591e-03
6.008684e+03	1.994195e-03
6.018550e+03	1.994750e-03
6.028417e+03	1.995255e-03
6.038283e+03	1.995710e-03
6.048150e+03	1.996115e-03
6.058016e+03	1.996471e-03
6.067882e+03	1.996776e-03
6.077749e+03	1.997032e-03
6.087615e+03	1.997238e-03
6.097482e+03	1.997393e-03
6.107348e+03	1.997499e-03
6.117215e+03	1.997555e-03
6.127081e+03	1.997560e-03
6.136948e+03	1.997516e-03
6.146814e+03	1.997422e-03
6.156681e+03	1.997278e-03
6.166547e+03	1.997084e-03
6.176414e+03	1.996839e-03
6.186280e+03	1.996545e-03
6.196147e+03	1.996201e-03
6.206013e+03	1.995808e-03
6.215880e+03	1.995364e-03
6.225746e+03	1.994870e-03
6.235613e+03	1.994327e-03
6.245479e+03	1.993734e-03
6.255346e+03	1.993091e-03
6.265212e+03	1.992399e-03
6.275078e+03	1.991657e-03
6.284945e+03	1.990865e-03
6.294811e+03	1.990024e-03
6.304678e+03	1.989134e-03
6.314544e+03	1.988194e-03
6.324411e+03	1.987205e-03
6.334277e+03	1.986166e-03
6.344144e+03	1.985079e-03
6.354010e+03	1.983943e-03
6.363877e+03	1.982757e-03
6.373743e+03	1.981523e-03
6.383610e+03	1.980240e-03
6.393476e+03	1.978908e-03
6.403343e+03	1.977527e-03
6.413209e+03	1.976098e-03
6.423076e+03	1.974621e-03
6.432942e+03	1.973096e-03
6.442809e+03	1.971522e-03
6.452675e+03	1.969900e-03
6.462542e+03	1.968231e-03
6.472408e+03	1.966513e-03
6.482274e+03	1.964748e-03
6.492141e+03	1.962935e-03
6.502007e+03	1.961075e-03
6.511874e+03	1.959168e-03
6.521740e+03	1.957213e-03
6.531607e+03	1.955212e-03
6.541473e+03	1.953164e-03
6.551340e+03	1.951069e-03
6.561206e+03	1.948927e-03
6.571073e+03	1.946739e-03
6.580939e+03	1.944505e-03
6.590806e+03	1.942225e-03
6.600672e+03	1.939899e-03
6.610539e+03	1.937528e-03
6.620405e+03	1.935111e-03
6.630272e+03	1.932648e-03
6.640138e+03	1.930140e-03
6.650005e+03	1.927588e-03
6.659871e+03	1.924990e-03
6.669738e+03	1.922348e-03
6.679604e+03	1.919662e-03
6.689470e+03	1.916931e-03
6.699337e+03	1.914156e-03
6.709203e+03	1.911338e-03
6.719070e+03	1.908476e-03
6.728936e+03	1.905570e-03
6.738803e+03	1.902621e-03
6.748669e+03	1.899630e-03
6.758536e+03	1.896595e-03
6.768402e+03	1.893518e-03
6.778269e+03	1.890399e-03
6.788135e+03	1.887237e-03
6.798002e+03	1.884034e-03
6.807868e+03	1.880789e-03
6.817735e+03	1.877503e-03
6.827601e+03	1.874175e-03
6.837468e+03	1.870807e-03
6.847334e+03	1.867398e-03
6.857201e+03	1.863949e-03
6.867067e+03	1.860459e-03
6.876933e+03	1.856929e-03
6.886800e+03	1.853360e-03
6.896666e+03	1.849751e-03
6.906533e+03	1.846103e-03
6.916399e+03	1.842417e-03
6.926266e+03	1.838691e-03
6.936132e+03	1.834927e-03
6.945999e+03	1.831125e-03
6.955865e+03	1.827286e-03
6.965732e+03	1.823408e-03
6.975598e+03	1.819494e-03
6.985465e+03	1.815542e-03
6.995331e+03	1.811553e-03
7.005198e+03	1.807529e-03
7.015064e+03	1.803467e-03
7.024931e+03	1.799370e-03
7.034797e+03	1.795238e-03
7.044664e+03	1.791070e-03
7.054530e+03	1.786867e-03
7.064397e+03	1.782629e-03
7.074263e+03	1.778357e-03
7.084129e+03	1.774050e-03
7.093996e+03	1.769710e-03
7.103862e+03	1.765336e-03
7.113729e+03	1.760929e-03
7.123595e+03	1.756489e-03
7.133462e+03	1.752017e-03
7.143328e+03	1.747512e-03
7.153195e+03	1.742975e-03
7.163061e+03	1.738406e-03
7.172928e+03	1.733806e-03
7.182794e+03	1.729175e-03
7.192661e+03	1.724513e-03
7.202527e+03	1.719820e-03
7.212394e+03	1.715098e-03
7.222260e+03	1.710345e-03
7.232127e+03	1.705563e-03
7.241993e+03	1.700752e-03
7.251860e+03	1.695912e-03
7.261726e+03	1.691043e-03
7.271593e+03	1.686146e-03
7.281459e+03	1.681222e-03
7.291325e+03	1.676269e-03
7.301192e+03	1.671290e-03
7.311058e+03	1.666284e-03
7.320925e+03	1.661251e-03
7.330791e+03	1.656191e-03
7.340658e+03	1.651106e-03
7.350524e+03	1.645996e-03
7.360391e+03	1.640860e-03
7.370257e+03	1.635699e-03
7.380124e+03	1.630513e-03
7.389990e+03	1.625304e-03
7.399857e+03	1.620070e-03
7.409723e+03	1.614813e-03
7.419590e+03	1.609533e-03
7.429456e+03	1.604229e-03
7.439323e+03	1.598904e-03
7.449189e+03	1.593556e-03
7.459056e+03	1.588186e-03
7.468922e+03	1.582795e-03
7.478789e+03	1.577382e-03
7.488655e+03	1.571949e-03
7.498521e+03	1.566495e-03
7.508388e+03	1.561021e-03
7.518254e+03	1.555527e-03
7.528121e+03	1.550014e-03
7.537987e+03	1.544482e-03
7.547854e+03	1.538931e-03
7.557720e+03	1.533361e-03
7.567587e+03	1.527774e-03
7.577453e+03	1.522168e-03
7.587320e+03	1.516546e-03
7.597186e+03	1.510906e-03
7.607053e+03	1.505249e-03
7.616919e+03	1.499577e-03
7.626786e+03	1.493888e-03
7.636652e+03	1.488183e-03
7.646519e+03	1.482464e-03
7.656385e+03	1.476729e-03
7.666252e+03	1.470980e-03
7.676118e+03	1.465216e-03
7.685984e+03	1.459438e-03
7.695851e+03	1.453647e-03
7.705717e+03	1.447843e-03
7.715584e+03	1.442025e-03
7.725450e+03	1.436195e-03
7.735317e+03	1.430353e-03
7.745183e+03	1.424499e-03
7.755050e+03	1.418634e-03
7.764916e+03	1.412757e-03
7.774783e+03	1.406869e-03
7.784649e+03	1.400971e-03
7.794516e+03	1.395063e-03
7.804382e+03	1.389145e-03
7.814249e+03	1.383217e-03
7.824115e+03	1.377280e-03
7.833982e+03	1.371335e-03
7.843848e+03	1.365380e-03
7.853715e+03	1.359418e-03
7.863581e+03	1.353448e-03
7.873448e+03	1.347470e-03
7.883314e+03	1.341485e-03
7.893180e+03	1.335494e-03
7.903047e+03	1.329496e-03
7.912913e+03	1.323491e-03
7.922780e+03	1.317481e-03
7.932646e+03	1.311465e-03
7.942513e+03	1.305444e-03
7.952379e+03	1.299418e-03
7.962246e+03	1.293388e-03
7.972112e+03	1.287353e-03
7.981979e+03	1.281315e-03
7.991845e+03	1.275273e-03
8.001712e+03	1.269227e-03
8.011578e+03	1.263179e-03
8.021445e+03	1.257128e-03
8.031311e+03	1.251075e-03
8.041178e+03	1.245020e-03
8.051044e+03	1.238963e-03
8.060911e+03	1.232904e-03
8.070777e+03	1.226845e-03
8.080644e+03	1.220785e-03
8.090510e+03	1.214724e-03
8.100376e+03	1.208663e-03
8.110243e+03	1.202602e-03
8.120109e+03	1.196542e-03
8.129976e+03	1.190483e-03
8.139842e+03	1.184424e-03
8.149709e+03	1.178367e-03
8.159575e+03	1.172312e-03
8.169442e+03	1.166258e-03
8.179308e+03	1.160207e-03
8.189175e+03	1.154158e-03
8.199041e+03	1.148112e-03
8.208908e+03	1.142069e-03
8.218774e+03	1.136030e-03
8.228641e+03	1.129994e-03
8.238507e+03	1.123962e-03
8.248374e+03	1.117934e-03
8.258240e+03	1.111911e-03
8.268107e+03	1.105892e-03
8.277973e+03	1.099879e-03
8.287839e+03	1.093871e-03
8.297706e+03	1.087869e-03
8.307572e+03	1.081872e-03
8.317439e+03	1.075882e-03
8.327305e+03	1.069898e-03
8.337172e+03	1.063920e-03
8.347038e+03	1.057950e-03
8.356905e+03	1.051986e-03
8.366771e+03	1.046031e-03
8.376638e+03	1.040082e-03
8.386504e+03	1.034142e-03
8.396371e+03	1.028210e-03
8.406237e+03	1.022287e-03
8.416104e+03	1.016372e-03
8.425970e+03	1.010466e-03
8.435837e+03	1.004569e-03
8.445703e+03	9.986816e-04
8.455570e+03	9.928039e-04
8.465436e+03	9.869361e-04
8.475303e+03	9.810784e-04
8.485169e+03	9.752311e-04
8.495035e+03	9.693944e-04
8.504902e+03	9.635685e-04
8.514768e+03	9.577537e-04
8.524635e+03	9.519501e-04
8.534501e+03	9.461580e-04
8.544368e+03	9.403776e-04
8.554234e+03	9.346092e-04
8.564101e+03	9.288529e-04
8.573967e+03	9.231089e-04
8.583834e+03	9.173775e-04
8.593700e+03	9.116589e-04
8.603567e+03	9.059532e-04
8.613433e+03	9.002608e-04
8.623300e+03	8.945817e-04
8.633166e+03	8.889162e-04
8.643033e+03	8.832644e-04
8.652899e+03	8.776267e-04
8.662766e+03	8.720031e-04
8.672632e+03	8.663938e-04
8.682499e+03	8.607991e-04
8.692365e+03	8.552192e-04
8.702231e+03	8.496541e-04
8.712098e+03	8.441041e-04
8.721964e+03	8.385694e-04
8.731831e+03	8.330501e-04
8.741697e+03	8.275465e-04
8.751564e+03	8.220586e-04
8.761430e+03	8.165867e-04
8.771297e+03	8.111310e-04
8.781163e+03	8.056915e-04
8.791030e+03	8.002684e-04
8.800896e+03	7.948620e-04
8.810763e+03	7.894724e-04
8.820629e+03	7.840996e-04
8.830496e+03	7.787440e-04
8.840362e+03	7.734056e-04
8.850229e+03	7.680845e-04
8.860095e+03	7.627810e-04
8.869962e+03	7.574951e-04
8.879828e+03	7.522270e-04
8.889695e+03	7.469769e-04
8.899561e+03	7.417449e-04
8.909427e+03	7.365311e-04
8.919294e+03	7.313356e-04
8.929160e+03	7.261586e-04
8.939027e+03	7.210002e-04
8.948893e+03	7.158605e-04
8.958760e+03	7.107397e-04
8.968626e+03	7.056379e-04
8.978493e+03	7.005551e-04
8.988359e+03	6.954916e-04
8.998226e+03	6.904474e-04
9.008092e+03	6.854226e-04
9.017959e+03	6.804173e-04
9.027825e+03	6.754317e-04
9.037692e+03	6.704659e-04
9.047558e+03	6.655199e-04
9.057425e+03	6.605939e-04
9.067291e+03	6.556879e-04
9.077158e+03	6.508020e-04
9.087024e+03	6.459364e-04
9.096890e+03	6.410912e-04
9.106757e+03	6.362663e-04
9.116623e+03	6.314620e-04
9.126490e+03	6.266783e-04
9.136356e+03	6.219152e-04
9.146223e+03	6.171729e-04
9.156089e+03	6.124515e-04
9.165956e+03	6.077509e-04
9.175822e+03	6.030714e-04
9.185689e+03	5.984128e-04
9.195555e+03	5.937755e-04
9.205422e+03	5.891593e-04
9.215288e+03	5.845643e-04
9.225155e+03	5.799907e-04
9.235021e+03	5.754385e-04
9.244888e+03	5.709077e-04
9.254754e+03	5.663985e-04
9.264621e+03	5.619107e-04
9.274487e+03	5.574446e-04
9.284354e+03	5.530001e-04
9.294220e+03	5.485774e-04
9.304086e+03	5.441764e-04
9.313953e+03	5.397972e-04
9.323819e+03	5.354398e-04
9.333686e+03	5.311044e-04
9.343552e+03	5.267908e-04
9.353419e+03	5.224992e-04
9.363285e+03	5.182296e-04
9.373152e+03	5.139820e-04
9.383018e+03	5.097565e-04
9.392885e+03	5.055531e-04
9.402751e+03	5.013718e-04
9.412618e+03	4.972126e-04
9.422484e+03	4.930756e-04
9.432351e+03	4.889608e-04
9.442217e+03	4.848682e-04
9.452084e+03	4.807978e-04
9.461950e+03	4.767496e-04
9.471817e+03	4.727237e-04
9.481683e+03	4.687201e-04
9.491550e+03	4.647387e-04
9.501416e+03	4.607796e-04
9.511282e+03	4.568429e-04
9.521149e+03	4.529284e-04
9.531015e+03	4.490362e-04
9.540882e+03	4.451664e-04
9.550748e+03	4.413188e-04
9.560615e+03	4.374936e-04
9.570481e+03	4.336906e-04
9.580348e+03	4.299100e-04
9.590214e+03	4.261516e-04
9.600081e+03	4.224156e-04
9.609947e+03	4.187018e-04
9.619814e+03	4.150102e-04
9.629680e+03	4.113410e-04
9.639547e+03	4.076939e-04
9.649413e+03	4.040691e-04
9.659280e+03	4.004665e-04
9.669146e+03	3.968861e-04
9.679013e+03	3.933279e-04
9.688879e+03	3.897918e-04
9.698746e+03	3.862778e-04
9.708612e+03	3.827859e-04
9.718478e+03	3.793161e-04
9.728345e+03	3.758683e-04
9.738211e+03	3.724426e-04
9.748078e+03	3.690389e-04
9.757944e+03	3.656571e-04
9.767811e+03	3.622972e-04
9.777677e+03	3.589592e-04
9.787544e+03	3.556431e-04
9.797410e+03	3.523488e-04
9.807277e+03	3.490762e-04
9.817143e+03	3.458255e-04
9.827010e+03	3.425964e-04
9.836876e+03	3.393889e-04
9.846743e+03	3.362031e-04
9.856609e+03	3.330389e-04
9.866476e+03	3.298962e-04
9.876342e+03	3.267749e-04
9.886209e+03	3.236751e-04
9.896075e+03	3.205967e-04
9.905941e+03	3.175396e-04
9.915808e+03	3.145038e-04
9.925674e+03	3.114892e-04
9.935541e+03	3.084958e-04
9.945407e+03	3.055235e-04
9.955274e+03	3.025723e-04
9.965140e+03	2.996420e-04
9.975007e+03	2.967328e-04
9.984873e+03	2.938444e-04
9.994740e+03	2.909769e-04
1.000461e+04	2.881301e-04
1.001447e+04	2.853041e-04
1.002434e+04	2.824987e-04
1.003421e+04	2.797139e-04
1.004407e+04	2.769496e-04
1.005394e+04	2.742057e-04
1.006381e+04	2.714823e-04
1.007367e+04	2.687791e-04
1.008354e+04	2.660963e-04
1.009340e+04	2.634336e-04
1.010327e+04	2.607910e-04
1.011314e+04	2.581685e-04
1.012300e+04	2.555660e-04
1.013287e+04	2.529833e-04
1.014274e+04	2.504205e-04
1.015260e+04	2.478775e-04
1.016247e+04	2.453541e-04
1.017234e+04	2.428504e-04
1.018220e+04	2.403662e-04
1.019207e+04	2.379014e-04
1.020194e+04	2.354561e-04
1.021180e+04	2.330300e-04
1.022167e+04	2.306231e-04
1.023154e+04	2.282355e-04
1.024140e+04	2.258668e-04
1.025127e+04	2.235172e-04
1.026113e+04	2.211865e-04
1.027100e+04	2.188746e-04
1.028087e+04	2.165814e-04
1.029073e+04	2.143069e-04
1.030060e+04	2.120510e-04
1.031047e+04	2.098136e-04
1.032033e+04	2.075946e-04
1.033020e+04	2.053939e-04
1.034007e+04	2.032114e-04
1.034993e+04	2.010472e-04
1.035980e+04	1.989010e-04
1.036967e+04	1.967727e-04
1.037953e+04	1.946624e-04
1.038940e+04	1.925699e-04
1.039927e+04	1.904952e-04
1.040913e+04	1.884380e-04
1.041900e+04	1.863984e-04
1.042886e+04	1.843763e-04
1.043873e+04	1.823715e-04
1.044860e+04	1.803841e-04
1.045846e+04	1.784138e-04
1.046833e+04	1.764606e-04
1.047820e+04	1.745245e-04
1.048806e+04	1.726052e-04
1.049793e+04	1.707029e-04
1.050780e+04	1.688172e-04
1.051766e+04	1.669482e-04
1.052753e+04	1.650958e-04
1.053740e+04	1.632598e-04
1.054726e+04	1.614402e-04
1.055713e+04	1.596369e-04
1.056700e+04	1.578498e-04
1.057686e+04	1.560787e-04
1.058673e+04	1.543237e-04
1.059659e+04	1.525846e-04
1.060646e+04	1.508614e-04
1.061633e+04	1.491538e-04
1.062619e+04	1.474619e-04
1.063606e+04	1.457856e-04
1.064593e+04	1.441247e-04
1.065579e+04	1.424791e-04
1.066566e+04	1.408488e-04
1.067553e+04	1.392337e-04
1.068539e+04	1.376337e-04
1.069526e+04	1.360486e-04
1.070513e+04	1.344784e-04
1.071499e+04	1.329231e-04
1.072486e+04	1.313824e-04
1.073473e+04	1.298563e-04
1.074459e+04	1.283448e-04
1.075446e+04	1.268476e-04
1.076432e+04	1.253648e-04
1.077419e+04	1.238963e-04
1.078406e+04	1.224418e-04
1.079392e+04	1.210015e-04
1.080379e+04	1.195750e-04
1.081366e+04	1.181624e-04
1.082352e+04	1.167636e-04
1.083339e+04	1.153785e-04
1.084326e+04	1.140069e-04
1.085312e+04	1.126489e-04
1.086299e+04	1.113042e-04
1.087286e+04	1.099728e-04
1.088272e+04	1.086546e-04
1.089259e+04	1.073496e-04
1.090246e+04	1.060575e-04
1.091232e+04	1.047784e-04
1.092219e+04	1.035121e-04
1.093205e+04	1.022586e-04
1.094192e+04	1.010177e-04
1.095179e+04	9.978941e-05
1.096165e+04	9.857356e-05
1.097152e+04	9.737009e-05
1.098139e+04	9.617890e-05
1.099125e+04	9.499991e-05
1.100112e+04	9.383303e-05
1.101099e+04	9.267815e-05
1.102085e+04	9.153520e-05
1.103072e+04	9.040409e-05
1.104059e+04	8.928471e-05
1.105045e+04	8.817699e-05
1.106032e+04	8.708084e-05
1.107019e+04	8.599616e-05
1.108005e+04	8.492286e-05
1.108992e+04	8.386086e-05
1.109979e+04	8.281007e-05
1.110965e+04	8.177040e-05
1.111952e+04	8.074176e-05
1.112938e+04	7.972407e-05
1.113925e+04	7.871724e-05
1.114912e+04	7.772117e-05
1.115898e+04	7.673579e-05
1.116885e+04	7.576101e-05
1.117872e+04	7.479673e-05
1.118858e+04	7.384289e-05
1.119845e+04	7.289938e-05
1.120832e+04	7.196612e-05
1.121818e+04	7.104304e-05
1.122805e+04	7.013004e-05
1.123792e+04	6.922704e-05
1.124778e+04	6.833396e-05
1.125765e+04	6.745071e-05
1.126752e+04	6.657722e-05
1.127738e+04	6.571339e-05
1.128725e+04	6.485914e-05
1.129711e+04	6.401440e-05
1.130698e+04	6.317908e-05
1.131685e+04	6.235310e-05
1.132671e+04	6.153638e-05
1.133658e+04	6.072883e-05
1.134645e+04	5.993039e-05
1.135631e+04	5.914096e-05
1.136618e+04	5.836047e-05
1.137605e+04	5.758884e-05
1.138591e+04	5.682598e-05
1.139578e+04	5.607184e-05
1.140565e+04	5.532631e-05
1.141551e+04	5.458933e-05
1.142538e+04	5.386082e-05
1.143525e+04	5.314070e-05
1.144511e+04	5.242890e-05
1.145498e+04	5.172534e-05
1.146484e+04	5.102994e-05
1.147471e+04	5.034264e-05
1.148458e+04	4.966334e-05
1.149444e+04	4.899199e-05
1.150431e+04	4.832850e-05
1.151418e+04	4.767281e-05
1.152404e+04	4.702483e-05
1.153391e+04	4.638450e-05
1.154378e+04	4.575175e-05
1.155364e+04	4.512649e-05
1.156351e+04	4.450867e-05
1.157338e+04	4.389821e-05
1.158324e+04	4.329504e-05
1.159311e+04	4.269909e-05
1.160298e+04	4.211028e-05
1.161284e+04	4.152856e-05
1.162271e+04	4.095385e-05
1.163257e+04	4.038608e-05
1.164244e+04	3.982518e-05
1.165231e+04	3.927110e-05
1.166217e+04	3.872375e-05
1.167204e+04	3.818307e-05
1.168191e+04	3.764901e-05
1.169177e+04	3.712148e-05
1.170164e+04	3.660043e-05
1.171151e+04	3.608579e-05
1.172137e+04	3.557750e-05
1.173124e+04	3.507548e-05
1.174111e+04	3.457969e-05
1.175097e+04	3.409005e-05
1.176084e+04	3.360651e-05
1.177071e+04	3.312899e-05
1.178057e+04	3.265744e-05
1.179044e+04	3.219180e-05
1.180030e+04	3.173200e-05
1.181017e+04	3.127799e-05
1.182004e+04	3.082970e-05
1.182990e+04	3.038707e-05
1.183977e+04	2.995006e-05
1.184964e+04	2.951858e-05
1.185950e+04	2.909260e-05
1.186937e+04	2.867205e-05
1.187924e+04	2.825686e-05
1.188910e+04	2.784700e-05
1.189897e+04	2.744239e-05
1.190884e+04	2.704298e-05
1.191870e+04	2.664872e-05
1.192857e+04	2.625955e-05
1.193844e+04	2.587542e-05
1.194830e+04	2.549627e-05
1.195817e+04	2.512204e-05
1.196803e+04	2.475269e-05
1.197790e+04	2.438816e-05
1.198777e+04	2.402839e-05
1.199763e+04	2.367334e-05
1.200750e+04	2.332296e-05
1.201737e+04	2.297718e-05
1.202723e+04	2.263596e-05
1.203710e+04	2.229925e-05
1.204697e+04	2.196701e-05
1.205683e+04	2.163917e-05
1.206670e+04	2.131569e-05
1.207657e+04	2.099652e-05
1.208643e+04	2.068161e-05
1.209630e+04	2.037091e-05
1.210617e+04	2.006438e-05
1.211603e+04	1.976197e-05
1.212590e+04	1.946363e-05
1.213576e+04	1.916931e-05
1.214563e+04	1.887897e-05
1.215550e+04	1.859257e-05
1.216536e+04	1.831005e-05
1.217523e+04	1.803137e-05
1.218510e+04	1.775649e-05
1.219496e+04	1.748536e-05
1.220483e+04	1.721794e-05
1.221470e+04	1.695419e-05
1.222456e+04	1.669406e-05
1.223443e+04	1.643751e-05
1.224430e+04	1.618449e-05
1.225416e+04	1.593497e-05
1.226403e+04	1.568891e-05
1.227390e+04	1.544626e-05
1.228376e+04	1.520698e-05
1.229363e+04	1.497104e-05
1.230350e+04	1.473838e-05
1.231336e+04	1.450898e-05
1.232323e+04	1.428279e-05
1.233309e+04	1.405978e-05
1.234296e+04	1.383990e-05
1.235283e+04	1.362312e-05
1.236269e+04	1.340940e-05
1.237256e+04	1.319870e-05
1.238243e+04	1.299099e-05
1.239229e+04	1.278623e-05
1.240216e+04	1.258438e-05
1.241203e+04	1.238540e-05
1.242189e+04	1.218927e-05
1.243176e+04	1.199594e-05
1.244163e+04	1.180538e-05
1.245149e+04	1.161756e-05
1.246136e+04	1.143245e-05
1.247123e+04	1.125000e-05
1.248109e+04	1.107018e-05
1.249096e+04	1.089297e-05
1.250082e+04	1.071832e-05
1.251069e+04	1.054621e-05
1.252056e+04	1.037661e-05
1.253042e+04	1.020947e-05
1.254029e+04	1.004478e-05
1.255016e+04	9.882498e-06
1.256002e+04	9.722594e-06
1.256989e+04	9.565037e-06
1.257976e+04	9.409798e-06
1.258962e+04	9.256847e-06
1.259949e+04	9.106155e-06
1.260936e+04	8.957691e-06
1.261922e+04	8.811427e-06
1.262909e+04	8.667335e-06
1.263896e+04	8.525386e-06
1.264882e+04	8.385551e-06
1.265869e+04	8.247804e-06
1.266855e+04	8.112117e-06
1.267842e+04	7.978462e-06
1.268829e+04	7.846812e-06
1.269815e+04	7.717142e-06
1.270802e+04	7.589425e-06
1.271789e+04	7.463635e-06
1.272775e+04	7.339746e-06
1.273762e+04	7.217733e-06
1.274749e+04	7.097570e-06
1.275735e+04	6.979234e-06
1.276722e+04	6.862698e-06
1.277709e+04	6.747940e-06
1.278695e+04	6.634935e-06
1.279682e+04	6.523658e-06
1.280669e+04	6.414088e-06
1.281655e+04	6.306200e-06
1.282642e+04	6.199972e-06
1.283628e+04	6.095380e-06
1.284615e+04	5.992403e-06
1.285602e+04	5.891018e-06
1.286588e+04	5.791204e-06
1.287575e+04	5.692938e-06
1.288562e+04	5.596200e-06
1.289548e+04	5.500968e-06
1.290535e+04	5.407221e-06
1.291522e+04	5.314939e-06
1.292508e+04	5.224101e-06
1.293495e+04	5.134687e-06
1.294482e+04	5.046677e-06
1.295468e+04	4.960052e-06
1.296455e+04	4.874791e-06
1.297442e+04	4.790876e-06
1.298428e+04	4.708288e-06
1.299415e+04	4.627008e-06
1.300401e+04	4.547017e-06
1.301388e+04	4.468297e-06
1.302375e+04	4.390830e-06
1.303361e+04	4.314599e-06
1.304348e+04	4.239584e-06
1.305335e+04	4.165770e-06
1.306321e+04	4.093138e-06
1.307308e+04	4.021672e-06
1.308295e+04	3.951355e-06
1.309281e+04	3.882170e-06
1.310268e+04	3.814101e-06
1.311255e+04	3.747132e-06
1.312241e+04	3.681247e-06
1.313228e+04	3.616430e-06
1.314215e+04	3.552665e-06
1.315201e+04	3.489937e-06
1.316188e+04	3.428230e-06
1.317174e+04	3.367531e-06
1.318161e+04	3.307823e-06
1.319148e+04	3.249093e-06
1.320134e+04	3.191326e-06
1.321121e+04	3.134507e-06
1.322108e+04	3.078623e-06
1.323094e+04	3.023659e-06
1.324081e+04	2.969603e-06
1.325068e+04	2.916440e-06
1.326054e+04	2.864157e-06
1.327041e+04	2.812741e-06
1.328028e+04	2.762178e-06
1.329014e+04	2.712457e-06
1.330001e+04	2.663564e-06
1.330988e+04	2.615487e-06
1.331974e+04	2.568214e-06
1.332961e+04	2.521732e-06
1.333948e+04	2.476029e-06
1.334934e+04	2.431094e-06
1.335921e+04	2.386914e-06
1.336907e+04	2.343479e-06
1.337894e+04	2.300776e-06
1.338881e+04	2.258795e-06
1.339867e+04	2.217525e-06
1.340854e+04	2.176954e-06
1.341841e+04	2.137072e-06
1.342827e+04	2.097868e-06
1.343814e+04	2.059332e-06
1.344801e+04	2.021453e-06
1.345787e+04	1.984221e-06
1.346774e+04	1.947626e-06
1.347761e+04	1.911658e-06
1.348747e+04	1.876308e-06
1.349734e+04	1.841565e-06
1.350721e+04	1.807420e-06
1.351707e+04	1.773864e-06
1.352694e+04	1.740887e-06
1.353680e+04	1.708481e-06
1.354667e+04	1.676636e-06
1.355654e+04	1.645343e-06
1.356640e+04	1.614594e-06
1.357627e+04	1.584380e-06
1.358614e+04	1.554692e-06
1.359600e+04	1.525523e-06
1.360587e+04	1.496863e-06
1.361574e+04	1.468705e-06
1.362560e+04	1.441041e-06
1.363547e+04	1.413862e-06
1.364534e+04	1.387162e-06
1.365520e+04	1.360931e-06
1.366507e+04	1.335163e-06
1.367494e+04	1.309850e-06
1.368480e+04	1.284985e-06
1.369467e+04	1.260560e-06
1.370453e+04	1.236569e-06
1.371440e+04	1.213004e-06
1.372427e+04	1.189858e-06
1.373413e+04	1.167125e-06
1.374400e+04	1.144797e-06
1.375387e+04	1.122869e-06
1.376373e+04	1.101333e-06
1.377360e+04	1.080182e-06
1.378347e+04	1.059412e-06
1.379333e+04	1.039015e-06
1.380320e+04	1.018985e-06
1.381307e+04	9.993164e-07
1.382293e+04	9.800028e-07
1.383280e+04	9.610384e-07
1.384267e+04	9.424175e-07
1.385253e+04	9.241342e-07
1.386240e+04	9.061829e-07
1.387226e+04	8.885581e-07
1.388213e+04	8.712543e-07
1.389200e+04	8.542661e-07
1.390186e+04	8.375881e-07
1.391173e+04	8.212153e-07
1.392160e+04	8.051423e-07
1.393146e+04	7.893641e-07
1.394133e+04	7.738758e-07
1.395120e+04	7.586724e-07
1.396106e+04	7.437491e-07
1.397093e+04	7.291011e-07
1.398080e+04	7.147237e-07
1.399066e+04	7.006122e-07
1.400053e+04	6.867622e-07
1.401040e+04	6.731692e-07
1.402026e+04	6.598286e-07
1.403013e+04	6.467363e-07
1.403999e+04	6.338879e-07
1.404986e+04	6.212792e-07
1.405973e+04	6.089060e-07
1.406959e+04	5.967644e-07
1.407946e+04	5.848502e-07
1.408933e+04	5.731595e-07
1.409919e+04	5.616885e-07
1.410906e+04	5.504332e-07
1.411893e+04	5.393900e-07
1.412879e+04	5.285552e-07
1.413866e+04	5.179250e-07
1.414853e+04	5.074959e-07
1.415839e+04	4.972643e-07
1.416826e+04	4.872269e-07
1.417813e+04	4.773801e-07
1.418799e+04	4.677206e-07
1.419786e+04	4.582451e-07
1.420772e+04	4.489503e-07
1.421759e+04	4.398331e-07
1.422746e+04	4.308902e-07
1.423732e+04	4.221186e-07
1.424719e+04	4.135152e-07
1.425706e+04	4.050770e-07
1.426692e+04	3.968010e-07
1.427679e+04	3.886845e-07
1.428666e+04	3.807244e-07
1.429652e+04	3.729180e-07
1.430639e+04	3.652625e-07
1.431626e+04	3.577553e-07
1.432612e+04	3.503935e-07
1.433599e+04	3.431747e-07
1.434586e+04	3.360962e-07
1.435572e+04	3.291554e-07
1.436559e+04	3.223499e-07
1.437545e+04	3.156772e-07
1.438532e+04	3.091350e-07
1.439519e+04	3.027207e-07
1.440505e+04	2.964321e-07
1.441492e+04	2.902668e-07
1.442479e+04	2.842227e-07
1.443465e+04	2.782975e-07
1.444452e+04	2.724890e-07
1.445439e+04	2.667950e-07
1.446425e+04	2.612135e-07
1.447412e+04	2.557423e-07
1.448399e+04	2.503795e-07
1.449385e+04	2.451230e-07
1.450372e+04	2.399708e-07
1.451359e+04	2.349211e-07
1.452345e+04	2.299719e-07
1.453332e+04	2.251213e-07
1.454319e+04	2.203675e-07
1.455305e+04	2.157086e-07
1.456292e+04	2.111430e-07
1.457278e+04	2.066689e-07
1.458265e+04	2.022845e-07
1.459252e+04	1.979882e-07
1.460238e+04	1.937782e-07
1.461225e+04	1.896530e-07
1.462212e+04	1.856111e-07
1.463198e+04	1.816507e-07
1.464185e+04	1.777703e-07
1.465172e+04	1.739685e-07
1.466158e+04	1.702438e-07
1.467145e+04	1.665946e-07
1.468132e+04	1.630195e-07
1.469118e+04	1.595172e-07
1.470105e+04	1.560863e-07
1.471092e+04	1.527252e-07
1.472078e+04	1.494329e-07
1.473065e+04	1.462078e-07
1.474051e+04	1.430488e-07
1.475038e+04	1.399545e-07
1.476025e+04	1.369238e-07
1.477011e+04	1.339553e-07
1.477998e+04	1.310479e-07
1.478985e+04	1.282003e-07
1.479971e+04	1.254116e-07
1.480958e+04	1.226804e-07
1.481945e+04	1.200057e-07
1.482931e+04	1.173863e-07
1.483918e+04	1.148213e-07
1.484905e+04	1.123095e-07
1.485891e+04	1.098499e-07
1.486878e+04	1.074415e-07
1.487865e+04	1.050832e-07
1.488851e+04	1.027742e-07
1.489838e+04	1.005133e-07
1.490824e+04	9.829977e-08
1.491811e+04	9.613256e-08
1.492798e+04	9.401077e-08
1.493784e+04	9.193351e-08
1.494771e+04	8.989990e-08
1.495758e+04	8.790907e-08
1.496744e+04	8.596018e-08
1.497731e+04	8.405240e-08
1.498718e+04	8.218489e-08
1.499704e+04	8.035687e-08
1.500691e+04	7.856754e-08
1.501678e+04	7.681614e-08
1.502664e+04	7.510190e-08
1.503651e+04	7.342407e-08
1.504638e+04	7.178193e-08
1.505624e+04	7.017476e-08
1.506611e+04	6.860186e-08
1.507597e+04	6.706254e-08
1.508584e+04	6.555612e-08
1.509571e+04	6.408193e-08
1.510557e+04	6.263932e-08
1.511544e+04	6.122766e-08
1.512531e+04	5.984631e-08
1.513517e+04	5.849467e-08
1.514504e+04	5.717212e-08
1.515491e+04	5.587808e-08
1.516477e+04	5.461195e-08
1.517464e+04	5.337318e-08
1.518451e+04	5.216121e-08
1.519437e+04	5.097548e-08
1.520424e+04	4.981546e-08
1.521411e+04	4.868062e-08
1.522397e+04	4.757044e-08
1.523384e+04	4.648441e-08
1.524370e+04	4.542204e-08
1.525357e+04	4.438284e-08
1.526344e+04	4.336634e-08
1.527330e+04	4.237205e-08
1.528317e+04	4.139952e-08
1.529304e+04	4.044830e-08
1.530290e+04	3.951795e-08
1.531277e+04	3.860803e-08
1.532264e+04	3.771812e-08
1.533250e+04	3.684780e-08
1.534237e+04	3.599666e-08
1.535224e+04	3.516430e-08
1.536210e+04	3.435033e-08
1.537197e+04	3.355436e-08
1.538184e+04	3.277602e-08
1.539170e+04	3.201492e-08
1.540157e+04	3.127072e-08
1.541143e+04	3.054306e-08
1.542130e+04	2.983158e-08
1.543117e+04	2.913594e-08
1.544103e+04	2.845582e-08
1.545090e+04	2.779087e-08
1.546077e+04	2.714078e-08
1.547063e+04	2.650524e-08
1.548050e+04	2.588393e-08
1.549037e+04	2.527656e-08
1.550023e+04	2.468281e-08
1.551010e+04	2.410241e-08
1.551997e+04	2.353507e-08
1.552983e+04	2.298051e-08
1.553970e+04	2.243846e-08
1.554957e+04	2.190864e-08
1.555943e+04	2.139080e-08
1.556930e+04	2.088467e-08
1.557916e+04	2.039001e-08
1.558903e+04	1.990657e-08
1.559890e+04	1.943411e-08
1.560876e+04	1.897238e-08
1.561863e+04	1.852116e-08
1.562850e+04	1.808022e-08
1.563836e+04	1.764933e-08
1.564823e+04	1.722828e-08
1.565810e+04	1.681686e-08
1.566796e+04	1.641485e-08
1.567783e+04	1.602205e-08
1.568770e+04	1.563826e-08
1.569756e+04	1.526328e-08
1.570743e+04	1.489691e-08
1.571730e+04	1.453898e-08
1.572716e+04	1.418929e-08
1.573703e+04	1.384767e-08
1.574690e+04	1.351393e-08
1.575676e+04	1.318791e-08
1.576663e+04	1.286943e-08
1.577649e+04	1.255833e-08
1.578636e+04	1.225444e-08
1.579623e+04	1.195760e-08
1.580609e+04	1.166766e-08
1.581596e+04	1.138447e-08
1.582583e+04	1.110788e-08
1.583569e+04	1.083773e-08
1.584556e+04	1.057389e-08
1.585543e+04	1.031621e-08
1.586529e+04	1.006456e-08
1.587516e+04	9.818806e-09
1.588503e+04	9.578811e-09
1.589489e+04	9.344448e-09
1.590476e+04	9.115591e-09
1.591463e+04	8.892117e-09
1.592449e+04	8.673904e-09
1.593436e+04	8.460834e-09
1.594422e+04	8.252792e-09
1.595409e+04	8.049664e-09
1.596396e+04	7.851339e-09
1.597382e+04	7.657708e-09
1.598369e+04	7.468666e-09
1.599356e+04	7.284109e-09
1.600342e+04	7.103934e-09
1.601329e+04	6.928043e-09
1.602316e+04	6.756338e-09
1.603302e+04	6.588723e-09
1.604289e+04	6.425106e-09
1.605276e+04	6.265395e-09
1.606262e+04	6.109501e-09
1.607249e+04	5.957337e-09
1.608236e+04	5.808818e-09
1.609222e+04	5.663859e-09
1.610209e+04	5.522380e-09
1.611195e+04	5.384300e-09
1.612182e+04	5.249541e-09
1.613169e+04	5.118027e-09
1.614155e+04	4.989682e-09
1.615142e+04	4.864435e-09
1.616129e+04	4.742212e-09
1.617115e+04	4.622945e-09
1.618102e+04	4.506565e-09
1.619089e+04	4.393004e-09
1.620075e+04	4.282198e-09
1.621062e+04	4.174083e-09
1.622049e+04	4.068595e-09
1.623035e+04	3.965674e-09
1.624022e+04	3.865260e-09
1.625009e+04	3.767294e-09
1.625995e+04	3.671719e-09
1.626982e+04	3.578479e-09
1.627968e+04	3.487520e-09
1.628955e+04	3.398788e-09
1.629942e+04	3.312230e-09
1.630928e+04	3.227796e-09
1.631915e+04	3.145436e-09
1.632902e+04	3.065101e-09
1.633888e+04	2.986742e-09
1.634875e+04	2.910314e-09
1.635862e+04	2.835771e-09
1.636848e+04	2.763068e-09
1.637835e+04	2.692161e-09
1.638822e+04	2.623008e-09
1.639808e+04	2.555568e-09
1.640795e+04	2.489800e-09
1.641782e+04	2.425663e-09
1.642768e+04	2.363119e-09
1.643755e+04	2.302131e-09
1.644741e+04	2.242660e-09
1.645728e+04	2.184671e-09
1.646715e+04	2.128128e-09
1.647701e+04	2.072996e-09
1.648688e+04	2.019243e-09
1.649675e+04	1.966834e-09
1.650661e+04	1.915737e-09
1.651648e+04	1.865921e-09
1.652635e+04	1.817355e-09
1.653621e+04	1.770009e-09
1.654608e+04	1.723853e-09
1.655595e+04	1.678858e-09
1.656581e+04	1.634998e-09
1.657568e+04	1.592243e-09
1.658555e+04	1.550567e-09
1.659541e+04	1.509945e-09
1.660528e+04	1.470350e-09
1.661514e+04	1.431757e-09
1.662501e+04	1.394142e-09
1.663488e+04	1.357482e-09
1.664474e+04	1.321753e-09
1.665461e+04	1.286931e-09
1.666448e+04	1.252996e-09
1.667434e+04	1.219925e-09
1.668421e+04	1.187698e-09
1.669408e+04	1.156292e-09
1.670394e+04	1.125689e-09
1.671381e+04	1.095869e-09
1.672368e+04	1.066811e-09
1.673354e+04	1.038499e-09
1.674341e+04	1.010912e-09
1.675328e+04	9.840336e-10
1.676314e+04	9.578458e-10
1.677301e+04	9.323316e-10
1.678287e+04	9.074743e-10
1.679274e+04	8.832577e-10
1.680261e+04	8.596658e-10
1.681247e+04	8.366830e-10
1.682234e+04	8.142944e-10
1.683221e+04	7.924850e-10
1.684207e+04	7.712404e-10
1.685194e+04	7.505466e-10
1.686181e+04	7.303897e-10
1.687167e+04	7.107564e-10
1.688154e+04	6.916335e-10
1.689141e+04	6.730083e-10
1.690127e+04	6.548683e-10
1.691114e+04	6.372013e-10
1.692101e+04	6.199953e-10
1.693087e+04	6.032389e-10
1.694074e+04	5.869207e-10
1.695061e+04	5.710296e-10
1.696047e+04	5.555548e-10
1.697034e+04	5.404859e-10
1.698020e+04	5.258125e-10
1.699007e+04	5.115248e-10
1.699994e+04	4.976128e-10
1.700980e+04	4.840670e-10
1.701967e+04	4.708782e-10
1.702954e+04	4.580373e-10
1.703940e+04	4.455354e-10
1.704927e+04	4.333639e-10
1.705914e+04	4.215144e-10
1.706900e+04	4.099786e-10
1.707887e+04	3.987485e-10
1.708874e+04	3.878163e-10
1.709860e+04	3.771745e-10
1.710847e+04	3.668154e-10
1.711834e+04	3.567320e-10
1.712820e+04	3.469170e-10
1.713807e+04	3.373636e-10
1.714793e+04	3.280652e-10
1.715780e+04	3.190150e-10
1.716767e+04	3.102067e-10
1.717753e+04	3.016341e-10
1.718740e+04	2.932910e-10
1.719727e+04	2.851716e-10
1.720713e+04	2.772700e-10
1.721700e+04	2.695806e-10
1.722687e+04	2.620979e-10
1.723673e+04	2.548165e-10
1.724660e+04	2.477312e-10
1.725647e+04	2.408369e-10
1.726633e+04	2.341286e-10
1.727620e+04	2.276014e-10
1.728607e+04	2.212507e-10
1.729593e+04	2.150718e-10
1.730580e+04	2.090602e-10
1.731566e+04	2.032116e-10
1.732553e+04	1.975216e-10
1.733540e+04	1.919862e-10
1.734526e+04	1.866012e-10
1.735513e+04	1.813627e-10
1.736500e+04	1.762669e-10
1.737486e+04	1.713100e-10
1.738473e+04	1.664883e-10
1.739460e+04	1.617983e-10
1.740446e+04	1.572364e-10
1.741433e+04	1.527993e-10
1.742420e+04	1.484838e-10
1.743406e+04	1.442865e-10
1.744393e+04	1.402043e-10
1.745380e+04	1.362343e-10
1.746366e+04	1.323733e-10
1.747353e+04	1.286186e-10
1.748339e+04	1.249672e-10
1.749326e+04	1.214164e-10
1.750313e+04	1.179636e-10
1.751299e+04	1.146061e-10
1.752286e+04	1.113414e-10
1.753273e+04	1.081670e-10
1.754259e+04	1.050804e-10
1.755246e+04	1.020794e-10
1.756233e+04	9.916156e-11
1.757219e+04	9.632474e-11
1.758206e+04	9.356674e-11
1.759193e+04	9.088543e-11
1.760179e+04	8.827875e-11
1.761166e+04	8.574469e-11
1.762153e+04	8.328128e-11
1.763139e+04	8.088662e-11
1.764126e+04	7.855885e-11
1.765112e+04	7.629616e-11
1.766099e+04	7.409679e-11
1.767086e+04	7.195902e-11
1.768072e+04	6.988118e-11
1.769059e+04	6.786163e-11
1.770046e+04	6.589880e-11
1.771032e+04	6.399115e-11
1.772019e+04	6.213716e-11
1.773006e+04	6.033538e-11
1.773992e+04	5.858437e-11
1.774979e+04	5.688276e-11
1.775966e+04	5.522919e-11
1.776952e+04	5.362235e-11
1.777939e+04	5.206096e-11
1.778926e+04	5.054376e-11
1.779912e+04	4.906955e-11
1.780899e+04	4.763715e-11
1.781885e+04	4.624541e-11
1.782872e+04	4.489320e-11
1.783859e+04	4.357944e-11
1.784845e+04	4.230307e-11
1.785832e+04	4.106305e-11
1.786819e+04	3.985838e-11
1.787805e+04	3.868809e-11
1.788792e+04	3.755122e-11
1.789779e+04	3.644684e-11
1.790765e+04	3.537406e-11
1.791752e+04	3.433199e-11
1.792739e+04	3.331979e-11
1.793725e+04	3.233663e-11
1.794712e+04	3.138168e-11
1.795699e+04	3.045418e-11
1.796685e+04	2.955335e-11
1.797672e+04	2.867845e-11
1.798659e+04	2.782875e-11
1.799645e+04	2.700355e-11
1.800632e+04	2.620217e-11
1.801618e+04	2.542393e-11
1.802605e+04	2.466819e-11
1.803592e+04	2.393431e-11
1.804578e+04	2.322169e-11
1.805565e+04	2.252972e-11
1.806552e+04	2.185782e-11
1.807538e+04	2.120544e-11
1.808525e+04	2.057200e-11
1.809512e+04	1.995699e-11
1.810498e+04	1.935988e-11
1.811485e+04	1.878017e-11
1.812472e+04	1.821736e-11
1.813458e+04	1.767097e-11
1.814445e+04	1.714055e-11
1.815432e+04	1.662562e-11
1.816418e+04	1.612577e-11
1.817405e+04	1.564055e-11
1.818391e+04	1.516955e-11
1.819378e+04	1.471237e-11
1.820365e+04	1.426860e-11
1.821351e+04	1.383788e-11
1.822338e+04	1.341982e-11
1.823325e+04	1.301407e-11
1.824311e+04	1.262027e-11
1.825298e+04	1.223808e-11
1.826285e+04	1.186717e-11
1.827271e+04	1.150721e-11
1.828258e+04	1.115789e-11
1.829245e+04	1.081890e-11
1.830231e+04	1.048995e-11
1.831218e+04	1.017075e-11
1.832205e+04	9.861010e-12
1.833191e+04	9.560467e-12
1.834178e+04	9.268851e-12
1.835164e+04	8.985906e-12
1.836151e+04	8.711380e-12
1.837138e+04	8.445029e-12
1.838124e+04	8.186618e-12
1.839111e+04	7.935915e-12
1.840098e+04	7.692696e-12
1.841084e+04	7.456746e-12
1.842071e+04	7.227851e-12
1.843058e+04	7.005808e-12
1.844044e+04	6.790416e-12
1.845031e+04	6.581481e-12
1.846018e+04	6.378815e-12
1.847004e+04	6.182236e-12
1.847991e+04	5.991565e-12
1.848978e+04	5.806629e-12
1.849964e+04	5.627260e-12
1.850951e+04	5.453296e-12
1.851937e+04	5.284577e-12
1.852924e+04	5.120950e-12
1.853911e+04	4.962266e-12
1.854897e+04	4.808378e-12
1.855884e+04	4.659146e-12
1.856871e+04	4.514433e-12
1.857857e+04	4.374105e-12
1.858844e+04	4.238033e-12
1.859831e+04	4.106091e-12
1.860817e+04	3.978157e-12
1.861804e+04	3.854113e-12
1.862791e+04	3.733844e-12
1.863777e+04	3.617236e-12
1.864764e+04	3.504183e-12
1.865751e+04	3.394579e-12
1.866737e+04	3.288320e-12
1.867724e+04	3.185307e-12
1.868710e+04	3.085445e-12
1.869697e+04	2.988638e-12
1.870684e+04	2.894797e-12
1.871670e+04	2.803832e-12
1.872657e+04	2.715657e-12
1.873644e+04	2.630189e-12
1.874630e+04	2.547348e-12
1.875617e+04	2.467054e-12
1.876604e+04	2.389231e-12
1.877590e+04	2.313805e-12
1.878577e+04	2.240704e-12
1.879564e+04	2.169858e-12
1.880550e+04	2.101200e-12
1.881537e+04	2.034663e-12
1.882524e+04	1.970184e-12
1.883510e+04	1.907701e-12
1.884497e+04	1.847153e-12
1.885483e+04	1.788482e-12
1.886470e+04	1.731631e-12
1.887457e+04	1.676545e-12
1.888443e+04	1.623171e-12
1.889430e+04	1.571457e-12
1.890417e+04	1.521353e-12
1.891403e+04	1.472809e-12
1.892390e+04	1.425778e-12
1.893377e+04	1.380215e-12
1.894363e+04	1.336075e-12
1.895350e+04	1.293313e-12
1.896337e+04	1.251889e-12
1.897323e+04	1.211761e-12
1.898310e+04	1.172891e-12
1.899297e+04	1.135238e-12
