# # p(y | x = 5.100000e-01)
# # y_val	p(y|x)
0.000000e+00	1.325932e-05
9.866476e+00	1.340942e-05
1.973295e+01	1.356105e-05
2.959943e+01	1.371420e-05
3.946590e+01	1.386889e-05
4.933238e+01	1.402514e-05
5.919885e+01	1.418296e-05
6.906533e+01	1.434237e-05
7.893180e+01	1.450337e-05
8.879828e+01	1.466597e-05
9.866476e+01	1.483020e-05
1.085312e+02	1.499607e-05
1.183977e+02	1.516359e-05
1.282642e+02	1.533277e-05
1.381307e+02	1.550364e-05
1.479971e+02	1.567619e-05
1.578636e+02	1.585045e-05
1.677301e+02	1.602644e-05
1.775966e+02	1.620415e-05
1.874630e+02	1.638362e-05
1.973295e+02	1.656486e-05
2.071960e+02	1.674787e-05
2.170625e+02	1.693267e-05
2.269289e+02	1.711929e-05
2.367954e+02	1.730772e-05
2.466619e+02	1.749800e-05
2.565284e+02	1.769013e-05
2.663948e+02	1.788412e-05
2.762613e+02	1.808000e-05
2.861278e+02	1.827778e-05
2.959943e+02	1.847748e-05
3.058607e+02	1.867910e-05
3.157272e+02	1.888267e-05
3.255937e+02	1.908820e-05
3.354602e+02	1.929571e-05
3.453266e+02	1.950521e-05
3.551931e+02	1.971672e-05
3.650596e+02	1.993026e-05
3.749261e+02	2.014583e-05
3.847925e+02	2.036346e-05
3.946590e+02	2.058317e-05
4.045255e+02	2.080497e-05
4.143920e+02	2.102887e-05
4.242585e+02	2.125490e-05
4.341249e+02	2.148306e-05
4.439914e+02	2.171338e-05
4.538579e+02	2.194588e-05
4.637244e+02	2.218057e-05
4.735908e+02	2.241746e-05
4.834573e+02	2.265658e-05
4.933238e+02	2.289794e-05
5.031903e+02	2.314156e-05
5.130567e+02	2.338746e-05
5.229232e+02	2.363565e-05
5.327897e+02	2.388615e-05
5.426562e+02	2.413898e-05
5.525226e+02	2.439416e-05
5.623891e+02	2.465170e-05
5.722556e+02	2.491163e-05
5.821221e+02	2.517396e-05
5.919885e+02	2.543871e-05
6.018550e+02	2.570590e-05
6.117215e+02	2.597554e-05
6.215880e+02	2.624766e-05
6.314544e+02	2.652227e-05
6.413209e+02	2.679939e-05
6.511874e+02	2.707904e-05
6.610539e+02	2.736124e-05
6.709203e+02	2.764601e-05
6.807868e+02	2.793337e-05
6.906533e+02	2.822333e-05
7.005198e+02	2.851592e-05
7.103862e+02	2.881116e-05
7.202527e+02	2.910905e-05
7.301192e+02	2.940964e-05
7.399857e+02	2.971292e-05
7.498521e+02	3.001893e-05
7.597186e+02	3.032768e-05
7.695851e+02	3.063919e-05
7.794516e+02	3.095349e-05
7.893180e+02	3.127059e-05
7.991845e+02	3.159051e-05
8.090510e+02	3.191327e-05
8.189175e+02	3.223890e-05
8.287839e+02	3.256741e-05
8.386504e+02	3.289882e-05
8.485169e+02	3.323316e-05
8.583834e+02	3.357045e-05
8.682499e+02	3.391070e-05
8.781163e+02	3.425393e-05
8.879828e+02	3.460018e-05
8.978493e+02	3.494945e-05
9.077158e+02	3.530177e-05
9.175822e+02	3.565717e-05
9.274487e+02	3.601565e-05
9.373152e+02	3.637725e-05
9.471817e+02	3.674199e-05
9.570481e+02	3.710988e-05
9.669146e+02	3.748095e-05
9.767811e+02	3.785522e-05
9.866476e+02	3.823272e-05
9.965140e+02	3.861345e-05
1.006381e+03	3.899745e-05
1.016247e+03	3.938474e-05
1.026113e+03	3.977534e-05
1.035980e+03	4.016928e-05
1.045846e+03	4.056656e-05
1.055713e+03	4.096723e-05
1.065579e+03	4.137129e-05
1.075446e+03	4.177878e-05
1.085312e+03	4.218971e-05
1.095179e+03	4.260411e-05
1.105045e+03	4.302199e-05
1.114912e+03	4.344340e-05
1.124778e+03	4.386833e-05
1.134645e+03	4.429683e-05
1.144511e+03	4.472891e-05
1.154378e+03	4.516460e-05
1.164244e+03	4.560391e-05
1.174111e+03	4.604688e-05
1.183977e+03	4.649352e-05
1.193844e+03	4.694386e-05
1.203710e+03	4.739793e-05
1.213576e+03	4.785574e-05
1.223443e+03	4.831732e-05
1.233309e+03	4.878270e-05
1.243176e+03	4.925189e-05
1.253042e+03	4.972493e-05
1.262909e+03	5.020184e-05
1.272775e+03	5.068263e-05
1.282642e+03	5.116734e-05
1.292508e+03	5.165599e-05
1.302375e+03	5.214861e-05
1.312241e+03	5.264521e-05
1.322108e+03	5.314582e-05
1.331974e+03	5.365047e-05
1.341841e+03	5.415918e-05
1.351707e+03	5.467198e-05
1.361574e+03	5.518889e-05
1.371440e+03	5.570994e-05
1.381307e+03	5.623515e-05
1.391173e+03	5.676454e-05
1.401040e+03	5.729815e-05
1.410906e+03	5.783599e-05
1.420772e+03	5.837809e-05
1.430639e+03	5.892449e-05
1.440505e+03	5.947519e-05
1.450372e+03	6.003023e-05
1.460238e+03	6.058963e-05
1.470105e+03	6.115342e-05
1.479971e+03	6.172163e-05
1.489838e+03	6.229427e-05
1.499704e+03	6.287138e-05
1.509571e+03	6.345299e-05
1.519437e+03	6.403911e-05
1.529304e+03	6.462977e-05
1.539170e+03	6.522500e-05
1.549037e+03	6.582482e-05
1.558903e+03	6.642927e-05
1.568770e+03	6.703836e-05
1.578636e+03	6.765212e-05
1.588503e+03	6.827059e-05
1.598369e+03	6.889378e-05
1.608236e+03	6.952172e-05
1.618102e+03	7.015444e-05
1.627968e+03	7.079196e-05
1.637835e+03	7.143431e-05
1.647701e+03	7.208152e-05
1.657568e+03	7.273361e-05
1.667434e+03	7.339062e-05
1.677301e+03	7.405255e-05
1.687167e+03	7.471946e-05
1.697034e+03	7.539135e-05
1.706900e+03	7.606826e-05
1.716767e+03	7.675021e-05
1.726633e+03	7.743723e-05
1.736500e+03	7.812935e-05
1.746366e+03	7.882659e-05
1.756233e+03	7.952898e-05
1.766099e+03	8.023655e-05
1.775966e+03	8.094932e-05
1.785832e+03	8.166732e-05
1.795699e+03	8.239058e-05
1.805565e+03	8.311913e-05
1.815432e+03	8.385298e-05
1.825298e+03	8.459218e-05
1.835164e+03	8.533674e-05
1.845031e+03	8.608670e-05
1.854897e+03	8.684207e-05
1.864764e+03	8.760289e-05
1.874630e+03	8.836919e-05
1.884497e+03	8.914099e-05
1.894363e+03	8.991831e-05
1.904230e+03	9.070120e-05
1.914096e+03	9.148966e-05
1.923963e+03	9.228374e-05
1.933829e+03	9.308345e-05
1.943696e+03	9.388883e-05
1.953562e+03	9.469989e-05
1.963429e+03	9.551668e-05
1.973295e+03	9.633921e-05
1.983162e+03	9.716752e-05
1.993028e+03	9.800163e-05
2.002895e+03	9.884156e-05
2.012761e+03	9.968735e-05
2.022627e+03	1.005390e-04
2.032494e+03	1.013966e-04
2.042360e+03	1.022601e-04
2.052227e+03	1.031296e-04
2.062093e+03	1.040051e-04
2.071960e+03	1.048866e-04
2.081826e+03	1.057741e-04
2.091693e+03	1.066677e-04
2.101559e+03	1.075674e-04
2.111426e+03	1.084732e-04
2.121292e+03	1.093852e-04
2.131159e+03	1.103034e-04
2.141025e+03	1.112278e-04
2.150892e+03	1.121584e-04
2.160758e+03	1.130953e-04
2.170625e+03	1.140384e-04
2.180491e+03	1.149879e-04
2.190358e+03	1.159437e-04
2.200224e+03	1.169059e-04
2.210091e+03	1.178745e-04
2.219957e+03	1.188495e-04
2.229823e+03	1.198309e-04
2.239690e+03	1.208189e-04
2.249556e+03	1.218133e-04
2.259423e+03	1.228143e-04
2.269289e+03	1.238218e-04
2.279156e+03	1.248359e-04
2.289022e+03	1.258566e-04
2.298889e+03	1.268839e-04
2.308755e+03	1.279179e-04
2.318622e+03	1.289586e-04
2.328488e+03	1.300060e-04
2.338355e+03	1.310602e-04
2.348221e+03	1.321211e-04
2.358088e+03	1.331888e-04
2.367954e+03	1.342633e-04
2.377821e+03	1.353447e-04
2.387687e+03	1.364329e-04
2.397554e+03	1.375281e-04
2.407420e+03	1.386301e-04
2.417287e+03	1.397391e-04
2.427153e+03	1.408551e-04
2.437019e+03	1.419781e-04
2.446886e+03	1.431081e-04
2.456752e+03	1.442451e-04
2.466619e+03	1.453893e-04
2.476485e+03	1.465405e-04
2.486352e+03	1.476988e-04
2.496218e+03	1.488643e-04
2.506085e+03	1.500370e-04
2.515951e+03	1.512169e-04
2.525818e+03	1.524040e-04
2.535684e+03	1.535983e-04
2.545551e+03	1.547999e-04
2.555417e+03	1.560088e-04
2.565284e+03	1.572251e-04
2.575150e+03	1.584486e-04
2.585017e+03	1.596796e-04
2.594883e+03	1.609179e-04
2.604750e+03	1.621637e-04
2.614616e+03	1.634169e-04
2.624483e+03	1.646776e-04
2.634349e+03	1.659457e-04
2.644215e+03	1.672214e-04
2.654082e+03	1.685046e-04
2.663948e+03	1.697953e-04
2.673815e+03	1.710937e-04
2.683681e+03	1.723996e-04
2.693548e+03	1.737132e-04
2.703414e+03	1.750344e-04
2.713281e+03	1.763633e-04
2.723147e+03	1.776999e-04
2.733014e+03	1.790442e-04
2.742880e+03	1.803962e-04
2.752747e+03	1.817560e-04
2.762613e+03	1.831236e-04
2.772480e+03	1.844990e-04
2.782346e+03	1.858822e-04
2.792213e+03	1.872732e-04
2.802079e+03	1.886722e-04
2.811946e+03	1.900790e-04
2.821812e+03	1.914937e-04
2.831678e+03	1.929163e-04
2.841545e+03	1.943469e-04
2.851411e+03	1.957855e-04
2.861278e+03	1.972320e-04
2.871144e+03	1.986866e-04
2.881011e+03	2.001492e-04
2.890877e+03	2.016198e-04
2.900744e+03	2.030985e-04
2.910610e+03	2.045853e-04
2.920477e+03	2.060802e-04
2.930343e+03	2.075832e-04
2.940210e+03	2.090944e-04
2.950076e+03	2.106137e-04
2.959943e+03	2.121412e-04
2.969809e+03	2.136769e-04
2.979676e+03	2.152208e-04
2.989542e+03	2.167730e-04
2.999409e+03	2.183334e-04
3.009275e+03	2.199021e-04
3.019142e+03	2.214790e-04
3.029008e+03	2.230643e-04
3.038874e+03	2.246578e-04
3.048741e+03	2.262598e-04
3.058607e+03	2.278700e-04
3.068474e+03	2.294886e-04
3.078340e+03	2.311157e-04
3.088207e+03	2.327511e-04
3.098073e+03	2.343949e-04
3.107940e+03	2.360471e-04
3.117806e+03	2.377078e-04
3.127673e+03	2.393770e-04
3.137539e+03	2.410546e-04
3.147406e+03	2.427407e-04
3.157272e+03	2.444353e-04
3.167139e+03	2.461384e-04
3.177005e+03	2.478500e-04
3.186872e+03	2.495702e-04
3.196738e+03	2.512989e-04
3.206605e+03	2.530362e-04
3.216471e+03	2.547821e-04
3.226338e+03	2.565365e-04
3.236204e+03	2.582996e-04
3.246070e+03	2.600713e-04
3.255937e+03	2.618515e-04
3.265803e+03	2.636405e-04
3.275670e+03	2.654380e-04
3.285536e+03	2.672442e-04
3.295403e+03	2.690591e-04
3.305269e+03	2.708827e-04
3.315136e+03	2.727149e-04
3.325002e+03	2.745558e-04
3.334869e+03	2.764054e-04
3.344735e+03	2.782638e-04
3.354602e+03	2.801308e-04
3.364468e+03	2.820066e-04
3.374335e+03	2.838911e-04
3.384201e+03	2.857844e-04
3.394068e+03	2.876864e-04
3.403934e+03	2.895971e-04
3.413801e+03	2.915166e-04
3.423667e+03	2.934449e-04
3.433534e+03	2.953820e-04
3.443400e+03	2.973278e-04
3.453266e+03	2.992824e-04
3.463133e+03	3.012458e-04
3.472999e+03	3.032180e-04
3.482866e+03	3.051990e-04
3.492732e+03	3.071888e-04
3.502599e+03	3.091874e-04
3.512465e+03	3.111949e-04
3.522332e+03	3.132111e-04
3.532198e+03	3.152361e-04
3.542065e+03	3.172700e-04
3.551931e+03	3.193126e-04
3.561798e+03	3.213641e-04
3.571664e+03	3.234244e-04
3.581531e+03	3.254936e-04
3.591397e+03	3.275715e-04
3.601264e+03	3.296583e-04
3.611130e+03	3.317539e-04
3.620997e+03	3.338583e-04
3.630863e+03	3.359715e-04
3.640729e+03	3.380936e-04
3.650596e+03	3.402244e-04
3.660462e+03	3.423641e-04
3.670329e+03	3.445126e-04
3.680195e+03	3.466699e-04
3.690062e+03	3.488360e-04
3.699928e+03	3.510109e-04
3.709795e+03	3.531946e-04
3.719661e+03	3.553872e-04
3.729528e+03	3.575885e-04
3.739394e+03	3.597985e-04
3.749261e+03	3.620174e-04
3.759127e+03	3.642450e-04
3.768994e+03	3.664814e-04
3.778860e+03	3.687266e-04
3.788727e+03	3.709805e-04
3.798593e+03	3.732432e-04
3.808460e+03	3.755146e-04
3.818326e+03	3.777947e-04
3.828193e+03	3.800835e-04
3.838059e+03	3.823811e-04
3.847925e+03	3.846874e-04
3.857792e+03	3.870023e-04
3.867658e+03	3.893260e-04
3.877525e+03	3.916583e-04
3.887391e+03	3.939992e-04
3.897258e+03	3.963489e-04
3.907124e+03	3.987071e-04
3.916991e+03	4.010740e-04
3.926857e+03	4.034495e-04
3.936724e+03	4.058336e-04
3.946590e+03	4.082263e-04
3.956457e+03	4.106275e-04
3.966323e+03	4.130373e-04
3.976190e+03	4.154557e-04
3.986056e+03	4.178825e-04
3.995923e+03	4.203179e-04
4.005789e+03	4.227618e-04
4.015656e+03	4.252141e-04
4.025522e+03	4.276750e-04
4.035389e+03	4.301442e-04
4.045255e+03	4.326219e-04
4.055121e+03	4.351080e-04
4.064988e+03	4.376025e-04
4.074854e+03	4.401053e-04
4.084721e+03	4.426165e-04
4.094587e+03	4.451360e-04
4.104454e+03	4.476638e-04
4.114320e+03	4.501999e-04
4.124187e+03	4.527443e-04
4.134053e+03	4.552969e-04
4.143920e+03	4.578578e-04
4.153786e+03	4.604268e-04
4.163653e+03	4.630040e-04
4.173519e+03	4.655894e-04
4.183386e+03	4.681829e-04
4.193252e+03	4.707844e-04
4.203119e+03	4.733941e-04
4.212985e+03	4.760118e-04
4.222852e+03	4.786375e-04
4.232718e+03	4.812712e-04
4.242585e+03	4.839129e-04
4.252451e+03	4.865626e-04
4.262317e+03	4.892201e-04
4.272184e+03	4.918855e-04
4.282050e+03	4.945588e-04
4.291917e+03	4.972399e-04
4.301783e+03	4.999288e-04
4.311650e+03	5.026255e-04
4.321516e+03	5.053299e-04
4.331383e+03	5.080420e-04
4.341249e+03	5.107618e-04
4.351116e+03	5.134892e-04
4.360982e+03	5.162242e-04
4.370849e+03	5.189668e-04
4.380715e+03	5.217170e-04
4.390582e+03	5.244746e-04
4.400448e+03	5.272397e-04
4.410315e+03	5.300122e-04
4.420181e+03	5.327922e-04
4.430048e+03	5.355794e-04
4.439914e+03	5.383741e-04
4.449780e+03	5.411760e-04
4.459647e+03	5.439851e-04
4.469513e+03	5.468015e-04
4.479380e+03	5.496250e-04
4.489246e+03	5.524557e-04
4.499113e+03	5.552934e-04
4.508979e+03	5.581382e-04
4.518846e+03	5.609901e-04
4.528712e+03	5.638489e-04
4.538579e+03	5.667146e-04
4.548445e+03	5.695872e-04
4.558312e+03	5.724666e-04
4.568178e+03	5.753529e-04
4.578045e+03	5.782459e-04
4.587911e+03	5.811456e-04
4.597778e+03	5.840520e-04
4.607644e+03	5.869650e-04
4.617511e+03	5.898846e-04
4.627377e+03	5.928107e-04
4.637244e+03	5.957433e-04
4.647110e+03	5.986824e-04
4.656976e+03	6.016278e-04
4.666843e+03	6.045796e-04
4.676709e+03	6.075376e-04
4.686576e+03	6.105019e-04
4.696442e+03	6.134724e-04
4.706309e+03	6.164491e-04
4.716175e+03	6.194318e-04
4.726042e+03	6.224206e-04
4.735908e+03	6.254153e-04
4.745775e+03	6.284160e-04
4.755641e+03	6.314226e-04
4.765508e+03	6.344350e-04
4.775374e+03	6.374532e-04
4.785241e+03	6.404771e-04
4.795107e+03	6.435067e-04
4.804974e+03	6.465419e-04
4.814840e+03	6.495827e-04
4.824707e+03	6.526290e-04
4.834573e+03	6.556807e-04
4.844440e+03	6.587378e-04
4.854306e+03	6.618002e-04
4.864172e+03	6.648679e-04
4.874039e+03	6.679409e-04
4.883905e+03	6.710190e-04
4.893772e+03	6.741021e-04
4.903638e+03	6.771903e-04
4.913505e+03	6.802835e-04
4.923371e+03	6.833817e-04
4.933238e+03	6.864846e-04
4.943104e+03	6.895924e-04
4.952971e+03	6.927049e-04
4.962837e+03	6.958220e-04
4.972704e+03	6.989438e-04
4.982570e+03	7.020701e-04
4.992437e+03	7.052009e-04
5.002303e+03	7.083361e-04
5.012170e+03	7.114756e-04
5.022036e+03	7.146194e-04
5.031903e+03	7.177675e-04
5.041769e+03	7.209197e-04
5.051636e+03	7.240759e-04
5.061502e+03	7.272362e-04
5.071368e+03	7.304004e-04
5.081235e+03	7.335685e-04
5.091101e+03	7.367405e-04
5.100968e+03	7.399161e-04
5.110834e+03	7.430954e-04
5.120701e+03	7.462784e-04
5.130567e+03	7.494648e-04
5.140434e+03	7.526548e-04
5.150300e+03	7.558481e-04
5.160167e+03	7.590447e-04
5.170033e+03	7.622446e-04
5.179900e+03	7.654476e-04
5.189766e+03	7.686537e-04
5.199633e+03	7.718629e-04
5.209499e+03	7.750750e-04
5.219366e+03	7.782900e-04
5.229232e+03	7.815078e-04
5.239099e+03	7.847283e-04
5.248965e+03	7.879514e-04
5.258831e+03	7.911772e-04
5.268698e+03	7.944054e-04
5.278564e+03	7.976360e-04
5.288431e+03	8.008690e-04
5.298297e+03	8.041043e-04
5.308164e+03	8.073417e-04
5.318030e+03	8.105813e-04
5.327897e+03	8.138228e-04
5.337763e+03	8.170664e-04
5.347630e+03	8.203118e-04
5.357496e+03	8.235589e-04
5.367363e+03	8.268078e-04
5.377229e+03	8.300583e-04
5.387096e+03	8.333104e-04
5.396962e+03	8.365639e-04
5.406829e+03	8.398188e-04
5.416695e+03	8.430750e-04
5.426562e+03	8.463324e-04
5.436428e+03	8.495910e-04
5.446295e+03	8.528506e-04
5.456161e+03	8.561112e-04
5.466027e+03	8.593726e-04
5.475894e+03	8.626349e-04
5.485760e+03	8.658978e-04
5.495627e+03	8.691614e-04
5.505493e+03	8.724255e-04
5.515360e+03	8.756901e-04
5.525226e+03	8.789550e-04
5.535093e+03	8.822202e-04
5.544959e+03	8.854856e-04
5.554826e+03	8.887512e-04
5.564692e+03	8.920167e-04
5.574559e+03	8.952822e-04
5.584425e+03	8.985475e-04
5.594292e+03	9.018125e-04
5.604158e+03	9.050772e-04
5.614025e+03	9.083415e-04
5.623891e+03	9.116053e-04
5.633758e+03	9.148685e-04
5.643624e+03	9.181309e-04
5.653491e+03	9.213926e-04
5.663357e+03	9.246534e-04
5.673223e+03	9.279133e-04
5.683090e+03	9.311721e-04
5.692956e+03	9.344297e-04
5.702823e+03	9.376861e-04
5.712689e+03	9.409411e-04
5.722556e+03	9.441947e-04
5.732422e+03	9.474468e-04
5.742289e+03	9.506973e-04
5.752155e+03	9.539461e-04
5.762022e+03	9.571931e-04
5.771888e+03	9.604381e-04
5.781755e+03	9.636812e-04
5.791621e+03	9.669222e-04
5.801488e+03	9.701610e-04
5.811354e+03	9.733976e-04
5.821221e+03	9.766318e-04
5.831087e+03	9.798635e-04
5.840954e+03	9.830927e-04
5.850820e+03	9.863192e-04
5.860687e+03	9.895429e-04
5.870553e+03	9.927638e-04
5.880419e+03	9.959818e-04
5.890286e+03	9.991967e-04
5.900152e+03	1.002408e-03
5.910019e+03	1.005617e-03
5.919885e+03	1.008822e-03
5.929752e+03	1.012024e-03
5.939618e+03	1.015222e-03
5.949485e+03	1.018417e-03
5.959351e+03	1.021608e-03
5.969218e+03	1.024795e-03
5.979084e+03	1.027978e-03
5.988951e+03	1.031157e-03
5.998817e+03	1.034333e-03
6.008684e+03	1.037503e-03
6.018550e+03	1.040670e-03
6.028417e+03	1.043832e-03
6.038283e+03	1.046990e-03
6.048150e+03	1.050143e-03
6.058016e+03	1.053291e-03
6.067882e+03	1.056435e-03
6.077749e+03	1.059573e-03
6.087615e+03	1.062707e-03
6.097482e+03	1.065835e-03
6.107348e+03	1.068959e-03
6.117215e+03	1.072077e-03
6.127081e+03	1.075189e-03
6.136948e+03	1.078297e-03
6.146814e+03	1.081398e-03
6.156681e+03	1.084494e-03
6.166547e+03	1.087584e-03
6.176414e+03	1.090668e-03
6.186280e+03	1.093746e-03
6.196147e+03	1.096818e-03
6.206013e+03	1.099884e-03
6.215880e+03	1.102944e-03
6.225746e+03	1.105997e-03
6.235613e+03	1.109043e-03
6.245479e+03	1.112084e-03
6.255346e+03	1.115117e-03
6.265212e+03	1.118143e-03
6.275078e+03	1.121163e-03
6.284945e+03	1.124176e-03
6.294811e+03	1.127181e-03
6.304678e+03	1.130180e-03
6.314544e+03	1.133171e-03
6.324411e+03	1.136154e-03
6.334277e+03	1.139130e-03
6.344144e+03	1.142099e-03
6.354010e+03	1.145060e-03
6.363877e+03	1.148013e-03
6.373743e+03	1.150958e-03
6.383610e+03	1.153895e-03
6.393476e+03	1.156824e-03
6.403343e+03	1.159745e-03
6.413209e+03	1.162658e-03
6.423076e+03	1.165562e-03
6.432942e+03	1.168457e-03
6.442809e+03	1.171344e-03
6.452675e+03	1.174223e-03
6.462542e+03	1.177092e-03
6.472408e+03	1.179953e-03
6.482274e+03	1.182805e-03
6.492141e+03	1.185647e-03
6.502007e+03	1.188481e-03
6.511874e+03	1.191305e-03
6.521740e+03	1.194119e-03
6.531607e+03	1.196925e-03
6.541473e+03	1.199720e-03
6.551340e+03	1.202506e-03
6.561206e+03	1.205283e-03
6.571073e+03	1.208049e-03
6.580939e+03	1.210805e-03
6.590806e+03	1.213551e-03
6.600672e+03	1.216288e-03
6.610539e+03	1.219013e-03
6.620405e+03	1.221729e-03
6.630272e+03	1.224434e-03
6.640138e+03	1.227128e-03
6.650005e+03	1.229812e-03
6.659871e+03	1.232485e-03
6.669738e+03	1.235147e-03
6.679604e+03	1.237799e-03
6.689470e+03	1.240439e-03
6.699337e+03	1.243068e-03
6.709203e+03	1.245686e-03
6.719070e+03	1.248293e-03
6.728936e+03	1.250888e-03
6.738803e+03	1.253472e-03
6.748669e+03	1.256044e-03
6.758536e+03	1.258604e-03
6.768402e+03	1.261153e-03
6.778269e+03	1.263689e-03
6.788135e+03	1.266214e-03
6.798002e+03	1.268727e-03
6.807868e+03	1.271228e-03
6.817735e+03	1.273716e-03
6.827601e+03	1.276192e-03
6.837468e+03	1.278655e-03
6.847334e+03	1.281106e-03
6.857201e+03	1.283545e-03
6.867067e+03	1.285971e-03
6.876933e+03	1.288384e-03
6.886800e+03	1.290784e-03
6.896666e+03	1.293171e-03
6.906533e+03	1.295545e-03
6.916399e+03	1.297906e-03
6.926266e+03	1.300254e-03
6.936132e+03	1.302588e-03
6.945999e+03	1.304909e-03
6.955865e+03	1.307217e-03
6.965732e+03	1.309511e-03
6.975598e+03	1.311791e-03
6.985465e+03	1.314057e-03
6.995331e+03	1.316310e-03
7.005198e+03	1.318549e-03
7.015064e+03	1.320774e-03
7.024931e+03	1.322984e-03
7.034797e+03	1.325181e-03
7.044664e+03	1.327363e-03
7.054530e+03	1.329531e-03
7.064397e+03	1.331685e-03
7.074263e+03	1.333824e-03
7.084129e+03	1.335948e-03
7.093996e+03	1.338058e-03
7.103862e+03	1.340153e-03
7.113729e+03	1.342234e-03
7.123595e+03	1.344299e-03
7.133462e+03	1.346350e-03
7.143328e+03	1.348385e-03
7.153195e+03	1.350405e-03
7.163061e+03	1.352410e-03
7.172928e+03	1.354400e-03
7.182794e+03	1.356375e-03
7.192661e+03	1.358334e-03
7.202527e+03	1.360277e-03
7.212394e+03	1.362205e-03
7.222260e+03	1.364117e-03
7.232127e+03	1.366014e-03
7.241993e+03	1.367894e-03
7.251860e+03	1.369759e-03
7.261726e+03	1.371608e-03
7.271593e+03	1.373441e-03
7.281459e+03	1.375258e-03
7.291325e+03	1.377058e-03
7.301192e+03	1.378843e-03
7.311058e+03	1.380611e-03
7.320925e+03	1.382363e-03
7.330791e+03	1.384098e-03
7.340658e+03	1.385817e-03
7.350524e+03	1.387519e-03
7.360391e+03	1.389204e-03
7.370257e+03	1.390873e-03
7.380124e+03	1.392525e-03
7.389990e+03	1.394161e-03
7.399857e+03	1.395779e-03
7.409723e+03	1.397380e-03
7.419590e+03	1.398965e-03
7.429456e+03	1.400532e-03
7.439323e+03	1.402082e-03
7.449189e+03	1.403615e-03
7.459056e+03	1.405131e-03
7.468922e+03	1.406629e-03
7.478789e+03	1.408110e-03
7.488655e+03	1.409574e-03
7.498521e+03	1.411020e-03
7.508388e+03	1.412448e-03
7.518254e+03	1.413859e-03
7.528121e+03	1.415252e-03
7.537987e+03	1.416628e-03
7.547854e+03	1.417985e-03
7.557720e+03	1.419325e-03
7.567587e+03	1.420647e-03
7.577453e+03	1.421951e-03
7.587320e+03	1.423237e-03
7.597186e+03	1.424505e-03
7.607053e+03	1.425755e-03
7.616919e+03	1.426987e-03
7.626786e+03	1.428201e-03
7.636652e+03	1.429396e-03
7.646519e+03	1.430573e-03
7.656385e+03	1.431732e-03
7.666252e+03	1.432872e-03
7.676118e+03	1.433994e-03
7.685984e+03	1.435097e-03
7.695851e+03	1.436182e-03
7.705717e+03	1.437249e-03
7.715584e+03	1.438297e-03
7.725450e+03	1.439326e-03
7.735317e+03	1.440336e-03
7.745183e+03	1.441328e-03
7.755050e+03	1.442301e-03
7.764916e+03	1.443255e-03
7.774783e+03	1.444191e-03
7.784649e+03	1.445107e-03
7.794516e+03	1.446005e-03
7.804382e+03	1.446883e-03
7.814249e+03	1.447743e-03
7.824115e+03	1.448584e-03
7.833982e+03	1.449405e-03
7.843848e+03	1.450208e-03
7.853715e+03	1.450991e-03
7.863581e+03	1.451755e-03
7.873448e+03	1.452500e-03
7.883314e+03	1.453226e-03
7.893180e+03	1.453933e-03
7.903047e+03	1.454620e-03
7.912913e+03	1.455288e-03
7.922780e+03	1.455937e-03
7.932646e+03	1.456566e-03
7.942513e+03	1.457176e-03
7.952379e+03	1.457767e-03
7.962246e+03	1.458338e-03
7.972112e+03	1.458890e-03
7.981979e+03	1.459422e-03
7.991845e+03	1.459935e-03
8.001712e+03	1.460428e-03
8.011578e+03	1.460902e-03
8.021445e+03	1.461356e-03
8.031311e+03	1.461791e-03
8.041178e+03	1.462206e-03
8.051044e+03	1.462601e-03
8.060911e+03	1.462977e-03
8.070777e+03	1.463333e-03
8.080644e+03	1.463670e-03
8.090510e+03	1.463987e-03
8.100376e+03	1.464284e-03
8.110243e+03	1.464561e-03
8.120109e+03	1.464819e-03
8.129976e+03	1.465058e-03
8.139842e+03	1.465276e-03
8.149709e+03	1.465475e-03
8.159575e+03	1.465654e-03
8.169442e+03	1.465813e-03
8.179308e+03	1.465952e-03
8.189175e+03	1.466072e-03
8.199041e+03	1.466172e-03
8.208908e+03	1.466252e-03
8.218774e+03	1.466313e-03
8.228641e+03	1.466354e-03
8.238507e+03	1.466375e-03
8.248374e+03	1.466376e-03
8.258240e+03	1.466357e-03
8.268107e+03	1.466319e-03
8.277973e+03	1.466261e-03
8.287839e+03	1.466183e-03
8.297706e+03	1.466085e-03
8.307572e+03	1.465968e-03
8.317439e+03	1.465831e-03
8.327305e+03	1.465674e-03
8.337172e+03	1.465497e-03
8.347038e+03	1.465301e-03
8.356905e+03	1.465085e-03
8.366771e+03	1.464849e-03
8.376638e+03	1.464593e-03
8.386504e+03	1.464318e-03
8.396371e+03	1.464023e-03
8.406237e+03	1.463709e-03
8.416104e+03	1.463374e-03
8.425970e+03	1.463021e-03
8.435837e+03	1.462647e-03
8.445703e+03	1.462254e-03
8.455570e+03	1.461841e-03
8.465436e+03	1.461409e-03
8.475303e+03	1.460957e-03
8.485169e+03	1.460486e-03
8.495035e+03	1.459995e-03
8.504902e+03	1.459484e-03
8.514768e+03	1.458954e-03
8.524635e+03	1.458405e-03
8.534501e+03	1.457836e-03
8.544368e+03	1.457248e-03
8.554234e+03	1.456640e-03
8.564101e+03	1.456013e-03
8.573967e+03	1.455367e-03
8.583834e+03	1.454701e-03
8.593700e+03	1.454016e-03
8.603567e+03	1.453311e-03
8.613433e+03	1.452588e-03
8.623300e+03	1.451845e-03
8.633166e+03	1.451083e-03
8.643033e+03	1.450302e-03
8.652899e+03	1.449502e-03
8.662766e+03	1.448683e-03
8.672632e+03	1.447844e-03
8.682499e+03	1.446987e-03
8.692365e+03	1.446111e-03
8.702231e+03	1.445215e-03
8.712098e+03	1.444301e-03
8.721964e+03	1.443368e-03
8.731831e+03	1.442416e-03
8.741697e+03	1.441445e-03
8.751564e+03	1.440456e-03
8.761430e+03	1.439447e-03
8.771297e+03	1.438420e-03
8.781163e+03	1.437375e-03
8.791030e+03	1.436311e-03
8.800896e+03	1.435228e-03
8.810763e+03	1.434127e-03
8.820629e+03	1.433007e-03
8.830496e+03	1.431869e-03
8.840362e+03	1.430712e-03
8.850229e+03	1.429537e-03
8.860095e+03	1.428344e-03
8.869962e+03	1.427133e-03
8.879828e+03	1.425903e-03
8.889695e+03	1.424656e-03
8.899561e+03	1.423390e-03
8.909427e+03	1.422106e-03
8.919294e+03	1.420804e-03
8.929160e+03	1.419484e-03
8.939027e+03	1.418146e-03
8.948893e+03	1.416791e-03
8.958760e+03	1.415417e-03
8.968626e+03	1.414026e-03
8.978493e+03	1.412618e-03
8.988359e+03	1.411191e-03
8.998226e+03	1.409747e-03
9.008092e+03	1.408286e-03
9.017959e+03	1.406807e-03
9.027825e+03	1.405311e-03
9.037692e+03	1.403797e-03
9.047558e+03	1.402266e-03
9.057425e+03	1.400718e-03
9.067291e+03	1.399153e-03
9.077158e+03	1.397570e-03
9.087024e+03	1.395971e-03
9.096890e+03	1.394355e-03
9.106757e+03	1.392721e-03
9.116623e+03	1.391071e-03
9.126490e+03	1.389404e-03
9.136356e+03	1.387721e-03
9.146223e+03	1.386021e-03
9.156089e+03	1.384304e-03
9.165956e+03	1.382571e-03
9.175822e+03	1.380821e-03
9.185689e+03	1.379055e-03
9.195555e+03	1.377272e-03
9.205422e+03	1.375474e-03
9.215288e+03	1.373659e-03
9.225155e+03	1.371828e-03
9.235021e+03	1.369981e-03
9.244888e+03	1.368118e-03
9.254754e+03	1.366239e-03
9.264621e+03	1.364344e-03
9.274487e+03	1.362434e-03
9.284354e+03	1.360508e-03
9.294220e+03	1.358566e-03
9.304086e+03	1.356609e-03
9.313953e+03	1.354637e-03
9.323819e+03	1.352649e-03
9.333686e+03	1.350645e-03
9.343552e+03	1.348627e-03
9.353419e+03	1.346593e-03
9.363285e+03	1.344545e-03
9.373152e+03	1.342481e-03
9.383018e+03	1.340403e-03
9.392885e+03	1.338309e-03
9.402751e+03	1.336201e-03
9.412618e+03	1.334078e-03
9.422484e+03	1.331941e-03
9.432351e+03	1.329789e-03
9.442217e+03	1.327623e-03
9.452084e+03	1.325442e-03
9.461950e+03	1.323247e-03
9.471817e+03	1.321038e-03
9.481683e+03	1.318815e-03
9.491550e+03	1.316578e-03
9.501416e+03	1.314327e-03
9.511282e+03	1.312062e-03
9.521149e+03	1.309784e-03
9.531015e+03	1.307491e-03
9.540882e+03	1.305185e-03
9.550748e+03	1.302866e-03
9.560615e+03	1.300533e-03
9.570481e+03	1.298187e-03
9.580348e+03	1.295828e-03
9.590214e+03	1.293455e-03
9.600081e+03	1.291069e-03
9.609947e+03	1.288671e-03
9.619814e+03	1.286259e-03
9.629680e+03	1.283835e-03
9.639547e+03	1.281398e-03
9.649413e+03	1.278949e-03
9.659280e+03	1.276487e-03
9.669146e+03	1.274012e-03
9.679013e+03	1.271525e-03
9.688879e+03	1.269026e-03
9.698746e+03	1.266515e-03
9.708612e+03	1.263991e-03
9.718478e+03	1.261456e-03
9.728345e+03	1.258909e-03
9.738211e+03	1.256350e-03
9.748078e+03	1.253779e-03
9.757944e+03	1.251197e-03
9.767811e+03	1.248603e-03
9.777677e+03	1.245998e-03
9.787544e+03	1.243381e-03
9.797410e+03	1.240754e-03
9.807277e+03	1.238115e-03
9.817143e+03	1.235465e-03
9.827010e+03	1.232804e-03
9.836876e+03	1.230132e-03
9.846743e+03	1.227449e-03
9.856609e+03	1.224756e-03
9.866476e+03	1.222052e-03
9.876342e+03	1.219338e-03
9.886209e+03	1.216614e-03
9.896075e+03	1.213879e-03
9.905941e+03	1.211134e-03
9.915808e+03	1.208378e-03
9.925674e+03	1.205613e-03
9.935541e+03	1.202838e-03
9.945407e+03	1.200054e-03
9.955274e+03	1.197259e-03
9.965140e+03	1.194455e-03
9.975007e+03	1.191641e-03
9.984873e+03	1.188818e-03
9.994740e+03	1.185986e-03
1.000461e+04	1.183145e-03
1.001447e+04	1.180294e-03
1.002434e+04	1.177434e-03
1.003421e+04	1.174566e-03
1.004407e+04	1.171689e-03
1.005394e+04	1.168803e-03
1.006381e+04	1.165908e-03
1.007367e+04	1.163005e-03
1.008354e+04	1.160093e-03
1.009340e+04	1.157173e-03
1.010327e+04	1.154245e-03
1.011314e+04	1.151309e-03
1.012300e+04	1.148365e-03
1.013287e+04	1.145413e-03
1.014274e+04	1.142453e-03
1.015260e+04	1.139485e-03
1.016247e+04	1.136510e-03
1.017234e+04	1.133527e-03
1.018220e+04	1.130537e-03
1.019207e+04	1.127540e-03
1.020194e+04	1.124535e-03
1.021180e+04	1.121523e-03
1.022167e+04	1.118504e-03
1.023154e+04	1.115479e-03
1.024140e+04	1.112446e-03
1.025127e+04	1.109407e-03
1.026113e+04	1.106361e-03
1.027100e+04	1.103309e-03
1.028087e+04	1.100250e-03
1.029073e+04	1.097185e-03
1.030060e+04	1.094113e-03
1.031047e+04	1.091036e-03
1.032033e+04	1.087953e-03
1.033020e+04	1.084863e-03
1.034007e+04	1.081768e-03
1.034993e+04	1.078667e-03
1.035980e+04	1.075561e-03
1.036967e+04	1.072449e-03
1.037953e+04	1.069331e-03
1.038940e+04	1.066209e-03
1.039927e+04	1.063081e-03
1.040913e+04	1.059948e-03
1.041900e+04	1.056810e-03
1.042886e+04	1.053667e-03
1.043873e+04	1.050519e-03
1.044860e+04	1.047366e-03
1.045846e+04	1.044209e-03
1.046833e+04	1.041048e-03
1.047820e+04	1.037882e-03
1.048806e+04	1.034711e-03
1.049793e+04	1.031537e-03
1.050780e+04	1.028358e-03
1.051766e+04	1.025175e-03
1.052753e+04	1.021989e-03
1.053740e+04	1.018798e-03
1.054726e+04	1.015604e-03
1.055713e+04	1.012406e-03
1.056700e+04	1.009205e-03
1.057686e+04	1.006000e-03
1.058673e+04	1.002792e-03
1.059659e+04	9.995803e-04
1.060646e+04	9.963658e-04
1.061633e+04	9.931482e-04
1.062619e+04	9.899276e-04
1.063606e+04	9.867042e-04
1.064593e+04	9.834780e-04
1.065579e+04	9.802492e-04
1.066566e+04	9.770177e-04
1.067553e+04	9.737839e-04
1.068539e+04	9.705476e-04
1.069526e+04	9.673090e-04
1.070513e+04	9.640683e-04
1.071499e+04	9.608254e-04
1.072486e+04	9.575806e-04
1.073473e+04	9.543338e-04
1.074459e+04	9.510853e-04
1.075446e+04	9.478350e-04
1.076432e+04	9.445831e-04
1.077419e+04	9.413297e-04
1.078406e+04	9.380748e-04
1.079392e+04	9.348185e-04
1.080379e+04	9.315611e-04
1.081366e+04	9.283024e-04
1.082352e+04	9.250427e-04
1.083339e+04	9.217820e-04
1.084326e+04	9.185204e-04
1.085312e+04	9.152580e-04
1.086299e+04	9.119949e-04
1.087286e+04	9.087312e-04
1.088272e+04	9.054670e-04
1.089259e+04	9.022023e-04
1.090246e+04	8.989373e-04
1.091232e+04	8.956720e-04
1.092219e+04	8.924066e-04
1.093205e+04	8.891410e-04
1.094192e+04	8.858755e-04
1.095179e+04	8.826101e-04
1.096165e+04	8.793448e-04
1.097152e+04	8.760799e-04
1.098139e+04	8.728152e-04
1.099125e+04	8.695511e-04
1.100112e+04	8.662874e-04
1.101099e+04	8.630244e-04
1.102085e+04	8.597621e-04
1.103072e+04	8.565005e-04
1.104059e+04	8.532398e-04
1.105045e+04	8.499801e-04
1.106032e+04	8.467214e-04
1.107019e+04	8.434639e-04
1.108005e+04	8.402075e-04
1.108992e+04	8.369525e-04
1.109979e+04	8.336988e-04
1.110965e+04	8.304465e-04
1.111952e+04	8.271958e-04
1.112938e+04	8.239467e-04
1.113925e+04	8.206994e-04
1.114912e+04	8.174537e-04
1.115898e+04	8.142100e-04
1.116885e+04	8.109682e-04
1.117872e+04	8.077284e-04
1.118858e+04	8.044907e-04
1.119845e+04	8.012552e-04
1.120832e+04	7.980219e-04
1.121818e+04	7.947910e-04
1.122805e+04	7.915625e-04
1.123792e+04	7.883364e-04
1.124778e+04	7.851130e-04
1.125765e+04	7.818921e-04
1.126752e+04	7.786740e-04
1.127738e+04	7.754587e-04
1.128725e+04	7.722462e-04
1.129711e+04	7.690367e-04
1.130698e+04	7.658302e-04
1.131685e+04	7.626268e-04
1.132671e+04	7.594266e-04
1.133658e+04	7.562295e-04
1.134645e+04	7.530358e-04
1.135631e+04	7.498455e-04
1.136618e+04	7.466586e-04
1.137605e+04	7.434753e-04
1.138591e+04	7.402955e-04
1.139578e+04	7.371194e-04
1.140565e+04	7.339470e-04
1.141551e+04	7.307785e-04
1.142538e+04	7.276138e-04
1.143525e+04	7.244530e-04
1.144511e+04	7.212963e-04
1.145498e+04	7.181436e-04
1.146484e+04	7.149951e-04
1.147471e+04	7.118507e-04
1.148458e+04	7.087107e-04
1.149444e+04	7.055750e-04
1.150431e+04	7.024436e-04
1.151418e+04	6.993168e-04
1.152404e+04	6.961945e-04
1.153391e+04	6.930768e-04
1.154378e+04	6.899637e-04
1.155364e+04	6.868554e-04
1.156351e+04	6.837519e-04
1.157338e+04	6.806532e-04
1.158324e+04	6.775594e-04
1.159311e+04	6.744706e-04
1.160298e+04	6.713868e-04
1.161284e+04	6.683081e-04
1.162271e+04	6.652346e-04
1.163257e+04	6.621662e-04
1.164244e+04	6.591031e-04
1.165231e+04	6.560454e-04
1.166217e+04	6.529930e-04
1.167204e+04	6.499461e-04
1.168191e+04	6.469047e-04
1.169177e+04	6.438688e-04
1.170164e+04	6.408386e-04
1.171151e+04	6.378140e-04
1.172137e+04	6.347951e-04
1.173124e+04	6.317820e-04
1.174111e+04	6.287747e-04
1.175097e+04	6.257733e-04
1.176084e+04	6.227778e-04
1.177071e+04	6.197883e-04
1.178057e+04	6.168048e-04
1.179044e+04	6.138275e-04
1.180030e+04	6.108562e-04
1.181017e+04	6.078912e-04
1.182004e+04	6.049324e-04
1.182990e+04	6.019799e-04
1.183977e+04	5.990337e-04
1.184964e+04	5.960939e-04
1.185950e+04	5.931605e-04
1.186937e+04	5.902336e-04
1.187924e+04	5.873132e-04
1.188910e+04	5.843994e-04
1.189897e+04	5.814923e-04
1.190884e+04	5.785917e-04
1.191870e+04	5.756979e-04
1.192857e+04	5.728109e-04
1.193844e+04	5.699306e-04
1.194830e+04	5.670572e-04
1.195817e+04	5.641906e-04
1.196803e+04	5.613310e-04
1.197790e+04	5.584784e-04
1.198777e+04	5.556327e-04
1.199763e+04	5.527941e-04
1.200750e+04	5.499626e-04
1.201737e+04	5.471382e-04
1.202723e+04	5.443210e-04
1.203710e+04	5.415110e-04
1.204697e+04	5.387082e-04
1.205683e+04	5.359127e-04
1.206670e+04	5.331245e-04
1.207657e+04	5.303437e-04
1.208643e+04	5.275703e-04
1.209630e+04	5.248043e-04
1.210617e+04	5.220458e-04
1.211603e+04	5.192948e-04
1.212590e+04	5.165513e-04
1.213576e+04	5.138154e-04
1.214563e+04	5.110870e-04
1.215550e+04	5.083663e-04
1.216536e+04	5.056533e-04
1.217523e+04	5.029480e-04
1.218510e+04	5.002504e-04
1.219496e+04	4.975606e-04
1.220483e+04	4.948785e-04
1.221470e+04	4.922043e-04
1.222456e+04	4.895379e-04
1.223443e+04	4.868794e-04
1.224430e+04	4.842289e-04
1.225416e+04	4.815862e-04
1.226403e+04	4.789515e-04
1.227390e+04	4.763249e-04
1.228376e+04	4.737062e-04
1.229363e+04	4.710956e-04
1.230350e+04	4.684930e-04
1.231336e+04	4.658986e-04
1.232323e+04	4.633123e-04
1.233309e+04	4.607341e-04
1.234296e+04	4.581641e-04
1.235283e+04	4.556022e-04
1.236269e+04	4.530486e-04
1.237256e+04	4.505033e-04
1.238243e+04	4.479662e-04
1.239229e+04	4.454374e-04
1.240216e+04	4.429169e-04
1.241203e+04	4.404047e-04
1.242189e+04	4.379008e-04
1.243176e+04	4.354054e-04
1.244163e+04	4.329183e-04
1.245149e+04	4.304396e-04
1.246136e+04	4.279693e-04
1.247123e+04	4.255075e-04
1.248109e+04	4.230541e-04
1.249096e+04	4.206092e-04
1.250082e+04	4.181728e-04
1.251069e+04	4.157450e-04
1.252056e+04	4.133256e-04
1.253042e+04	4.109148e-04
1.254029e+04	4.085125e-04
1.255016e+04	4.061188e-04
1.256002e+04	4.037337e-04
1.256989e+04	4.013572e-04
1.257976e+04	3.989892e-04
1.258962e+04	3.966300e-04
1.259949e+04	3.942793e-04
1.260936e+04	3.919373e-04
1.261922e+04	3.896040e-04
1.262909e+04	3.872793e-04
1.263896e+04	3.849633e-04
1.264882e+04	3.826560e-04
1.265869e+04	3.803574e-04
1.266855e+04	3.780675e-04
1.267842e+04	3.757863e-04
1.268829e+04	3.735139e-04
1.269815e+04	3.712502e-04
1.270802e+04	3.689952e-04
1.271789e+04	3.667490e-04
1.272775e+04	3.645116e-04
1.273762e+04	3.622829e-04
1.274749e+04	3.600630e-04
1.275735e+04	3.578519e-04
1.276722e+04	3.556495e-04
1.277709e+04	3.534560e-04
1.278695e+04	3.512712e-04
1.279682e+04	3.490952e-04
1.280669e+04	3.469281e-04
1.281655e+04	3.447697e-04
1.282642e+04	3.426202e-04
1.283628e+04	3.404794e-04
1.284615e+04	3.383475e-04
1.285602e+04	3.362244e-04
1.286588e+04	3.341101e-04
1.287575e+04	3.320047e-04
1.288562e+04	3.299080e-04
1.289548e+04	3.278202e-04
1.290535e+04	3.257412e-04
1.291522e+04	3.236710e-04
1.292508e+04	3.216096e-04
1.293495e+04	3.195571e-04
1.294482e+04	3.175134e-04
1.295468e+04	3.154785e-04
1.296455e+04	3.134524e-04
1.297442e+04	3.114351e-04
1.298428e+04	3.094266e-04
1.299415e+04	3.074270e-04
1.300401e+04	3.054361e-04
1.301388e+04	3.034541e-04
1.302375e+04	3.014808e-04
1.303361e+04	2.995164e-04
1.304348e+04	2.975607e-04
1.305335e+04	2.956138e-04
1.306321e+04	2.936757e-04
1.307308e+04	2.917464e-04
1.308295e+04	2.898258e-04
1.309281e+04	2.879140e-04
1.310268e+04	2.860110e-04
1.311255e+04	2.841167e-04
1.312241e+04	2.822311e-04
1.313228e+04	2.803543e-04
1.314215e+04	2.784862e-04
1.315201e+04	2.766269e-04
1.316188e+04	2.747762e-04
1.317174e+04	2.729342e-04
1.318161e+04	2.711010e-04
1.319148e+04	2.692764e-04
1.320134e+04	2.674605e-04
1.321121e+04	2.656532e-04
1.322108e+04	2.638546e-04
1.323094e+04	2.620647e-04
1.324081e+04	2.602834e-04
1.325068e+04	2.585107e-04
1.326054e+04	2.567466e-04
1.327041e+04	2.549911e-04
1.328028e+04	2.532442e-04
1.329014e+04	2.515059e-04
1.330001e+04	2.497762e-04
1.330988e+04	2.480550e-04
1.331974e+04	2.463423e-04
1.332961e+04	2.446382e-04
1.333948e+04	2.429426e-04
1.334934e+04	2.412554e-04
1.335921e+04	2.395768e-04
1.336907e+04	2.379067e-04
1.337894e+04	2.362450e-04
1.338881e+04	2.345917e-04
1.339867e+04	2.329469e-04
1.340854e+04	2.313105e-04
1.341841e+04	2.296825e-04
1.342827e+04	2.280628e-04
1.343814e+04	2.264516e-04
1.344801e+04	2.248487e-04
1.345787e+04	2.232541e-04
1.346774e+04	2.216678e-04
1.347761e+04	2.200899e-04
1.348747e+04	2.185202e-04
1.349734e+04	2.169588e-04
1.350721e+04	2.154057e-04
1.351707e+04	2.138608e-04
1.352694e+04	2.123241e-04
1.353680e+04	2.107956e-04
1.354667e+04	2.092753e-04
1.355654e+04	2.077632e-04
1.356640e+04	2.062592e-04
1.357627e+04	2.047633e-04
1.358614e+04	2.032756e-04
1.359600e+04	2.017959e-04
1.360587e+04	2.003243e-04
1.361574e+04	1.988608e-04
1.362560e+04	1.974053e-04
1.363547e+04	1.959578e-04
1.364534e+04	1.945182e-04
1.365520e+04	1.930867e-04
1.366507e+04	1.916631e-04
1.367494e+04	1.902475e-04
1.368480e+04	1.888397e-04
1.369467e+04	1.874398e-04
1.370453e+04	1.860479e-04
1.371440e+04	1.846637e-04
1.372427e+04	1.832874e-04
1.373413e+04	1.819189e-04
1.374400e+04	1.805582e-04
1.375387e+04	1.792052e-04
1.376373e+04	1.778600e-04
1.377360e+04	1.765225e-04
1.378347e+04	1.751927e-04
1.379333e+04	1.738705e-04
1.380320e+04	1.725561e-04
1.381307e+04	1.712492e-04
1.382293e+04	1.699500e-04
1.383280e+04	1.686583e-04
1.384267e+04	1.673742e-04
1.385253e+04	1.660976e-04
1.386240e+04	1.648286e-04
1.387226e+04	1.635670e-04
1.388213e+04	1.623129e-04
1.389200e+04	1.610663e-04
1.390186e+04	1.598271e-04
1.391173e+04	1.585952e-04
1.392160e+04	1.573708e-04
1.393146e+04	1.561537e-04
1.394133e+04	1.549439e-04
1.395120e+04	1.537414e-04
1.396106e+04	1.525462e-04
1.397093e+04	1.513582e-04
1.398080e+04	1.501775e-04
1.399066e+04	1.490040e-04
1.400053e+04	1.478376e-04
1.401040e+04	1.466784e-04
1.402026e+04	1.455263e-04
1.403013e+04	1.443814e-04
1.403999e+04	1.432435e-04
1.404986e+04	1.421126e-04
1.405973e+04	1.409888e-04
1.406959e+04	1.398720e-04
1.407946e+04	1.387622e-04
1.408933e+04	1.376593e-04
1.409919e+04	1.365633e-04
1.410906e+04	1.354743e-04
1.411893e+04	1.343921e-04
1.412879e+04	1.333167e-04
1.413866e+04	1.322482e-04
1.414853e+04	1.311865e-04
1.415839e+04	1.301315e-04
1.416826e+04	1.290833e-04
1.417813e+04	1.280418e-04
1.418799e+04	1.270070e-04
1.419786e+04	1.259789e-04
1.420772e+04	1.249574e-04
1.421759e+04	1.239425e-04
1.422746e+04	1.229342e-04
1.423732e+04	1.219325e-04
1.424719e+04	1.209372e-04
1.425706e+04	1.199485e-04
1.426692e+04	1.189663e-04
1.427679e+04	1.179905e-04
1.428666e+04	1.170212e-04
1.429652e+04	1.160582e-04
1.430639e+04	1.151017e-04
1.431626e+04	1.141514e-04
1.432612e+04	1.132075e-04
1.433599e+04	1.122699e-04
1.434586e+04	1.113386e-04
1.435572e+04	1.104134e-04
1.436559e+04	1.094945e-04
1.437545e+04	1.085818e-04
1.438532e+04	1.076752e-04
1.439519e+04	1.067748e-04
1.440505e+04	1.058805e-04
1.441492e+04	1.049922e-04
1.442479e+04	1.041100e-04
1.443465e+04	1.032338e-04
1.444452e+04	1.023636e-04
1.445439e+04	1.014994e-04
1.446425e+04	1.006411e-04
1.447412e+04	9.978873e-05
1.448399e+04	9.894223e-05
1.449385e+04	9.810160e-05
1.450372e+04	9.726680e-05
1.451359e+04	9.643780e-05
1.452345e+04	9.561458e-05
1.453332e+04	9.479711e-05
1.454319e+04	9.398536e-05
1.455305e+04	9.317931e-05
1.456292e+04	9.237892e-05
1.457278e+04	9.158417e-05
1.458265e+04	9.079504e-05
1.459252e+04	9.001149e-05
1.460238e+04	8.923350e-05
1.461225e+04	8.846105e-05
1.462212e+04	8.769410e-05
1.463198e+04	8.693262e-05
1.464185e+04	8.617660e-05
1.465172e+04	8.542600e-05
1.466158e+04	8.468079e-05
1.467145e+04	8.394096e-05
1.468132e+04	8.320646e-05
1.469118e+04	8.247729e-05
1.470105e+04	8.175339e-05
1.471092e+04	8.103477e-05
1.472078e+04	8.032137e-05
1.473065e+04	7.961318e-05
1.474051e+04	7.891018e-05
1.475038e+04	7.821232e-05
1.476025e+04	7.751959e-05
1.477011e+04	7.683197e-05
1.477998e+04	7.614941e-05
1.478985e+04	7.547190e-05
1.479971e+04	7.479941e-05
1.480958e+04	7.413192e-05
1.481945e+04	7.346939e-05
1.482931e+04	7.281180e-05
1.483918e+04	7.215912e-05
1.484905e+04	7.151133e-05
1.485891e+04	7.086840e-05
1.486878e+04	7.023030e-05
1.487865e+04	6.959701e-05
1.488851e+04	6.896850e-05
1.489838e+04	6.834474e-05
1.490824e+04	6.772572e-05
1.491811e+04	6.711139e-05
1.492798e+04	6.650174e-05
1.493784e+04	6.589674e-05
1.494771e+04	6.529637e-05
1.495758e+04	6.470059e-05
1.496744e+04	6.410939e-05
1.497731e+04	6.352273e-05
1.498718e+04	6.294059e-05
1.499704e+04	6.236294e-05
1.500691e+04	6.178976e-05
1.501678e+04	6.122103e-05
1.502664e+04	6.065671e-05
1.503651e+04	6.009679e-05
1.504638e+04	5.954123e-05
1.505624e+04	5.899001e-05
1.506611e+04	5.844310e-05
1.507597e+04	5.790049e-05
1.508584e+04	5.736214e-05
1.509571e+04	5.682803e-05
1.510557e+04	5.629813e-05
1.511544e+04	5.577243e-05
1.512531e+04	5.525088e-05
1.513517e+04	5.473348e-05
1.514504e+04	5.422019e-05
1.515491e+04	5.371099e-05
1.516477e+04	5.320586e-05
1.517464e+04	5.270476e-05
1.518451e+04	5.220769e-05
1.519437e+04	5.171460e-05
1.520424e+04	5.122548e-05
1.521411e+04	5.074030e-05
1.522397e+04	5.025904e-05
1.523384e+04	4.978167e-05
1.524370e+04	4.930817e-05
1.525357e+04	4.883852e-05
1.526344e+04	4.837268e-05
1.527330e+04	4.791065e-05
1.528317e+04	4.745239e-05
1.529304e+04	4.699788e-05
1.530290e+04	4.654709e-05
1.531277e+04	4.610001e-05
1.532264e+04	4.565660e-05
1.533250e+04	4.521685e-05
1.534237e+04	4.478074e-05
1.535224e+04	4.434823e-05
1.536210e+04	4.391930e-05
1.537197e+04	4.349394e-05
1.538184e+04	4.307212e-05
1.539170e+04	4.265381e-05
1.540157e+04	4.223900e-05
1.541143e+04	4.182766e-05
1.542130e+04	4.141976e-05
1.543117e+04	4.101529e-05
1.544103e+04	4.061422e-05
1.545090e+04	4.021653e-05
1.546077e+04	3.982220e-05
1.547063e+04	3.943120e-05
1.548050e+04	3.904352e-05
1.549037e+04	3.865913e-05
1.550023e+04	3.827800e-05
1.551010e+04	3.790012e-05
1.551997e+04	3.752547e-05
1.552983e+04	3.715402e-05
1.553970e+04	3.678575e-05
1.554957e+04	3.642064e-05
1.555943e+04	3.605866e-05
1.556930e+04	3.569980e-05
1.557916e+04	3.534404e-05
1.558903e+04	3.499135e-05
1.559890e+04	3.464172e-05
1.560876e+04	3.429511e-05
1.561863e+04	3.395152e-05
1.562850e+04	3.361091e-05
1.563836e+04	3.327328e-05
1.564823e+04	3.293859e-05
1.565810e+04	3.260682e-05
1.566796e+04	3.227797e-05
1.567783e+04	3.195200e-05
1.568770e+04	3.162889e-05
1.569756e+04	3.130863e-05
1.570743e+04	3.099120e-05
1.571730e+04	3.067657e-05
1.572716e+04	3.036473e-05
1.573703e+04	3.005565e-05
1.574690e+04	2.974931e-05
1.575676e+04	2.944570e-05
1.576663e+04	2.914480e-05
1.577649e+04	2.884658e-05
1.578636e+04	2.855103e-05
1.579623e+04	2.825813e-05
1.580609e+04	2.796785e-05
1.581596e+04	2.768018e-05
1.582583e+04	2.739511e-05
1.583569e+04	2.711260e-05
1.584556e+04	2.683264e-05
1.585543e+04	2.655522e-05
1.586529e+04	2.628031e-05
1.587516e+04	2.600790e-05
1.588503e+04	2.573796e-05
1.589489e+04	2.547048e-05
1.590476e+04	2.520544e-05
1.591463e+04	2.494283e-05
1.592449e+04	2.468261e-05
1.593436e+04	2.442478e-05
1.594422e+04	2.416932e-05
1.595409e+04	2.391621e-05
1.596396e+04	2.366543e-05
1.597382e+04	2.341697e-05
1.598369e+04	2.317080e-05
1.599356e+04	2.292691e-05
1.600342e+04	2.268528e-05
1.601329e+04	2.244589e-05
1.602316e+04	2.220873e-05
1.603302e+04	2.197378e-05
1.604289e+04	2.174103e-05
1.605276e+04	2.151045e-05
1.606262e+04	2.128202e-05
1.607249e+04	2.105574e-05
1.608236e+04	2.083159e-05
1.609222e+04	2.060954e-05
1.610209e+04	2.038959e-05
1.611195e+04	2.017171e-05
1.612182e+04	1.995589e-05
1.613169e+04	1.974211e-05
1.614155e+04	1.953036e-05
1.615142e+04	1.932062e-05
1.616129e+04	1.911287e-05
1.617115e+04	1.890711e-05
1.618102e+04	1.870330e-05
1.619089e+04	1.850145e-05
1.620075e+04	1.830152e-05
1.621062e+04	1.810352e-05
1.622049e+04	1.790741e-05
1.623035e+04	1.771319e-05
1.624022e+04	1.752084e-05
1.625009e+04	1.733034e-05
1.625995e+04	1.714169e-05
1.626982e+04	1.695486e-05
1.627968e+04	1.676984e-05
1.628955e+04	1.658661e-05
1.629942e+04	1.640517e-05
1.630928e+04	1.622549e-05
1.631915e+04	1.604756e-05
1.632902e+04	1.587137e-05
1.633888e+04	1.569691e-05
1.634875e+04	1.552415e-05
1.635862e+04	1.535309e-05
1.636848e+04	1.518370e-05
1.637835e+04	1.501599e-05
1.638822e+04	1.484992e-05
1.639808e+04	1.468550e-05
1.640795e+04	1.452269e-05
1.641782e+04	1.436150e-05
1.642768e+04	1.420191e-05
1.643755e+04	1.404390e-05
1.644741e+04	1.388747e-05
1.645728e+04	1.373259e-05
1.646715e+04	1.357925e-05
1.647701e+04	1.342745e-05
1.648688e+04	1.327716e-05
1.649675e+04	1.312838e-05
1.650661e+04	1.298109e-05
1.651648e+04	1.283528e-05
1.652635e+04	1.269094e-05
1.653621e+04	1.254805e-05
1.654608e+04	1.240660e-05
1.655595e+04	1.226658e-05
1.656581e+04	1.212798e-05
1.657568e+04	1.199078e-05
1.658555e+04	1.185498e-05
1.659541e+04	1.172055e-05
1.660528e+04	1.158750e-05
1.661514e+04	1.145580e-05
1.662501e+04	1.132544e-05
1.663488e+04	1.119641e-05
1.664474e+04	1.106871e-05
1.665461e+04	1.094232e-05
1.666448e+04	1.081722e-05
1.667434e+04	1.069341e-05
1.668421e+04	1.057087e-05
1.669408e+04	1.044960e-05
1.670394e+04	1.032958e-05
1.671381e+04	1.021080e-05
1.672368e+04	1.009325e-05
1.673354e+04	9.976916e-06
1.674341e+04	9.861793e-06
1.675328e+04	9.747866e-06
1.676314e+04	9.635126e-06
1.677301e+04	9.523561e-06
1.678287e+04	9.413161e-06
1.679274e+04	9.303915e-06
1.680261e+04	9.195813e-06
1.681247e+04	9.088845e-06
1.682234e+04	8.983000e-06
1.683221e+04	8.878268e-06
1.684207e+04	8.774639e-06
1.685194e+04	8.672102e-06
1.686181e+04	8.570648e-06
1.687167e+04	8.470267e-06
1.688154e+04	8.370948e-06
1.689141e+04	8.272683e-06
1.690127e+04	8.175461e-06
1.691114e+04	8.079272e-06
1.692101e+04	7.984108e-06
1.693087e+04	7.889958e-06
1.694074e+04	7.796813e-06
1.695061e+04	7.704664e-06
1.696047e+04	7.613502e-06
1.697034e+04	7.523317e-06
1.698020e+04	7.434100e-06
1.699007e+04	7.345841e-06
1.699994e+04	7.258533e-06
1.700980e+04	7.172166e-06
1.701967e+04	7.086731e-06
1.702954e+04	7.002219e-06
1.703940e+04	6.918622e-06
1.704927e+04	6.835930e-06
1.705914e+04	6.754136e-06
1.706900e+04	6.673231e-06
1.707887e+04	6.593206e-06
1.708874e+04	6.514053e-06
1.709860e+04	6.435763e-06
1.710847e+04	6.358328e-06
1.711834e+04	6.281741e-06
1.712820e+04	6.205992e-06
1.713807e+04	6.131074e-06
1.714793e+04	6.056979e-06
1.715780e+04	5.983699e-06
1.716767e+04	5.911225e-06
1.717753e+04	5.839551e-06
1.718740e+04	5.768668e-06
1.719727e+04	5.698568e-06
1.720713e+04	5.629244e-06
1.721700e+04	5.560689e-06
1.722687e+04	5.492895e-06
1.723673e+04	5.425854e-06
1.724660e+04	5.359559e-06
1.725647e+04	5.294002e-06
1.726633e+04	5.229177e-06
1.727620e+04	5.165077e-06
1.728607e+04	5.101693e-06
1.729593e+04	5.039019e-06
1.730580e+04	4.977048e-06
1.731566e+04	4.915773e-06
1.732553e+04	4.855186e-06
1.733540e+04	4.795282e-06
1.734526e+04	4.736053e-06
1.735513e+04	4.677493e-06
1.736500e+04	4.619594e-06
1.737486e+04	4.562351e-06
1.738473e+04	4.505756e-06
1.739460e+04	4.449803e-06
1.740446e+04	4.394486e-06
1.741433e+04	4.339798e-06
1.742420e+04	4.285732e-06
1.743406e+04	4.232284e-06
1.744393e+04	4.179445e-06
1.745380e+04	4.127211e-06
1.746366e+04	4.075574e-06
1.747353e+04	4.024529e-06
1.748339e+04	3.974070e-06
1.749326e+04	3.924191e-06
1.750313e+04	3.874885e-06
1.751299e+04	3.826147e-06
1.752286e+04	3.777972e-06
1.753273e+04	3.730353e-06
1.754259e+04	3.683284e-06
1.755246e+04	3.636760e-06
1.756233e+04	3.590776e-06
1.757219e+04	3.545325e-06
1.758206e+04	3.500402e-06
1.759193e+04	3.456002e-06
1.760179e+04	3.412119e-06
1.761166e+04	3.368748e-06
1.762153e+04	3.325883e-06
1.763139e+04	3.283519e-06
1.764126e+04	3.241652e-06
1.765112e+04	3.200275e-06
1.766099e+04	3.159383e-06
1.767086e+04	3.118972e-06
1.768072e+04	3.079037e-06
1.769059e+04	3.039572e-06
1.770046e+04	3.000572e-06
1.771032e+04	2.962032e-06
1.772019e+04	2.923949e-06
1.773006e+04	2.886315e-06
1.773992e+04	2.849128e-06
1.774979e+04	2.812383e-06
1.775966e+04	2.776073e-06
1.776952e+04	2.740196e-06
1.777939e+04	2.704745e-06
1.778926e+04	2.669718e-06
1.779912e+04	2.635108e-06
1.780899e+04	2.600912e-06
1.781885e+04	2.567125e-06
1.782872e+04	2.533743e-06
1.783859e+04	2.500761e-06
1.784845e+04	2.468176e-06
1.785832e+04	2.435982e-06
1.786819e+04	2.404175e-06
1.787805e+04	2.372752e-06
1.788792e+04	2.341708e-06
1.789779e+04	2.311039e-06
1.790765e+04	2.280741e-06
1.791752e+04	2.250810e-06
1.792739e+04	2.221242e-06
1.793725e+04	2.192033e-06
1.794712e+04	2.163178e-06
1.795699e+04	2.134675e-06
1.796685e+04	2.106518e-06
1.797672e+04	2.078706e-06
1.798659e+04	2.051232e-06
1.799645e+04	2.024095e-06
1.800632e+04	1.997289e-06
1.801618e+04	1.970812e-06
1.802605e+04	1.944660e-06
1.803592e+04	1.918829e-06
1.804578e+04	1.893316e-06
1.805565e+04	1.868116e-06
1.806552e+04	1.843227e-06
1.807538e+04	1.818646e-06
1.808525e+04	1.794367e-06
1.809512e+04	1.770390e-06
1.810498e+04	1.746709e-06
1.811485e+04	1.723321e-06
1.812472e+04	1.700224e-06
1.813458e+04	1.677413e-06
1.814445e+04	1.654887e-06
1.815432e+04	1.632641e-06
1.816418e+04	1.610672e-06
1.817405e+04	1.588977e-06
1.818391e+04	1.567554e-06
1.819378e+04	1.546398e-06
1.820365e+04	1.525508e-06
1.821351e+04	1.504879e-06
1.822338e+04	1.484510e-06
1.823325e+04	1.464396e-06
1.824311e+04	1.444535e-06
1.825298e+04	1.424925e-06
1.826285e+04	1.405561e-06
1.827271e+04	1.386443e-06
1.828258e+04	1.367565e-06
1.829245e+04	1.348927e-06
1.830231e+04	1.330525e-06
1.831218e+04	1.312356e-06
1.832205e+04	1.294418e-06
1.833191e+04	1.276708e-06
1.834178e+04	1.259223e-06
1.835164e+04	1.241960e-06
1.836151e+04	1.224918e-06
1.837138e+04	1.208094e-06
1.838124e+04	1.191484e-06
1.839111e+04	1.175087e-06
1.840098e+04	1.158900e-06
1.841084e+04	1.142921e-06
1.842071e+04	1.127147e-06
1.843058e+04	1.111575e-06
1.844044e+04	1.096204e-06
1.845031e+04	1.081031e-06
1.846018e+04	1.066053e-06
1.847004e+04	1.051269e-06
1.847991e+04	1.036676e-06
1.848978e+04	1.022272e-06
1.849964e+04	1.008054e-06
1.850951e+04	9.940204e-07
1.851937e+04	9.801691e-07
1.852924e+04	9.664978e-07
1.853911e+04	9.530043e-07
1.854897e+04	9.396865e-07
1.855884e+04	9.265424e-07
1.856871e+04	9.135698e-07
1.857857e+04	9.007667e-07
1.858844e+04	8.881310e-07
1.859831e+04	8.756608e-07
1.860817e+04	8.633540e-07
1.861804e+04	8.512088e-07
1.862791e+04	8.392230e-07
1.863777e+04	8.273949e-07
1.864764e+04	8.157225e-07
1.865751e+04	8.042039e-07
1.866737e+04	7.928373e-07
1.867724e+04	7.816208e-07
1.868710e+04	7.705526e-07
1.869697e+04	7.596309e-07
1.870684e+04	7.488539e-07
1.871670e+04	7.382198e-07
1.872657e+04	7.277270e-07
1.873644e+04	7.173736e-07
1.874630e+04	7.071579e-07
1.875617e+04	6.970784e-07
1.876604e+04	6.871332e-07
1.877590e+04	6.773209e-07
1.878577e+04	6.676396e-07
1.879564e+04	6.580878e-07
1.880550e+04	6.486640e-07
1.881537e+04	6.393665e-07
1.882524e+04	6.301937e-07
1.883510e+04	6.211442e-07
1.884497e+04	6.122164e-07
1.885483e+04	6.034087e-07
1.886470e+04	5.947198e-07
1.887457e+04	5.861481e-07
1.888443e+04	5.776921e-07
1.889430e+04	5.693504e-07
1.890417e+04	5.611217e-07
1.891403e+04	5.530044e-07
1.892390e+04	5.449971e-07
1.893377e+04	5.370986e-07
1.894363e+04	5.293074e-07
1.895350e+04	5.216223e-07
1.896337e+04	5.140417e-07
1.897323e+04	5.065645e-07
1.898310e+04	4.991893e-07
1.899297e+04	4.919149e-07
