# # p(y | x = 8.000000e+00)
# # y_val	p(y|x)
0.000000e+00	2.233946e-08
5.044592e+00	2.278063e-08
1.008918e+01	2.323011e-08
1.513378e+01	2.368806e-08
2.017837e+01	2.415462e-08
2.522296e+01	2.462996e-08
3.026755e+01	2.511421e-08
3.531214e+01	2.560755e-08
4.035673e+01	2.611014e-08
4.540133e+01	2.662214e-08
5.044592e+01	2.714371e-08
5.549051e+01	2.767503e-08
6.053510e+01	2.821626e-08
6.557969e+01	2.876759e-08
7.062428e+01	2.932919e-08
7.566888e+01	2.990125e-08
8.071347e+01	3.048394e-08
8.575806e+01	3.107746e-08
9.080265e+01	3.168199e-08
9.584724e+01	3.229773e-08
1.008918e+02	3.292487e-08
1.059364e+02	3.356362e-08
1.109810e+02	3.421418e-08
1.160256e+02	3.487675e-08
1.210702e+02	3.555154e-08
1.261148e+02	3.623877e-08
1.311594e+02	3.693866e-08
1.362040e+02	3.765142e-08
1.412486e+02	3.837728e-08
1.462932e+02	3.911646e-08
1.513378e+02	3.986920e-08
1.563823e+02	4.063573e-08
1.614269e+02	4.141629e-08
1.664715e+02	4.221113e-08
1.715161e+02	4.302048e-08
1.765607e+02	4.384460e-08
1.816053e+02	4.468375e-08
1.866499e+02	4.553818e-08
1.916945e+02	4.640816e-08
1.967391e+02	4.729395e-08
2.017837e+02	4.819582e-08
2.068283e+02	4.911406e-08
2.118729e+02	5.004893e-08
2.169174e+02	5.100073e-08
2.219620e+02	5.196974e-08
2.270066e+02	5.295626e-08
2.320512e+02	5.396058e-08
2.370958e+02	5.498301e-08
2.421404e+02	5.602386e-08
2.471850e+02	5.708344e-08
2.522296e+02	5.816206e-08
2.572742e+02	5.926005e-08
2.623188e+02	6.037774e-08
2.673634e+02	6.151546e-08
2.724080e+02	6.267355e-08
2.774525e+02	6.385235e-08
2.824971e+02	6.505221e-08
2.875417e+02	6.627349e-08
2.925863e+02	6.751654e-08
2.976309e+02	6.878173e-08
3.026755e+02	7.006944e-08
3.077201e+02	7.138003e-08
3.127647e+02	7.271390e-08
3.178093e+02	7.407142e-08
3.228539e+02	7.545301e-08
3.278985e+02	7.685905e-08
3.329431e+02	7.828995e-08
3.379876e+02	7.974613e-08
3.430322e+02	8.122801e-08
3.480768e+02	8.273602e-08
3.531214e+02	8.427058e-08
3.581660e+02	8.583214e-08
3.632106e+02	8.742114e-08
3.682552e+02	8.903804e-08
3.732998e+02	9.068329e-08
3.783444e+02	9.235737e-08
3.833890e+02	9.406075e-08
3.884336e+02	9.579391e-08
3.934782e+02	9.755734e-08
3.985228e+02	9.935153e-08
4.035673e+02	1.011770e-07
4.086119e+02	1.030342e-07
4.136565e+02	1.049238e-07
4.187011e+02	1.068462e-07
4.237457e+02	1.088019e-07
4.287903e+02	1.107915e-07
4.338349e+02	1.128156e-07
4.388795e+02	1.148748e-07
4.439241e+02	1.169695e-07
4.489687e+02	1.191003e-07
4.540133e+02	1.212680e-07
4.590579e+02	1.234729e-07
4.641024e+02	1.257158e-07
4.691470e+02	1.279973e-07
4.741916e+02	1.303179e-07
4.792362e+02	1.326784e-07
4.842808e+02	1.350793e-07
4.893254e+02	1.375213e-07
4.943700e+02	1.400050e-07
4.994146e+02	1.425312e-07
5.044592e+02	1.451005e-07
5.095038e+02	1.477136e-07
5.145484e+02	1.503711e-07
5.195930e+02	1.530739e-07
5.246375e+02	1.558226e-07
5.296821e+02	1.586179e-07
5.347267e+02	1.614606e-07
5.397713e+02	1.643515e-07
5.448159e+02	1.672912e-07
5.498605e+02	1.702807e-07
5.549051e+02	1.733206e-07
5.599497e+02	1.764117e-07
5.649943e+02	1.795550e-07
5.700389e+02	1.827511e-07
5.750835e+02	1.860009e-07
5.801281e+02	1.893053e-07
5.851726e+02	1.926651e-07
5.902172e+02	1.960811e-07
5.952618e+02	1.995544e-07
6.003064e+02	2.030857e-07
6.053510e+02	2.066759e-07
6.103956e+02	2.103261e-07
6.154402e+02	2.140370e-07
6.204848e+02	2.178097e-07
6.255294e+02	2.216451e-07
6.305740e+02	2.255442e-07
6.356186e+02	2.295080e-07
6.406632e+02	2.335374e-07
6.457077e+02	2.376336e-07
6.507523e+02	2.417974e-07
6.557969e+02	2.460300e-07
6.608415e+02	2.503325e-07
6.658861e+02	2.547058e-07
6.709307e+02	2.591511e-07
6.759753e+02	2.636694e-07
6.810199e+02	2.682620e-07
6.860645e+02	2.729299e-07
6.911091e+02	2.776743e-07
6.961537e+02	2.824963e-07
7.011983e+02	2.873972e-07
7.062428e+02	2.923781e-07
7.112874e+02	2.974402e-07
7.163320e+02	3.025849e-07
7.213766e+02	3.078132e-07
7.264212e+02	3.131266e-07
7.314658e+02	3.185262e-07
7.365104e+02	3.240134e-07
7.415550e+02	3.295895e-07
7.465996e+02	3.352558e-07
7.516442e+02	3.410137e-07
7.566888e+02	3.468646e-07
7.617334e+02	3.528099e-07
7.667780e+02	3.588509e-07
7.718225e+02	3.649892e-07
7.768671e+02	3.712261e-07
7.819117e+02	3.775631e-07
7.869563e+02	3.840018e-07
7.920009e+02	3.905435e-07
7.970455e+02	3.971900e-07
8.020901e+02	4.039427e-07
8.071347e+02	4.108031e-07
8.121793e+02	4.177729e-07
8.172239e+02	4.248538e-07
8.222685e+02	4.320472e-07
8.273131e+02	4.393550e-07
8.323576e+02	4.467787e-07
8.374022e+02	4.543201e-07
8.424468e+02	4.619810e-07
8.474914e+02	4.697630e-07
8.525360e+02	4.776679e-07
8.575806e+02	4.856975e-07
8.626252e+02	4.938537e-07
8.676698e+02	5.021383e-07
8.727144e+02	5.105531e-07
8.777590e+02	5.191001e-07
8.828036e+02	5.277812e-07
8.878482e+02	5.365982e-07
8.928927e+02	5.455533e-07
8.979373e+02	5.546483e-07
9.029819e+02	5.638854e-07
9.080265e+02	5.732664e-07
9.130711e+02	5.827936e-07
9.181157e+02	5.924690e-07
9.231603e+02	6.022948e-07
9.282049e+02	6.122731e-07
9.332495e+02	6.224060e-07
9.382941e+02	6.326958e-07
9.433387e+02	6.431448e-07
9.483833e+02	6.537552e-07
9.534278e+02	6.645292e-07
9.584724e+02	6.754693e-07
9.635170e+02	6.865778e-07
9.685616e+02	6.978571e-07
9.736062e+02	7.093095e-07
9.786508e+02	7.209376e-07
9.836954e+02	7.327438e-07
9.887400e+02	7.447306e-07
9.937846e+02	7.569006e-07
9.988292e+02	7.692563e-07
1.003874e+03	7.818004e-07
1.008918e+03	7.945354e-07
1.013963e+03	8.074641e-07
1.019008e+03	8.205892e-07
1.024052e+03	8.339134e-07
1.029097e+03	8.474394e-07
1.034141e+03	8.611702e-07
1.039186e+03	8.751085e-07
1.044230e+03	8.892572e-07
1.049275e+03	9.036192e-07
1.054320e+03	9.181975e-07
1.059364e+03	9.329951e-07
1.064409e+03	9.480149e-07
1.069453e+03	9.632601e-07
1.074498e+03	9.787338e-07
1.079543e+03	9.944390e-07
1.084587e+03	1.010379e-06
1.089632e+03	1.026557e-06
1.094676e+03	1.042976e-06
1.099721e+03	1.059640e-06
1.104766e+03	1.076552e-06
1.109810e+03	1.093714e-06
1.114855e+03	1.111132e-06
1.119899e+03	1.128807e-06
1.124944e+03	1.146745e-06
1.129989e+03	1.164947e-06
1.135033e+03	1.183418e-06
1.140078e+03	1.202161e-06
1.145122e+03	1.221181e-06
1.150167e+03	1.240480e-06
1.155212e+03	1.260062e-06
1.160256e+03	1.279932e-06
1.165301e+03	1.300093e-06
1.170345e+03	1.320549e-06
1.175390e+03	1.341304e-06
1.180434e+03	1.362362e-06
1.185479e+03	1.383727e-06
1.190524e+03	1.405403e-06
1.195568e+03	1.427394e-06
1.200613e+03	1.449705e-06
1.205657e+03	1.472339e-06
1.210702e+03	1.495301e-06
1.215747e+03	1.518595e-06
1.220791e+03	1.542225e-06
1.225836e+03	1.566197e-06
1.230880e+03	1.590514e-06
1.235925e+03	1.615181e-06
1.240970e+03	1.640203e-06
1.246014e+03	1.665583e-06
1.251059e+03	1.691328e-06
1.256103e+03	1.717441e-06
1.261148e+03	1.743928e-06
1.266193e+03	1.770793e-06
1.271237e+03	1.798041e-06
1.276282e+03	1.825677e-06
1.281326e+03	1.853706e-06
1.286371e+03	1.882134e-06
1.291415e+03	1.910965e-06
1.296460e+03	1.940204e-06
1.301505e+03	1.969857e-06
1.306549e+03	1.999929e-06
1.311594e+03	2.030425e-06
1.316638e+03	2.061352e-06
1.321683e+03	2.092713e-06
1.326728e+03	2.124516e-06
1.331772e+03	2.156765e-06
1.336817e+03	2.189466e-06
1.341861e+03	2.222625e-06
1.346906e+03	2.256248e-06
1.351951e+03	2.290340e-06
1.356995e+03	2.324908e-06
1.362040e+03	2.359957e-06
1.367084e+03	2.395493e-06
1.372129e+03	2.431523e-06
1.377174e+03	2.468053e-06
1.382218e+03	2.505089e-06
1.387263e+03	2.542638e-06
1.392307e+03	2.580705e-06
1.397352e+03	2.619297e-06
1.402397e+03	2.658421e-06
1.407441e+03	2.698083e-06
1.412486e+03	2.738290e-06
1.417530e+03	2.779049e-06
1.422575e+03	2.820367e-06
1.427619e+03	2.862250e-06
1.432664e+03	2.904705e-06
1.437709e+03	2.947740e-06
1.442753e+03	2.991361e-06
1.447798e+03	3.035576e-06
1.452842e+03	3.080392e-06
1.457887e+03	3.125816e-06
1.462932e+03	3.171856e-06
1.467976e+03	3.218519e-06
1.473021e+03	3.265813e-06
1.478065e+03	3.313745e-06
1.483110e+03	3.362323e-06
1.488155e+03	3.411555e-06
1.493199e+03	3.461449e-06
1.498244e+03	3.512012e-06
1.503288e+03	3.563253e-06
1.508333e+03	3.615181e-06
1.513378e+03	3.667802e-06
1.518422e+03	3.721126e-06
1.523467e+03	3.775160e-06
1.528511e+03	3.829914e-06
1.533556e+03	3.885396e-06
1.538600e+03	3.941613e-06
1.543645e+03	3.998577e-06
1.548690e+03	4.056294e-06
1.553734e+03	4.114774e-06
1.558779e+03	4.174025e-06
1.563823e+03	4.234058e-06
1.568868e+03	4.294881e-06
1.573913e+03	4.356503e-06
1.578957e+03	4.418934e-06
1.584002e+03	4.482183e-06
1.589046e+03	4.546259e-06
1.594091e+03	4.611173e-06
1.599136e+03	4.676934e-06
1.604180e+03	4.743552e-06
1.609225e+03	4.811036e-06
1.614269e+03	4.879398e-06
1.619314e+03	4.948646e-06
1.624359e+03	5.018791e-06
1.629403e+03	5.089843e-06
1.634448e+03	5.161814e-06
1.639492e+03	5.234712e-06
1.644537e+03	5.308550e-06
1.649582e+03	5.383337e-06
1.654626e+03	5.459085e-06
1.659671e+03	5.535803e-06
1.664715e+03	5.613505e-06
1.669760e+03	5.692199e-06
1.674804e+03	5.771898e-06
1.679849e+03	5.852614e-06
1.684894e+03	5.934356e-06
1.689938e+03	6.017138e-06
1.694983e+03	6.100970e-06
1.700027e+03	6.185864e-06
1.705072e+03	6.271833e-06
1.710117e+03	6.358888e-06
1.715161e+03	6.447041e-06
1.720206e+03	6.536305e-06
1.725250e+03	6.626691e-06
1.730295e+03	6.718213e-06
1.735340e+03	6.810882e-06
1.740384e+03	6.904712e-06
1.745429e+03	6.999715e-06
1.750473e+03	7.095903e-06
1.755518e+03	7.193291e-06
1.760563e+03	7.291891e-06
1.765607e+03	7.391716e-06
1.770652e+03	7.492780e-06
1.775696e+03	7.595096e-06
1.780741e+03	7.698678e-06
1.785785e+03	7.803539e-06
1.790830e+03	7.909693e-06
1.795875e+03	8.017155e-06
1.800919e+03	8.125938e-06
1.805964e+03	8.236056e-06
1.811008e+03	8.347524e-06
1.816053e+03	8.460356e-06
1.821098e+03	8.574566e-06
1.826142e+03	8.690171e-06
1.831187e+03	8.807183e-06
1.836231e+03	8.925619e-06
1.841276e+03	9.045493e-06
1.846321e+03	9.166820e-06
1.851365e+03	9.289616e-06
1.856410e+03	9.413896e-06
1.861454e+03	9.539676e-06
1.866499e+03	9.666971e-06
1.871544e+03	9.795798e-06
1.876588e+03	9.926172e-06
1.881633e+03	1.005811e-05
1.886677e+03	1.019163e-05
1.891722e+03	1.032674e-05
1.896767e+03	1.046347e-05
1.901811e+03	1.060182e-05
1.906856e+03	1.074182e-05
1.911900e+03	1.088349e-05
1.916945e+03	1.102683e-05
1.921989e+03	1.117187e-05
1.927034e+03	1.131863e-05
1.932079e+03	1.146712e-05
1.937123e+03	1.161735e-05
1.942168e+03	1.176936e-05
1.947212e+03	1.192315e-05
1.952257e+03	1.207874e-05
1.957302e+03	1.223616e-05
1.962346e+03	1.239541e-05
1.967391e+03	1.255653e-05
1.972435e+03	1.271952e-05
1.977480e+03	1.288440e-05
1.982525e+03	1.305120e-05
1.987569e+03	1.321994e-05
1.992614e+03	1.339062e-05
1.997658e+03	1.356328e-05
2.002703e+03	1.373793e-05
2.007748e+03	1.391460e-05
2.012792e+03	1.409329e-05
2.017837e+03	1.427404e-05
2.022881e+03	1.445685e-05
2.027926e+03	1.464176e-05
2.032970e+03	1.482878e-05
2.038015e+03	1.501793e-05
2.043060e+03	1.520923e-05
2.048104e+03	1.540271e-05
2.053149e+03	1.559839e-05
2.058193e+03	1.579627e-05
2.063238e+03	1.599640e-05
2.068283e+03	1.619879e-05
2.073327e+03	1.640345e-05
2.078372e+03	1.661042e-05
2.083416e+03	1.681971e-05
2.088461e+03	1.703135e-05
2.093506e+03	1.724536e-05
2.098550e+03	1.746176e-05
2.103595e+03	1.768057e-05
2.108639e+03	1.790182e-05
2.113684e+03	1.812553e-05
2.118729e+03	1.835172e-05
2.123773e+03	1.858041e-05
2.128818e+03	1.881164e-05
2.133862e+03	1.904541e-05
2.138907e+03	1.928177e-05
2.143952e+03	1.952072e-05
2.148996e+03	1.976229e-05
2.154041e+03	2.000652e-05
2.159085e+03	2.025341e-05
2.164130e+03	2.050301e-05
2.169174e+03	2.075532e-05
2.174219e+03	2.101038e-05
2.179264e+03	2.126821e-05
2.184308e+03	2.152884e-05
2.189353e+03	2.179229e-05
2.194397e+03	2.205859e-05
2.199442e+03	2.232776e-05
2.204487e+03	2.259983e-05
2.209531e+03	2.287482e-05
2.214576e+03	2.315277e-05
2.219620e+03	2.343369e-05
2.224665e+03	2.371761e-05
2.229710e+03	2.400457e-05
2.234754e+03	2.429458e-05
2.239799e+03	2.458768e-05
2.244843e+03	2.488388e-05
2.249888e+03	2.518323e-05
2.254933e+03	2.548574e-05
2.259977e+03	2.579145e-05
2.265022e+03	2.610037e-05
2.270066e+03	2.641255e-05
2.275111e+03	2.672800e-05
2.280155e+03	2.704676e-05
2.285200e+03	2.736885e-05
2.290245e+03	2.769431e-05
2.295289e+03	2.802316e-05
2.300334e+03	2.835543e-05
2.305378e+03	2.869114e-05
2.310423e+03	2.903034e-05
2.315468e+03	2.937305e-05
2.320512e+03	2.971929e-05
2.325557e+03	3.006910e-05
2.330601e+03	3.042251e-05
2.335646e+03	3.077955e-05
2.340691e+03	3.114025e-05
2.345735e+03	3.150464e-05
2.350780e+03	3.187274e-05
2.355824e+03	3.224460e-05
2.360869e+03	3.262023e-05
2.365914e+03	3.299968e-05
2.370958e+03	3.338298e-05
2.376003e+03	3.377015e-05
2.381047e+03	3.416122e-05
2.386092e+03	3.455624e-05
2.391137e+03	3.495523e-05
2.396181e+03	3.535822e-05
2.401226e+03	3.576524e-05
2.406270e+03	3.617633e-05
2.411315e+03	3.659152e-05
2.416359e+03	3.701085e-05
2.421404e+03	3.743434e-05
2.426449e+03	3.786203e-05
2.431493e+03	3.829396e-05
2.436538e+03	3.873015e-05
2.441582e+03	3.917064e-05
2.446627e+03	3.961546e-05
2.451672e+03	4.006465e-05
2.456716e+03	4.051824e-05
2.461761e+03	4.097627e-05
2.466805e+03	4.143877e-05
2.471850e+03	4.190577e-05
2.476895e+03	4.237731e-05
2.481939e+03	4.285343e-05
2.486984e+03	4.333415e-05
2.492028e+03	4.381952e-05
2.497073e+03	4.430957e-05
2.502118e+03	4.480434e-05
2.507162e+03	4.530385e-05
2.512207e+03	4.580815e-05
2.517251e+03	4.631728e-05
2.522296e+03	4.683127e-05
2.527340e+03	4.735015e-05
2.532385e+03	4.787396e-05
2.537430e+03	4.840274e-05
2.542474e+03	4.893652e-05
2.547519e+03	4.947535e-05
2.552563e+03	5.001925e-05
2.557608e+03	5.056828e-05
2.562653e+03	5.112245e-05
2.567697e+03	5.168182e-05
2.572742e+03	5.224641e-05
2.577786e+03	5.281627e-05
2.582831e+03	5.339143e-05
2.587876e+03	5.397194e-05
2.592920e+03	5.455783e-05
2.597965e+03	5.514913e-05
2.603009e+03	5.574589e-05
2.608054e+03	5.634815e-05
2.613099e+03	5.695594e-05
2.618143e+03	5.756930e-05
2.623188e+03	5.818828e-05
2.628232e+03	5.881290e-05
2.633277e+03	5.944322e-05
2.638322e+03	6.007927e-05
2.643366e+03	6.072108e-05
2.648411e+03	6.136871e-05
2.653455e+03	6.202218e-05
2.658500e+03	6.268154e-05
2.663544e+03	6.334683e-05
2.668589e+03	6.401808e-05
2.673634e+03	6.469535e-05
2.678678e+03	6.537866e-05
2.683723e+03	6.606806e-05
2.688767e+03	6.676359e-05
2.693812e+03	6.746530e-05
2.698857e+03	6.817321e-05
2.703901e+03	6.888737e-05
2.708946e+03	6.960783e-05
2.713990e+03	7.033462e-05
2.719035e+03	7.106779e-05
2.724080e+03	7.180738e-05
2.729124e+03	7.255342e-05
2.734169e+03	7.330596e-05
2.739213e+03	7.406504e-05
2.744258e+03	7.483070e-05
2.749303e+03	7.560299e-05
2.754347e+03	7.638195e-05
2.759392e+03	7.716761e-05
2.764436e+03	7.796003e-05
2.769481e+03	7.875923e-05
2.774525e+03	7.956527e-05
2.779570e+03	8.037819e-05
2.784615e+03	8.119803e-05
2.789659e+03	8.202482e-05
2.794704e+03	8.285863e-05
2.799748e+03	8.369947e-05
2.804793e+03	8.454741e-05
2.809838e+03	8.540248e-05
2.814882e+03	8.626473e-05
2.819927e+03	8.713419e-05
2.824971e+03	8.801091e-05
2.830016e+03	8.889494e-05
2.835061e+03	8.978631e-05
2.840105e+03	9.068508e-05
2.845150e+03	9.159127e-05
2.850194e+03	9.250494e-05
2.855239e+03	9.342614e-05
2.860284e+03	9.435489e-05
2.865328e+03	9.529125e-05
2.870373e+03	9.623526e-05
2.875417e+03	9.718696e-05
2.880462e+03	9.814640e-05
2.885507e+03	9.911361e-05
2.890551e+03	1.000887e-04
2.895596e+03	1.010716e-04
2.900640e+03	1.020624e-04
2.905685e+03	1.030611e-04
2.910729e+03	1.040679e-04
2.915774e+03	1.050827e-04
2.920819e+03	1.061056e-04
2.925863e+03	1.071366e-04
2.930908e+03	1.081758e-04
2.935952e+03	1.092232e-04
2.940997e+03	1.102789e-04
2.946042e+03	1.113428e-04
2.951086e+03	1.124151e-04
2.956131e+03	1.134958e-04
2.961175e+03	1.145850e-04
2.966220e+03	1.156826e-04
2.971265e+03	1.167887e-04
2.976309e+03	1.179034e-04
2.981354e+03	1.190267e-04
2.986398e+03	1.201587e-04
2.991443e+03	1.212993e-04
2.996488e+03	1.224487e-04
3.001532e+03	1.236068e-04
3.006577e+03	1.247738e-04
3.011621e+03	1.259497e-04
3.016666e+03	1.271344e-04
3.021710e+03	1.283282e-04
3.026755e+03	1.295309e-04
3.031800e+03	1.307426e-04
3.036844e+03	1.319635e-04
3.041889e+03	1.331934e-04
3.046933e+03	1.344325e-04
3.051978e+03	1.356809e-04
3.057023e+03	1.369385e-04
3.062067e+03	1.382054e-04
3.067112e+03	1.394816e-04
3.072156e+03	1.407672e-04
3.077201e+03	1.420622e-04
3.082246e+03	1.433667e-04
3.087290e+03	1.446808e-04
3.092335e+03	1.460043e-04
3.097379e+03	1.473375e-04
3.102424e+03	1.486803e-04
3.107469e+03	1.500327e-04
3.112513e+03	1.513949e-04
3.117558e+03	1.527668e-04
3.122602e+03	1.541486e-04
3.127647e+03	1.555402e-04
3.132691e+03	1.569416e-04
3.137736e+03	1.583530e-04
3.142781e+03	1.597744e-04
3.147825e+03	1.612057e-04
3.152870e+03	1.626471e-04
3.157914e+03	1.640986e-04
3.162959e+03	1.655602e-04
3.168004e+03	1.670320e-04
3.173048e+03	1.685140e-04
3.178093e+03	1.700063e-04
3.183137e+03	1.715088e-04
3.188182e+03	1.730216e-04
3.193227e+03	1.745448e-04
3.198271e+03	1.760785e-04
3.203316e+03	1.776225e-04
3.208360e+03	1.791770e-04
3.213405e+03	1.807421e-04
3.218450e+03	1.823177e-04
3.223494e+03	1.839039e-04
3.228539e+03	1.855008e-04
3.233583e+03	1.871083e-04
3.238628e+03	1.887265e-04
3.243673e+03	1.903555e-04
3.248717e+03	1.919952e-04
3.253762e+03	1.936458e-04
3.258806e+03	1.953072e-04
3.263851e+03	1.969795e-04
3.268895e+03	1.986628e-04
3.273940e+03	2.003570e-04
3.278985e+03	2.020622e-04
3.284029e+03	2.037784e-04
3.289074e+03	2.055057e-04
3.294118e+03	2.072441e-04
3.299163e+03	2.089937e-04
3.304208e+03	2.107544e-04
3.309252e+03	2.125263e-04
3.314297e+03	2.143095e-04
3.319341e+03	2.161039e-04
3.324386e+03	2.179096e-04
3.329431e+03	2.197267e-04
3.334475e+03	2.215552e-04
3.339520e+03	2.233950e-04
3.344564e+03	2.252463e-04
3.349609e+03	2.271090e-04
3.354654e+03	2.289832e-04
3.359698e+03	2.308690e-04
3.364743e+03	2.327663e-04
3.369787e+03	2.346752e-04
3.374832e+03	2.365957e-04
3.379876e+03	2.385279e-04
3.384921e+03	2.404717e-04
3.389966e+03	2.424272e-04
3.395010e+03	2.443945e-04
3.400055e+03	2.463735e-04
3.405099e+03	2.483643e-04
3.410144e+03	2.503669e-04
3.415189e+03	2.523814e-04
3.420233e+03	2.544077e-04
3.425278e+03	2.564459e-04
3.430322e+03	2.584960e-04
3.435367e+03	2.605581e-04
3.440412e+03	2.626321e-04
3.445456e+03	2.647182e-04
3.450501e+03	2.668162e-04
3.455545e+03	2.689263e-04
3.460590e+03	2.710484e-04
3.465635e+03	2.731826e-04
3.470679e+03	2.753289e-04
3.475724e+03	2.774874e-04
3.480768e+03	2.796579e-04
3.485813e+03	2.818407e-04
3.490858e+03	2.840356e-04
3.495902e+03	2.862428e-04
3.500947e+03	2.884621e-04
3.505991e+03	2.906938e-04
3.511036e+03	2.929376e-04
3.516080e+03	2.951938e-04
3.521125e+03	2.974623e-04
3.526170e+03	2.997430e-04
3.531214e+03	3.020361e-04
3.536259e+03	3.043416e-04
3.541303e+03	3.066594e-04
3.546348e+03	3.089896e-04
3.551393e+03	3.113321e-04
3.556437e+03	3.136871e-04
3.561482e+03	3.160545e-04
3.566526e+03	3.184343e-04
3.571571e+03	3.208266e-04
3.576616e+03	3.232313e-04
3.581660e+03	3.256485e-04
3.586705e+03	3.280782e-04
3.591749e+03	3.305203e-04
3.596794e+03	3.329750e-04
3.601839e+03	3.354421e-04
3.606883e+03	3.379218e-04
3.611928e+03	3.404139e-04
3.616972e+03	3.429186e-04
3.622017e+03	3.454358e-04
3.627061e+03	3.479656e-04
3.632106e+03	3.505079e-04
3.637151e+03	3.530627e-04
3.642195e+03	3.556301e-04
3.647240e+03	3.582101e-04
3.652284e+03	3.608026e-04
3.657329e+03	3.634077e-04
3.662374e+03	3.660253e-04
3.667418e+03	3.686555e-04
3.672463e+03	3.712982e-04
3.677507e+03	3.739535e-04
3.682552e+03	3.766214e-04
3.687597e+03	3.793018e-04
3.692641e+03	3.819948e-04
3.697686e+03	3.847003e-04
3.702730e+03	3.874184e-04
3.707775e+03	3.901490e-04
3.712820e+03	3.928922e-04
3.717864e+03	3.956479e-04
3.722909e+03	3.984161e-04
3.727953e+03	4.011968e-04
3.732998e+03	4.039900e-04
3.738043e+03	4.067958e-04
3.743087e+03	4.096140e-04
3.748132e+03	4.124447e-04
3.753176e+03	4.152879e-04
3.758221e+03	4.181436e-04
3.763265e+03	4.210117e-04
3.768310e+03	4.238922e-04
3.773355e+03	4.267851e-04
3.778399e+03	4.296905e-04
3.783444e+03	4.326083e-04
3.788488e+03	4.355384e-04
3.793533e+03	4.384809e-04
3.798578e+03	4.414357e-04
3.803622e+03	4.444028e-04
3.808667e+03	4.473823e-04
3.813711e+03	4.503740e-04
3.818756e+03	4.533781e-04
3.823801e+03	4.563943e-04
3.828845e+03	4.594228e-04
3.833890e+03	4.624635e-04
3.838934e+03	4.655163e-04
3.843979e+03	4.685813e-04
3.849024e+03	4.716585e-04
3.854068e+03	4.747477e-04
3.859113e+03	4.778490e-04
3.864157e+03	4.809623e-04
3.869202e+03	4.840877e-04
3.874246e+03	4.872251e-04
3.879291e+03	4.903744e-04
3.884336e+03	4.935357e-04
3.889380e+03	4.967088e-04
3.894425e+03	4.998938e-04
3.899469e+03	5.030907e-04
3.904514e+03	5.062993e-04
3.909559e+03	5.095198e-04
3.914603e+03	5.127519e-04
3.919648e+03	5.159957e-04
3.924692e+03	5.192512e-04
3.929737e+03	5.225183e-04
3.934782e+03	5.257970e-04
3.939826e+03	5.290873e-04
3.944871e+03	5.323890e-04
3.949915e+03	5.357022e-04
3.954960e+03	5.390268e-04
3.960005e+03	5.423628e-04
3.965049e+03	5.457101e-04
3.970094e+03	5.490686e-04
3.975138e+03	5.524385e-04
3.980183e+03	5.558195e-04
3.985228e+03	5.592116e-04
3.990272e+03	5.626149e-04
3.995317e+03	5.660292e-04
4.000361e+03	5.694545e-04
4.005406e+03	5.728908e-04
4.010450e+03	5.763379e-04
4.015495e+03	5.797959e-04
4.020540e+03	5.832647e-04
4.025584e+03	5.867442e-04
4.030629e+03	5.902343e-04
4.035673e+03	5.937352e-04
4.040718e+03	5.972465e-04
4.045763e+03	6.007684e-04
4.050807e+03	6.043008e-04
4.055852e+03	6.078435e-04
4.060896e+03	6.113965e-04
4.065941e+03	6.149599e-04
4.070986e+03	6.185334e-04
4.076030e+03	6.221171e-04
4.081075e+03	6.257108e-04
4.086119e+03	6.293146e-04
4.091164e+03	6.329283e-04
4.096209e+03	6.365519e-04
4.101253e+03	6.401853e-04
4.106298e+03	6.438285e-04
4.111342e+03	6.474813e-04
4.116387e+03	6.511438e-04
4.121431e+03	6.548158e-04
4.126476e+03	6.584972e-04
4.131521e+03	6.621881e-04
4.136565e+03	6.658882e-04
4.141610e+03	6.695976e-04
4.146654e+03	6.733162e-04
4.151699e+03	6.770438e-04
4.156744e+03	6.807805e-04
4.161788e+03	6.845261e-04
4.166833e+03	6.882806e-04
4.171877e+03	6.920438e-04
4.176922e+03	6.958158e-04
4.181967e+03	6.995963e-04
4.187011e+03	7.033854e-04
4.192056e+03	7.071829e-04
4.197100e+03	7.109888e-04
4.202145e+03	7.148030e-04
4.207190e+03	7.186253e-04
4.212234e+03	7.224558e-04
4.217279e+03	7.262943e-04
4.222323e+03	7.301407e-04
4.227368e+03	7.339949e-04
4.232413e+03	7.378569e-04
4.237457e+03	7.417266e-04
4.242502e+03	7.456038e-04
4.247546e+03	7.494884e-04
4.252591e+03	7.533805e-04
4.257635e+03	7.572798e-04
4.262680e+03	7.611864e-04
4.267725e+03	7.651000e-04
4.272769e+03	7.690206e-04
4.277814e+03	7.729481e-04
4.282858e+03	7.768824e-04
4.287903e+03	7.808234e-04
4.292948e+03	7.847709e-04
4.297992e+03	7.887250e-04
4.303037e+03	7.926855e-04
4.308081e+03	7.966522e-04
4.313126e+03	8.006251e-04
4.318171e+03	8.046041e-04
4.323215e+03	8.085891e-04
4.328260e+03	8.125799e-04
4.333304e+03	8.165765e-04
4.338349e+03	8.205787e-04
4.343394e+03	8.245865e-04
4.348438e+03	8.285997e-04
4.353483e+03	8.326182e-04
4.358527e+03	8.366419e-04
4.363572e+03	8.406707e-04
4.368616e+03	8.447045e-04
4.373661e+03	8.487431e-04
4.378706e+03	8.527865e-04
4.383750e+03	8.568345e-04
4.388795e+03	8.608871e-04
4.393839e+03	8.649440e-04
4.398884e+03	8.690052e-04
4.403929e+03	8.730706e-04
4.408973e+03	8.771400e-04
4.414018e+03	8.812134e-04
4.419062e+03	8.852905e-04
4.424107e+03	8.893714e-04
4.429152e+03	8.934557e-04
4.434196e+03	8.975436e-04
4.439241e+03	9.016347e-04
4.444285e+03	9.057290e-04
4.449330e+03	9.098263e-04
4.454375e+03	9.139266e-04
4.459419e+03	9.180297e-04
4.464464e+03	9.221355e-04
4.469508e+03	9.262438e-04
4.474553e+03	9.303546e-04
4.479598e+03	9.344676e-04
4.484642e+03	9.385828e-04
4.489687e+03	9.427000e-04
4.494731e+03	9.468191e-04
4.499776e+03	9.509400e-04
4.504820e+03	9.550625e-04
4.509865e+03	9.591865e-04
4.514910e+03	9.633118e-04
4.519954e+03	9.674384e-04
4.524999e+03	9.715661e-04
4.530043e+03	9.756947e-04
4.535088e+03	9.798241e-04
4.540133e+03	9.839542e-04
4.545177e+03	9.880849e-04
4.550222e+03	9.922159e-04
4.555266e+03	9.963472e-04
4.560311e+03	1.000479e-03
4.565356e+03	1.004610e-03
4.570400e+03	1.008741e-03
4.575445e+03	1.012872e-03
4.580489e+03	1.017003e-03
4.585534e+03	1.021133e-03
4.590579e+03	1.025262e-03
4.595623e+03	1.029390e-03
4.600668e+03	1.033517e-03
4.605712e+03	1.037643e-03
4.610757e+03	1.041768e-03
4.615801e+03	1.045891e-03
4.620846e+03	1.050013e-03
4.625891e+03	1.054133e-03
4.630935e+03	1.058251e-03
4.635980e+03	1.062367e-03
4.641024e+03	1.066481e-03
4.646069e+03	1.070592e-03
4.651114e+03	1.074701e-03
4.656158e+03	1.078808e-03
4.661203e+03	1.082911e-03
4.666247e+03	1.087012e-03
4.671292e+03	1.091109e-03
4.676337e+03	1.095203e-03
4.681381e+03	1.099294e-03
4.686426e+03	1.103381e-03
4.691470e+03	1.107465e-03
4.696515e+03	1.111544e-03
4.701560e+03	1.115620e-03
4.706604e+03	1.119692e-03
4.711649e+03	1.123759e-03
4.716693e+03	1.127821e-03
4.721738e+03	1.131879e-03
4.726783e+03	1.135932e-03
4.731827e+03	1.139981e-03
4.736872e+03	1.144024e-03
4.741916e+03	1.148062e-03
4.746961e+03	1.152094e-03
4.752005e+03	1.156121e-03
4.757050e+03	1.160142e-03
4.762095e+03	1.164158e-03
4.767139e+03	1.168167e-03
4.772184e+03	1.172170e-03
4.777228e+03	1.176166e-03
4.782273e+03	1.180157e-03
4.787318e+03	1.184140e-03
4.792362e+03	1.188117e-03
4.797407e+03	1.192086e-03
4.802451e+03	1.196049e-03
4.807496e+03	1.200004e-03
4.812541e+03	1.203951e-03
4.817585e+03	1.207891e-03
4.822630e+03	1.211824e-03
4.827674e+03	1.215748e-03
4.832719e+03	1.219664e-03
4.837764e+03	1.223572e-03
4.842808e+03	1.227471e-03
4.847853e+03	1.231362e-03
4.852897e+03	1.235244e-03
4.857942e+03	1.239117e-03
4.862986e+03	1.242981e-03
4.868031e+03	1.246836e-03
4.873076e+03	1.250682e-03
4.878120e+03	1.254517e-03
4.883165e+03	1.258344e-03
4.888209e+03	1.262160e-03
4.893254e+03	1.265966e-03
4.898299e+03	1.269762e-03
4.903343e+03	1.273548e-03
4.908388e+03	1.277323e-03
4.913432e+03	1.281087e-03
4.918477e+03	1.284841e-03
4.923522e+03	1.288584e-03
4.928566e+03	1.292315e-03
4.933611e+03	1.296035e-03
4.938655e+03	1.299744e-03
4.943700e+03	1.303441e-03
4.948745e+03	1.307126e-03
4.953789e+03	1.310799e-03
4.958834e+03	1.314460e-03
4.963878e+03	1.318109e-03
4.968923e+03	1.321746e-03
4.973967e+03	1.325369e-03
4.979012e+03	1.328980e-03
4.984057e+03	1.332579e-03
4.989101e+03	1.336164e-03
4.994146e+03	1.339735e-03
4.999190e+03	1.343294e-03
5.004235e+03	1.346839e-03
5.009280e+03	1.350370e-03
5.014324e+03	1.353887e-03
5.019369e+03	1.357391e-03
5.024413e+03	1.360880e-03
5.029458e+03	1.364355e-03
5.034503e+03	1.367815e-03
5.039547e+03	1.371261e-03
5.044592e+03	1.374692e-03
5.049636e+03	1.378108e-03
5.054681e+03	1.381508e-03
5.059726e+03	1.384894e-03
5.064770e+03	1.388264e-03
5.069815e+03	1.391619e-03
5.074859e+03	1.394958e-03
5.079904e+03	1.398281e-03
5.084949e+03	1.401588e-03
5.089993e+03	1.404879e-03
5.095038e+03	1.408153e-03
5.100082e+03	1.411411e-03
5.105127e+03	1.414653e-03
5.110171e+03	1.417878e-03
5.115216e+03	1.421085e-03
5.120261e+03	1.424276e-03
5.125305e+03	1.427450e-03
5.130350e+03	1.430606e-03
5.135394e+03	1.433745e-03
5.140439e+03	1.436866e-03
5.145484e+03	1.439969e-03
5.150528e+03	1.443054e-03
5.155573e+03	1.446121e-03
5.160617e+03	1.449170e-03
5.165662e+03	1.452201e-03
5.170707e+03	1.455213e-03
5.175751e+03	1.458207e-03
5.180796e+03	1.461181e-03
5.185840e+03	1.464137e-03
5.190885e+03	1.467074e-03
5.195930e+03	1.469991e-03
5.200974e+03	1.472889e-03
5.206019e+03	1.475768e-03
5.211063e+03	1.478627e-03
5.216108e+03	1.481466e-03
5.221152e+03	1.484286e-03
5.226197e+03	1.487085e-03
5.231242e+03	1.489864e-03
5.236286e+03	1.492623e-03
5.241331e+03	1.495362e-03
5.246375e+03	1.498080e-03
5.251420e+03	1.500777e-03
5.256465e+03	1.503453e-03
5.261509e+03	1.506109e-03
5.266554e+03	1.508743e-03
5.271598e+03	1.511356e-03
5.276643e+03	1.513948e-03
5.281688e+03	1.516519e-03
5.286732e+03	1.519068e-03
5.291777e+03	1.521595e-03
5.296821e+03	1.524100e-03
5.301866e+03	1.526584e-03
5.306911e+03	1.529045e-03
5.311955e+03	1.531484e-03
5.317000e+03	1.533901e-03
5.322044e+03	1.536296e-03
5.327089e+03	1.538668e-03
5.332134e+03	1.541017e-03
5.337178e+03	1.543343e-03
5.342223e+03	1.545647e-03
5.347267e+03	1.547928e-03
5.352312e+03	1.550185e-03
5.357356e+03	1.552419e-03
5.362401e+03	1.554630e-03
5.367446e+03	1.556818e-03
5.372490e+03	1.558982e-03
5.377535e+03	1.561122e-03
5.382579e+03	1.563239e-03
5.387624e+03	1.565332e-03
5.392669e+03	1.567401e-03
5.397713e+03	1.569445e-03
5.402758e+03	1.571466e-03
5.407802e+03	1.573462e-03
5.412847e+03	1.575434e-03
5.417892e+03	1.577382e-03
5.422936e+03	1.579305e-03
5.427981e+03	1.581203e-03
5.433025e+03	1.583077e-03
5.438070e+03	1.584925e-03
5.443115e+03	1.586749e-03
5.448159e+03	1.588548e-03
5.453204e+03	1.590321e-03
5.458248e+03	1.592070e-03
5.463293e+03	1.593793e-03
5.468337e+03	1.595491e-03
5.473382e+03	1.597163e-03
5.478427e+03	1.598810e-03
5.483471e+03	1.600431e-03
5.488516e+03	1.602026e-03
5.493560e+03	1.603596e-03
5.498605e+03	1.605140e-03
5.503650e+03	1.606658e-03
5.508694e+03	1.608149e-03
5.513739e+03	1.609615e-03
5.518783e+03	1.611055e-03
5.523828e+03	1.612468e-03
5.528873e+03	1.613855e-03
5.533917e+03	1.615215e-03
5.538962e+03	1.616549e-03
5.544006e+03	1.617857e-03
5.549051e+03	1.619138e-03
5.554096e+03	1.620392e-03
5.559140e+03	1.621620e-03
5.564185e+03	1.622821e-03
5.569229e+03	1.623995e-03
5.574274e+03	1.625142e-03
5.579319e+03	1.626262e-03
5.584363e+03	1.627355e-03
5.589408e+03	1.628421e-03
5.594452e+03	1.629460e-03
5.599497e+03	1.630472e-03
5.604541e+03	1.631457e-03
5.609586e+03	1.632414e-03
5.614631e+03	1.633344e-03
5.619675e+03	1.634247e-03
5.624720e+03	1.635122e-03
5.629764e+03	1.635969e-03
5.634809e+03	1.636790e-03
5.639854e+03	1.637582e-03
5.644898e+03	1.638347e-03
5.649943e+03	1.639085e-03
5.654987e+03	1.639794e-03
5.660032e+03	1.640476e-03
5.665077e+03	1.641131e-03
5.670121e+03	1.641757e-03
5.675166e+03	1.642356e-03
5.680210e+03	1.642927e-03
5.685255e+03	1.643470e-03
5.690300e+03	1.643985e-03
5.695344e+03	1.644472e-03
5.700389e+03	1.644932e-03
5.705433e+03	1.645363e-03
5.710478e+03	1.645766e-03
5.715522e+03	1.646142e-03
5.720567e+03	1.646489e-03
5.725612e+03	1.646808e-03
5.730656e+03	1.647099e-03
5.735701e+03	1.647363e-03
5.740745e+03	1.647598e-03
5.745790e+03	1.647805e-03
5.750835e+03	1.647983e-03
5.755879e+03	1.648134e-03
5.760924e+03	1.648257e-03
5.765968e+03	1.648351e-03
5.771013e+03	1.648417e-03
5.776058e+03	1.648456e-03
5.781102e+03	1.648466e-03
5.786147e+03	1.648447e-03
5.791191e+03	1.648401e-03
5.796236e+03	1.648327e-03
5.801281e+03	1.648224e-03
5.806325e+03	1.648093e-03
5.811370e+03	1.647935e-03
5.816414e+03	1.647748e-03
5.821459e+03	1.647533e-03
5.826504e+03	1.647290e-03
5.831548e+03	1.647018e-03
5.836593e+03	1.646719e-03
5.841637e+03	1.646392e-03
5.846682e+03	1.646036e-03
5.851726e+03	1.645653e-03
5.856771e+03	1.645241e-03
5.861816e+03	1.644802e-03
5.866860e+03	1.644335e-03
5.871905e+03	1.643839e-03
5.876949e+03	1.643316e-03
5.881994e+03	1.642765e-03
5.887039e+03	1.642186e-03
5.892083e+03	1.641579e-03
5.897128e+03	1.640945e-03
5.902172e+03	1.640282e-03
5.907217e+03	1.639592e-03
5.912262e+03	1.638875e-03
5.917306e+03	1.638129e-03
5.922351e+03	1.637356e-03
5.927395e+03	1.636556e-03
5.932440e+03	1.635727e-03
5.937485e+03	1.634872e-03
5.942529e+03	1.633989e-03
5.947574e+03	1.633078e-03
5.952618e+03	1.632140e-03
5.957663e+03	1.631175e-03
5.962707e+03	1.630183e-03
5.967752e+03	1.629163e-03
5.972797e+03	1.628116e-03
5.977841e+03	1.627042e-03
5.982886e+03	1.625942e-03
5.987930e+03	1.624814e-03
5.992975e+03	1.623659e-03
5.998020e+03	1.622477e-03
6.003064e+03	1.621268e-03
6.008109e+03	1.620033e-03
6.013153e+03	1.618771e-03
6.018198e+03	1.617482e-03
6.023243e+03	1.616167e-03
6.028287e+03	1.614825e-03
6.033332e+03	1.613457e-03
6.038376e+03	1.612062e-03
6.043421e+03	1.610642e-03
6.048466e+03	1.609194e-03
6.053510e+03	1.607721e-03
6.058555e+03	1.606222e-03
6.063599e+03	1.604697e-03
6.068644e+03	1.603145e-03
6.073689e+03	1.601568e-03
6.078733e+03	1.599965e-03
6.083778e+03	1.598337e-03
6.088822e+03	1.596683e-03
6.093867e+03	1.595003e-03
6.098911e+03	1.593298e-03
6.103956e+03	1.591568e-03
6.109001e+03	1.589812e-03
6.114045e+03	1.588031e-03
6.119090e+03	1.586225e-03
6.124134e+03	1.584394e-03
6.129179e+03	1.582538e-03
6.134224e+03	1.580657e-03
6.139268e+03	1.578752e-03
6.144313e+03	1.576822e-03
6.149357e+03	1.574867e-03
6.154402e+03	1.572888e-03
6.159447e+03	1.570885e-03
6.164491e+03	1.568857e-03
6.169536e+03	1.566806e-03
6.174580e+03	1.564730e-03
6.179625e+03	1.562630e-03
6.184670e+03	1.560507e-03
6.189714e+03	1.558360e-03
6.194759e+03	1.556189e-03
6.199803e+03	1.553994e-03
6.204848e+03	1.551777e-03
6.209892e+03	1.549536e-03
6.214937e+03	1.547271e-03
6.219982e+03	1.544984e-03
6.225026e+03	1.542674e-03
6.230071e+03	1.540341e-03
6.235115e+03	1.537985e-03
6.240160e+03	1.535606e-03
6.245205e+03	1.533205e-03
6.250249e+03	1.530782e-03
6.255294e+03	1.528337e-03
6.260338e+03	1.525869e-03
6.265383e+03	1.523379e-03
6.270428e+03	1.520867e-03
6.275472e+03	1.518334e-03
6.280517e+03	1.515779e-03
6.285561e+03	1.513202e-03
6.290606e+03	1.510604e-03
6.295651e+03	1.507985e-03
6.300695e+03	1.505344e-03
6.305740e+03	1.502683e-03
6.310784e+03	1.500000e-03
6.315829e+03	1.497297e-03
6.320874e+03	1.494573e-03
6.325918e+03	1.491829e-03
6.330963e+03	1.489064e-03
6.336007e+03	1.486279e-03
6.341052e+03	1.483474e-03
6.346096e+03	1.480649e-03
6.351141e+03	1.477804e-03
6.356186e+03	1.474939e-03
6.361230e+03	1.472055e-03
6.366275e+03	1.469151e-03
6.371319e+03	1.466228e-03
6.376364e+03	1.463286e-03
6.381409e+03	1.460324e-03
6.386453e+03	1.457344e-03
6.391498e+03	1.454345e-03
6.396542e+03	1.451328e-03
6.401587e+03	1.448292e-03
6.406632e+03	1.445238e-03
6.411676e+03	1.442165e-03
6.416721e+03	1.439075e-03
6.421765e+03	1.435966e-03
6.426810e+03	1.432840e-03
6.431855e+03	1.429696e-03
6.436899e+03	1.426535e-03
6.441944e+03	1.423357e-03
6.446988e+03	1.420161e-03
6.452033e+03	1.416948e-03
6.457077e+03	1.413719e-03
6.462122e+03	1.410472e-03
6.467167e+03	1.407209e-03
6.472211e+03	1.403930e-03
6.477256e+03	1.400635e-03
6.482300e+03	1.397323e-03
6.487345e+03	1.393995e-03
6.492390e+03	1.390652e-03
6.497434e+03	1.387293e-03
6.502479e+03	1.383918e-03
6.507523e+03	1.380528e-03
6.512568e+03	1.377123e-03
6.517613e+03	1.373702e-03
6.522657e+03	1.370267e-03
6.527702e+03	1.366817e-03
6.532746e+03	1.363353e-03
6.537791e+03	1.359874e-03
6.542836e+03	1.356380e-03
6.547880e+03	1.352873e-03
6.552925e+03	1.349352e-03
6.557969e+03	1.345817e-03
6.563014e+03	1.342268e-03
6.568059e+03	1.338705e-03
6.573103e+03	1.335130e-03
6.578148e+03	1.331541e-03
6.583192e+03	1.327939e-03
6.588237e+03	1.324324e-03
6.593281e+03	1.320697e-03
6.598326e+03	1.317057e-03
6.603371e+03	1.313404e-03
6.608415e+03	1.309740e-03
6.613460e+03	1.306063e-03
6.618504e+03	1.302374e-03
6.623549e+03	1.298674e-03
6.628594e+03	1.294962e-03
6.633638e+03	1.291239e-03
6.638683e+03	1.287504e-03
6.643727e+03	1.283758e-03
6.648772e+03	1.280001e-03
6.653817e+03	1.276234e-03
6.658861e+03	1.272456e-03
6.663906e+03	1.268667e-03
6.668950e+03	1.264868e-03
6.673995e+03	1.261059e-03
6.679040e+03	1.257240e-03
6.684084e+03	1.253411e-03
6.689129e+03	1.249572e-03
6.694173e+03	1.245724e-03
6.699218e+03	1.241866e-03
6.704262e+03	1.238000e-03
6.709307e+03	1.234124e-03
6.714352e+03	1.230239e-03
6.719396e+03	1.226346e-03
6.724441e+03	1.222444e-03
6.729485e+03	1.218534e-03
6.734530e+03	1.214615e-03
6.739575e+03	1.210689e-03
6.744619e+03	1.206754e-03
6.749664e+03	1.202812e-03
6.754708e+03	1.198862e-03
6.759753e+03	1.194905e-03
6.764798e+03	1.190941e-03
6.769842e+03	1.186969e-03
6.774887e+03	1.182990e-03
6.779931e+03	1.179005e-03
6.784976e+03	1.175013e-03
6.790021e+03	1.171014e-03
6.795065e+03	1.167010e-03
6.800110e+03	1.162999e-03
6.805154e+03	1.158982e-03
6.810199e+03	1.154959e-03
6.815243e+03	1.150930e-03
6.820288e+03	1.146896e-03
6.825333e+03	1.142857e-03
6.830377e+03	1.138812e-03
6.835422e+03	1.134763e-03
6.840466e+03	1.130708e-03
6.845511e+03	1.126649e-03
6.850556e+03	1.122585e-03
6.855600e+03	1.118516e-03
6.860645e+03	1.114444e-03
6.865689e+03	1.110367e-03
6.870734e+03	1.106286e-03
6.875779e+03	1.102201e-03
6.880823e+03	1.098113e-03
6.885868e+03	1.094021e-03
6.890912e+03	1.089926e-03
6.895957e+03	1.085828e-03
6.901002e+03	1.081726e-03
6.906046e+03	1.077622e-03
6.911091e+03	1.073515e-03
6.916135e+03	1.069405e-03
6.921180e+03	1.065293e-03
6.926225e+03	1.061179e-03
6.931269e+03	1.057062e-03
6.936314e+03	1.052944e-03
6.941358e+03	1.048823e-03
6.946403e+03	1.044701e-03
6.951447e+03	1.040577e-03
6.956492e+03	1.036452e-03
6.961537e+03	1.032326e-03
6.966581e+03	1.028198e-03
6.971626e+03	1.024069e-03
6.976670e+03	1.019940e-03
6.981715e+03	1.015810e-03
6.986760e+03	1.011679e-03
6.991804e+03	1.007548e-03
6.996849e+03	1.003417e-03
7.001893e+03	9.992856e-04
7.006938e+03	9.951542e-04
7.011983e+03	9.910230e-04
7.017027e+03	9.868920e-04
7.022072e+03	9.827615e-04
7.027116e+03	9.786316e-04
7.032161e+03	9.745024e-04
7.037206e+03	9.703740e-04
7.042250e+03	9.662467e-04
7.047295e+03	9.621204e-04
7.052339e+03	9.579955e-04
7.057384e+03	9.538719e-04
7.062428e+03	9.497498e-04
7.067473e+03	9.456295e-04
7.072518e+03	9.415109e-04
7.077562e+03	9.373942e-04
7.082607e+03	9.332797e-04
7.087651e+03	9.291673e-04
7.092696e+03	9.250572e-04
7.097741e+03	9.209496e-04
7.102785e+03	9.168446e-04
7.107830e+03	9.127423e-04
7.112874e+03	9.086429e-04
7.117919e+03	9.045464e-04
7.122964e+03	9.004530e-04
7.128008e+03	8.963628e-04
7.133053e+03	8.922760e-04
7.138097e+03	8.881926e-04
7.143142e+03	8.841128e-04
7.148187e+03	8.800367e-04
7.153231e+03	8.759645e-04
7.158276e+03	8.718963e-04
7.163320e+03	8.678321e-04
7.168365e+03	8.637721e-04
7.173410e+03	8.597164e-04
7.178454e+03	8.556651e-04
7.183499e+03	8.516184e-04
7.188543e+03	8.475764e-04
7.193588e+03	8.435392e-04
7.198632e+03	8.395068e-04
7.203677e+03	8.354795e-04
7.208722e+03	8.314572e-04
7.213766e+03	8.274403e-04
7.218811e+03	8.234286e-04
7.223855e+03	8.194224e-04
7.228900e+03	8.154218e-04
7.233945e+03	8.114269e-04
7.238989e+03	8.074378e-04
7.244034e+03	8.034545e-04
7.249078e+03	7.994773e-04
7.254123e+03	7.955061e-04
7.259168e+03	7.915412e-04
7.264212e+03	7.875825e-04
7.269257e+03	7.836303e-04
7.274301e+03	7.796847e-04
7.279346e+03	7.757456e-04
7.284391e+03	7.718133e-04
7.289435e+03	7.678877e-04
7.294480e+03	7.639691e-04
7.299524e+03	7.600576e-04
7.304569e+03	7.561531e-04
7.309613e+03	7.522559e-04
7.314658e+03	7.483659e-04
7.319703e+03	7.444834e-04
7.324747e+03	7.406084e-04
7.329792e+03	7.367409e-04
7.334836e+03	7.328811e-04
7.339881e+03	7.290292e-04
7.344926e+03	7.251850e-04
7.349970e+03	7.213489e-04
7.355015e+03	7.175207e-04
7.360059e+03	7.137007e-04
7.365104e+03	7.098889e-04
7.370149e+03	7.060855e-04
7.375193e+03	7.022904e-04
7.380238e+03	6.985037e-04
7.385282e+03	6.947257e-04
7.390327e+03	6.909562e-04
7.395372e+03	6.871955e-04
7.400416e+03	6.834436e-04
7.405461e+03	6.797006e-04
7.410505e+03	6.759665e-04
7.415550e+03	6.722415e-04
7.420595e+03	6.685255e-04
7.425639e+03	6.648188e-04
7.430684e+03	6.611213e-04
7.435728e+03	6.574332e-04
7.440773e+03	6.537545e-04
7.445817e+03	6.500852e-04
7.450862e+03	6.464255e-04
7.455907e+03	6.427755e-04
7.460951e+03	6.391351e-04
7.465996e+03	6.355045e-04
7.471040e+03	6.318838e-04
7.476085e+03	6.282729e-04
7.481130e+03	6.246720e-04
7.486174e+03	6.210812e-04
7.491219e+03	6.175004e-04
7.496263e+03	6.139299e-04
7.501308e+03	6.103695e-04
7.506353e+03	6.068194e-04
7.511397e+03	6.032797e-04
7.516442e+03	5.997503e-04
7.521486e+03	5.962315e-04
7.526531e+03	5.927232e-04
7.531576e+03	5.892254e-04
7.536620e+03	5.857383e-04
7.541665e+03	5.822619e-04
7.546709e+03	5.787962e-04
7.551754e+03	5.753414e-04
7.556798e+03	5.718974e-04
7.561843e+03	5.684643e-04
7.566888e+03	5.650421e-04
7.571932e+03	5.616310e-04
7.576977e+03	5.582310e-04
7.582021e+03	5.548420e-04
7.587066e+03	5.514642e-04
7.592111e+03	5.480976e-04
7.597155e+03	5.447423e-04
7.602200e+03	5.413983e-04
7.607244e+03	5.380656e-04
7.612289e+03	5.347443e-04
7.617334e+03	5.314344e-04
7.622378e+03	5.281360e-04
7.627423e+03	5.248491e-04
7.632467e+03	5.215737e-04
7.637512e+03	5.183100e-04
7.642557e+03	5.150578e-04
7.647601e+03	5.118174e-04
7.652646e+03	5.085886e-04
7.657690e+03	5.053716e-04
7.662735e+03	5.021663e-04
7.667780e+03	4.989729e-04
7.672824e+03	4.957913e-04
7.677869e+03	4.926216e-04
7.682913e+03	4.894638e-04
7.687958e+03	4.863179e-04
7.693002e+03	4.831840e-04
7.698047e+03	4.800621e-04
7.703092e+03	4.769522e-04
7.708136e+03	4.738544e-04
7.713181e+03	4.707686e-04
7.718225e+03	4.676950e-04
7.723270e+03	4.646335e-04
7.728315e+03	4.615842e-04
7.733359e+03	4.585470e-04
7.738404e+03	4.555221e-04
7.743448e+03	4.525093e-04
7.748493e+03	4.495089e-04
7.753538e+03	4.465207e-04
7.758582e+03	4.435448e-04
7.763627e+03	4.405812e-04
7.768671e+03	4.376299e-04
7.773716e+03	4.346910e-04
7.778761e+03	4.317644e-04
7.783805e+03	4.288503e-04
7.788850e+03	4.259485e-04
7.793894e+03	4.230591e-04
7.798939e+03	4.201822e-04
7.803983e+03	4.173177e-04
7.809028e+03	4.144656e-04
7.814073e+03	4.116260e-04
7.819117e+03	4.087989e-04
7.824162e+03	4.059843e-04
7.829206e+03	4.031822e-04
7.834251e+03	4.003925e-04
7.839296e+03	3.976154e-04
7.844340e+03	3.948508e-04
7.849385e+03	3.920988e-04
7.854429e+03	3.893592e-04
7.859474e+03	3.866322e-04
7.864519e+03	3.839178e-04
7.869563e+03	3.812159e-04
7.874608e+03	3.785265e-04
7.879652e+03	3.758497e-04
7.884697e+03	3.731855e-04
7.889742e+03	3.705338e-04
7.894786e+03	3.678947e-04
7.899831e+03	3.652681e-04
7.904875e+03	3.626541e-04
7.909920e+03	3.600527e-04
7.914965e+03	3.574638e-04
7.920009e+03	3.548875e-04
7.925054e+03	3.523237e-04
7.930098e+03	3.497725e-04
7.935143e+03	3.472338e-04
7.940187e+03	3.447077e-04
7.945232e+03	3.421941e-04
7.950277e+03	3.396930e-04
7.955321e+03	3.372044e-04
7.960366e+03	3.347284e-04
7.965410e+03	3.322649e-04
7.970455e+03	3.298138e-04
7.975500e+03	3.273753e-04
7.980544e+03	3.249492e-04
7.985589e+03	3.225357e-04
7.990633e+03	3.201345e-04
7.995678e+03	3.177459e-04
8.000723e+03	3.153696e-04
8.005767e+03	3.130058e-04
8.010812e+03	3.106544e-04
8.015856e+03	3.083154e-04
8.020901e+03	3.059888e-04
8.025946e+03	3.036746e-04
8.030990e+03	3.013727e-04
8.036035e+03	2.990832e-04
8.041079e+03	2.968059e-04
8.046124e+03	2.945410e-04
8.051168e+03	2.922884e-04
8.056213e+03	2.900481e-04
8.061258e+03	2.878200e-04
8.066302e+03	2.856042e-04
8.071347e+03	2.834006e-04
8.076391e+03	2.812091e-04
8.081436e+03	2.790299e-04
8.086481e+03	2.768628e-04
8.091525e+03	2.747079e-04
8.096570e+03	2.725651e-04
8.101614e+03	2.704344e-04
8.106659e+03	2.683157e-04
8.111704e+03	2.662091e-04
8.116748e+03	2.641146e-04
8.121793e+03	2.620320e-04
8.126837e+03	2.599614e-04
8.131882e+03	2.579028e-04
8.136927e+03	2.558561e-04
8.141971e+03	2.538214e-04
8.147016e+03	2.517985e-04
8.152060e+03	2.497874e-04
8.157105e+03	2.477882e-04
8.162150e+03	2.458008e-04
8.167194e+03	2.438252e-04
8.172239e+03	2.418613e-04
8.177283e+03	2.399092e-04
8.182328e+03	2.379687e-04
8.187372e+03	2.360399e-04
8.192417e+03	2.341228e-04
8.197462e+03	2.322172e-04
8.202506e+03	2.303233e-04
8.207551e+03	2.284408e-04
8.212595e+03	2.265699e-04
8.217640e+03	2.247105e-04
8.222685e+03	2.228625e-04
8.227729e+03	2.210260e-04
8.232774e+03	2.192008e-04
8.237818e+03	2.173870e-04
8.242863e+03	2.155846e-04
8.247908e+03	2.137934e-04
8.252952e+03	2.120135e-04
8.257997e+03	2.102448e-04
8.263041e+03	2.084873e-04
8.268086e+03	2.067410e-04
8.273131e+03	2.050058e-04
8.278175e+03	2.032817e-04
8.283220e+03	2.015687e-04
8.288264e+03	1.998666e-04
8.293309e+03	1.981756e-04
8.298353e+03	1.964955e-04
8.303398e+03	1.948263e-04
8.308443e+03	1.931681e-04
8.313487e+03	1.915206e-04
8.318532e+03	1.898840e-04
8.323576e+03	1.882581e-04
8.328621e+03	1.866430e-04
8.333666e+03	1.850386e-04
8.338710e+03	1.834448e-04
8.343755e+03	1.818617e-04
8.348799e+03	1.802891e-04
8.353844e+03	1.787271e-04
8.358889e+03	1.771756e-04
8.363933e+03	1.756345e-04
8.368978e+03	1.741039e-04
8.374022e+03	1.725837e-04
8.379067e+03	1.710738e-04
8.384112e+03	1.695743e-04
8.389156e+03	1.680850e-04
8.394201e+03	1.666060e-04
8.399245e+03	1.651371e-04
8.404290e+03	1.636784e-04
8.409335e+03	1.622299e-04
8.414379e+03	1.607914e-04
8.419424e+03	1.593629e-04
8.424468e+03	1.579444e-04
8.429513e+03	1.565359e-04
8.434557e+03	1.551373e-04
8.439602e+03	1.537486e-04
8.444647e+03	1.523697e-04
8.449691e+03	1.510005e-04
8.454736e+03	1.496412e-04
8.459780e+03	1.482915e-04
8.464825e+03	1.469515e-04
8.469870e+03	1.456211e-04
8.474914e+03	1.443003e-04
8.479959e+03	1.429891e-04
8.485003e+03	1.416873e-04
8.490048e+03	1.403950e-04
8.495093e+03	1.391121e-04
8.500137e+03	1.378386e-04
8.505182e+03	1.365744e-04
8.510226e+03	1.353195e-04
8.515271e+03	1.340738e-04
8.520316e+03	1.328373e-04
8.525360e+03	1.316100e-04
8.530405e+03	1.303918e-04
8.535449e+03	1.291826e-04
8.540494e+03	1.279825e-04
8.545538e+03	1.267914e-04
8.550583e+03	1.256092e-04
8.555628e+03	1.244359e-04
8.560672e+03	1.232715e-04
8.565717e+03	1.221159e-04
8.570761e+03	1.209690e-04
8.575806e+03	1.198309e-04
8.580851e+03	1.187015e-04
8.585895e+03	1.175806e-04
8.590940e+03	1.164684e-04
8.595984e+03	1.153648e-04
8.601029e+03	1.142696e-04
8.606074e+03	1.131829e-04
8.611118e+03	1.121046e-04
8.616163e+03	1.110347e-04
8.621207e+03	1.099732e-04
8.626252e+03	1.089199e-04
8.631297e+03	1.078749e-04
8.636341e+03	1.068381e-04
8.641386e+03	1.058094e-04
8.646430e+03	1.047888e-04
8.651475e+03	1.037764e-04
8.656520e+03	1.027719e-04
8.661564e+03	1.017754e-04
8.666609e+03	1.007869e-04
8.671653e+03	9.980629e-05
8.676698e+03	9.883351e-05
8.681742e+03	9.786855e-05
8.686787e+03	9.691135e-05
8.691832e+03	9.596187e-05
8.696876e+03	9.502008e-05
8.701921e+03	9.408592e-05
8.706965e+03	9.315935e-05
8.712010e+03	9.224034e-05
8.717055e+03	9.132883e-05
8.722099e+03	9.042478e-05
8.727144e+03	8.952816e-05
8.732188e+03	8.863891e-05
8.737233e+03	8.775700e-05
8.742278e+03	8.688238e-05
8.747322e+03	8.601500e-05
8.752367e+03	8.515483e-05
8.757411e+03	8.430183e-05
8.762456e+03	8.345594e-05
8.767501e+03	8.261713e-05
8.772545e+03	8.178535e-05
8.777590e+03	8.096057e-05
8.782634e+03	8.014274e-05
8.787679e+03	7.933181e-05
8.792723e+03	7.852775e-05
8.797768e+03	7.773051e-05
8.802813e+03	7.694005e-05
8.807857e+03	7.615633e-05
8.812902e+03	7.537930e-05
8.817946e+03	7.460893e-05
8.822991e+03	7.384517e-05
8.828036e+03	7.308798e-05
8.833080e+03	7.233732e-05
8.838125e+03	7.159315e-05
8.843169e+03	7.085542e-05
8.848214e+03	7.012410e-05
8.853259e+03	6.939914e-05
8.858303e+03	6.868050e-05
8.863348e+03	6.796815e-05
8.868392e+03	6.726203e-05
8.873437e+03	6.656212e-05
8.878482e+03	6.586836e-05
8.883526e+03	6.518072e-05
8.888571e+03	6.449916e-05
8.893615e+03	6.382363e-05
8.898660e+03	6.315410e-05
8.903704e+03	6.249053e-05
8.908749e+03	6.183287e-05
8.913794e+03	6.118110e-05
8.918838e+03	6.053515e-05
8.923883e+03	5.989501e-05
8.928927e+03	5.926062e-05
8.933972e+03	5.863195e-05
8.939017e+03	5.800896e-05
8.944061e+03	5.739161e-05
8.949106e+03	5.677986e-05
8.954150e+03	5.617367e-05
8.959195e+03	5.557301e-05
8.964240e+03	5.497782e-05
8.969284e+03	5.438809e-05
8.974329e+03	5.380376e-05
8.979373e+03	5.322480e-05
8.984418e+03	5.265117e-05
8.989463e+03	5.208284e-05
8.994507e+03	5.151976e-05
8.999552e+03	5.096189e-05
9.004596e+03	5.040921e-05
9.009641e+03	4.986167e-05
9.014686e+03	4.931923e-05
9.019730e+03	4.878187e-05
9.024775e+03	4.824953e-05
9.029819e+03	4.772219e-05
9.034864e+03	4.719981e-05
9.039908e+03	4.668234e-05
9.044953e+03	4.616977e-05
9.049998e+03	4.566204e-05
9.055042e+03	4.515912e-05
9.060087e+03	4.466098e-05
9.065131e+03	4.416758e-05
9.070176e+03	4.367888e-05
9.075221e+03	4.319486e-05
9.080265e+03	4.271547e-05
9.085310e+03	4.224068e-05
9.090354e+03	4.177045e-05
9.095399e+03	4.130475e-05
9.100444e+03	4.084355e-05
9.105488e+03	4.038681e-05
9.110533e+03	3.993449e-05
9.115577e+03	3.948656e-05
9.120622e+03	3.904299e-05
9.125667e+03	3.860375e-05
9.130711e+03	3.816880e-05
9.135756e+03	3.773810e-05
9.140800e+03	3.731162e-05
9.145845e+03	3.688934e-05
9.150889e+03	3.647121e-05
9.155934e+03	3.605720e-05
9.160979e+03	3.564729e-05
9.166023e+03	3.524143e-05
9.171068e+03	3.483960e-05
9.176112e+03	3.444177e-05
9.181157e+03	3.404789e-05
9.186202e+03	3.365795e-05
9.191246e+03	3.327190e-05
9.196291e+03	3.288972e-05
9.201335e+03	3.251137e-05
9.206380e+03	3.213683e-05
9.211425e+03	3.176606e-05
9.216469e+03	3.139903e-05
9.221514e+03	3.103572e-05
9.226558e+03	3.067608e-05
9.231603e+03	3.032009e-05
9.236648e+03	2.996772e-05
9.241692e+03	2.961894e-05
9.246737e+03	2.927372e-05
9.251781e+03	2.893203e-05
9.256826e+03	2.859384e-05
9.261871e+03	2.825913e-05
9.266915e+03	2.792785e-05
9.271960e+03	2.759998e-05
9.277004e+03	2.727550e-05
9.282049e+03	2.695437e-05
9.287093e+03	2.663657e-05
9.292138e+03	2.632207e-05
9.297183e+03	2.601083e-05
9.302227e+03	2.570284e-05
9.307272e+03	2.539806e-05
9.312316e+03	2.509646e-05
9.317361e+03	2.479803e-05
9.322406e+03	2.450272e-05
9.327450e+03	2.421052e-05
9.332495e+03	2.392139e-05
9.337539e+03	2.363531e-05
9.342584e+03	2.335226e-05
9.347629e+03	2.307220e-05
9.352673e+03	2.279511e-05
9.357718e+03	2.252096e-05
9.362762e+03	2.224974e-05
9.367807e+03	2.198140e-05
9.372852e+03	2.171592e-05
9.377896e+03	2.145329e-05
9.382941e+03	2.119347e-05
9.387985e+03	2.093644e-05
9.393030e+03	2.068218e-05
9.398074e+03	2.043065e-05
9.403119e+03	2.018184e-05
9.408164e+03	1.993572e-05
9.413208e+03	1.969226e-05
9.418253e+03	1.945145e-05
9.423297e+03	1.921325e-05
9.428342e+03	1.897764e-05
9.433387e+03	1.874461e-05
9.438431e+03	1.851412e-05
9.443476e+03	1.828615e-05
9.448520e+03	1.806068e-05
9.453565e+03	1.783768e-05
9.458610e+03	1.761714e-05
9.463654e+03	1.739903e-05
9.468699e+03	1.718332e-05
9.473743e+03	1.697000e-05
9.478788e+03	1.675904e-05
9.483833e+03	1.655042e-05
9.488877e+03	1.634412e-05
9.493922e+03	1.614011e-05
9.498966e+03	1.593838e-05
9.504011e+03	1.573890e-05
9.509056e+03	1.554165e-05
9.514100e+03	1.534662e-05
9.519145e+03	1.515377e-05
9.524189e+03	1.496309e-05
9.529234e+03	1.477455e-05
9.534278e+03	1.458815e-05
9.539323e+03	1.440385e-05
9.544368e+03	1.422163e-05
9.549412e+03	1.404148e-05
9.554457e+03	1.386338e-05
9.559501e+03	1.368730e-05
9.564546e+03	1.351322e-05
9.569591e+03	1.334113e-05
9.574635e+03	1.317101e-05
9.579680e+03	1.300284e-05
9.584724e+03	1.283659e-05
9.589769e+03	1.267226e-05
9.594814e+03	1.250981e-05
9.599858e+03	1.234924e-05
9.604903e+03	1.219051e-05
9.609947e+03	1.203363e-05
9.614992e+03	1.187856e-05
9.620037e+03	1.172528e-05
9.625081e+03	1.157379e-05
9.630126e+03	1.142406e-05
9.635170e+03	1.127607e-05
9.640215e+03	1.112981e-05
9.645259e+03	1.098526e-05
9.650304e+03	1.084241e-05
9.655349e+03	1.070123e-05
9.660393e+03	1.056170e-05
9.665438e+03	1.042382e-05
9.670482e+03	1.028756e-05
9.675527e+03	1.015291e-05
9.680572e+03	1.001985e-05
9.685616e+03	9.888365e-06
9.690661e+03	9.758439e-06
9.695705e+03	9.630056e-06
9.700750e+03	9.503200e-06
9.705795e+03	9.377855e-06
9.710839e+03	9.254005e-06
9.715884e+03	9.131634e-06
9.720928e+03	9.010729e-06
9.725973e+03	8.891272e-06
9.731018e+03	8.773248e-06
9.736062e+03	8.656644e-06
9.741107e+03	8.541444e-06
9.746151e+03	8.427633e-06
9.751196e+03	8.315196e-06
9.756241e+03	8.204119e-06
9.761285e+03	8.094388e-06
9.766330e+03	7.985989e-06
9.771374e+03	7.878906e-06
9.776419e+03	7.773127e-06
9.781463e+03	7.668636e-06
9.786508e+03	7.565422e-06
9.791553e+03	7.463468e-06
9.796597e+03	7.362764e-06
9.801642e+03	7.263294e-06
9.806686e+03	7.165045e-06
9.811731e+03	7.068005e-06
9.816776e+03	6.972160e-06
9.821820e+03	6.877497e-06
9.826865e+03	6.784004e-06
9.831909e+03	6.691667e-06
9.836954e+03	6.600475e-06
9.841999e+03	6.510414e-06
9.847043e+03	6.421472e-06
9.852088e+03	6.333637e-06
9.857132e+03	6.246897e-06
9.862177e+03	6.161240e-06
9.867222e+03	6.076654e-06
9.872266e+03	5.993126e-06
9.877311e+03	5.910646e-06
9.882355e+03	5.829201e-06
9.887400e+03	5.748780e-06
9.892444e+03	5.669372e-06
9.897489e+03	5.590966e-06
9.902534e+03	5.513549e-06
9.907578e+03	5.437112e-06
9.912623e+03	5.361643e-06
9.917667e+03	5.287131e-06
9.922712e+03	5.213566e-06
9.927757e+03	5.140936e-06
9.932801e+03	5.069232e-06
9.937846e+03	4.998443e-06
9.942890e+03	4.928558e-06
9.947935e+03	4.859567e-06
9.952980e+03	4.791459e-06
9.958024e+03	4.724226e-06
9.963069e+03	4.657857e-06
9.968113e+03	4.592342e-06
9.973158e+03	4.527671e-06
9.978203e+03	4.463834e-06
9.983247e+03	4.400822e-06
9.988292e+03	4.338626e-06
9.993336e+03	4.277236e-06
9.998381e+03	4.216642e-06
1.000343e+04	4.156836e-06
1.000847e+04	4.097808e-06
1.001351e+04	4.039549e-06
1.001856e+04	3.982051e-06
1.002360e+04	3.925304e-06
1.002865e+04	3.869299e-06
1.003369e+04	3.814029e-06
1.003874e+04	3.759483e-06
1.004378e+04	3.705655e-06
1.004883e+04	3.652535e-06
1.005387e+04	3.600115e-06
1.005892e+04	3.548387e-06
1.006396e+04	3.497342e-06
1.006901e+04	3.446973e-06
1.007405e+04	3.397271e-06
1.007909e+04	3.348228e-06
1.008414e+04	3.299838e-06
1.008918e+04	3.252091e-06
1.009423e+04	3.204980e-06
1.009927e+04	3.158498e-06
1.010432e+04	3.112636e-06
1.010936e+04	3.067389e-06
1.011441e+04	3.022747e-06
1.011945e+04	2.978704e-06
1.012450e+04	2.935253e-06
1.012954e+04	2.892386e-06
1.013458e+04	2.850097e-06
1.013963e+04	2.808378e-06
1.014467e+04	2.767223e-06
1.014972e+04	2.726624e-06
1.015476e+04	2.686574e-06
1.015981e+04	2.647068e-06
1.016485e+04	2.608098e-06
1.016990e+04	2.569658e-06
1.017494e+04	2.531742e-06
1.017999e+04	2.494342e-06
1.018503e+04	2.457453e-06
1.019008e+04	2.421068e-06
1.019512e+04	2.385181e-06
1.020016e+04	2.349786e-06
1.020521e+04	2.314876e-06
1.021025e+04	2.280447e-06
1.021530e+04	2.246491e-06
1.022034e+04	2.213003e-06
1.022539e+04	2.179976e-06
1.023043e+04	2.147406e-06
1.023548e+04	2.115287e-06
1.024052e+04	2.083612e-06
1.024557e+04	2.052377e-06
1.025061e+04	2.021575e-06
1.025566e+04	1.991202e-06
1.026070e+04	1.961251e-06
1.026574e+04	1.931718e-06
1.027079e+04	1.902597e-06
1.027583e+04	1.873884e-06
1.028088e+04	1.845572e-06
1.028592e+04	1.817657e-06
1.029097e+04	1.790133e-06
1.029601e+04	1.762996e-06
1.030106e+04	1.736241e-06
1.030610e+04	1.709863e-06
1.031115e+04	1.683856e-06
1.031619e+04	1.658217e-06
1.032123e+04	1.632941e-06
1.032628e+04	1.608022e-06
1.033132e+04	1.583456e-06
1.033637e+04	1.559240e-06
1.034141e+04	1.535367e-06
1.034646e+04	1.511834e-06
1.035150e+04	1.488636e-06
1.035655e+04	1.465769e-06
1.036159e+04	1.443229e-06
1.036664e+04	1.421011e-06
1.037168e+04	1.399112e-06
1.037673e+04	1.377526e-06
1.038177e+04	1.356250e-06
1.038681e+04	1.335280e-06
1.039186e+04	1.314612e-06
1.039690e+04	1.294241e-06
1.040195e+04	1.274165e-06
1.040699e+04	1.254378e-06
1.041204e+04	1.234878e-06
1.041708e+04	1.215660e-06
1.042213e+04	1.196721e-06
1.042717e+04	1.178056e-06
1.043222e+04	1.159663e-06
1.043726e+04	1.141538e-06
1.044230e+04	1.123677e-06
1.044735e+04	1.106076e-06
1.045239e+04	1.088732e-06
1.045744e+04	1.071642e-06
1.046248e+04	1.054803e-06
1.046753e+04	1.038210e-06
1.047257e+04	1.021861e-06
1.047762e+04	1.005752e-06
1.048266e+04	9.898799e-07
1.048771e+04	9.742419e-07
1.049275e+04	9.588345e-07
1.049780e+04	9.436547e-07
1.050284e+04	9.286993e-07
1.050788e+04	9.139654e-07
1.051293e+04	8.994499e-07
1.051797e+04	8.851497e-07
1.052302e+04	8.710621e-07
1.052806e+04	8.571840e-07
1.053311e+04	8.435127e-07
1.053815e+04	8.300452e-07
1.054320e+04	8.167788e-07
1.054824e+04	8.037107e-07
1.055329e+04	7.908382e-07
1.055833e+04	7.781586e-07
1.056338e+04	7.656692e-07
1.056842e+04	7.533673e-07
1.057346e+04	7.412505e-07
1.057851e+04	7.293161e-07
1.058355e+04	7.175616e-07
1.058860e+04	7.059845e-07
1.059364e+04	6.945823e-07
1.059869e+04	6.833526e-07
1.060373e+04	6.722930e-07
1.060878e+04	6.614011e-07
1.061382e+04	6.506746e-07
1.061887e+04	6.401110e-07
1.062391e+04	6.297082e-07
1.062895e+04	6.194639e-07
1.063400e+04	6.093759e-07
1.063904e+04	5.994419e-07
1.064409e+04	5.896598e-07
1.064913e+04	5.800274e-07
1.065418e+04	5.705426e-07
1.065922e+04	5.612033e-07
1.066427e+04	5.520075e-07
1.066931e+04	5.429531e-07
1.067436e+04	5.340381e-07
1.067940e+04	5.252605e-07
1.068445e+04	5.166183e-07
1.068949e+04	5.081097e-07
1.069453e+04	4.997327e-07
1.069958e+04	4.914854e-07
1.070462e+04	4.833659e-07
1.070967e+04	4.753725e-07
1.071471e+04	4.675032e-07
1.071976e+04	4.597564e-07
1.072480e+04	4.521303e-07
1.072985e+04	4.446230e-07
1.073489e+04	4.372329e-07
1.073994e+04	4.299583e-07
1.074498e+04	4.227976e-07
1.075003e+04	4.157490e-07
1.075507e+04	4.088109e-07
1.076011e+04	4.019817e-07
1.076516e+04	3.952599e-07
1.077020e+04	3.886438e-07
1.077525e+04	3.821320e-07
1.078029e+04	3.757228e-07
1.078534e+04	3.694149e-07
1.079038e+04	3.632066e-07
1.079543e+04	3.570966e-07
1.080047e+04	3.510833e-07
1.080552e+04	3.451655e-07
1.081056e+04	3.393416e-07
1.081560e+04	3.336102e-07
1.082065e+04	3.279701e-07
1.082569e+04	3.224198e-07
1.083074e+04	3.169580e-07
1.083578e+04	3.115834e-07
1.084083e+04	3.062948e-07
1.084587e+04	3.010907e-07
1.085092e+04	2.959701e-07
1.085596e+04	2.909315e-07
1.086101e+04	2.859738e-07
1.086605e+04	2.810959e-07
1.087110e+04	2.762964e-07
1.087614e+04	2.715742e-07
1.088118e+04	2.669281e-07
1.088623e+04	2.623571e-07
1.089127e+04	2.578600e-07
1.089632e+04	2.534356e-07
1.090136e+04	2.490828e-07
1.090641e+04	2.448007e-07
1.091145e+04	2.405880e-07
1.091650e+04	2.364438e-07
1.092154e+04	2.323671e-07
1.092659e+04	2.283567e-07
1.093163e+04	2.244117e-07
1.093667e+04	2.205311e-07
1.094172e+04	2.167139e-07
1.094676e+04	2.129591e-07
1.095181e+04	2.092658e-07
1.095685e+04	2.056331e-07
1.096190e+04	2.020599e-07
1.096694e+04	1.985455e-07
1.097199e+04	1.950889e-07
1.097703e+04	1.916891e-07
1.098208e+04	1.883454e-07
1.098712e+04	1.850569e-07
1.099217e+04	1.818227e-07
1.099721e+04	1.786419e-07
1.100225e+04	1.755138e-07
1.100730e+04	1.724375e-07
1.101234e+04	1.694123e-07
1.101739e+04	1.664373e-07
1.102243e+04	1.635117e-07
1.102748e+04	1.606348e-07
1.103252e+04	1.578059e-07
1.103757e+04	1.550241e-07
1.104261e+04	1.522887e-07
1.104766e+04	1.495991e-07
1.105270e+04	1.469545e-07
1.105775e+04	1.443541e-07
1.106279e+04	1.417973e-07
1.106783e+04	1.392835e-07
1.107288e+04	1.368119e-07
1.107792e+04	1.343818e-07
1.108297e+04	1.319926e-07
1.108801e+04	1.296438e-07
1.109306e+04	1.273345e-07
1.109810e+04	1.250642e-07
1.110315e+04	1.228323e-07
1.110819e+04	1.206382e-07
1.111324e+04	1.184813e-07
1.111828e+04	1.163609e-07
1.112332e+04	1.142765e-07
1.112837e+04	1.122276e-07
1.113341e+04	1.102135e-07
1.113846e+04	1.082337e-07
1.114350e+04	1.062876e-07
1.114855e+04	1.043748e-07
1.115359e+04	1.024946e-07
1.115864e+04	1.006466e-07
1.116368e+04	9.883024e-08
1.116873e+04	9.704498e-08
1.117377e+04	9.529035e-08
1.117882e+04	9.356584e-08
1.118386e+04	9.187097e-08
1.118890e+04	9.020526e-08
1.119395e+04	8.856824e-08
1.119899e+04	8.695944e-08
1.120404e+04	8.537841e-08
1.120908e+04	8.382470e-08
1.121413e+04	8.229785e-08
1.121917e+04	8.079743e-08
1.122422e+04	7.932302e-08
1.122926e+04	7.787418e-08
1.123431e+04	7.645049e-08
1.123935e+04	7.505156e-08
1.124440e+04	7.367696e-08
1.124944e+04	7.232631e-08
1.125448e+04	7.099920e-08
1.125953e+04	6.969526e-08
1.126457e+04	6.841409e-08
1.126962e+04	6.715533e-08
1.127466e+04	6.591861e-08
1.127971e+04	6.470355e-08
1.128475e+04	6.350981e-08
1.128980e+04	6.233702e-08
1.129484e+04	6.118485e-08
1.129989e+04	6.005295e-08
1.130493e+04	5.894098e-08
1.130997e+04	5.784862e-08
1.131502e+04	5.677552e-08
1.132006e+04	5.572139e-08
1.132511e+04	5.468589e-08
1.133015e+04	5.366872e-08
1.133520e+04	5.266957e-08
1.134024e+04	5.168814e-08
1.134529e+04	5.072413e-08
1.135033e+04	4.977725e-08
1.135538e+04	4.884721e-08
1.136042e+04	4.793373e-08
1.136547e+04	4.703652e-08
1.137051e+04	4.615533e-08
1.137555e+04	4.528987e-08
1.138060e+04	4.443988e-08
1.138564e+04	4.360509e-08
1.139069e+04	4.278526e-08
1.139573e+04	4.198013e-08
1.140078e+04	4.118944e-08
1.140582e+04	4.041295e-08
