# # p(y | x = 8.000000e+00)
# # y_val	p(y|x)
0.000000e+00	2.848299e-06
9.866476e+00	2.893174e-06
1.973295e+01	2.938701e-06
2.959943e+01	2.984887e-06
3.946590e+01	3.031741e-06
4.933238e+01	3.079272e-06
5.919885e+01	3.127488e-06
6.906533e+01	3.176399e-06
7.893180e+01	3.226014e-06
8.879828e+01	3.276340e-06
9.866476e+01	3.327389e-06
1.085312e+02	3.379168e-06
1.183977e+02	3.431688e-06
1.282642e+02	3.484958e-06
1.381307e+02	3.538987e-06
1.479971e+02	3.593785e-06
1.578636e+02	3.649362e-06
1.677301e+02	3.705727e-06
1.775966e+02	3.762892e-06
1.874630e+02	3.820866e-06
1.973295e+02	3.879659e-06
2.071960e+02	3.939281e-06
2.170625e+02	3.999744e-06
2.269289e+02	4.061057e-06
2.367954e+02	4.123231e-06
2.466619e+02	4.186277e-06
2.565284e+02	4.250207e-06
2.663948e+02	4.315030e-06
2.762613e+02	4.380758e-06
2.861278e+02	4.447403e-06
2.959943e+02	4.514976e-06
3.058607e+02	4.583488e-06
3.157272e+02	4.652951e-06
3.255937e+02	4.723376e-06
3.354602e+02	4.794776e-06
3.453266e+02	4.867163e-06
3.551931e+02	4.940548e-06
3.650596e+02	5.014944e-06
3.749261e+02	5.090364e-06
3.847925e+02	5.166818e-06
3.946590e+02	5.244322e-06
4.045255e+02	5.322886e-06
4.143920e+02	5.402524e-06
4.242585e+02	5.483250e-06
4.341249e+02	5.565075e-06
4.439914e+02	5.648014e-06
4.538579e+02	5.732079e-06
4.637244e+02	5.817285e-06
4.735908e+02	5.903645e-06
4.834573e+02	5.991173e-06
4.933238e+02	6.079882e-06
5.031903e+02	6.169787e-06
5.130567e+02	6.260903e-06
5.229232e+02	6.353243e-06
5.327897e+02	6.446821e-06
5.426562e+02	6.541654e-06
5.525226e+02	6.637755e-06
5.623891e+02	6.735139e-06
5.722556e+02	6.833822e-06
5.821221e+02	6.933818e-06
5.919885e+02	7.035143e-06
6.018550e+02	7.137813e-06
6.117215e+02	7.241844e-06
6.215880e+02	7.347250e-06
6.314544e+02	7.454048e-06
6.413209e+02	7.562255e-06
6.511874e+02	7.671886e-06
6.610539e+02	7.782958e-06
6.709203e+02	7.895488e-06
6.807868e+02	8.009492e-06
6.906533e+02	8.124987e-06
7.005198e+02	8.241991e-06
7.103862e+02	8.360520e-06
7.202527e+02	8.480591e-06
7.301192e+02	8.602224e-06
7.399857e+02	8.725434e-06
7.498521e+02	8.850240e-06
7.597186e+02	8.976661e-06
7.695851e+02	9.104713e-06
7.794516e+02	9.234417e-06
7.893180e+02	9.365789e-06
7.991845e+02	9.498849e-06
8.090510e+02	9.633616e-06
8.189175e+02	9.770109e-06
8.287839e+02	9.908347e-06
8.386504e+02	1.004835e-05
8.485169e+02	1.019013e-05
8.583834e+02	1.033372e-05
8.682499e+02	1.047914e-05
8.781163e+02	1.062639e-05
8.879828e+02	1.077551e-05
8.978493e+02	1.092652e-05
9.077158e+02	1.107943e-05
9.175822e+02	1.123426e-05
9.274487e+02	1.139105e-05
9.373152e+02	1.154980e-05
9.471817e+02	1.171054e-05
9.570481e+02	1.187328e-05
9.669146e+02	1.203807e-05
9.767811e+02	1.220490e-05
9.866476e+02	1.237381e-05
9.965140e+02	1.254483e-05
1.006381e+03	1.271796e-05
1.016247e+03	1.289323e-05
1.026113e+03	1.307067e-05
1.035980e+03	1.325031e-05
1.045846e+03	1.343215e-05
1.055713e+03	1.361623e-05
1.065579e+03	1.380257e-05
1.075446e+03	1.399119e-05
1.085312e+03	1.418212e-05
1.095179e+03	1.437538e-05
1.105045e+03	1.457100e-05
1.114912e+03	1.476900e-05
1.124778e+03	1.496940e-05
1.134645e+03	1.517223e-05
1.144511e+03	1.537752e-05
1.154378e+03	1.558529e-05
1.164244e+03	1.579556e-05
1.174111e+03	1.600836e-05
1.183977e+03	1.622373e-05
1.193844e+03	1.644168e-05
1.203710e+03	1.666223e-05
1.213576e+03	1.688543e-05
1.223443e+03	1.711128e-05
1.233309e+03	1.733983e-05
1.243176e+03	1.757110e-05
1.253042e+03	1.780511e-05
1.262909e+03	1.804189e-05
1.272775e+03	1.828147e-05
1.282642e+03	1.852389e-05
1.292508e+03	1.876915e-05
1.302375e+03	1.901731e-05
1.312241e+03	1.926837e-05
1.322108e+03	1.952238e-05
1.331974e+03	1.977936e-05
1.341841e+03	2.003935e-05
1.351707e+03	2.030236e-05
1.361574e+03	2.056843e-05
1.371440e+03	2.083759e-05
1.381307e+03	2.110987e-05
1.391173e+03	2.138530e-05
1.401040e+03	2.166391e-05
1.410906e+03	2.194573e-05
1.420772e+03	2.223080e-05
1.430639e+03	2.251914e-05
1.440505e+03	2.281078e-05
1.450372e+03	2.310576e-05
1.460238e+03	2.340411e-05
1.470105e+03	2.370585e-05
1.479971e+03	2.401104e-05
1.489838e+03	2.431968e-05
1.499704e+03	2.463182e-05
1.509571e+03	2.494750e-05
1.519437e+03	2.526674e-05
1.529304e+03	2.558957e-05
1.539170e+03	2.591604e-05
1.549037e+03	2.624617e-05
1.558903e+03	2.658000e-05
1.568770e+03	2.691756e-05
1.578636e+03	2.725889e-05
1.588503e+03	2.760402e-05
1.598369e+03	2.795299e-05
1.608236e+03	2.830583e-05
1.618102e+03	2.866258e-05
1.627968e+03	2.902327e-05
1.637835e+03	2.938794e-05
1.647701e+03	2.975662e-05
1.657568e+03	3.012936e-05
1.667434e+03	3.050618e-05
1.677301e+03	3.088712e-05
1.687167e+03	3.127223e-05
1.697034e+03	3.166153e-05
1.706900e+03	3.205507e-05
1.716767e+03	3.245289e-05
1.726633e+03	3.285501e-05
1.736500e+03	3.326148e-05
1.746366e+03	3.367234e-05
1.756233e+03	3.408762e-05
1.766099e+03	3.450737e-05
1.775966e+03	3.493162e-05
1.785832e+03	3.536041e-05
1.795699e+03	3.579378e-05
1.805565e+03	3.623177e-05
1.815432e+03	3.667442e-05
1.825298e+03	3.712178e-05
1.835164e+03	3.757387e-05
1.845031e+03	3.803075e-05
1.854897e+03	3.849244e-05
1.864764e+03	3.895900e-05
1.874630e+03	3.943046e-05
1.884497e+03	3.990687e-05
1.894363e+03	4.038826e-05
1.904230e+03	4.087468e-05
1.914096e+03	4.136617e-05
1.923963e+03	4.186277e-05
1.933829e+03	4.236452e-05
1.943696e+03	4.287147e-05
1.953562e+03	4.338366e-05
1.963429e+03	4.390113e-05
1.973295e+03	4.442393e-05
1.983162e+03	4.495210e-05
1.993028e+03	4.548567e-05
2.002895e+03	4.602471e-05
2.012761e+03	4.656924e-05
2.022627e+03	4.711932e-05
2.032494e+03	4.767499e-05
2.042360e+03	4.823629e-05
2.052227e+03	4.880326e-05
2.062093e+03	4.937597e-05
2.071960e+03	4.995443e-05
2.081826e+03	5.053872e-05
2.091693e+03	5.112886e-05
2.101559e+03	5.172491e-05
2.111426e+03	5.232690e-05
2.121292e+03	5.293490e-05
2.131159e+03	5.354893e-05
2.141025e+03	5.416906e-05
2.150892e+03	5.479533e-05
2.160758e+03	5.542777e-05
2.170625e+03	5.606645e-05
2.180491e+03	5.671141e-05
2.190358e+03	5.736269e-05
2.200224e+03	5.802035e-05
2.210091e+03	5.868442e-05
2.219957e+03	5.935497e-05
2.229823e+03	6.003203e-05
2.239690e+03	6.071566e-05
2.249556e+03	6.140590e-05
2.259423e+03	6.210281e-05
2.269289e+03	6.280642e-05
2.279156e+03	6.351680e-05
2.289022e+03	6.423399e-05
2.298889e+03	6.495804e-05
2.308755e+03	6.568899e-05
2.318622e+03	6.642691e-05
2.328488e+03	6.717183e-05
2.338355e+03	6.792381e-05
2.348221e+03	6.868290e-05
2.358088e+03	6.944915e-05
2.367954e+03	7.022261e-05
2.377821e+03	7.100333e-05
2.387687e+03	7.179137e-05
2.397554e+03	7.258676e-05
2.407420e+03	7.338957e-05
2.417287e+03	7.419984e-05
2.427153e+03	7.501762e-05
2.437019e+03	7.584298e-05
2.446886e+03	7.667595e-05
2.456752e+03	7.751659e-05
2.466619e+03	7.836495e-05
2.476485e+03	7.922109e-05
2.486352e+03	8.008506e-05
2.496218e+03	8.095690e-05
2.506085e+03	8.183668e-05
2.515951e+03	8.272444e-05
2.525818e+03	8.362023e-05
2.535684e+03	8.452411e-05
2.545551e+03	8.543614e-05
2.555417e+03	8.635635e-05
2.565284e+03	8.728482e-05
2.575150e+03	8.822159e-05
2.585017e+03	8.916671e-05
2.594883e+03	9.012023e-05
2.604750e+03	9.108222e-05
2.614616e+03	9.205272e-05
2.624483e+03	9.303179e-05
2.634349e+03	9.401948e-05
2.644215e+03	9.501584e-05
2.654082e+03	9.602093e-05
2.663948e+03	9.703480e-05
2.673815e+03	9.805751e-05
2.683681e+03	9.908911e-05
2.693548e+03	1.001296e-04
2.703414e+03	1.011792e-04
2.713281e+03	1.022378e-04
2.723147e+03	1.033055e-04
2.733014e+03	1.043823e-04
2.742880e+03	1.054684e-04
2.752747e+03	1.065637e-04
2.762613e+03	1.076684e-04
2.772480e+03	1.087824e-04
2.782346e+03	1.099059e-04
2.792213e+03	1.110389e-04
2.802079e+03	1.121814e-04
2.811946e+03	1.133335e-04
2.821812e+03	1.144952e-04
2.831678e+03	1.156666e-04
2.841545e+03	1.168478e-04
2.851411e+03	1.180388e-04
2.861278e+03	1.192397e-04
2.871144e+03	1.204505e-04
2.881011e+03	1.216713e-04
2.890877e+03	1.229021e-04
2.900744e+03	1.241430e-04
2.910610e+03	1.253940e-04
2.920477e+03	1.266552e-04
2.930343e+03	1.279267e-04
2.940210e+03	1.292085e-04
2.950076e+03	1.305006e-04
2.959943e+03	1.318031e-04
2.969809e+03	1.331161e-04
2.979676e+03	1.344396e-04
2.989542e+03	1.357737e-04
2.999409e+03	1.371184e-04
3.009275e+03	1.384737e-04
3.019142e+03	1.398398e-04
3.029008e+03	1.412167e-04
3.038874e+03	1.426045e-04
3.048741e+03	1.440031e-04
3.058607e+03	1.454127e-04
3.068474e+03	1.468332e-04
3.078340e+03	1.482648e-04
3.088207e+03	1.497076e-04
3.098073e+03	1.511614e-04
3.107940e+03	1.526265e-04
3.117806e+03	1.541029e-04
3.127673e+03	1.555905e-04
3.137539e+03	1.570896e-04
3.147406e+03	1.586000e-04
3.157272e+03	1.601219e-04
3.167139e+03	1.616554e-04
3.177005e+03	1.632004e-04
3.186872e+03	1.647570e-04
3.196738e+03	1.663253e-04
3.206605e+03	1.679054e-04
3.216471e+03	1.694972e-04
3.226338e+03	1.711008e-04
3.236204e+03	1.727163e-04
3.246070e+03	1.743438e-04
3.255937e+03	1.759832e-04
3.265803e+03	1.776347e-04
3.275670e+03	1.792982e-04
3.285536e+03	1.809739e-04
3.295403e+03	1.826618e-04
3.305269e+03	1.843618e-04
3.315136e+03	1.860742e-04
3.325002e+03	1.877989e-04
3.334869e+03	1.895359e-04
3.344735e+03	1.912854e-04
3.354602e+03	1.930473e-04
3.364468e+03	1.948218e-04
3.374335e+03	1.966088e-04
3.384201e+03	1.984084e-04
3.394068e+03	2.002207e-04
3.403934e+03	2.020456e-04
3.413801e+03	2.038834e-04
3.423667e+03	2.057339e-04
3.433534e+03	2.075972e-04
3.443400e+03	2.094735e-04
3.453266e+03	2.113626e-04
3.463133e+03	2.132647e-04
3.472999e+03	2.151799e-04
3.482866e+03	2.171081e-04
3.492732e+03	2.190494e-04
3.502599e+03	2.210039e-04
3.512465e+03	2.229715e-04
3.522332e+03	2.249524e-04
3.532198e+03	2.269465e-04
3.542065e+03	2.289540e-04
3.551931e+03	2.309748e-04
3.561798e+03	2.330090e-04
3.571664e+03	2.350566e-04
3.581531e+03	2.371177e-04
3.591397e+03	2.391923e-04
3.601264e+03	2.412805e-04
3.611130e+03	2.433822e-04
3.620997e+03	2.454976e-04
3.630863e+03	2.476267e-04
3.640729e+03	2.497694e-04
3.650596e+03	2.519259e-04
3.660462e+03	2.540962e-04
3.670329e+03	2.562803e-04
3.680195e+03	2.584782e-04
3.690062e+03	2.606900e-04
3.699928e+03	2.629157e-04
3.709795e+03	2.651553e-04
3.719661e+03	2.674090e-04
3.729528e+03	2.696766e-04
3.739394e+03	2.719583e-04
3.749261e+03	2.742541e-04
3.759127e+03	2.765640e-04
3.768994e+03	2.788880e-04
3.778860e+03	2.812262e-04
3.788727e+03	2.835786e-04
3.798593e+03	2.859452e-04
3.808460e+03	2.883260e-04
3.818326e+03	2.907212e-04
3.828193e+03	2.931306e-04
3.838059e+03	2.955544e-04
3.847925e+03	2.979925e-04
3.857792e+03	3.004450e-04
3.867658e+03	3.029120e-04
3.877525e+03	3.053933e-04
3.887391e+03	3.078892e-04
3.897258e+03	3.103995e-04
3.907124e+03	3.129243e-04
3.916991e+03	3.154636e-04
3.926857e+03	3.180174e-04
3.936724e+03	3.205859e-04
3.946590e+03	3.231689e-04
3.956457e+03	3.257665e-04
3.966323e+03	3.283787e-04
3.976190e+03	3.310056e-04
3.986056e+03	3.336471e-04
3.995923e+03	3.363033e-04
4.005789e+03	3.389742e-04
4.015656e+03	3.416597e-04
4.025522e+03	3.443600e-04
4.035389e+03	3.470750e-04
4.045255e+03	3.498047e-04
4.055121e+03	3.525492e-04
4.064988e+03	3.553084e-04
4.074854e+03	3.580825e-04
4.084721e+03	3.608712e-04
4.094587e+03	3.636748e-04
4.104454e+03	3.664932e-04
4.114320e+03	3.693263e-04
4.124187e+03	3.721743e-04
4.134053e+03	3.750371e-04
4.143920e+03	3.779147e-04
4.153786e+03	3.808071e-04
4.163653e+03	3.837143e-04
4.173519e+03	3.866364e-04
4.183386e+03	3.895733e-04
4.193252e+03	3.925250e-04
4.203119e+03	3.954915e-04
4.212985e+03	3.984728e-04
4.222852e+03	4.014690e-04
4.232718e+03	4.044800e-04
4.242585e+03	4.075058e-04
4.252451e+03	4.105464e-04
4.262317e+03	4.136018e-04
4.272184e+03	4.166720e-04
4.282050e+03	4.197570e-04
4.291917e+03	4.228568e-04
4.301783e+03	4.259713e-04
4.311650e+03	4.291006e-04
4.321516e+03	4.322447e-04
4.331383e+03	4.354034e-04
4.341249e+03	4.385769e-04
4.351116e+03	4.417651e-04
4.360982e+03	4.449680e-04
4.370849e+03	4.481856e-04
4.380715e+03	4.514179e-04
4.390582e+03	4.546647e-04
4.400448e+03	4.579262e-04
4.410315e+03	4.612023e-04
4.420181e+03	4.644930e-04
4.430048e+03	4.677983e-04
4.439914e+03	4.711180e-04
4.449780e+03	4.744523e-04
4.459647e+03	4.778011e-04
4.469513e+03	4.811644e-04
4.479380e+03	4.845420e-04
4.489246e+03	4.879341e-04
4.499113e+03	4.913406e-04
4.508979e+03	4.947614e-04
4.518846e+03	4.981965e-04
4.528712e+03	5.016459e-04
4.538579e+03	5.051096e-04
4.548445e+03	5.085875e-04
4.558312e+03	5.120796e-04
4.568178e+03	5.155858e-04
4.578045e+03	5.191061e-04
4.587911e+03	5.226405e-04
4.597778e+03	5.261889e-04
4.607644e+03	5.297513e-04
4.617511e+03	5.333277e-04
4.627377e+03	5.369180e-04
4.637244e+03	5.405221e-04
4.647110e+03	5.441401e-04
4.656976e+03	5.477718e-04
4.666843e+03	5.514173e-04
4.676709e+03	5.550764e-04
4.686576e+03	5.587492e-04
4.696442e+03	5.624355e-04
4.706309e+03	5.661354e-04
4.716175e+03	5.698487e-04
4.726042e+03	5.735755e-04
4.735908e+03	5.773156e-04
4.745775e+03	5.810690e-04
4.755641e+03	5.848357e-04
4.765508e+03	5.886156e-04
4.775374e+03	5.924086e-04
4.785241e+03	5.962147e-04
4.795107e+03	6.000338e-04
4.804974e+03	6.038658e-04
4.814840e+03	6.077108e-04
4.824707e+03	6.115685e-04
4.834573e+03	6.154390e-04
4.844440e+03	6.193222e-04
4.854306e+03	6.232180e-04
4.864172e+03	6.271264e-04
4.874039e+03	6.310473e-04
4.883905e+03	6.349805e-04
4.893772e+03	6.389261e-04
4.903638e+03	6.428839e-04
4.913505e+03	6.468540e-04
4.923371e+03	6.508361e-04
4.933238e+03	6.548303e-04
4.943104e+03	6.588364e-04
4.952971e+03	6.628544e-04
4.962837e+03	6.668841e-04
4.972704e+03	6.709256e-04
4.982570e+03	6.749787e-04
4.992437e+03	6.790434e-04
5.002303e+03	6.831195e-04
5.012170e+03	6.872069e-04
5.022036e+03	6.913056e-04
5.031903e+03	6.954156e-04
5.041769e+03	6.995366e-04
5.051636e+03	7.036686e-04
5.061502e+03	7.078115e-04
5.071368e+03	7.119653e-04
5.081235e+03	7.161298e-04
5.091101e+03	7.203049e-04
5.100968e+03	7.244905e-04
5.110834e+03	7.286865e-04
5.120701e+03	7.328929e-04
5.130567e+03	7.371095e-04
5.140434e+03	7.413363e-04
5.150300e+03	7.455730e-04
5.160167e+03	7.498197e-04
5.170033e+03	7.540762e-04
5.179900e+03	7.583423e-04
5.189766e+03	7.626181e-04
5.199633e+03	7.669034e-04
5.209499e+03	7.711980e-04
5.219366e+03	7.755019e-04
5.229232e+03	7.798150e-04
5.239099e+03	7.841371e-04
5.248965e+03	7.884681e-04
5.258831e+03	7.928079e-04
5.268698e+03	7.971564e-04
5.278564e+03	8.015135e-04
5.288431e+03	8.058790e-04
5.298297e+03	8.102529e-04
5.308164e+03	8.146350e-04
5.318030e+03	8.190251e-04
5.327897e+03	8.234232e-04
5.337763e+03	8.278292e-04
5.347630e+03	8.322428e-04
5.357496e+03	8.366640e-04
5.367363e+03	8.410927e-04
5.377229e+03	8.455287e-04
5.387096e+03	8.499719e-04
5.396962e+03	8.544221e-04
5.406829e+03	8.588793e-04
5.416695e+03	8.633432e-04
5.426562e+03	8.678139e-04
5.436428e+03	8.722910e-04
5.446295e+03	8.767745e-04
5.456161e+03	8.812642e-04
5.466027e+03	8.857601e-04
5.475894e+03	8.902619e-04
5.485760e+03	8.947696e-04
5.495627e+03	8.992829e-04
5.505493e+03	9.038017e-04
5.515360e+03	9.083260e-04
5.525226e+03	9.128554e-04
5.535093e+03	9.173900e-04
5.544959e+03	9.219295e-04
5.554826e+03	9.264738e-04
5.564692e+03	9.310228e-04
5.574559e+03	9.355763e-04
5.584425e+03	9.401341e-04
5.594292e+03	9.446961e-04
5.604158e+03	9.492621e-04
5.614025e+03	9.538320e-04
5.623891e+03	9.584057e-04
5.633758e+03	9.629829e-04
5.643624e+03	9.675635e-04
5.653491e+03	9.721474e-04
5.663357e+03	9.767344e-04
5.673223e+03	9.813243e-04
5.683090e+03	9.859170e-04
5.692956e+03	9.905123e-04
5.702823e+03	9.951100e-04
5.712689e+03	9.997100e-04
5.722556e+03	1.004312e-03
5.732422e+03	1.008916e-03
5.742289e+03	1.013522e-03
5.752155e+03	1.018130e-03
5.762022e+03	1.022738e-03
5.771888e+03	1.027349e-03
5.781755e+03	1.031960e-03
5.791621e+03	1.036572e-03
5.801488e+03	1.041185e-03
5.811354e+03	1.045799e-03
5.821221e+03	1.050413e-03
5.831087e+03	1.055027e-03
5.840954e+03	1.059641e-03
5.850820e+03	1.064256e-03
5.860687e+03	1.068869e-03
5.870553e+03	1.073483e-03
5.880419e+03	1.078096e-03
5.890286e+03	1.082708e-03
5.900152e+03	1.087319e-03
5.910019e+03	1.091928e-03
5.919885e+03	1.096537e-03
5.929752e+03	1.101144e-03
5.939618e+03	1.105749e-03
5.949485e+03	1.110352e-03
5.959351e+03	1.114953e-03
5.969218e+03	1.119552e-03
5.979084e+03	1.124149e-03
5.988951e+03	1.128742e-03
5.998817e+03	1.133333e-03
6.008684e+03	1.137921e-03
6.018550e+03	1.142506e-03
6.028417e+03	1.147087e-03
6.038283e+03	1.151665e-03
6.048150e+03	1.156239e-03
6.058016e+03	1.160809e-03
6.067882e+03	1.165374e-03
6.077749e+03	1.169936e-03
6.087615e+03	1.174493e-03
6.097482e+03	1.179045e-03
6.107348e+03	1.183592e-03
6.117215e+03	1.188134e-03
6.127081e+03	1.192671e-03
6.136948e+03	1.197203e-03
6.146814e+03	1.201728e-03
6.156681e+03	1.206248e-03
6.166547e+03	1.210762e-03
6.176414e+03	1.215269e-03
6.186280e+03	1.219770e-03
6.196147e+03	1.224264e-03
6.206013e+03	1.228751e-03
6.215880e+03	1.233232e-03
6.225746e+03	1.237705e-03
6.235613e+03	1.242170e-03
6.245479e+03	1.246628e-03
6.255346e+03	1.251078e-03
6.265212e+03	1.255520e-03
6.275078e+03	1.259954e-03
6.284945e+03	1.264379e-03
6.294811e+03	1.268796e-03
6.304678e+03	1.273204e-03
6.314544e+03	1.277602e-03
6.324411e+03	1.281992e-03
6.334277e+03	1.286372e-03
6.344144e+03	1.290742e-03
6.354010e+03	1.295103e-03
6.363877e+03	1.299453e-03
6.373743e+03	1.303794e-03
6.383610e+03	1.308124e-03
6.393476e+03	1.312443e-03
6.403343e+03	1.316751e-03
6.413209e+03	1.321048e-03
6.423076e+03	1.325334e-03
6.432942e+03	1.329609e-03
6.442809e+03	1.333872e-03
6.452675e+03	1.338123e-03
6.462542e+03	1.342362e-03
6.472408e+03	1.346589e-03
6.482274e+03	1.350803e-03
6.492141e+03	1.355005e-03
6.502007e+03	1.359194e-03
6.511874e+03	1.363370e-03
6.521740e+03	1.367532e-03
6.531607e+03	1.371682e-03
6.541473e+03	1.375817e-03
6.551340e+03	1.379939e-03
6.561206e+03	1.384046e-03
6.571073e+03	1.388140e-03
6.580939e+03	1.392219e-03
6.590806e+03	1.396283e-03
6.600672e+03	1.400332e-03
6.610539e+03	1.404367e-03
6.620405e+03	1.408386e-03
6.630272e+03	1.412390e-03
6.640138e+03	1.416378e-03
6.650005e+03	1.420350e-03
6.659871e+03	1.424307e-03
6.669738e+03	1.428247e-03
6.679604e+03	1.432170e-03
6.689470e+03	1.436078e-03
6.699337e+03	1.439968e-03
6.709203e+03	1.443841e-03
6.719070e+03	1.447697e-03
6.728936e+03	1.451536e-03
6.738803e+03	1.455357e-03
6.748669e+03	1.459161e-03
6.758536e+03	1.462946e-03
6.768402e+03	1.466713e-03
6.778269e+03	1.470462e-03
6.788135e+03	1.474193e-03
6.798002e+03	1.477905e-03
6.807868e+03	1.481597e-03
6.817735e+03	1.485271e-03
6.827601e+03	1.488926e-03
6.837468e+03	1.492561e-03
6.847334e+03	1.496176e-03
6.857201e+03	1.499772e-03
6.867067e+03	1.503347e-03
6.876933e+03	1.506902e-03
6.886800e+03	1.510437e-03
6.896666e+03	1.513952e-03
6.906533e+03	1.517445e-03
6.916399e+03	1.520918e-03
6.926266e+03	1.524369e-03
6.936132e+03	1.527799e-03
6.945999e+03	1.531208e-03
6.955865e+03	1.534595e-03
6.965732e+03	1.537961e-03
6.975598e+03	1.541304e-03
6.985465e+03	1.544625e-03
6.995331e+03	1.547924e-03
7.005198e+03	1.551200e-03
7.015064e+03	1.554453e-03
7.024931e+03	1.557684e-03
7.034797e+03	1.560891e-03
7.044664e+03	1.564076e-03
7.054530e+03	1.567237e-03
7.064397e+03	1.570374e-03
7.074263e+03	1.573488e-03
7.084129e+03	1.576577e-03
7.093996e+03	1.579643e-03
7.103862e+03	1.582685e-03
7.113729e+03	1.585702e-03
7.123595e+03	1.588694e-03
7.133462e+03	1.591662e-03
7.143328e+03	1.594605e-03
7.153195e+03	1.597523e-03
7.163061e+03	1.600416e-03
7.172928e+03	1.603284e-03
7.182794e+03	1.606126e-03
7.192661e+03	1.608942e-03
7.202527e+03	1.611733e-03
7.212394e+03	1.614497e-03
7.222260e+03	1.617236e-03
7.232127e+03	1.619948e-03
7.241993e+03	1.622634e-03
7.251860e+03	1.625294e-03
7.261726e+03	1.627926e-03
7.271593e+03	1.630532e-03
7.281459e+03	1.633111e-03
7.291325e+03	1.635663e-03
7.301192e+03	1.638187e-03
7.311058e+03	1.640685e-03
7.320925e+03	1.643154e-03
7.330791e+03	1.645596e-03
7.340658e+03	1.648010e-03
7.350524e+03	1.650397e-03
7.360391e+03	1.652755e-03
7.370257e+03	1.655085e-03
7.380124e+03	1.657387e-03
7.389990e+03	1.659660e-03
7.399857e+03	1.661905e-03
7.409723e+03	1.664121e-03
7.419590e+03	1.666308e-03
7.429456e+03	1.668466e-03
7.439323e+03	1.670595e-03
7.449189e+03	1.672695e-03
7.459056e+03	1.674766e-03
7.468922e+03	1.676807e-03
7.478789e+03	1.678819e-03
7.488655e+03	1.680801e-03
7.498521e+03	1.682754e-03
7.508388e+03	1.684676e-03
7.518254e+03	1.686569e-03
7.528121e+03	1.688432e-03
7.537987e+03	1.690264e-03
7.547854e+03	1.692066e-03
7.557720e+03	1.693838e-03
7.567587e+03	1.695579e-03
7.577453e+03	1.697290e-03
7.587320e+03	1.698970e-03
7.597186e+03	1.700619e-03
7.607053e+03	1.702237e-03
7.616919e+03	1.703825e-03
7.626786e+03	1.705381e-03
7.636652e+03	1.706907e-03
7.646519e+03	1.708401e-03
7.656385e+03	1.709863e-03
7.666252e+03	1.711295e-03
7.676118e+03	1.712695e-03
7.685984e+03	1.714063e-03
7.695851e+03	1.715400e-03
7.705717e+03	1.716705e-03
7.715584e+03	1.717979e-03
7.725450e+03	1.719220e-03
7.735317e+03	1.720430e-03
7.745183e+03	1.721607e-03
7.755050e+03	1.722753e-03
7.764916e+03	1.723866e-03
7.774783e+03	1.724948e-03
7.784649e+03	1.725997e-03
7.794516e+03	1.727014e-03
7.804382e+03	1.727998e-03
7.814249e+03	1.728950e-03
7.824115e+03	1.729870e-03
7.833982e+03	1.730757e-03
7.843848e+03	1.731611e-03
7.853715e+03	1.732433e-03
7.863581e+03	1.733222e-03
7.873448e+03	1.733979e-03
7.883314e+03	1.734703e-03
7.893180e+03	1.735394e-03
7.903047e+03	1.736052e-03
7.912913e+03	1.736677e-03
7.922780e+03	1.737270e-03
7.932646e+03	1.737829e-03
7.942513e+03	1.738356e-03
7.952379e+03	1.738849e-03
7.962246e+03	1.739310e-03
7.972112e+03	1.739737e-03
7.981979e+03	1.740132e-03
7.991845e+03	1.740493e-03
8.001712e+03	1.740821e-03
8.011578e+03	1.741116e-03
8.021445e+03	1.741378e-03
8.031311e+03	1.741607e-03
8.041178e+03	1.741802e-03
8.051044e+03	1.741965e-03
8.060911e+03	1.742094e-03
8.070777e+03	1.742190e-03
8.080644e+03	1.742253e-03
8.090510e+03	1.742282e-03
8.100376e+03	1.742278e-03
8.110243e+03	1.742242e-03
8.120109e+03	1.742171e-03
8.129976e+03	1.742068e-03
8.139842e+03	1.741932e-03
8.149709e+03	1.741762e-03
8.159575e+03	1.741559e-03
8.169442e+03	1.741323e-03
8.179308e+03	1.741053e-03
8.189175e+03	1.740751e-03
8.199041e+03	1.740415e-03
8.208908e+03	1.740047e-03
8.218774e+03	1.739645e-03
8.228641e+03	1.739210e-03
8.238507e+03	1.738742e-03
8.248374e+03	1.738241e-03
8.258240e+03	1.737707e-03
8.268107e+03	1.737141e-03
8.277973e+03	1.736541e-03
8.287839e+03	1.735908e-03
8.297706e+03	1.735243e-03
8.307572e+03	1.734544e-03
8.317439e+03	1.733813e-03
8.327305e+03	1.733049e-03
8.337172e+03	1.732253e-03
8.347038e+03	1.731424e-03
8.356905e+03	1.730562e-03
8.366771e+03	1.729668e-03
8.376638e+03	1.728741e-03
8.386504e+03	1.727781e-03
8.396371e+03	1.726790e-03
8.406237e+03	1.725766e-03
8.416104e+03	1.724709e-03
8.425970e+03	1.723621e-03
8.435837e+03	1.722500e-03
8.445703e+03	1.721348e-03
8.455570e+03	1.720163e-03
8.465436e+03	1.718946e-03
8.475303e+03	1.717697e-03
8.485169e+03	1.716417e-03
8.495035e+03	1.715105e-03
8.504902e+03	1.713761e-03
8.514768e+03	1.712386e-03
8.524635e+03	1.710979e-03
8.534501e+03	1.709540e-03
8.544368e+03	1.708070e-03
8.554234e+03	1.706569e-03
8.564101e+03	1.705037e-03
8.573967e+03	1.703474e-03
8.583834e+03	1.701879e-03
8.593700e+03	1.700254e-03
8.603567e+03	1.698598e-03
8.613433e+03	1.696911e-03
8.623300e+03	1.695194e-03
8.633166e+03	1.693446e-03
8.643033e+03	1.691667e-03
8.652899e+03	1.689858e-03
8.662766e+03	1.688019e-03
8.672632e+03	1.686150e-03
8.682499e+03	1.684251e-03
8.692365e+03	1.682321e-03
8.702231e+03	1.680362e-03
8.712098e+03	1.678373e-03
8.721964e+03	1.676355e-03
8.731831e+03	1.674307e-03
8.741697e+03	1.672230e-03
8.751564e+03	1.670123e-03
8.761430e+03	1.667988e-03
8.771297e+03	1.665823e-03
8.781163e+03	1.663629e-03
8.791030e+03	1.661407e-03
8.800896e+03	1.659156e-03
8.810763e+03	1.656876e-03
8.820629e+03	1.654568e-03
8.830496e+03	1.652232e-03
8.840362e+03	1.649867e-03
8.850229e+03	1.647475e-03
8.860095e+03	1.645054e-03
8.869962e+03	1.642606e-03
8.879828e+03	1.640130e-03
8.889695e+03	1.637627e-03
8.899561e+03	1.635096e-03
8.909427e+03	1.632539e-03
8.919294e+03	1.629954e-03
8.929160e+03	1.627342e-03
8.939027e+03	1.624703e-03
8.948893e+03	1.622038e-03
8.958760e+03	1.619346e-03
8.968626e+03	1.616628e-03
8.978493e+03	1.613883e-03
8.988359e+03	1.611113e-03
8.998226e+03	1.608317e-03
9.008092e+03	1.605494e-03
9.017959e+03	1.602647e-03
9.027825e+03	1.599774e-03
9.037692e+03	1.596875e-03
9.047558e+03	1.593952e-03
9.057425e+03	1.591003e-03
9.067291e+03	1.588030e-03
9.077158e+03	1.585031e-03
9.087024e+03	1.582009e-03
9.096890e+03	1.578962e-03
9.106757e+03	1.575891e-03
9.116623e+03	1.572796e-03
9.126490e+03	1.569677e-03
9.136356e+03	1.566534e-03
9.146223e+03	1.563368e-03
9.156089e+03	1.560178e-03
9.165956e+03	1.556966e-03
9.175822e+03	1.553730e-03
9.185689e+03	1.550471e-03
9.195555e+03	1.547190e-03
9.205422e+03	1.543887e-03
9.215288e+03	1.540561e-03
9.225155e+03	1.537212e-03
9.235021e+03	1.533842e-03
9.244888e+03	1.530450e-03
9.254754e+03	1.527037e-03
9.264621e+03	1.523602e-03
9.274487e+03	1.520146e-03
9.284354e+03	1.516668e-03
9.294220e+03	1.513170e-03
9.304086e+03	1.509651e-03
9.313953e+03	1.506112e-03
9.323819e+03	1.502552e-03
9.333686e+03	1.498972e-03
9.343552e+03	1.495372e-03
9.353419e+03	1.491752e-03
9.363285e+03	1.488113e-03
9.373152e+03	1.484454e-03
9.383018e+03	1.480776e-03
9.392885e+03	1.477079e-03
9.402751e+03	1.473363e-03
9.412618e+03	1.469628e-03
9.422484e+03	1.465875e-03
9.432351e+03	1.462104e-03
9.442217e+03	1.458315e-03
9.452084e+03	1.454507e-03
9.461950e+03	1.450682e-03
9.471817e+03	1.446839e-03
9.481683e+03	1.442979e-03
9.491550e+03	1.439102e-03
9.501416e+03	1.435208e-03
9.511282e+03	1.431297e-03
9.521149e+03	1.427370e-03
9.531015e+03	1.423426e-03
9.540882e+03	1.419466e-03
9.550748e+03	1.415490e-03
9.560615e+03	1.411499e-03
9.570481e+03	1.407492e-03
9.580348e+03	1.403469e-03
9.590214e+03	1.399431e-03
9.600081e+03	1.395378e-03
9.609947e+03	1.391311e-03
9.619814e+03	1.387229e-03
9.629680e+03	1.383132e-03
9.639547e+03	1.379021e-03
9.649413e+03	1.374896e-03
9.659280e+03	1.370758e-03
9.669146e+03	1.366606e-03
9.679013e+03	1.362440e-03
9.688879e+03	1.358261e-03
9.698746e+03	1.354070e-03
9.708612e+03	1.349865e-03
9.718478e+03	1.345648e-03
9.728345e+03	1.341418e-03
9.738211e+03	1.337177e-03
9.748078e+03	1.332923e-03
9.757944e+03	1.328657e-03
9.767811e+03	1.324380e-03
9.777677e+03	1.320092e-03
9.787544e+03	1.315792e-03
9.797410e+03	1.311481e-03
9.807277e+03	1.307159e-03
9.817143e+03	1.302827e-03
9.827010e+03	1.298485e-03
9.836876e+03	1.294132e-03
9.846743e+03	1.289769e-03
9.856609e+03	1.285397e-03
9.866476e+03	1.281014e-03
9.876342e+03	1.276623e-03
9.886209e+03	1.272222e-03
9.896075e+03	1.267812e-03
9.905941e+03	1.263394e-03
9.915808e+03	1.258966e-03
9.925674e+03	1.254531e-03
9.935541e+03	1.250087e-03
9.945407e+03	1.245635e-03
9.955274e+03	1.241176e-03
9.965140e+03	1.236708e-03
9.975007e+03	1.232234e-03
9.984873e+03	1.227752e-03
9.994740e+03	1.223263e-03
1.000461e+04	1.218767e-03
1.001447e+04	1.214265e-03
1.002434e+04	1.209756e-03
1.003421e+04	1.205241e-03
1.004407e+04	1.200720e-03
1.005394e+04	1.196193e-03
1.006381e+04	1.191661e-03
1.007367e+04	1.187122e-03
1.008354e+04	1.182579e-03
1.009340e+04	1.178031e-03
1.010327e+04	1.173478e-03
1.011314e+04	1.168920e-03
1.012300e+04	1.164357e-03
1.013287e+04	1.159790e-03
1.014274e+04	1.155220e-03
1.015260e+04	1.150645e-03
1.016247e+04	1.146066e-03
1.017234e+04	1.141484e-03
1.018220e+04	1.136899e-03
1.019207e+04	1.132310e-03
1.020194e+04	1.127719e-03
1.021180e+04	1.123124e-03
1.022167e+04	1.118527e-03
1.023154e+04	1.113928e-03
1.024140e+04	1.109326e-03
1.025127e+04	1.104723e-03
1.026113e+04	1.100117e-03
1.027100e+04	1.095510e-03
1.028087e+04	1.090901e-03
1.029073e+04	1.086291e-03
1.030060e+04	1.081680e-03
1.031047e+04	1.077068e-03
1.032033e+04	1.072455e-03
1.033020e+04	1.067841e-03
1.034007e+04	1.063227e-03
1.034993e+04	1.058613e-03
1.035980e+04	1.053999e-03
1.036967e+04	1.049384e-03
1.037953e+04	1.044770e-03
1.038940e+04	1.040157e-03
1.039927e+04	1.035544e-03
1.040913e+04	1.030932e-03
1.041900e+04	1.026321e-03
1.042886e+04	1.021711e-03
1.043873e+04	1.017103e-03
1.044860e+04	1.012495e-03
1.045846e+04	1.007890e-03
1.046833e+04	1.003286e-03
1.047820e+04	9.986846e-04
1.048806e+04	9.940851e-04
1.049793e+04	9.894879e-04
1.050780e+04	9.848931e-04
1.051766e+04	9.803011e-04
1.052753e+04	9.757118e-04
1.053740e+04	9.711255e-04
1.054726e+04	9.665423e-04
1.055713e+04	9.619624e-04
1.056700e+04	9.573860e-04
1.057686e+04	9.528132e-04
1.058673e+04	9.482441e-04
1.059659e+04	9.436790e-04
1.060646e+04	9.391179e-04
1.061633e+04	9.345610e-04
1.062619e+04	9.300085e-04
1.063606e+04	9.254606e-04
1.064593e+04	9.209173e-04
1.065579e+04	9.163789e-04
1.066566e+04	9.118455e-04
1.067553e+04	9.073171e-04
1.068539e+04	9.027941e-04
1.069526e+04	8.982765e-04
1.070513e+04	8.937644e-04
1.071499e+04	8.892581e-04
1.072486e+04	8.847576e-04
1.073473e+04	8.802630e-04
1.074459e+04	8.757747e-04
1.075446e+04	8.712926e-04
1.076432e+04	8.668169e-04
1.077419e+04	8.623477e-04
1.078406e+04	8.578853e-04
1.079392e+04	8.534296e-04
1.080379e+04	8.489810e-04
1.081366e+04	8.445394e-04
1.082352e+04	8.401050e-04
1.083339e+04	8.356780e-04
1.084326e+04	8.312584e-04
1.085312e+04	8.268465e-04
1.086299e+04	8.224423e-04
1.087286e+04	8.180459e-04
1.088272e+04	8.136576e-04
1.089259e+04	8.092773e-04
1.090246e+04	8.049053e-04
1.091232e+04	8.005417e-04
1.092219e+04	7.961865e-04
1.093205e+04	7.918399e-04
1.094192e+04	7.875021e-04
1.095179e+04	7.831730e-04
1.096165e+04	7.788529e-04
1.097152e+04	7.745419e-04
1.098139e+04	7.702400e-04
1.099125e+04	7.659475e-04
1.100112e+04	7.616643e-04
1.101099e+04	7.573907e-04
1.102085e+04	7.531266e-04
1.103072e+04	7.488723e-04
1.104059e+04	7.446279e-04
1.105045e+04	7.403933e-04
1.106032e+04	7.361688e-04
1.107019e+04	7.319545e-04
1.108005e+04	7.277504e-04
1.108992e+04	7.235567e-04
1.109979e+04	7.193734e-04
1.110965e+04	7.152007e-04
1.111952e+04	7.110386e-04
1.112938e+04	7.068872e-04
1.113925e+04	7.027467e-04
1.114912e+04	6.986171e-04
1.115898e+04	6.944986e-04
1.116885e+04	6.903912e-04
1.117872e+04	6.862949e-04
1.118858e+04	6.822100e-04
1.119845e+04	6.781364e-04
1.120832e+04	6.740744e-04
1.121818e+04	6.700238e-04
1.122805e+04	6.659850e-04
1.123792e+04	6.619578e-04
1.124778e+04	6.579425e-04
1.125765e+04	6.539390e-04
1.126752e+04	6.499475e-04
1.127738e+04	6.459681e-04
1.128725e+04	6.420008e-04
1.129711e+04	6.380456e-04
1.130698e+04	6.341028e-04
1.131685e+04	6.301723e-04
1.132671e+04	6.262542e-04
1.133658e+04	6.223487e-04
1.134645e+04	6.184557e-04
1.135631e+04	6.145753e-04
1.136618e+04	6.107076e-04
1.137605e+04	6.068527e-04
1.138591e+04	6.030106e-04
1.139578e+04	5.991815e-04
1.140565e+04	5.953653e-04
1.141551e+04	5.915621e-04
1.142538e+04	5.877720e-04
1.143525e+04	5.839950e-04
1.144511e+04	5.802313e-04
1.145498e+04	5.764808e-04
1.146484e+04	5.727437e-04
1.147471e+04	5.690199e-04
1.148458e+04	5.653096e-04
1.149444e+04	5.616127e-04
1.150431e+04	5.579294e-04
1.151418e+04	5.542597e-04
1.152404e+04	5.506036e-04
1.153391e+04	5.469612e-04
1.154378e+04	5.433325e-04
1.155364e+04	5.397176e-04
1.156351e+04	5.361166e-04
1.157338e+04	5.325294e-04
1.158324e+04	5.289561e-04
1.159311e+04	5.253968e-04
1.160298e+04	5.218515e-04
1.161284e+04	5.183203e-04
1.162271e+04	5.148031e-04
1.163257e+04	5.113000e-04
1.164244e+04	5.078111e-04
1.165231e+04	5.043364e-04
1.166217e+04	5.008759e-04
1.167204e+04	4.974297e-04
1.168191e+04	4.939977e-04
1.169177e+04	4.905801e-04
1.170164e+04	4.871768e-04
1.171151e+04	4.837880e-04
1.172137e+04	4.804135e-04
1.173124e+04	4.770535e-04
1.174111e+04	4.737079e-04
1.175097e+04	4.703769e-04
1.176084e+04	4.670603e-04
1.177071e+04	4.637583e-04
1.178057e+04	4.604709e-04
1.179044e+04	4.571980e-04
1.180030e+04	4.539398e-04
1.181017e+04	4.506962e-04
1.182004e+04	4.474672e-04
1.182990e+04	4.442529e-04
1.183977e+04	4.410533e-04
1.184964e+04	4.378684e-04
1.185950e+04	4.346981e-04
1.186937e+04	4.315426e-04
1.187924e+04	4.284019e-04
1.188910e+04	4.252759e-04
1.189897e+04	4.221646e-04
1.190884e+04	4.190682e-04
1.191870e+04	4.159865e-04
1.192857e+04	4.129196e-04
1.193844e+04	4.098674e-04
1.194830e+04	4.068301e-04
1.195817e+04	4.038076e-04
1.196803e+04	4.007999e-04
1.197790e+04	3.978071e-04
1.198777e+04	3.948290e-04
1.199763e+04	3.918658e-04
1.200750e+04	3.889174e-04
1.201737e+04	3.859838e-04
1.202723e+04	3.830651e-04
1.203710e+04	3.801611e-04
1.204697e+04	3.772720e-04
1.205683e+04	3.743977e-04
1.206670e+04	3.715383e-04
1.207657e+04	3.686936e-04
1.208643e+04	3.658637e-04
1.209630e+04	3.630487e-04
1.210617e+04	3.602484e-04
1.211603e+04	3.574629e-04
1.212590e+04	3.546922e-04
1.213576e+04	3.519362e-04
1.214563e+04	3.491950e-04
1.215550e+04	3.464686e-04
1.216536e+04	3.437569e-04
1.217523e+04	3.410599e-04
1.218510e+04	3.383776e-04
1.219496e+04	3.357100e-04
1.220483e+04	3.330571e-04
1.221470e+04	3.304188e-04
1.222456e+04	3.277952e-04
1.223443e+04	3.251863e-04
1.224430e+04	3.225919e-04
1.225416e+04	3.200122e-04
1.226403e+04	3.174470e-04
1.227390e+04	3.148964e-04
1.228376e+04	3.123603e-04
1.229363e+04	3.098387e-04
1.230350e+04	3.073316e-04
1.231336e+04	3.048390e-04
1.232323e+04	3.023609e-04
1.233309e+04	2.998972e-04
1.234296e+04	2.974479e-04
1.235283e+04	2.950129e-04
1.236269e+04	2.925923e-04
1.237256e+04	2.901861e-04
1.238243e+04	2.877941e-04
1.239229e+04	2.854165e-04
1.240216e+04	2.830530e-04
1.241203e+04	2.807038e-04
1.242189e+04	2.783688e-04
1.243176e+04	2.760479e-04
1.244163e+04	2.737412e-04
1.245149e+04	2.714486e-04
1.246136e+04	2.691700e-04
1.247123e+04	2.669055e-04
1.248109e+04	2.646550e-04
1.249096e+04	2.624184e-04
1.250082e+04	2.601958e-04
1.251069e+04	2.579871e-04
1.252056e+04	2.557923e-04
1.253042e+04	2.536113e-04
1.254029e+04	2.514441e-04
1.255016e+04	2.492907e-04
1.256002e+04	2.471510e-04
1.256989e+04	2.450250e-04
1.257976e+04	2.429126e-04
1.258962e+04	2.408139e-04
1.259949e+04	2.387288e-04
1.260936e+04	2.366572e-04
1.261922e+04	2.345991e-04
1.262909e+04	2.325544e-04
1.263896e+04	2.305232e-04
1.264882e+04	2.285054e-04
1.265869e+04	2.265009e-04
1.266855e+04	2.245097e-04
1.267842e+04	2.225318e-04
1.268829e+04	2.205671e-04
1.269815e+04	2.186156e-04
1.270802e+04	2.166772e-04
1.271789e+04	2.147519e-04
1.272775e+04	2.128397e-04
1.273762e+04	2.109404e-04
1.274749e+04	2.090542e-04
1.275735e+04	2.071808e-04
1.276722e+04	2.053203e-04
1.277709e+04	2.034727e-04
1.278695e+04	2.016378e-04
1.279682e+04	1.998156e-04
1.280669e+04	1.980062e-04
1.281655e+04	1.962094e-04
1.282642e+04	1.944252e-04
1.283628e+04	1.926535e-04
1.284615e+04	1.908944e-04
1.285602e+04	1.891477e-04
1.286588e+04	1.874134e-04
1.287575e+04	1.856915e-04
1.288562e+04	1.839819e-04
1.289548e+04	1.822845e-04
1.290535e+04	1.805994e-04
1.291522e+04	1.789264e-04
1.292508e+04	1.772656e-04
1.293495e+04	1.756168e-04
1.294482e+04	1.739800e-04
1.295468e+04	1.723552e-04
1.296455e+04	1.707424e-04
1.297442e+04	1.691414e-04
1.298428e+04	1.675522e-04
1.299415e+04	1.659748e-04
1.300401e+04	1.644091e-04
1.301388e+04	1.628550e-04
1.302375e+04	1.613126e-04
1.303361e+04	1.597817e-04
1.304348e+04	1.582624e-04
1.305335e+04	1.567545e-04
1.306321e+04	1.552580e-04
1.307308e+04	1.537728e-04
1.308295e+04	1.522990e-04
1.309281e+04	1.508364e-04
1.310268e+04	1.493850e-04
1.311255e+04	1.479448e-04
1.312241e+04	1.465157e-04
1.313228e+04	1.450975e-04
1.314215e+04	1.436904e-04
1.315201e+04	1.422942e-04
1.316188e+04	1.409089e-04
1.317174e+04	1.395344e-04
1.318161e+04	1.381707e-04
1.319148e+04	1.368177e-04
1.320134e+04	1.354754e-04
1.321121e+04	1.341437e-04
1.322108e+04	1.328225e-04
1.323094e+04	1.315119e-04
1.324081e+04	1.302117e-04
1.325068e+04	1.289219e-04
1.326054e+04	1.276424e-04
1.327041e+04	1.263732e-04
1.328028e+04	1.251143e-04
1.329014e+04	1.238655e-04
1.330001e+04	1.226269e-04
1.330988e+04	1.213983e-04
1.331974e+04	1.201798e-04
1.332961e+04	1.189712e-04
1.333948e+04	1.177725e-04
1.334934e+04	1.165837e-04
1.335921e+04	1.154047e-04
1.336907e+04	1.142354e-04
1.337894e+04	1.130758e-04
1.338881e+04	1.119259e-04
1.339867e+04	1.107855e-04
1.340854e+04	1.096547e-04
1.341841e+04	1.085333e-04
1.342827e+04	1.074214e-04
1.343814e+04	1.063188e-04
1.344801e+04	1.052255e-04
1.345787e+04	1.041415e-04
1.346774e+04	1.030667e-04
1.347761e+04	1.020011e-04
1.348747e+04	1.009445e-04
1.349734e+04	9.989696e-05
1.350721e+04	9.885841e-05
1.351707e+04	9.782880e-05
1.352694e+04	9.680807e-05
1.353680e+04	9.579616e-05
1.354667e+04	9.479302e-05
1.355654e+04	9.379859e-05
1.356640e+04	9.281283e-05
1.357627e+04	9.183568e-05
1.358614e+04	9.086708e-05
1.359600e+04	8.990698e-05
1.360587e+04	8.895533e-05
1.361574e+04	8.801208e-05
1.362560e+04	8.707717e-05
1.363547e+04	8.615055e-05
1.364534e+04	8.523216e-05
1.365520e+04	8.432195e-05
1.366507e+04	8.341988e-05
1.367494e+04	8.252588e-05
1.368480e+04	8.163990e-05
1.369467e+04	8.076190e-05
1.370453e+04	7.989182e-05
1.371440e+04	7.902960e-05
1.372427e+04	7.817520e-05
1.373413e+04	7.732856e-05
1.374400e+04	7.648963e-05
1.375387e+04	7.565836e-05
1.376373e+04	7.483470e-05
1.377360e+04	7.401860e-05
1.378347e+04	7.320999e-05
1.379333e+04	7.240884e-05
1.380320e+04	7.161510e-05
1.381307e+04	7.082870e-05
1.382293e+04	7.004960e-05
1.383280e+04	6.927775e-05
1.384267e+04	6.851310e-05
1.385253e+04	6.775560e-05
1.386240e+04	6.700519e-05
1.387226e+04	6.626184e-05
1.388213e+04	6.552548e-05
1.389200e+04	6.479606e-05
1.390186e+04	6.407355e-05
1.391173e+04	6.335788e-05
1.392160e+04	6.264902e-05
1.393146e+04	6.194690e-05
1.394133e+04	6.125149e-05
1.395120e+04	6.056272e-05
1.396106e+04	5.988056e-05
1.397093e+04	5.920496e-05
1.398080e+04	5.853586e-05
1.399066e+04	5.787321e-05
1.400053e+04	5.721698e-05
1.401040e+04	5.656712e-05
1.402026e+04	5.592356e-05
1.403013e+04	5.528628e-05
1.403999e+04	5.465521e-05
1.404986e+04	5.403032e-05
1.405973e+04	5.341155e-05
1.406959e+04	5.279887e-05
1.407946e+04	5.219221e-05
1.408933e+04	5.159155e-05
1.409919e+04	5.099682e-05
1.410906e+04	5.040799e-05
1.411893e+04	4.982500e-05
1.412879e+04	4.924783e-05
1.413866e+04	4.867640e-05
1.414853e+04	4.811070e-05
1.415839e+04	4.755065e-05
1.416826e+04	4.699624e-05
1.417813e+04	4.644740e-05
1.418799e+04	4.590409e-05
1.419786e+04	4.536628e-05
1.420772e+04	4.483391e-05
1.421759e+04	4.430695e-05
1.422746e+04	4.378534e-05
1.423732e+04	4.326905e-05
1.424719e+04	4.275803e-05
1.425706e+04	4.225224e-05
1.426692e+04	4.175164e-05
1.427679e+04	4.125618e-05
1.428666e+04	4.076583e-05
1.429652e+04	4.028053e-05
1.430639e+04	3.980026e-05
1.431626e+04	3.932496e-05
1.432612e+04	3.885459e-05
1.433599e+04	3.838912e-05
1.434586e+04	3.792850e-05
1.435572e+04	3.747270e-05
1.436559e+04	3.702166e-05
1.437545e+04	3.657536e-05
1.438532e+04	3.613375e-05
1.439519e+04	3.569679e-05
1.440505e+04	3.526444e-05
1.441492e+04	3.483667e-05
1.442479e+04	3.441343e-05
1.443465e+04	3.399468e-05
1.444452e+04	3.358038e-05
1.445439e+04	3.317051e-05
1.446425e+04	3.276501e-05
1.447412e+04	3.236385e-05
1.448399e+04	3.196699e-05
1.449385e+04	3.157440e-05
1.450372e+04	3.118604e-05
1.451359e+04	3.080186e-05
1.452345e+04	3.042184e-05
1.453332e+04	3.004593e-05
1.454319e+04	2.967410e-05
1.455305e+04	2.930632e-05
1.456292e+04	2.894254e-05
1.457278e+04	2.858273e-05
1.458265e+04	2.822685e-05
1.459252e+04	2.787488e-05
1.460238e+04	2.752677e-05
1.461225e+04	2.718249e-05
1.462212e+04	2.684200e-05
1.463198e+04	2.650527e-05
1.464185e+04	2.617227e-05
1.465172e+04	2.584296e-05
1.466158e+04	2.551731e-05
1.467145e+04	2.519528e-05
1.468132e+04	2.487683e-05
1.469118e+04	2.456195e-05
1.470105e+04	2.425059e-05
1.471092e+04	2.394272e-05
1.472078e+04	2.363830e-05
1.473065e+04	2.333732e-05
1.474051e+04	2.303972e-05
1.475038e+04	2.274549e-05
1.476025e+04	2.245459e-05
1.477011e+04	2.216698e-05
1.477998e+04	2.188264e-05
1.478985e+04	2.160154e-05
1.479971e+04	2.132364e-05
1.480958e+04	2.104891e-05
1.481945e+04	2.077733e-05
1.482931e+04	2.050886e-05
1.483918e+04	2.024347e-05
1.484905e+04	1.998114e-05
1.485891e+04	1.972183e-05
1.486878e+04	1.946551e-05
1.487865e+04	1.921216e-05
1.488851e+04	1.896175e-05
1.489838e+04	1.871424e-05
1.490824e+04	1.846961e-05
1.491811e+04	1.822783e-05
1.492798e+04	1.798888e-05
1.493784e+04	1.775271e-05
1.494771e+04	1.751932e-05
1.495758e+04	1.728866e-05
1.496744e+04	1.706071e-05
1.497731e+04	1.683545e-05
1.498718e+04	1.661285e-05
1.499704e+04	1.639287e-05
1.500691e+04	1.617551e-05
1.501678e+04	1.596071e-05
1.502664e+04	1.574848e-05
1.503651e+04	1.553876e-05
1.504638e+04	1.533155e-05
1.505624e+04	1.512681e-05
1.506611e+04	1.492452e-05
1.507597e+04	1.472466e-05
1.508584e+04	1.452719e-05
1.509571e+04	1.433210e-05
1.510557e+04	1.413936e-05
1.511544e+04	1.394895e-05
1.512531e+04	1.376084e-05
1.513517e+04	1.357501e-05
1.514504e+04	1.339143e-05
1.515491e+04	1.321008e-05
1.516477e+04	1.303094e-05
1.517464e+04	1.285398e-05
1.518451e+04	1.267919e-05
1.519437e+04	1.250653e-05
1.520424e+04	1.233599e-05
1.521411e+04	1.216754e-05
1.522397e+04	1.200116e-05
1.523384e+04	1.183684e-05
1.524370e+04	1.167454e-05
1.525357e+04	1.151424e-05
1.526344e+04	1.135593e-05
1.527330e+04	1.119959e-05
1.528317e+04	1.104518e-05
1.529304e+04	1.089270e-05
1.530290e+04	1.074212e-05
1.531277e+04	1.059341e-05
1.532264e+04	1.044657e-05
1.533250e+04	1.030156e-05
1.534237e+04	1.015838e-05
1.535224e+04	1.001699e-05
1.536210e+04	9.877384e-06
1.537197e+04	9.739537e-06
1.538184e+04	9.603431e-06
1.539170e+04	9.469046e-06
1.540157e+04	9.336363e-06
1.541143e+04	9.205365e-06
1.542130e+04	9.076031e-06
1.543117e+04	8.948344e-06
1.544103e+04	8.822284e-06
1.545090e+04	8.697835e-06
1.546077e+04	8.574978e-06
1.547063e+04	8.453695e-06
1.548050e+04	8.333969e-06
1.549037e+04	8.215782e-06
1.550023e+04	8.099116e-06
1.551010e+04	7.983954e-06
1.551997e+04	7.870280e-06
1.552983e+04	7.758077e-06
1.553970e+04	7.647328e-06
1.554957e+04	7.538015e-06
1.555943e+04	7.430124e-06
1.556930e+04	7.323637e-06
1.557916e+04	7.218539e-06
1.558903e+04	7.114813e-06
1.559890e+04	7.012444e-06
1.560876e+04	6.911416e-06
1.561863e+04	6.811714e-06
1.562850e+04	6.713322e-06
1.563836e+04	6.616225e-06
1.564823e+04	6.520408e-06
1.565810e+04	6.425857e-06
1.566796e+04	6.332555e-06
1.567783e+04	6.240490e-06
1.568770e+04	6.149645e-06
1.569756e+04	6.060008e-06
1.570743e+04	5.971563e-06
1.571730e+04	5.884297e-06
1.572716e+04	5.798195e-06
1.573703e+04	5.713245e-06
1.574690e+04	5.629431e-06
1.575676e+04	5.546742e-06
1.576663e+04	5.465163e-06
1.577649e+04	5.384681e-06
1.578636e+04	5.305283e-06
1.579623e+04	5.226957e-06
1.580609e+04	5.149688e-06
1.581596e+04	5.073465e-06
1.582583e+04	4.998275e-06
1.583569e+04	4.924105e-06
1.584556e+04	4.850944e-06
1.585543e+04	4.778778e-06
1.586529e+04	4.707596e-06
1.587516e+04	4.637386e-06
1.588503e+04	4.568136e-06
1.589489e+04	4.499835e-06
1.590476e+04	4.432470e-06
1.591463e+04	4.366030e-06
1.592449e+04	4.300504e-06
1.593436e+04	4.235881e-06
1.594422e+04	4.172150e-06
1.595409e+04	4.109298e-06
1.596396e+04	4.047317e-06
1.597382e+04	3.986195e-06
1.598369e+04	3.925920e-06
1.599356e+04	3.866484e-06
1.600342e+04	3.807874e-06
1.601329e+04	3.750082e-06
1.602316e+04	3.693096e-06
1.603302e+04	3.636907e-06
1.604289e+04	3.581504e-06
1.605276e+04	3.526878e-06
1.606262e+04	3.473019e-06
1.607249e+04	3.419918e-06
1.608236e+04	3.367564e-06
1.609222e+04	3.315948e-06
1.610209e+04	3.265061e-06
1.611195e+04	3.214894e-06
1.612182e+04	3.165438e-06
1.613169e+04	3.116682e-06
1.614155e+04	3.068619e-06
1.615142e+04	3.021240e-06
1.616129e+04	2.974535e-06
1.617115e+04	2.928497e-06
1.618102e+04	2.883116e-06
1.619089e+04	2.838385e-06
1.620075e+04	2.794294e-06
1.621062e+04	2.750835e-06
1.622049e+04	2.708001e-06
1.623035e+04	2.665783e-06
1.624022e+04	2.624173e-06
1.625009e+04	2.583164e-06
1.625995e+04	2.542746e-06
1.626982e+04	2.502914e-06
1.627968e+04	2.463658e-06
1.628955e+04	2.424972e-06
1.629942e+04	2.386848e-06
1.630928e+04	2.349278e-06
1.631915e+04	2.312256e-06
1.632902e+04	2.275774e-06
1.633888e+04	2.239824e-06
1.634875e+04	2.204401e-06
1.635862e+04	2.169496e-06
1.636848e+04	2.135103e-06
1.637835e+04	2.101216e-06
1.638822e+04	2.067827e-06
1.639808e+04	2.034930e-06
1.640795e+04	2.002517e-06
1.641782e+04	1.970584e-06
1.642768e+04	1.939123e-06
1.643755e+04	1.908127e-06
1.644741e+04	1.877592e-06
1.645728e+04	1.847510e-06
1.646715e+04	1.817875e-06
1.647701e+04	1.788681e-06
1.648688e+04	1.759923e-06
1.649675e+04	1.731594e-06
1.650661e+04	1.703688e-06
1.651648e+04	1.676200e-06
1.652635e+04	1.649125e-06
1.653621e+04	1.622455e-06
1.654608e+04	1.596187e-06
1.655595e+04	1.570314e-06
1.656581e+04	1.544831e-06
1.657568e+04	1.519732e-06
1.658555e+04	1.495013e-06
1.659541e+04	1.470667e-06
1.660528e+04	1.446691e-06
1.661514e+04	1.423078e-06
1.662501e+04	1.399824e-06
1.663488e+04	1.376924e-06
1.664474e+04	1.354373e-06
1.665461e+04	1.332165e-06
1.666448e+04	1.310297e-06
1.667434e+04	1.288763e-06
1.668421e+04	1.267559e-06
1.669408e+04	1.246680e-06
1.670394e+04	1.226121e-06
1.671381e+04	1.205879e-06
1.672368e+04	1.185948e-06
1.673354e+04	1.166324e-06
1.674341e+04	1.147003e-06
1.675328e+04	1.127981e-06
1.676314e+04	1.109253e-06
1.677301e+04	1.090815e-06
1.678287e+04	1.072663e-06
1.679274e+04	1.054793e-06
1.680261e+04	1.037201e-06
1.681247e+04	1.019883e-06
1.682234e+04	1.002835e-06
1.683221e+04	9.860536e-07
1.684207e+04	9.695341e-07
1.685194e+04	9.532732e-07
1.686181e+04	9.372672e-07
1.687167e+04	9.215123e-07
1.688154e+04	9.060050e-07
1.689141e+04	8.907417e-07
1.690127e+04	8.757188e-07
1.691114e+04	8.609329e-07
1.692101e+04	8.463805e-07
1.693087e+04	8.320582e-07
1.694074e+04	8.179626e-07
1.695061e+04	8.040906e-07
1.696047e+04	7.904387e-07
1.697034e+04	7.770037e-07
1.698020e+04	7.637826e-07
1.699007e+04	7.507721e-07
1.699994e+04	7.379692e-07
1.700980e+04	7.253707e-07
1.701967e+04	7.129738e-07
1.702954e+04	7.007754e-07
1.703940e+04	6.887725e-07
1.704927e+04	6.769623e-07
1.705914e+04	6.653419e-07
1.706900e+04	6.539085e-07
1.707887e+04	6.426594e-07
1.708874e+04	6.315917e-07
1.709860e+04	6.207028e-07
1.710847e+04	6.099900e-07
1.711834e+04	5.994507e-07
1.712820e+04	5.890822e-07
1.713807e+04	5.788820e-07
1.714793e+04	5.688476e-07
1.715780e+04	5.589765e-07
1.716767e+04	5.492662e-07
1.717753e+04	5.397143e-07
1.718740e+04	5.303184e-07
1.719727e+04	5.210761e-07
1.720713e+04	5.119851e-07
1.721700e+04	5.030432e-07
1.722687e+04	4.942480e-07
1.723673e+04	4.855973e-07
1.724660e+04	4.770890e-07
1.725647e+04	4.687207e-07
1.726633e+04	4.604905e-07
1.727620e+04	4.523962e-07
1.728607e+04	4.444356e-07
1.729593e+04	4.366069e-07
1.730580e+04	4.289078e-07
1.731566e+04	4.213365e-07
1.732553e+04	4.138909e-07
1.733540e+04	4.065692e-07
1.734526e+04	3.993694e-07
1.735513e+04	3.922895e-07
1.736500e+04	3.853279e-07
1.737486e+04	3.784826e-07
1.738473e+04	3.717518e-07
1.739460e+04	3.651337e-07
1.740446e+04	3.586266e-07
1.741433e+04	3.522288e-07
1.742420e+04	3.459385e-07
1.743406e+04	3.397540e-07
1.744393e+04	3.336738e-07
1.745380e+04	3.276961e-07
1.746366e+04	3.218194e-07
1.747353e+04	3.160420e-07
1.748339e+04	3.103624e-07
1.749326e+04	3.047791e-07
1.750313e+04	2.992905e-07
1.751299e+04	2.938952e-07
1.752286e+04	2.885916e-07
1.753273e+04	2.833784e-07
1.754259e+04	2.782539e-07
1.755246e+04	2.732170e-07
1.756233e+04	2.682661e-07
1.757219e+04	2.633999e-07
1.758206e+04	2.586171e-07
1.759193e+04	2.539162e-07
1.760179e+04	2.492961e-07
1.761166e+04	2.447553e-07
1.762153e+04	2.402927e-07
1.763139e+04	2.359069e-07
1.764126e+04	2.315968e-07
1.765112e+04	2.273611e-07
1.766099e+04	2.231986e-07
1.767086e+04	2.191081e-07
1.768072e+04	2.150885e-07
1.769059e+04	2.111386e-07
1.770046e+04	2.072573e-07
1.771032e+04	2.034435e-07
1.772019e+04	1.996960e-07
1.773006e+04	1.960138e-07
1.773992e+04	1.923959e-07
1.774979e+04	1.888411e-07
1.775966e+04	1.853485e-07
1.776952e+04	1.819170e-07
1.777939e+04	1.785456e-07
1.778926e+04	1.752334e-07
1.779912e+04	1.719793e-07
1.780899e+04	1.687825e-07
1.781885e+04	1.656419e-07
1.782872e+04	1.625566e-07
1.783859e+04	1.595258e-07
1.784845e+04	1.565485e-07
1.785832e+04	1.536238e-07
1.786819e+04	1.507509e-07
1.787805e+04	1.479289e-07
1.788792e+04	1.451570e-07
1.789779e+04	1.424343e-07
1.790765e+04	1.397600e-07
1.791752e+04	1.371333e-07
1.792739e+04	1.345534e-07
1.793725e+04	1.320195e-07
1.794712e+04	1.295308e-07
1.795699e+04	1.270867e-07
1.796685e+04	1.246863e-07
1.797672e+04	1.223289e-07
1.798659e+04	1.200137e-07
1.799645e+04	1.177402e-07
1.800632e+04	1.155075e-07
1.801618e+04	1.133150e-07
1.802605e+04	1.111620e-07
1.803592e+04	1.090478e-07
1.804578e+04	1.069718e-07
1.805565e+04	1.049333e-07
1.806552e+04	1.029317e-07
1.807538e+04	1.009664e-07
1.808525e+04	9.903667e-08
1.809512e+04	9.714199e-08
1.810498e+04	9.528174e-08
1.811485e+04	9.345533e-08
1.812472e+04	9.166218e-08
1.813458e+04	8.990172e-08
1.814445e+04	8.817340e-08
1.815432e+04	8.647665e-08
1.816418e+04	8.481093e-08
1.817405e+04	8.317572e-08
1.818391e+04	8.157048e-08
1.819378e+04	7.999469e-08
1.820365e+04	7.844785e-08
1.821351e+04	7.692945e-08
1.822338e+04	7.543900e-08
1.823325e+04	7.397602e-08
1.824311e+04	7.254003e-08
1.825298e+04	7.113055e-08
1.826285e+04	6.974714e-08
1.827271e+04	6.838932e-08
1.828258e+04	6.705666e-08
1.829245e+04	6.574871e-08
1.830231e+04	6.446505e-08
1.831218e+04	6.320525e-08
1.832205e+04	6.196888e-08
1.833191e+04	6.075554e-08
1.834178e+04	5.956482e-08
1.835164e+04	5.839632e-08
1.836151e+04	5.724965e-08
1.837138e+04	5.612443e-08
1.838124e+04	5.502028e-08
1.839111e+04	5.393682e-08
1.840098e+04	5.287369e-08
1.841084e+04	5.183052e-08
1.842071e+04	5.080697e-08
1.843058e+04	4.980268e-08
1.844044e+04	4.881731e-08
1.845031e+04	4.785053e-08
1.846018e+04	4.690199e-08
1.847004e+04	4.597139e-08
1.847991e+04	4.505839e-08
1.848978e+04	4.416267e-08
1.849964e+04	4.328394e-08
1.850951e+04	4.242189e-08
1.851937e+04	4.157621e-08
1.852924e+04	4.074661e-08
1.853911e+04	3.993281e-08
1.854897e+04	3.913451e-08
1.855884e+04	3.835144e-08
1.856871e+04	3.758332e-08
1.857857e+04	3.682989e-08
1.858844e+04	3.609087e-08
1.859831e+04	3.536600e-08
1.860817e+04	3.465504e-08
1.861804e+04	3.395772e-08
1.862791e+04	3.327379e-08
1.863777e+04	3.260302e-08
1.864764e+04	3.194516e-08
1.865751e+04	3.129998e-08
1.866737e+04	3.066724e-08
1.867724e+04	3.004672e-08
1.868710e+04	2.943820e-08
1.869697e+04	2.884145e-08
1.870684e+04	2.825626e-08
1.871670e+04	2.768242e-08
1.872657e+04	2.711971e-08
1.873644e+04	2.656793e-08
1.874630e+04	2.602688e-08
1.875617e+04	2.549637e-08
1.876604e+04	2.497619e-08
1.877590e+04	2.446616e-08
1.878577e+04	2.396609e-08
1.879564e+04	2.347579e-08
1.880550e+04	2.299508e-08
1.881537e+04	2.252379e-08
1.882524e+04	2.206173e-08
1.883510e+04	2.160875e-08
1.884497e+04	2.116466e-08
1.885483e+04	2.072930e-08
1.886470e+04	2.030251e-08
1.887457e+04	1.988412e-08
1.888443e+04	1.947399e-08
1.889430e+04	1.907196e-08
1.890417e+04	1.867786e-08
1.891403e+04	1.829157e-08
1.892390e+04	1.791292e-08
1.893377e+04	1.754177e-08
1.894363e+04	1.717799e-08
1.895350e+04	1.682143e-08
1.896337e+04	1.647195e-08
1.897323e+04	1.612943e-08
1.898310e+04	1.579373e-08
1.899297e+04	1.546473e-08
