# # p(y | x = 1.300000e+00)
# # y_val	p(y|x)
0.000000e+00	6.065135e-06
9.866476e+00	6.147427e-06
1.973295e+01	6.230733e-06
2.959943e+01	6.315065e-06
3.946590e+01	6.400435e-06
4.933238e+01	6.486853e-06
5.919885e+01	6.574331e-06
6.906533e+01	6.662880e-06
7.893180e+01	6.752511e-06
8.879828e+01	6.843237e-06
9.866476e+01	6.935069e-06
1.085312e+02	7.028018e-06
1.183977e+02	7.122098e-06
1.282642e+02	7.217319e-06
1.381307e+02	7.313694e-06
1.479971e+02	7.411236e-06
1.578636e+02	7.509956e-06
1.677301e+02	7.609867e-06
1.775966e+02	7.710981e-06
1.874630e+02	7.813312e-06
1.973295e+02	7.916872e-06
2.071960e+02	8.021674e-06
2.170625e+02	8.127731e-06
2.269289e+02	8.235056e-06
2.367954e+02	8.343662e-06
2.466619e+02	8.453563e-06
2.565284e+02	8.564772e-06
2.663948e+02	8.677303e-06
2.762613e+02	8.791168e-06
2.861278e+02	8.906383e-06
2.959943e+02	9.022961e-06
3.058607e+02	9.140917e-06
3.157272e+02	9.260263e-06
3.255937e+02	9.381014e-06
3.354602e+02	9.503186e-06
3.453266e+02	9.626791e-06
3.551931e+02	9.751846e-06
3.650596e+02	9.878364e-06
3.749261e+02	1.000636e-05
3.847925e+02	1.013585e-05
3.946590e+02	1.026685e-05
4.045255e+02	1.039937e-05
4.143920e+02	1.053343e-05
4.242585e+02	1.066905e-05
4.341249e+02	1.080623e-05
4.439914e+02	1.094500e-05
4.538579e+02	1.108538e-05
4.637244e+02	1.122737e-05
4.735908e+02	1.137099e-05
4.834573e+02	1.151626e-05
4.933238e+02	1.166320e-05
5.031903e+02	1.181183e-05
5.130567e+02	1.196215e-05
5.229232e+02	1.211418e-05
5.327897e+02	1.226795e-05
5.426562e+02	1.242347e-05
5.525226e+02	1.258075e-05
5.623891e+02	1.273982e-05
5.722556e+02	1.290069e-05
5.821221e+02	1.306338e-05
5.919885e+02	1.322791e-05
6.018550e+02	1.339429e-05
6.117215e+02	1.356254e-05
6.215880e+02	1.373268e-05
6.314544e+02	1.390472e-05
6.413209e+02	1.407870e-05
6.511874e+02	1.425462e-05
6.610539e+02	1.443250e-05
6.709203e+02	1.461236e-05
6.807868e+02	1.479423e-05
6.906533e+02	1.497811e-05
7.005198e+02	1.516403e-05
7.103862e+02	1.535201e-05
7.202527e+02	1.554207e-05
7.301192e+02	1.573422e-05
7.399857e+02	1.592849e-05
7.498521e+02	1.612490e-05
7.597186e+02	1.632346e-05
7.695851e+02	1.652420e-05
7.794516e+02	1.672713e-05
7.893180e+02	1.693228e-05
7.991845e+02	1.713967e-05
8.090510e+02	1.734931e-05
8.189175e+02	1.756124e-05
8.287839e+02	1.777546e-05
8.386504e+02	1.799200e-05
8.485169e+02	1.821088e-05
8.583834e+02	1.843213e-05
8.682499e+02	1.865576e-05
8.781163e+02	1.888179e-05
8.879828e+02	1.911026e-05
8.978493e+02	1.934117e-05
9.077158e+02	1.957455e-05
9.175822e+02	1.981043e-05
9.274487e+02	2.004882e-05
9.373152e+02	2.028976e-05
9.471817e+02	2.053325e-05
9.570481e+02	2.077932e-05
9.669146e+02	2.102801e-05
9.767811e+02	2.127932e-05
9.866476e+02	2.153328e-05
9.965140e+02	2.178992e-05
1.006381e+03	2.204926e-05
1.016247e+03	2.231133e-05
1.026113e+03	2.257614e-05
1.035980e+03	2.284372e-05
1.045846e+03	2.311409e-05
1.055713e+03	2.338729e-05
1.065579e+03	2.366333e-05
1.075446e+03	2.394224e-05
1.085312e+03	2.422404e-05
1.095179e+03	2.450875e-05
1.105045e+03	2.479641e-05
1.114912e+03	2.508704e-05
1.124778e+03	2.538066e-05
1.134645e+03	2.567730e-05
1.144511e+03	2.597698e-05
1.154378e+03	2.627974e-05
1.164244e+03	2.658558e-05
1.174111e+03	2.689455e-05
1.183977e+03	2.720667e-05
1.193844e+03	2.752196e-05
1.203710e+03	2.784045e-05
1.213576e+03	2.816217e-05
1.223443e+03	2.848714e-05
1.233309e+03	2.881539e-05
1.243176e+03	2.914695e-05
1.253042e+03	2.948185e-05
1.262909e+03	2.982011e-05
1.272775e+03	3.016175e-05
1.282642e+03	3.050682e-05
1.292508e+03	3.085533e-05
1.302375e+03	3.120731e-05
1.312241e+03	3.156279e-05
1.322108e+03	3.192180e-05
1.331974e+03	3.228437e-05
1.341841e+03	3.265053e-05
1.351707e+03	3.302030e-05
1.361574e+03	3.339372e-05
1.371440e+03	3.377080e-05
1.381307e+03	3.415159e-05
1.391173e+03	3.453611e-05
1.401040e+03	3.492440e-05
1.410906e+03	3.531647e-05
1.420772e+03	3.571236e-05
1.430639e+03	3.611210e-05
1.440505e+03	3.651572e-05
1.450372e+03	3.692325e-05
1.460238e+03	3.733472e-05
1.470105e+03	3.775016e-05
1.479971e+03	3.816960e-05
1.489838e+03	3.859308e-05
1.499704e+03	3.902062e-05
1.509571e+03	3.945225e-05
1.519437e+03	3.988800e-05
1.529304e+03	4.032791e-05
1.539170e+03	4.077201e-05
1.549037e+03	4.122033e-05
1.558903e+03	4.167290e-05
1.568770e+03	4.212975e-05
1.578636e+03	4.259091e-05
1.588503e+03	4.305643e-05
1.598369e+03	4.352632e-05
1.608236e+03	4.400062e-05
1.618102e+03	4.447937e-05
1.627968e+03	4.496259e-05
1.637835e+03	4.545032e-05
1.647701e+03	4.594260e-05
1.657568e+03	4.643945e-05
1.667434e+03	4.694091e-05
1.677301e+03	4.744701e-05
1.687167e+03	4.795779e-05
1.697034e+03	4.847327e-05
1.706900e+03	4.899350e-05
1.716767e+03	4.951851e-05
1.726633e+03	5.004832e-05
1.736500e+03	5.058298e-05
1.746366e+03	5.112252e-05
1.756233e+03	5.166697e-05
1.766099e+03	5.221638e-05
1.775966e+03	5.277076e-05
1.785832e+03	5.333016e-05
1.795699e+03	5.389461e-05
1.805565e+03	5.446415e-05
1.815432e+03	5.503881e-05
1.825298e+03	5.561863e-05
1.835164e+03	5.620365e-05
1.845031e+03	5.679389e-05
1.854897e+03	5.738939e-05
1.864764e+03	5.799019e-05
1.874630e+03	5.859633e-05
1.884497e+03	5.920784e-05
1.894363e+03	5.982476e-05
1.904230e+03	6.044712e-05
1.914096e+03	6.107496e-05
1.923963e+03	6.170832e-05
1.933829e+03	6.234723e-05
1.943696e+03	6.299172e-05
1.953562e+03	6.364185e-05
1.963429e+03	6.429763e-05
1.973295e+03	6.495912e-05
1.983162e+03	6.562634e-05
1.993028e+03	6.629934e-05
2.002895e+03	6.697814e-05
2.012761e+03	6.766280e-05
2.022627e+03	6.835333e-05
2.032494e+03	6.904980e-05
2.042360e+03	6.975222e-05
2.052227e+03	7.046064e-05
2.062093e+03	7.117509e-05
2.071960e+03	7.189562e-05
2.081826e+03	7.262226e-05
2.091693e+03	7.335505e-05
2.101559e+03	7.409402e-05
2.111426e+03	7.483922e-05
2.121292e+03	7.559069e-05
2.131159e+03	7.634846e-05
2.141025e+03	7.711256e-05
2.150892e+03	7.788305e-05
2.160758e+03	7.865995e-05
2.170625e+03	7.944331e-05
2.180491e+03	8.023316e-05
2.190358e+03	8.102955e-05
2.200224e+03	8.183251e-05
2.210091e+03	8.264208e-05
2.219957e+03	8.345829e-05
2.229823e+03	8.428120e-05
2.239690e+03	8.511084e-05
2.249556e+03	8.594724e-05
2.259423e+03	8.679044e-05
2.269289e+03	8.764050e-05
2.279156e+03	8.849743e-05
2.289022e+03	8.936129e-05
2.298889e+03	9.023212e-05
2.308755e+03	9.110994e-05
2.318622e+03	9.199481e-05
2.328488e+03	9.288675e-05
2.338355e+03	9.378582e-05
2.348221e+03	9.469205e-05
2.358088e+03	9.560547e-05
2.367954e+03	9.652614e-05
2.377821e+03	9.745408e-05
2.387687e+03	9.838934e-05
2.397554e+03	9.933196e-05
2.407420e+03	1.002820e-04
2.417287e+03	1.012394e-04
2.427153e+03	1.022044e-04
2.437019e+03	1.031768e-04
2.446886e+03	1.041568e-04
2.456752e+03	1.051444e-04
2.466619e+03	1.061396e-04
2.476485e+03	1.071426e-04
2.486352e+03	1.081532e-04
2.496218e+03	1.091716e-04
2.506085e+03	1.101977e-04
2.515951e+03	1.112317e-04
2.525818e+03	1.122736e-04
2.535684e+03	1.133234e-04
2.545551e+03	1.143812e-04
2.555417e+03	1.154469e-04
2.565284e+03	1.165207e-04
2.575150e+03	1.176025e-04
2.585017e+03	1.186925e-04
2.594883e+03	1.197906e-04
2.604750e+03	1.208969e-04
2.614616e+03	1.220114e-04
2.624483e+03	1.231342e-04
2.634349e+03	1.242653e-04
2.644215e+03	1.254047e-04
2.654082e+03	1.265525e-04
2.663948e+03	1.277088e-04
2.673815e+03	1.288735e-04
2.683681e+03	1.300468e-04
2.693548e+03	1.312285e-04
2.703414e+03	1.324189e-04
2.713281e+03	1.336179e-04
2.723147e+03	1.348255e-04
2.733014e+03	1.360418e-04
2.742880e+03	1.372669e-04
2.752747e+03	1.385008e-04
2.762613e+03	1.397434e-04
2.772480e+03	1.409949e-04
2.782346e+03	1.422553e-04
2.792213e+03	1.435247e-04
2.802079e+03	1.448030e-04
2.811946e+03	1.460903e-04
2.821812e+03	1.473866e-04
2.831678e+03	1.486921e-04
2.841545e+03	1.500066e-04
2.851411e+03	1.513303e-04
2.861278e+03	1.526632e-04
2.871144e+03	1.540054e-04
2.881011e+03	1.553568e-04
2.890877e+03	1.567175e-04
2.900744e+03	1.580875e-04
2.910610e+03	1.594670e-04
2.920477e+03	1.608558e-04
2.930343e+03	1.622541e-04
2.940210e+03	1.636619e-04
2.950076e+03	1.650792e-04
2.959943e+03	1.665061e-04
2.969809e+03	1.679426e-04
2.979676e+03	1.693887e-04
2.989542e+03	1.708445e-04
2.999409e+03	1.723100e-04
3.009275e+03	1.737852e-04
3.019142e+03	1.752702e-04
3.029008e+03	1.767650e-04
3.038874e+03	1.782697e-04
3.048741e+03	1.797842e-04
3.058607e+03	1.813086e-04
3.068474e+03	1.828430e-04
3.078340e+03	1.843874e-04
3.088207e+03	1.859418e-04
3.098073e+03	1.875063e-04
3.107940e+03	1.890808e-04
3.117806e+03	1.906654e-04
3.127673e+03	1.922602e-04
3.137539e+03	1.938652e-04
3.147406e+03	1.954804e-04
3.157272e+03	1.971058e-04
3.167139e+03	1.987415e-04
3.177005e+03	2.003875e-04
3.186872e+03	2.020439e-04
3.196738e+03	2.037106e-04
3.206605e+03	2.053878e-04
3.216471e+03	2.070754e-04
3.226338e+03	2.087734e-04
3.236204e+03	2.104819e-04
3.246070e+03	2.122010e-04
3.255937e+03	2.139306e-04
3.265803e+03	2.156708e-04
3.275670e+03	2.174216e-04
3.285536e+03	2.191831e-04
3.295403e+03	2.209552e-04
3.305269e+03	2.227381e-04
3.315136e+03	2.245316e-04
3.325002e+03	2.263359e-04
3.334869e+03	2.281510e-04
3.344735e+03	2.299769e-04
3.354602e+03	2.318137e-04
3.364468e+03	2.336613e-04
3.374335e+03	2.355198e-04
3.384201e+03	2.373892e-04
3.394068e+03	2.392696e-04
3.403934e+03	2.411609e-04
3.413801e+03	2.430632e-04
3.423667e+03	2.449765e-04
3.433534e+03	2.469009e-04
3.443400e+03	2.488363e-04
3.453266e+03	2.507828e-04
3.463133e+03	2.527404e-04
3.472999e+03	2.547092e-04
3.482866e+03	2.566891e-04
3.492732e+03	2.586802e-04
3.502599e+03	2.606825e-04
3.512465e+03	2.626960e-04
3.522332e+03	2.647207e-04
3.532198e+03	2.667568e-04
3.542065e+03	2.688040e-04
3.551931e+03	2.708626e-04
3.561798e+03	2.729325e-04
3.571664e+03	2.750138e-04
3.581531e+03	2.771064e-04
3.591397e+03	2.792104e-04
3.601264e+03	2.813258e-04
3.611130e+03	2.834525e-04
3.620997e+03	2.855907e-04
3.630863e+03	2.877404e-04
3.640729e+03	2.899015e-04
3.650596e+03	2.920741e-04
3.660462e+03	2.942582e-04
3.670329e+03	2.964537e-04
3.680195e+03	2.986608e-04
3.690062e+03	3.008795e-04
3.699928e+03	3.031096e-04
3.709795e+03	3.053513e-04
3.719661e+03	3.076046e-04
3.729528e+03	3.098695e-04
3.739394e+03	3.121460e-04
3.749261e+03	3.144340e-04
3.759127e+03	3.167337e-04
3.768994e+03	3.190450e-04
3.778860e+03	3.213680e-04
3.788727e+03	3.237025e-04
3.798593e+03	3.260488e-04
3.808460e+03	3.284066e-04
3.818326e+03	3.307762e-04
3.828193e+03	3.331574e-04
3.838059e+03	3.355503e-04
3.847925e+03	3.379548e-04
3.857792e+03	3.403711e-04
3.867658e+03	3.427991e-04
3.877525e+03	3.452387e-04
3.887391e+03	3.476900e-04
3.897258e+03	3.501531e-04
3.907124e+03	3.526278e-04
3.916991e+03	3.551143e-04
3.926857e+03	3.576125e-04
3.936724e+03	3.601223e-04
3.946590e+03	3.626439e-04
3.956457e+03	3.651772e-04
3.966323e+03	3.677222e-04
3.976190e+03	3.702789e-04
3.986056e+03	3.728473e-04
3.995923e+03	3.754274e-04
4.005789e+03	3.780192e-04
4.015656e+03	3.806227e-04
4.025522e+03	3.832379e-04
4.035389e+03	3.858648e-04
4.045255e+03	3.885033e-04
4.055121e+03	3.911535e-04
4.064988e+03	3.938154e-04
4.074854e+03	3.964890e-04
4.084721e+03	3.991741e-04
4.094587e+03	4.018710e-04
4.104454e+03	4.045794e-04
4.114320e+03	4.072995e-04
4.124187e+03	4.100312e-04
4.134053e+03	4.127745e-04
4.143920e+03	4.155293e-04
4.153786e+03	4.182958e-04
4.163653e+03	4.210738e-04
4.173519e+03	4.238633e-04
4.183386e+03	4.266644e-04
4.193252e+03	4.294770e-04
4.203119e+03	4.323010e-04
4.212985e+03	4.351366e-04
4.222852e+03	4.379836e-04
4.232718e+03	4.408421e-04
4.242585e+03	4.437120e-04
4.252451e+03	4.465934e-04
4.262317e+03	4.494861e-04
4.272184e+03	4.523901e-04
4.282050e+03	4.553056e-04
4.291917e+03	4.582323e-04
4.301783e+03	4.611704e-04
4.311650e+03	4.641197e-04
4.321516e+03	4.670803e-04
4.331383e+03	4.700521e-04
4.341249e+03	4.730351e-04
4.351116e+03	4.760293e-04
4.360982e+03	4.790346e-04
4.370849e+03	4.820511e-04
4.380715e+03	4.850786e-04
4.390582e+03	4.881172e-04
4.400448e+03	4.911669e-04
4.410315e+03	4.942275e-04
4.420181e+03	4.972992e-04
4.430048e+03	5.003817e-04
4.439914e+03	5.034752e-04
4.449780e+03	5.065795e-04
4.459647e+03	5.096947e-04
4.469513e+03	5.128207e-04
4.479380e+03	5.159575e-04
4.489246e+03	5.191050e-04
4.499113e+03	5.222631e-04
4.508979e+03	5.254320e-04
4.518846e+03	5.286114e-04
4.528712e+03	5.318015e-04
4.538579e+03	5.350020e-04
4.548445e+03	5.382131e-04
4.558312e+03	5.414346e-04
4.568178e+03	5.446665e-04
4.578045e+03	5.479088e-04
4.587911e+03	5.511614e-04
4.597778e+03	5.544243e-04
4.607644e+03	5.576974e-04
4.617511e+03	5.609808e-04
4.627377e+03	5.642742e-04
4.637244e+03	5.675778e-04
4.647110e+03	5.708913e-04
4.656976e+03	5.742149e-04
4.666843e+03	5.775484e-04
4.676709e+03	5.808918e-04
4.686576e+03	5.842451e-04
4.696442e+03	5.876081e-04
4.706309e+03	5.909809e-04
4.716175e+03	5.943633e-04
4.726042e+03	5.977554e-04
4.735908e+03	6.011570e-04
4.745775e+03	6.045681e-04
4.755641e+03	6.079887e-04
4.765508e+03	6.114187e-04
4.775374e+03	6.148580e-04
4.785241e+03	6.183066e-04
4.795107e+03	6.217644e-04
4.804974e+03	6.252314e-04
4.814840e+03	6.287075e-04
4.824707e+03	6.321925e-04
4.834573e+03	6.356866e-04
4.844440e+03	6.391895e-04
4.854306e+03	6.427013e-04
4.864172e+03	6.462219e-04
4.874039e+03	6.497511e-04
4.883905e+03	6.532890e-04
4.893772e+03	6.568355e-04
4.903638e+03	6.603904e-04
4.913505e+03	6.639538e-04
4.923371e+03	6.675255e-04
4.933238e+03	6.711055e-04
4.943104e+03	6.746937e-04
4.952971e+03	6.782901e-04
4.962837e+03	6.818945e-04
4.972704e+03	6.855069e-04
4.982570e+03	6.891272e-04
4.992437e+03	6.927554e-04
5.002303e+03	6.963913e-04
5.012170e+03	7.000349e-04
5.022036e+03	7.036860e-04
5.031903e+03	7.073448e-04
5.041769e+03	7.110109e-04
5.051636e+03	7.146844e-04
5.061502e+03	7.183652e-04
5.071368e+03	7.220532e-04
5.081235e+03	7.257483e-04
5.091101e+03	7.294505e-04
5.100968e+03	7.331595e-04
5.110834e+03	7.368755e-04
5.120701e+03	7.405982e-04
5.130567e+03	7.443275e-04
5.140434e+03	7.480635e-04
5.150300e+03	7.518060e-04
5.160167e+03	7.555549e-04
5.170033e+03	7.593101e-04
5.179900e+03	7.630716e-04
5.189766e+03	7.668392e-04
5.199633e+03	7.706129e-04
5.209499e+03	7.743925e-04
5.219366e+03	7.781779e-04
5.229232e+03	7.819692e-04
5.239099e+03	7.857661e-04
5.248965e+03	7.895686e-04
5.258831e+03	7.933766e-04
5.268698e+03	7.971899e-04
5.278564e+03	8.010085e-04
5.288431e+03	8.048323e-04
5.298297e+03	8.086612e-04
5.308164e+03	8.124951e-04
5.318030e+03	8.163339e-04
5.327897e+03	8.201774e-04
5.337763e+03	8.240256e-04
5.347630e+03	8.278784e-04
5.357496e+03	8.317356e-04
5.367363e+03	8.355972e-04
5.377229e+03	8.394631e-04
5.387096e+03	8.433331e-04
5.396962e+03	8.472071e-04
5.406829e+03	8.510851e-04
5.416695e+03	8.549669e-04
5.426562e+03	8.588524e-04
5.436428e+03	8.627416e-04
5.446295e+03	8.666342e-04
5.456161e+03	8.705302e-04
5.466027e+03	8.744295e-04
5.475894e+03	8.783319e-04
5.485760e+03	8.822374e-04
5.495627e+03	8.861458e-04
5.505493e+03	8.900570e-04
5.515360e+03	8.939709e-04
5.525226e+03	8.978875e-04
5.535093e+03	9.018064e-04
5.544959e+03	9.057278e-04
5.554826e+03	9.096513e-04
5.564692e+03	9.135770e-04
5.574559e+03	9.175047e-04
5.584425e+03	9.214343e-04
5.594292e+03	9.253656e-04
5.604158e+03	9.292986e-04
5.614025e+03	9.332330e-04
5.623891e+03	9.371689e-04
5.633758e+03	9.411060e-04
5.643624e+03	9.450443e-04
5.653491e+03	9.489836e-04
5.663357e+03	9.529238e-04
5.673223e+03	9.568648e-04
5.683090e+03	9.608064e-04
5.692956e+03	9.647485e-04
5.702823e+03	9.686911e-04
5.712689e+03	9.726339e-04
5.722556e+03	9.765768e-04
5.732422e+03	9.805198e-04
5.742289e+03	9.844626e-04
5.752155e+03	9.884052e-04
5.762022e+03	9.923475e-04
5.771888e+03	9.962892e-04
5.781755e+03	1.000230e-03
5.791621e+03	1.004171e-03
5.801488e+03	1.008110e-03
5.811354e+03	1.012048e-03
5.821221e+03	1.015986e-03
5.831087e+03	1.019922e-03
5.840954e+03	1.023856e-03
5.850820e+03	1.027789e-03
5.860687e+03	1.031720e-03
5.870553e+03	1.035650e-03
5.880419e+03	1.039577e-03
5.890286e+03	1.043502e-03
5.900152e+03	1.047426e-03
5.910019e+03	1.051346e-03
5.919885e+03	1.055265e-03
5.929752e+03	1.059180e-03
5.939618e+03	1.063093e-03
5.949485e+03	1.067003e-03
5.959351e+03	1.070910e-03
5.969218e+03	1.074813e-03
5.979084e+03	1.078713e-03
5.988951e+03	1.082610e-03
5.998817e+03	1.086503e-03
6.008684e+03	1.090393e-03
6.018550e+03	1.094278e-03
6.028417e+03	1.098160e-03
6.038283e+03	1.102037e-03
6.048150e+03	1.105910e-03
6.058016e+03	1.109778e-03
6.067882e+03	1.113642e-03
6.077749e+03	1.117501e-03
6.087615e+03	1.121355e-03
6.097482e+03	1.125205e-03
6.107348e+03	1.129049e-03
6.117215e+03	1.132887e-03
6.127081e+03	1.136720e-03
6.136948e+03	1.140548e-03
6.146814e+03	1.144370e-03
6.156681e+03	1.148186e-03
6.166547e+03	1.151996e-03
6.176414e+03	1.155799e-03
6.186280e+03	1.159597e-03
6.196147e+03	1.163388e-03
6.206013e+03	1.167172e-03
6.215880e+03	1.170950e-03
6.225746e+03	1.174720e-03
6.235613e+03	1.178484e-03
6.245479e+03	1.182240e-03
6.255346e+03	1.185989e-03
6.265212e+03	1.189731e-03
6.275078e+03	1.193465e-03
6.284945e+03	1.197191e-03
6.294811e+03	1.200909e-03
6.304678e+03	1.204619e-03
6.314544e+03	1.208321e-03
6.324411e+03	1.212015e-03
6.334277e+03	1.215700e-03
6.344144e+03	1.219376e-03
6.354010e+03	1.223044e-03
6.363877e+03	1.226702e-03
6.373743e+03	1.230352e-03
6.383610e+03	1.233992e-03
6.393476e+03	1.237623e-03
6.403343e+03	1.241244e-03
6.413209e+03	1.244856e-03
6.423076e+03	1.248458e-03
6.432942e+03	1.252050e-03
6.442809e+03	1.255632e-03
6.452675e+03	1.259203e-03
6.462542e+03	1.262764e-03
6.472408e+03	1.266315e-03
6.482274e+03	1.269855e-03
6.492141e+03	1.273384e-03
6.502007e+03	1.276902e-03
6.511874e+03	1.280408e-03
6.521740e+03	1.283904e-03
6.531607e+03	1.287388e-03
6.541473e+03	1.290861e-03
6.551340e+03	1.294322e-03
6.561206e+03	1.297771e-03
6.571073e+03	1.301208e-03
6.580939e+03	1.304633e-03
6.590806e+03	1.308045e-03
6.600672e+03	1.311445e-03
6.610539e+03	1.314833e-03
6.620405e+03	1.318208e-03
6.630272e+03	1.321570e-03
6.640138e+03	1.324919e-03
6.650005e+03	1.328254e-03
6.659871e+03	1.331577e-03
6.669738e+03	1.334886e-03
6.679604e+03	1.338181e-03
6.689470e+03	1.341463e-03
6.699337e+03	1.344731e-03
6.709203e+03	1.347985e-03
6.719070e+03	1.351225e-03
6.728936e+03	1.354450e-03
6.738803e+03	1.357662e-03
6.748669e+03	1.360858e-03
6.758536e+03	1.364040e-03
6.768402e+03	1.367207e-03
6.778269e+03	1.370359e-03
6.788135e+03	1.373496e-03
6.798002e+03	1.376618e-03
6.807868e+03	1.379724e-03
6.817735e+03	1.382815e-03
6.827601e+03	1.385890e-03
6.837468e+03	1.388950e-03
6.847334e+03	1.391993e-03
6.857201e+03	1.395020e-03
6.867067e+03	1.398032e-03
6.876933e+03	1.401027e-03
6.886800e+03	1.404005e-03
6.896666e+03	1.406967e-03
6.906533e+03	1.409912e-03
6.916399e+03	1.412840e-03
6.926266e+03	1.415752e-03
6.936132e+03	1.418646e-03
6.945999e+03	1.421523e-03
6.955865e+03	1.424383e-03
6.965732e+03	1.427225e-03
6.975598e+03	1.430049e-03
6.985465e+03	1.432856e-03
6.995331e+03	1.435645e-03
7.005198e+03	1.438416e-03
7.015064e+03	1.441168e-03
7.024931e+03	1.443903e-03
7.034797e+03	1.446619e-03
7.044664e+03	1.449317e-03
7.054530e+03	1.451996e-03
7.064397e+03	1.454656e-03
7.074263e+03	1.457297e-03
7.084129e+03	1.459920e-03
7.093996e+03	1.462523e-03
7.103862e+03	1.465107e-03
7.113729e+03	1.467672e-03
7.123595e+03	1.470217e-03
7.133462e+03	1.472743e-03
7.143328e+03	1.475249e-03
7.153195e+03	1.477735e-03
7.163061e+03	1.480202e-03
7.172928e+03	1.482648e-03
7.182794e+03	1.485074e-03
7.192661e+03	1.487480e-03
7.202527e+03	1.489865e-03
7.212394e+03	1.492230e-03
7.222260e+03	1.494575e-03
7.232127e+03	1.496898e-03
7.241993e+03	1.499201e-03
7.251860e+03	1.501483e-03
7.261726e+03	1.503744e-03
7.271593e+03	1.505984e-03
7.281459e+03	1.508203e-03
7.291325e+03	1.510400e-03
7.301192e+03	1.512576e-03
7.311058e+03	1.514730e-03
7.320925e+03	1.516863e-03
7.330791e+03	1.518974e-03
7.340658e+03	1.521063e-03
7.350524e+03	1.523130e-03
7.360391e+03	1.525175e-03
7.370257e+03	1.527198e-03
7.380124e+03	1.529199e-03
7.389990e+03	1.531177e-03
7.399857e+03	1.533133e-03
7.409723e+03	1.535067e-03
7.419590e+03	1.536978e-03
7.429456e+03	1.538866e-03
7.439323e+03	1.540732e-03
7.449189e+03	1.542574e-03
7.459056e+03	1.544394e-03
7.468922e+03	1.546191e-03
7.478789e+03	1.547964e-03
7.488655e+03	1.549714e-03
7.498521e+03	1.551441e-03
7.508388e+03	1.553145e-03
7.518254e+03	1.554825e-03
7.528121e+03	1.556482e-03
7.537987e+03	1.558115e-03
7.547854e+03	1.559724e-03
7.557720e+03	1.561310e-03
7.567587e+03	1.562871e-03
7.577453e+03	1.564409e-03
7.587320e+03	1.565923e-03
7.597186e+03	1.567413e-03
7.607053e+03	1.568878e-03
7.616919e+03	1.570320e-03
7.626786e+03	1.571737e-03
7.636652e+03	1.573129e-03
7.646519e+03	1.574498e-03
7.656385e+03	1.575842e-03
7.666252e+03	1.577161e-03
7.676118e+03	1.578456e-03
7.685984e+03	1.579726e-03
7.695851e+03	1.580971e-03
7.705717e+03	1.582192e-03
7.715584e+03	1.583387e-03
7.725450e+03	1.584558e-03
7.735317e+03	1.585704e-03
7.745183e+03	1.586825e-03
7.755050e+03	1.587920e-03
7.764916e+03	1.588991e-03
7.774783e+03	1.590036e-03
7.784649e+03	1.591057e-03
7.794516e+03	1.592052e-03
7.804382e+03	1.593021e-03
7.814249e+03	1.593965e-03
7.824115e+03	1.594884e-03
7.833982e+03	1.595777e-03
7.843848e+03	1.596645e-03
7.853715e+03	1.597488e-03
7.863581e+03	1.598304e-03
7.873448e+03	1.599095e-03
7.883314e+03	1.599861e-03
7.893180e+03	1.600600e-03
7.903047e+03	1.601314e-03
7.912913e+03	1.602002e-03
7.922780e+03	1.602665e-03
7.932646e+03	1.603301e-03
7.942513e+03	1.603912e-03
7.952379e+03	1.604497e-03
7.962246e+03	1.605056e-03
7.972112e+03	1.605588e-03
7.981979e+03	1.606095e-03
7.991845e+03	1.606576e-03
8.001712e+03	1.607031e-03
8.011578e+03	1.607460e-03
8.021445e+03	1.607862e-03
8.031311e+03	1.608239e-03
8.041178e+03	1.608590e-03
8.051044e+03	1.608914e-03
8.060911e+03	1.609212e-03
8.070777e+03	1.609484e-03
8.080644e+03	1.609730e-03
8.090510e+03	1.609950e-03
8.100376e+03	1.610143e-03
8.110243e+03	1.610310e-03
8.120109e+03	1.610452e-03
8.129976e+03	1.610566e-03
8.139842e+03	1.610655e-03
8.149709e+03	1.610717e-03
8.159575e+03	1.610754e-03
8.169442e+03	1.610763e-03
8.179308e+03	1.610747e-03
8.189175e+03	1.610705e-03
8.199041e+03	1.610636e-03
8.208908e+03	1.610541e-03
8.218774e+03	1.610420e-03
8.228641e+03	1.610272e-03
8.238507e+03	1.610098e-03
8.248374e+03	1.609899e-03
8.258240e+03	1.609672e-03
8.268107e+03	1.609420e-03
8.277973e+03	1.609142e-03
8.287839e+03	1.608837e-03
8.297706e+03	1.608507e-03
8.307572e+03	1.608150e-03
8.317439e+03	1.607767e-03
8.327305e+03	1.607358e-03
8.337172e+03	1.606923e-03
8.347038e+03	1.606461e-03
8.356905e+03	1.605974e-03
8.366771e+03	1.605461e-03
8.376638e+03	1.604922e-03
8.386504e+03	1.604357e-03
8.396371e+03	1.603766e-03
8.406237e+03	1.603149e-03
8.416104e+03	1.602506e-03
8.425970e+03	1.601837e-03
8.435837e+03	1.601143e-03
8.445703e+03	1.600422e-03
8.455570e+03	1.599677e-03
8.465436e+03	1.598905e-03
8.475303e+03	1.598108e-03
8.485169e+03	1.597285e-03
8.495035e+03	1.596436e-03
8.504902e+03	1.595562e-03
8.514768e+03	1.594663e-03
8.524635e+03	1.593738e-03
8.534501e+03	1.592787e-03
8.544368e+03	1.591811e-03
8.554234e+03	1.590810e-03
8.564101e+03	1.589784e-03
8.573967e+03	1.588732e-03
8.583834e+03	1.587656e-03
8.593700e+03	1.586554e-03
8.603567e+03	1.585427e-03
8.613433e+03	1.584275e-03
8.623300e+03	1.583098e-03
8.633166e+03	1.581896e-03
8.643033e+03	1.580670e-03
8.652899e+03	1.579419e-03
8.662766e+03	1.578142e-03
8.672632e+03	1.576842e-03
8.682499e+03	1.575516e-03
8.692365e+03	1.574167e-03
8.702231e+03	1.572792e-03
8.712098e+03	1.571394e-03
8.721964e+03	1.569971e-03
8.731831e+03	1.568523e-03
8.741697e+03	1.567052e-03
8.751564e+03	1.565556e-03
8.761430e+03	1.564037e-03
8.771297e+03	1.562493e-03
8.781163e+03	1.560925e-03
8.791030e+03	1.559334e-03
8.800896e+03	1.557719e-03
8.810763e+03	1.556080e-03
8.820629e+03	1.554418e-03
8.830496e+03	1.552732e-03
8.840362e+03	1.551023e-03
8.850229e+03	1.549290e-03
8.860095e+03	1.547534e-03
8.869962e+03	1.545755e-03
8.879828e+03	1.543953e-03
8.889695e+03	1.542127e-03
8.899561e+03	1.540279e-03
8.909427e+03	1.538408e-03
8.919294e+03	1.536514e-03
8.929160e+03	1.534598e-03
8.939027e+03	1.532659e-03
8.948893e+03	1.530697e-03
8.958760e+03	1.528713e-03
8.968626e+03	1.526707e-03
8.978493e+03	1.524679e-03
8.988359e+03	1.522628e-03
8.998226e+03	1.520556e-03
9.008092e+03	1.518461e-03
9.017959e+03	1.516345e-03
9.027825e+03	1.514207e-03
9.037692e+03	1.512048e-03
9.047558e+03	1.509866e-03
9.057425e+03	1.507664e-03
9.067291e+03	1.505440e-03
9.077158e+03	1.503195e-03
9.087024e+03	1.500929e-03
9.096890e+03	1.498642e-03
9.106757e+03	1.496334e-03
9.116623e+03	1.494005e-03
9.126490e+03	1.491656e-03
9.136356e+03	1.489286e-03
9.146223e+03	1.486895e-03
9.156089e+03	1.484484e-03
9.165956e+03	1.482053e-03
9.175822e+03	1.479602e-03
9.185689e+03	1.477131e-03
9.195555e+03	1.474640e-03
9.205422e+03	1.472129e-03
9.215288e+03	1.469599e-03
9.225155e+03	1.467049e-03
9.235021e+03	1.464479e-03
9.244888e+03	1.461890e-03
9.254754e+03	1.459282e-03
9.264621e+03	1.456655e-03
9.274487e+03	1.454009e-03
9.284354e+03	1.451345e-03
9.294220e+03	1.448661e-03
9.304086e+03	1.445959e-03
9.313953e+03	1.443238e-03
9.323819e+03	1.440499e-03
9.333686e+03	1.437742e-03
9.343552e+03	1.434967e-03
9.353419e+03	1.432174e-03
9.363285e+03	1.429362e-03
9.373152e+03	1.426534e-03
9.383018e+03	1.423687e-03
9.392885e+03	1.420823e-03
9.402751e+03	1.417942e-03
9.412618e+03	1.415044e-03
9.422484e+03	1.412128e-03
9.432351e+03	1.409196e-03
9.442217e+03	1.406247e-03
9.452084e+03	1.403281e-03
9.461950e+03	1.400298e-03
9.471817e+03	1.397299e-03
9.481683e+03	1.394284e-03
9.491550e+03	1.391253e-03
9.501416e+03	1.388205e-03
9.511282e+03	1.385142e-03
9.521149e+03	1.382063e-03
9.531015e+03	1.378968e-03
9.540882e+03	1.375858e-03
9.550748e+03	1.372733e-03
9.560615e+03	1.369592e-03
9.570481e+03	1.366437e-03
9.580348e+03	1.363266e-03
9.590214e+03	1.360080e-03
9.600081e+03	1.356880e-03
9.609947e+03	1.353666e-03
9.619814e+03	1.350437e-03
9.629680e+03	1.347193e-03
9.639547e+03	1.343936e-03
9.649413e+03	1.340665e-03
9.659280e+03	1.337379e-03
9.669146e+03	1.334081e-03
9.679013e+03	1.330768e-03
9.688879e+03	1.327443e-03
9.698746e+03	1.324103e-03
9.708612e+03	1.320751e-03
9.718478e+03	1.317386e-03
9.728345e+03	1.314008e-03
9.738211e+03	1.310618e-03
9.748078e+03	1.307215e-03
9.757944e+03	1.303799e-03
9.767811e+03	1.300371e-03
9.777677e+03	1.296931e-03
9.787544e+03	1.293479e-03
9.797410e+03	1.290016e-03
9.807277e+03	1.286540e-03
9.817143e+03	1.283053e-03
9.827010e+03	1.279555e-03
9.836876e+03	1.276045e-03
9.846743e+03	1.272525e-03
9.856609e+03	1.268993e-03
9.866476e+03	1.265450e-03
9.876342e+03	1.261897e-03
9.886209e+03	1.258334e-03
9.896075e+03	1.254760e-03
9.905941e+03	1.251175e-03
9.915808e+03	1.247581e-03
9.925674e+03	1.243977e-03
9.935541e+03	1.240363e-03
9.945407e+03	1.236739e-03
9.955274e+03	1.233106e-03
9.965140e+03	1.229463e-03
9.975007e+03	1.225812e-03
9.984873e+03	1.222151e-03
9.994740e+03	1.218481e-03
1.000461e+04	1.214802e-03
1.001447e+04	1.211115e-03
1.002434e+04	1.207420e-03
1.003421e+04	1.203716e-03
1.004407e+04	1.200004e-03
1.005394e+04	1.196284e-03
1.006381e+04	1.192555e-03
1.007367e+04	1.188820e-03
1.008354e+04	1.185076e-03
1.009340e+04	1.181325e-03
1.010327e+04	1.177567e-03
1.011314e+04	1.173802e-03
1.012300e+04	1.170030e-03
1.013287e+04	1.166250e-03
1.014274e+04	1.162464e-03
1.015260e+04	1.158672e-03
1.016247e+04	1.154873e-03
1.017234e+04	1.151068e-03
1.018220e+04	1.147256e-03
1.019207e+04	1.143439e-03
1.020194e+04	1.139616e-03
1.021180e+04	1.135787e-03
1.022167e+04	1.131952e-03
1.023154e+04	1.128112e-03
1.024140e+04	1.124267e-03
1.025127e+04	1.120416e-03
1.026113e+04	1.116561e-03
1.027100e+04	1.112701e-03
1.028087e+04	1.108836e-03
1.029073e+04	1.104966e-03
1.030060e+04	1.101092e-03
1.031047e+04	1.097214e-03
1.032033e+04	1.093331e-03
1.033020e+04	1.089445e-03
1.034007e+04	1.085555e-03
1.034993e+04	1.081661e-03
1.035980e+04	1.077763e-03
1.036967e+04	1.073862e-03
1.037953e+04	1.069958e-03
1.038940e+04	1.066050e-03
1.039927e+04	1.062139e-03
1.040913e+04	1.058226e-03
1.041900e+04	1.054310e-03
1.042886e+04	1.050391e-03
1.043873e+04	1.046470e-03
1.044860e+04	1.042546e-03
1.045846e+04	1.038620e-03
1.046833e+04	1.034692e-03
1.047820e+04	1.030762e-03
1.048806e+04	1.026831e-03
1.049793e+04	1.022897e-03
1.050780e+04	1.018962e-03
1.051766e+04	1.015026e-03
1.052753e+04	1.011089e-03
1.053740e+04	1.007150e-03
1.054726e+04	1.003210e-03
1.055713e+04	9.992698e-04
1.056700e+04	9.953286e-04
1.057686e+04	9.913867e-04
1.058673e+04	9.874444e-04
1.059659e+04	9.835017e-04
1.060646e+04	9.795588e-04
1.061633e+04	9.756158e-04
1.062619e+04	9.716729e-04
1.063606e+04	9.677302e-04
1.064593e+04	9.637877e-04
1.065579e+04	9.598457e-04
1.066566e+04	9.559042e-04
1.067553e+04	9.519634e-04
1.068539e+04	9.480234e-04
1.069526e+04	9.440843e-04
1.070513e+04	9.401463e-04
1.071499e+04	9.362095e-04
1.072486e+04	9.322740e-04
1.073473e+04	9.283398e-04
1.074459e+04	9.244073e-04
1.075446e+04	9.204764e-04
1.076432e+04	9.165473e-04
1.077419e+04	9.126201e-04
1.078406e+04	9.086949e-04
1.079392e+04	9.047718e-04
1.080379e+04	9.008511e-04
1.081366e+04	8.969327e-04
1.082352e+04	8.930168e-04
1.083339e+04	8.891035e-04
1.084326e+04	8.851929e-04
1.085312e+04	8.812852e-04
1.086299e+04	8.773805e-04
1.087286e+04	8.734788e-04
1.088272e+04	8.695803e-04
1.089259e+04	8.656851e-04
1.090246e+04	8.617934e-04
1.091232e+04	8.579051e-04
1.092219e+04	8.540205e-04
1.093205e+04	8.501396e-04
1.094192e+04	8.462626e-04
1.095179e+04	8.423895e-04
1.096165e+04	8.385205e-04
1.097152e+04	8.346556e-04
1.098139e+04	8.307951e-04
1.099125e+04	8.269389e-04
1.100112e+04	8.230873e-04
1.101099e+04	8.192402e-04
1.102085e+04	8.153978e-04
1.103072e+04	8.115602e-04
1.104059e+04	8.077276e-04
1.105045e+04	8.038999e-04
1.106032e+04	8.000774e-04
1.107019e+04	7.962600e-04
1.108005e+04	7.924480e-04
1.108992e+04	7.886413e-04
1.109979e+04	7.848402e-04
1.110965e+04	7.810446e-04
1.111952e+04	7.772548e-04
1.112938e+04	7.734707e-04
1.113925e+04	7.696926e-04
1.114912e+04	7.659204e-04
1.115898e+04	7.621543e-04
1.116885e+04	7.583943e-04
1.117872e+04	7.546406e-04
1.118858e+04	7.508933e-04
1.119845e+04	7.471524e-04
1.120832e+04	7.434180e-04
1.121818e+04	7.396902e-04
1.122805e+04	7.359692e-04
1.123792e+04	7.322549e-04
1.124778e+04	7.285475e-04
1.125765e+04	7.248471e-04
1.126752e+04	7.211537e-04
1.127738e+04	7.174675e-04
1.128725e+04	7.137884e-04
1.129711e+04	7.101167e-04
1.130698e+04	7.064524e-04
1.131685e+04	7.027955e-04
1.132671e+04	6.991461e-04
1.133658e+04	6.955044e-04
1.134645e+04	6.918704e-04
1.135631e+04	6.882441e-04
1.136618e+04	6.846257e-04
1.137605e+04	6.810153e-04
1.138591e+04	6.774128e-04
1.139578e+04	6.738184e-04
1.140565e+04	6.702322e-04
1.141551e+04	6.666542e-04
1.142538e+04	6.630845e-04
1.143525e+04	6.595232e-04
1.144511e+04	6.559703e-04
1.145498e+04	6.524259e-04
1.146484e+04	6.488902e-04
1.147471e+04	6.453630e-04
1.148458e+04	6.418446e-04
1.149444e+04	6.383350e-04
1.150431e+04	6.348342e-04
1.151418e+04	6.313423e-04
1.152404e+04	6.278594e-04
1.153391e+04	6.243856e-04
1.154378e+04	6.209208e-04
1.155364e+04	6.174653e-04
1.156351e+04	6.140189e-04
1.157338e+04	6.105819e-04
1.158324e+04	6.071542e-04
1.159311e+04	6.037359e-04
1.160298e+04	6.003271e-04
1.161284e+04	5.969278e-04
1.162271e+04	5.935380e-04
1.163257e+04	5.901579e-04
1.164244e+04	5.867876e-04
1.165231e+04	5.834269e-04
1.166217e+04	5.800761e-04
1.167204e+04	5.767351e-04
1.168191e+04	5.734040e-04
1.169177e+04	5.700828e-04
1.170164e+04	5.667717e-04
1.171151e+04	5.634706e-04
1.172137e+04	5.601796e-04
1.173124e+04	5.568988e-04
1.174111e+04	5.536281e-04
1.175097e+04	5.503677e-04
1.176084e+04	5.471176e-04
1.177071e+04	5.438779e-04
1.178057e+04	5.406485e-04
1.179044e+04	5.374295e-04
1.180030e+04	5.342210e-04
1.181017e+04	5.310230e-04
1.182004e+04	5.278355e-04
1.182990e+04	5.246587e-04
1.183977e+04	5.214924e-04
1.184964e+04	5.183369e-04
1.185950e+04	5.151920e-04
1.186937e+04	5.120578e-04
1.187924e+04	5.089345e-04
1.188910e+04	5.058219e-04
1.189897e+04	5.027202e-04
1.190884e+04	4.996294e-04
1.191870e+04	4.965495e-04
1.192857e+04	4.934806e-04
1.193844e+04	4.904226e-04
1.194830e+04	4.873756e-04
1.195817e+04	4.843397e-04
1.196803e+04	4.813149e-04
1.197790e+04	4.783011e-04
1.198777e+04	4.752985e-04
1.199763e+04	4.723070e-04
1.200750e+04	4.693267e-04
1.201737e+04	4.663577e-04
1.202723e+04	4.633998e-04
1.203710e+04	4.604532e-04
1.204697e+04	4.575179e-04
1.205683e+04	4.545940e-04
1.206670e+04	4.516813e-04
1.207657e+04	4.487800e-04
1.208643e+04	4.458901e-04
1.209630e+04	4.430115e-04
1.210617e+04	4.401444e-04
1.211603e+04	4.372887e-04
1.212590e+04	4.344445e-04
1.213576e+04	4.316117e-04
1.214563e+04	4.287904e-04
1.215550e+04	4.259806e-04
1.216536e+04	4.231824e-04
1.217523e+04	4.203956e-04
1.218510e+04	4.176204e-04
1.219496e+04	4.148568e-04
1.220483e+04	4.121048e-04
1.221470e+04	4.093643e-04
1.222456e+04	4.066355e-04
1.223443e+04	4.039182e-04
1.224430e+04	4.012126e-04
1.225416e+04	3.985186e-04
1.226403e+04	3.958363e-04
1.227390e+04	3.931656e-04
1.228376e+04	3.905065e-04
1.229363e+04	3.878592e-04
1.230350e+04	3.852235e-04
1.231336e+04	3.825995e-04
1.232323e+04	3.799871e-04
1.233309e+04	3.773865e-04
1.234296e+04	3.747975e-04
1.235283e+04	3.722203e-04
1.236269e+04	3.696547e-04
1.237256e+04	3.671009e-04
1.238243e+04	3.645587e-04
1.239229e+04	3.620283e-04
1.240216e+04	3.595096e-04
1.241203e+04	3.570025e-04
1.242189e+04	3.545072e-04
1.243176e+04	3.520236e-04
1.244163e+04	3.495517e-04
1.245149e+04	3.470915e-04
1.246136e+04	3.446430e-04
1.247123e+04	3.422062e-04
1.248109e+04	3.397811e-04
1.249096e+04	3.373677e-04
1.250082e+04	3.349660e-04
1.251069e+04	3.325760e-04
1.252056e+04	3.301976e-04
1.253042e+04	3.278309e-04
1.254029e+04	3.254758e-04
1.255016e+04	3.231325e-04
1.256002e+04	3.208007e-04
1.256989e+04	3.184806e-04
1.257976e+04	3.161722e-04
1.258962e+04	3.138753e-04
1.259949e+04	3.115901e-04
1.260936e+04	3.093164e-04
1.261922e+04	3.070544e-04
1.262909e+04	3.048039e-04
1.263896e+04	3.025650e-04
1.264882e+04	3.003377e-04
1.265869e+04	2.981218e-04
1.266855e+04	2.959176e-04
1.267842e+04	2.937248e-04
1.268829e+04	2.915435e-04
1.269815e+04	2.893737e-04
1.270802e+04	2.872154e-04
1.271789e+04	2.850686e-04
1.272775e+04	2.829331e-04
1.273762e+04	2.808091e-04
1.274749e+04	2.786965e-04
1.275735e+04	2.765953e-04
1.276722e+04	2.745055e-04
1.277709e+04	2.724270e-04
1.278695e+04	2.703599e-04
1.279682e+04	2.683040e-04
1.280669e+04	2.662595e-04
1.281655e+04	2.642262e-04
1.282642e+04	2.622042e-04
1.283628e+04	2.601935e-04
1.284615e+04	2.581939e-04
1.285602e+04	2.562055e-04
1.286588e+04	2.542283e-04
1.287575e+04	2.522623e-04
1.288562e+04	2.503074e-04
1.289548e+04	2.483636e-04
1.290535e+04	2.464308e-04
1.291522e+04	2.445092e-04
1.292508e+04	2.425985e-04
1.293495e+04	2.406989e-04
1.294482e+04	2.388103e-04
1.295468e+04	2.369326e-04
1.296455e+04	2.350658e-04
1.297442e+04	2.332100e-04
1.298428e+04	2.313650e-04
1.299415e+04	2.295309e-04
1.300401e+04	2.277076e-04
1.301388e+04	2.258952e-04
1.302375e+04	2.240935e-04
1.303361e+04	2.223025e-04
1.304348e+04	2.205223e-04
1.305335e+04	2.187528e-04
1.306321e+04	2.169939e-04
1.307308e+04	2.152457e-04
1.308295e+04	2.135081e-04
1.309281e+04	2.117810e-04
1.310268e+04	2.100646e-04
1.311255e+04	2.083586e-04
1.312241e+04	2.066631e-04
1.313228e+04	2.049781e-04
1.314215e+04	2.033035e-04
1.315201e+04	2.016393e-04
1.316188e+04	1.999854e-04
1.317174e+04	1.983419e-04
1.318161e+04	1.967087e-04
1.319148e+04	1.950858e-04
1.320134e+04	1.934731e-04
1.321121e+04	1.918706e-04
1.322108e+04	1.902783e-04
1.323094e+04	1.886961e-04
1.324081e+04	1.871240e-04
1.325068e+04	1.855620e-04
1.326054e+04	1.840101e-04
1.327041e+04	1.824681e-04
1.328028e+04	1.809362e-04
1.329014e+04	1.794142e-04
1.330001e+04	1.779020e-04
1.330988e+04	1.763998e-04
1.331974e+04	1.749074e-04
1.332961e+04	1.734247e-04
1.333948e+04	1.719519e-04
1.334934e+04	1.704888e-04
1.335921e+04	1.690354e-04
1.336907e+04	1.675916e-04
1.337894e+04	1.661575e-04
1.338881e+04	1.647329e-04
1.339867e+04	1.633179e-04
1.340854e+04	1.619125e-04
1.341841e+04	1.605165e-04
1.342827e+04	1.591299e-04
1.343814e+04	1.577528e-04
1.344801e+04	1.563850e-04
1.345787e+04	1.550266e-04
1.346774e+04	1.536774e-04
1.347761e+04	1.523375e-04
1.348747e+04	1.510069e-04
1.349734e+04	1.496854e-04
1.350721e+04	1.483731e-04
1.351707e+04	1.470699e-04
1.352694e+04	1.457757e-04
1.353680e+04	1.444906e-04
1.354667e+04	1.432145e-04
1.355654e+04	1.419473e-04
1.356640e+04	1.406891e-04
1.357627e+04	1.394397e-04
1.358614e+04	1.381992e-04
1.359600e+04	1.369675e-04
1.360587e+04	1.357446e-04
1.361574e+04	1.345304e-04
1.362560e+04	1.333249e-04
1.363547e+04	1.321280e-04
1.364534e+04	1.309397e-04
1.365520e+04	1.297600e-04
1.366507e+04	1.285889e-04
1.367494e+04	1.274262e-04
1.368480e+04	1.262720e-04
1.369467e+04	1.251262e-04
1.370453e+04	1.239888e-04
1.371440e+04	1.228598e-04
1.372427e+04	1.217390e-04
1.373413e+04	1.206265e-04
1.374400e+04	1.195222e-04
1.375387e+04	1.184261e-04
1.376373e+04	1.173381e-04
1.377360e+04	1.162582e-04
1.378347e+04	1.151864e-04
1.379333e+04	1.141226e-04
1.380320e+04	1.130668e-04
1.381307e+04	1.120190e-04
1.382293e+04	1.109790e-04
1.383280e+04	1.099469e-04
1.384267e+04	1.089226e-04
1.385253e+04	1.079062e-04
1.386240e+04	1.068974e-04
1.387226e+04	1.058964e-04
1.388213e+04	1.049030e-04
1.389200e+04	1.039173e-04
1.390186e+04	1.029391e-04
1.391173e+04	1.019685e-04
1.392160e+04	1.010054e-04
1.393146e+04	1.000498e-04
1.394133e+04	9.910154e-05
1.395120e+04	9.816072e-05
1.396106e+04	9.722725e-05
1.397093e+04	9.630108e-05
1.398080e+04	9.538218e-05
1.399066e+04	9.447052e-05
1.400053e+04	9.356604e-05
1.401040e+04	9.266871e-05
1.402026e+04	9.177849e-05
1.403013e+04	9.089535e-05
1.403999e+04	9.001923e-05
1.404986e+04	8.915011e-05
1.405973e+04	8.828794e-05
1.406959e+04	8.743269e-05
1.407946e+04	8.658431e-05
1.408933e+04	8.574276e-05
1.409919e+04	8.490801e-05
1.410906e+04	8.408002e-05
1.411893e+04	8.325875e-05
1.412879e+04	8.244415e-05
1.413866e+04	8.163620e-05
1.414853e+04	8.083485e-05
1.415839e+04	8.004006e-05
1.416826e+04	7.925179e-05
1.417813e+04	7.847001e-05
1.418799e+04	7.769467e-05
1.419786e+04	7.692574e-05
1.420772e+04	7.616319e-05
1.421759e+04	7.540696e-05
1.422746e+04	7.465702e-05
1.423732e+04	7.391334e-05
1.424719e+04	7.317588e-05
1.425706e+04	7.244459e-05
1.426692e+04	7.171945e-05
1.427679e+04	7.100040e-05
1.428666e+04	7.028742e-05
1.429652e+04	6.958047e-05
1.430639e+04	6.887950e-05
1.431626e+04	6.818449e-05
1.432612e+04	6.749539e-05
1.433599e+04	6.681216e-05
1.434586e+04	6.613478e-05
1.435572e+04	6.546319e-05
1.436559e+04	6.479737e-05
1.437545e+04	6.413728e-05
1.438532e+04	6.348288e-05
1.439519e+04	6.283413e-05
1.440505e+04	6.219100e-05
1.441492e+04	6.155344e-05
1.442479e+04	6.092143e-05
1.443465e+04	6.029493e-05
1.444452e+04	5.967390e-05
1.445439e+04	5.905831e-05
1.446425e+04	5.844811e-05
1.447412e+04	5.784327e-05
1.448399e+04	5.724376e-05
1.449385e+04	5.664955e-05
1.450372e+04	5.606058e-05
1.451359e+04	5.547684e-05
1.452345e+04	5.489828e-05
1.453332e+04	5.432487e-05
1.454319e+04	5.375657e-05
1.455305e+04	5.319336e-05
1.456292e+04	5.263518e-05
1.457278e+04	5.208202e-05
1.458265e+04	5.153382e-05
1.459252e+04	5.099057e-05
1.460238e+04	5.045222e-05
1.461225e+04	4.991875e-05
1.462212e+04	4.939011e-05
1.463198e+04	4.886627e-05
1.464185e+04	4.834720e-05
1.465172e+04	4.783286e-05
1.466158e+04	4.732323e-05
1.467145e+04	4.681826e-05
1.468132e+04	4.631793e-05
1.469118e+04	4.582220e-05
1.470105e+04	4.533103e-05
1.471092e+04	4.484440e-05
1.472078e+04	4.436227e-05
1.473065e+04	4.388461e-05
1.474051e+04	4.341139e-05
1.475038e+04	4.294257e-05
1.476025e+04	4.247812e-05
1.477011e+04	4.201801e-05
1.477998e+04	4.156220e-05
1.478985e+04	4.111067e-05
1.479971e+04	4.066338e-05
1.480958e+04	4.022031e-05
1.481945e+04	3.978141e-05
1.482931e+04	3.934667e-05
1.483918e+04	3.891604e-05
1.484905e+04	3.848949e-05
1.485891e+04	3.806701e-05
1.486878e+04	3.764854e-05
1.487865e+04	3.723407e-05
1.488851e+04	3.682356e-05
1.489838e+04	3.641699e-05
1.490824e+04	3.601432e-05
1.491811e+04	3.561552e-05
1.492798e+04	3.522056e-05
1.493784e+04	3.482941e-05
1.494771e+04	3.444205e-05
1.495758e+04	3.405844e-05
1.496744e+04	3.367856e-05
1.497731e+04	3.330237e-05
1.498718e+04	3.292984e-05
1.499704e+04	3.256096e-05
1.500691e+04	3.219568e-05
1.501678e+04	3.183398e-05
1.502664e+04	3.147583e-05
1.503651e+04	3.112120e-05
1.504638e+04	3.077007e-05
1.505624e+04	3.042240e-05
1.506611e+04	3.007817e-05
1.507597e+04	2.973735e-05
1.508584e+04	2.939992e-05
1.509571e+04	2.906584e-05
1.510557e+04	2.873509e-05
1.511544e+04	2.840764e-05
1.512531e+04	2.808346e-05
1.513517e+04	2.776253e-05
1.514504e+04	2.744482e-05
1.515491e+04	2.713031e-05
1.516477e+04	2.681896e-05
1.517464e+04	2.651076e-05
1.518451e+04	2.620566e-05
1.519437e+04	2.590366e-05
1.520424e+04	2.560472e-05
1.521411e+04	2.530882e-05
1.522397e+04	2.501593e-05
1.523384e+04	2.472603e-05
1.524370e+04	2.443909e-05
1.525357e+04	2.415509e-05
1.526344e+04	2.387399e-05
1.527330e+04	2.359579e-05
1.528317e+04	2.332044e-05
1.529304e+04	2.304794e-05
1.530290e+04	2.277825e-05
1.531277e+04	2.251134e-05
1.532264e+04	2.224720e-05
1.533250e+04	2.198581e-05
1.534237e+04	2.172713e-05
1.535224e+04	2.147114e-05
1.536210e+04	2.121782e-05
1.537197e+04	2.096715e-05
1.538184e+04	2.071911e-05
1.539170e+04	2.047367e-05
1.540157e+04	2.023080e-05
1.541143e+04	1.999049e-05
1.542130e+04	1.975271e-05
1.543117e+04	1.951744e-05
1.544103e+04	1.928466e-05
1.545090e+04	1.905435e-05
1.546077e+04	1.882648e-05
1.547063e+04	1.860103e-05
1.548050e+04	1.837799e-05
1.549037e+04	1.815732e-05
1.550023e+04	1.793901e-05
1.551010e+04	1.772303e-05
1.551997e+04	1.750937e-05
1.552983e+04	1.729801e-05
1.553970e+04	1.708892e-05
1.554957e+04	1.688208e-05
1.555943e+04	1.667747e-05
1.556930e+04	1.647507e-05
1.557916e+04	1.627487e-05
1.558903e+04	1.607683e-05
1.559890e+04	1.588095e-05
1.560876e+04	1.568720e-05
1.561863e+04	1.549555e-05
1.562850e+04	1.530601e-05
1.563836e+04	1.511853e-05
1.564823e+04	1.493311e-05
1.565810e+04	1.474972e-05
1.566796e+04	1.456834e-05
1.567783e+04	1.438896e-05
1.568770e+04	1.421156e-05
1.569756e+04	1.403612e-05
1.570743e+04	1.386261e-05
1.571730e+04	1.369103e-05
1.572716e+04	1.352136e-05
1.573703e+04	1.335356e-05
1.574690e+04	1.318764e-05
1.575676e+04	1.302356e-05
1.576663e+04	1.286132e-05
1.577649e+04	1.270089e-05
1.578636e+04	1.254226e-05
1.579623e+04	1.238540e-05
1.580609e+04	1.223031e-05
1.581596e+04	1.207697e-05
1.582583e+04	1.192535e-05
1.583569e+04	1.177545e-05
1.584556e+04	1.162724e-05
1.585543e+04	1.148070e-05
1.586529e+04	1.133583e-05
1.587516e+04	1.119261e-05
1.588503e+04	1.105102e-05
1.589489e+04	1.091104e-05
1.590476e+04	1.077265e-05
1.591463e+04	1.063585e-05
1.592449e+04	1.050062e-05
1.593436e+04	1.036693e-05
1.594422e+04	1.023478e-05
1.595409e+04	1.010415e-05
1.596396e+04	9.975028e-06
1.597382e+04	9.847393e-06
1.598369e+04	9.721233e-06
1.599356e+04	9.596533e-06
1.600342e+04	9.473278e-06
1.601329e+04	9.351454e-06
1.602316e+04	9.231046e-06
1.603302e+04	9.112040e-06
1.604289e+04	8.994422e-06
1.605276e+04	8.878178e-06
1.606262e+04	8.763293e-06
1.607249e+04	8.649754e-06
1.608236e+04	8.537546e-06
1.609222e+04	8.426657e-06
1.610209e+04	8.317073e-06
1.611195e+04	8.208781e-06
1.612182e+04	8.101766e-06
1.613169e+04	7.996016e-06
1.614155e+04	7.891518e-06
1.615142e+04	7.788259e-06
1.616129e+04	7.686226e-06
1.617115e+04	7.585405e-06
1.618102e+04	7.485786e-06
1.619089e+04	7.387354e-06
1.620075e+04	7.290098e-06
1.621062e+04	7.194005e-06
1.622049e+04	7.099064e-06
1.623035e+04	7.005261e-06
1.624022e+04	6.912584e-06
1.625009e+04	6.821023e-06
1.625995e+04	6.730565e-06
1.626982e+04	6.641199e-06
1.627968e+04	6.552912e-06
1.628955e+04	6.465694e-06
1.629942e+04	6.379532e-06
1.630928e+04	6.294416e-06
1.631915e+04	6.210335e-06
1.632902e+04	6.127277e-06
1.633888e+04	6.045232e-06
1.634875e+04	5.964187e-06
1.635862e+04	5.884134e-06
1.636848e+04	5.805060e-06
1.637835e+04	5.726956e-06
1.638822e+04	5.649811e-06
1.639808e+04	5.573614e-06
1.640795e+04	5.498355e-06
1.641782e+04	5.424024e-06
1.642768e+04	5.350611e-06
1.643755e+04	5.278105e-06
1.644741e+04	5.206497e-06
1.645728e+04	5.135777e-06
1.646715e+04	5.065935e-06
1.647701e+04	4.996961e-06
1.648688e+04	4.928847e-06
1.649675e+04	4.861581e-06
1.650661e+04	4.795156e-06
1.651648e+04	4.729560e-06
1.652635e+04	4.664787e-06
1.653621e+04	4.600825e-06
1.654608e+04	4.537667e-06
1.655595e+04	4.475302e-06
1.656581e+04	4.413723e-06
1.657568e+04	4.352921e-06
1.658555e+04	4.292885e-06
1.659541e+04	4.233610e-06
1.660528e+04	4.175084e-06
1.661514e+04	4.117300e-06
1.662501e+04	4.060251e-06
1.663488e+04	4.003926e-06
1.664474e+04	3.948318e-06
1.665461e+04	3.893420e-06
1.666448e+04	3.839222e-06
1.667434e+04	3.785716e-06
1.668421e+04	3.732896e-06
1.669408e+04	3.680753e-06
1.670394e+04	3.629279e-06
1.671381e+04	3.578466e-06
1.672368e+04	3.528308e-06
1.673354e+04	3.478796e-06
1.674341e+04	3.429923e-06
1.675328e+04	3.381681e-06
1.676314e+04	3.334063e-06
1.677301e+04	3.287063e-06
1.678287e+04	3.240672e-06
1.679274e+04	3.194884e-06
1.680261e+04	3.149692e-06
1.681247e+04	3.105088e-06
1.682234e+04	3.061066e-06
1.683221e+04	3.017619e-06
1.684207e+04	2.974740e-06
1.685194e+04	2.932423e-06
1.686181e+04	2.890661e-06
1.687167e+04	2.849447e-06
1.688154e+04	2.808775e-06
1.689141e+04	2.768638e-06
1.690127e+04	2.729030e-06
1.691114e+04	2.689946e-06
1.692101e+04	2.651377e-06
1.693087e+04	2.613320e-06
1.694074e+04	2.575766e-06
1.695061e+04	2.538711e-06
1.696047e+04	2.502148e-06
1.697034e+04	2.466072e-06
1.698020e+04	2.430476e-06
1.699007e+04	2.395355e-06
1.699994e+04	2.360703e-06
1.700980e+04	2.326514e-06
1.701967e+04	2.292783e-06
1.702954e+04	2.259505e-06
1.703940e+04	2.226673e-06
1.704927e+04	2.194282e-06
1.705914e+04	2.162328e-06
1.706900e+04	2.130804e-06
1.707887e+04	2.099705e-06
1.708874e+04	2.069027e-06
1.709860e+04	2.038763e-06
1.710847e+04	2.008910e-06
1.711834e+04	1.979461e-06
1.712820e+04	1.950413e-06
1.713807e+04	1.921759e-06
1.714793e+04	1.893496e-06
1.715780e+04	1.865617e-06
1.716767e+04	1.838120e-06
1.717753e+04	1.810998e-06
1.718740e+04	1.784247e-06
1.719727e+04	1.757863e-06
1.720713e+04	1.731840e-06
1.721700e+04	1.706175e-06
1.722687e+04	1.680864e-06
1.723673e+04	1.655900e-06
1.724660e+04	1.631281e-06
1.725647e+04	1.607001e-06
1.726633e+04	1.583058e-06
1.727620e+04	1.559445e-06
1.728607e+04	1.536160e-06
1.729593e+04	1.513198e-06
1.730580e+04	1.490554e-06
1.731566e+04	1.468226e-06
1.732553e+04	1.446209e-06
1.733540e+04	1.424498e-06
1.734526e+04	1.403091e-06
1.735513e+04	1.381983e-06
1.736500e+04	1.361170e-06
1.737486e+04	1.340649e-06
1.738473e+04	1.320415e-06
1.739460e+04	1.300466e-06
1.740446e+04	1.280797e-06
1.741433e+04	1.261406e-06
1.742420e+04	1.242287e-06
1.743406e+04	1.223439e-06
1.744393e+04	1.204857e-06
1.745380e+04	1.186537e-06
1.746366e+04	1.168478e-06
1.747353e+04	1.150674e-06
1.748339e+04	1.133123e-06
1.749326e+04	1.115822e-06
1.750313e+04	1.098767e-06
1.751299e+04	1.081955e-06
1.752286e+04	1.065383e-06
1.753273e+04	1.049048e-06
1.754259e+04	1.032946e-06
1.755246e+04	1.017075e-06
1.756233e+04	1.001431e-06
1.757219e+04	9.860124e-07
1.758206e+04	9.708150e-07
1.759193e+04	9.558362e-07
1.760179e+04	9.410732e-07
1.761166e+04	9.265232e-07
1.762153e+04	9.121833e-07
1.763139e+04	8.980506e-07
1.764126e+04	8.841226e-07
1.765112e+04	8.703963e-07
1.766099e+04	8.568692e-07
1.767086e+04	8.435386e-07
1.768072e+04	8.304019e-07
1.769059e+04	8.174564e-07
1.770046e+04	8.046997e-07
1.771032e+04	7.921291e-07
1.772019e+04	7.797421e-07
1.773006e+04	7.675364e-07
1.773992e+04	7.555095e-07
1.774979e+04	7.436588e-07
1.775966e+04	7.319822e-07
1.776952e+04	7.204771e-07
1.777939e+04	7.091413e-07
1.778926e+04	6.979726e-07
1.779912e+04	6.869685e-07
1.780899e+04	6.761269e-07
1.781885e+04	6.654456e-07
1.782872e+04	6.549223e-07
1.783859e+04	6.445549e-07
1.784845e+04	6.343414e-07
1.785832e+04	6.242795e-07
1.786819e+04	6.143672e-07
1.787805e+04	6.046024e-07
1.788792e+04	5.949832e-07
1.789779e+04	5.855074e-07
1.790765e+04	5.761732e-07
1.791752e+04	5.669786e-07
1.792739e+04	5.579216e-07
1.793725e+04	5.490003e-07
1.794712e+04	5.402129e-07
1.795699e+04	5.315575e-07
1.796685e+04	5.230322e-07
1.797672e+04	5.146353e-07
1.798659e+04	5.063649e-07
1.799645e+04	4.982194e-07
1.800632e+04	4.901969e-07
1.801618e+04	4.822957e-07
1.802605e+04	4.745141e-07
1.803592e+04	4.668505e-07
1.804578e+04	4.593032e-07
1.805565e+04	4.518705e-07
1.806552e+04	4.445509e-07
1.807538e+04	4.373427e-07
1.808525e+04	4.302443e-07
1.809512e+04	4.232543e-07
1.810498e+04	4.163711e-07
1.811485e+04	4.095932e-07
1.812472e+04	4.029190e-07
1.813458e+04	3.963471e-07
1.814445e+04	3.898760e-07
1.815432e+04	3.835044e-07
1.816418e+04	3.772307e-07
1.817405e+04	3.710537e-07
1.818391e+04	3.649718e-07
1.819378e+04	3.589838e-07
1.820365e+04	3.530882e-07
1.821351e+04	3.472839e-07
1.822338e+04	3.415694e-07
1.823325e+04	3.359434e-07
1.824311e+04	3.304047e-07
1.825298e+04	3.249521e-07
1.826285e+04	3.195842e-07
1.827271e+04	3.142999e-07
1.828258e+04	3.090979e-07
1.829245e+04	3.039771e-07
1.830231e+04	2.989362e-07
1.831218e+04	2.939741e-07
1.832205e+04	2.890897e-07
1.833191e+04	2.842819e-07
1.834178e+04	2.795494e-07
1.835164e+04	2.748912e-07
1.836151e+04	2.703063e-07
1.837138e+04	2.657935e-07
1.838124e+04	2.613517e-07
1.839111e+04	2.569801e-07
1.840098e+04	2.526774e-07
1.841084e+04	2.484427e-07
1.842071e+04	2.442750e-07
1.843058e+04	2.401733e-07
1.844044e+04	2.361367e-07
1.845031e+04	2.321641e-07
1.846018e+04	2.282546e-07
1.847004e+04	2.244073e-07
1.847991e+04	2.206213e-07
1.848978e+04	2.168955e-07
1.849964e+04	2.132293e-07
1.850951e+04	2.096216e-07
1.851937e+04	2.060716e-07
1.852924e+04	2.025784e-07
1.853911e+04	1.991411e-07
1.854897e+04	1.957590e-07
1.855884e+04	1.924312e-07
1.856871e+04	1.891569e-07
1.857857e+04	1.859353e-07
1.858844e+04	1.827656e-07
1.859831e+04	1.796470e-07
1.860817e+04	1.765787e-07
1.861804e+04	1.735600e-07
1.862791e+04	1.705901e-07
1.863777e+04	1.676683e-07
1.864764e+04	1.647939e-07
1.865751e+04	1.619661e-07
1.866737e+04	1.591843e-07
1.867724e+04	1.564477e-07
1.868710e+04	1.537556e-07
1.869697e+04	1.511074e-07
1.870684e+04	1.485023e-07
1.871670e+04	1.459398e-07
1.872657e+04	1.434192e-07
1.873644e+04	1.409398e-07
1.874630e+04	1.385011e-07
1.875617e+04	1.361023e-07
1.876604e+04	1.337429e-07
1.877590e+04	1.314222e-07
1.878577e+04	1.291397e-07
1.879564e+04	1.268948e-07
1.880550e+04	1.246869e-07
1.881537e+04	1.225154e-07
1.882524e+04	1.203797e-07
1.883510e+04	1.182794e-07
1.884497e+04	1.162138e-07
1.885483e+04	1.141824e-07
1.886470e+04	1.121847e-07
1.887457e+04	1.102202e-07
1.888443e+04	1.082883e-07
1.889430e+04	1.063885e-07
1.890417e+04	1.045204e-07
1.891403e+04	1.026833e-07
1.892390e+04	1.008770e-07
1.893377e+04	9.910077e-08
1.894363e+04	9.735425e-08
1.895350e+04	9.563695e-08
1.896337e+04	9.394841e-08
1.897323e+04	9.228819e-08
1.898310e+04	9.065582e-08
1.899297e+04	8.905088e-08
