# # p(y | x = 2.000000e+01)
# # y_val	p(y|x)
0.000000e+00	3.417944e-09
5.044592e+00	3.497579e-09
1.008918e+01	3.578997e-09
1.513378e+01	3.662237e-09
2.017837e+01	3.747337e-09
2.522296e+01	3.834337e-09
3.026755e+01	3.923279e-09
3.531214e+01	4.014202e-09
4.035673e+01	4.107150e-09
4.540133e+01	4.202165e-09
5.044592e+01	4.299291e-09
5.549051e+01	4.398574e-09
6.053510e+01	4.500059e-09
6.557969e+01	4.603793e-09
7.062428e+01	4.709823e-09
7.566888e+01	4.818197e-09
8.071347e+01	4.928966e-09
8.575806e+01	5.042180e-09
9.080265e+01	5.157891e-09
9.584724e+01	5.276150e-09
1.008918e+02	5.397012e-09
1.059364e+02	5.520532e-09
1.109810e+02	5.646764e-09
1.160256e+02	5.775767e-09
1.210702e+02	5.907598e-09
1.261148e+02	6.042315e-09
1.311594e+02	6.179981e-09
1.362040e+02	6.320655e-09
1.412486e+02	6.464402e-09
1.462932e+02	6.611284e-09
1.513378e+02	6.761367e-09
1.563823e+02	6.914718e-09
1.614269e+02	7.071404e-09
1.664715e+02	7.231496e-09
1.715161e+02	7.395062e-09
1.765607e+02	7.562176e-09
1.816053e+02	7.732910e-09
1.866499e+02	7.907340e-09
1.916945e+02	8.085541e-09
1.967391e+02	8.267591e-09
2.017837e+02	8.453570e-09
2.068283e+02	8.643559e-09
2.118729e+02	8.837639e-09
2.169174e+02	9.035894e-09
2.219620e+02	9.238411e-09
2.270066e+02	9.445277e-09
2.320512e+02	9.656580e-09
2.370958e+02	9.872411e-09
2.421404e+02	1.009286e-08
2.471850e+02	1.031803e-08
2.522296e+02	1.054801e-08
2.572742e+02	1.078289e-08
2.623188e+02	1.102279e-08
2.673634e+02	1.126779e-08
2.724080e+02	1.151801e-08
2.774525e+02	1.177354e-08
2.824971e+02	1.203451e-08
2.875417e+02	1.230101e-08
2.925863e+02	1.257315e-08
2.976309e+02	1.285106e-08
3.026755e+02	1.313485e-08
3.077201e+02	1.342463e-08
3.127647e+02	1.372053e-08
3.178093e+02	1.402267e-08
3.228539e+02	1.433118e-08
3.278985e+02	1.464618e-08
3.329431e+02	1.496779e-08
3.379876e+02	1.529617e-08
3.430322e+02	1.563143e-08
3.480768e+02	1.597371e-08
3.531214e+02	1.632317e-08
3.581660e+02	1.667993e-08
3.632106e+02	1.704415e-08
3.682552e+02	1.741597e-08
3.732998e+02	1.779554e-08
3.783444e+02	1.818301e-08
3.833890e+02	1.857855e-08
3.884336e+02	1.898231e-08
3.934782e+02	1.939446e-08
3.985228e+02	1.981515e-08
4.035673e+02	2.024456e-08
4.086119e+02	2.068286e-08
4.136565e+02	2.113022e-08
4.187011e+02	2.158683e-08
4.237457e+02	2.205285e-08
4.287903e+02	2.252849e-08
4.338349e+02	2.301391e-08
4.388795e+02	2.350933e-08
4.439241e+02	2.401492e-08
4.489687e+02	2.453089e-08
4.540133e+02	2.505745e-08
4.590579e+02	2.559479e-08
4.641024e+02	2.614312e-08
4.691470e+02	2.670267e-08
4.741916e+02	2.727364e-08
4.792362e+02	2.785625e-08
4.842808e+02	2.845075e-08
4.893254e+02	2.905734e-08
4.943700e+02	2.967626e-08
4.994146e+02	3.030776e-08
5.044592e+02	3.095208e-08
5.095038e+02	3.160945e-08
5.145484e+02	3.228013e-08
5.195930e+02	3.296439e-08
5.246375e+02	3.366246e-08
5.296821e+02	3.437463e-08
5.347267e+02	3.510115e-08
5.397713e+02	3.584231e-08
5.448159e+02	3.659838e-08
5.498605e+02	3.736965e-08
5.549051e+02	3.815640e-08
5.599497e+02	3.895892e-08
5.649943e+02	3.977753e-08
5.700389e+02	4.061252e-08
5.750835e+02	4.146420e-08
5.801281e+02	4.233288e-08
5.851726e+02	4.321890e-08
5.902172e+02	4.412257e-08
5.952618e+02	4.504422e-08
6.003064e+02	4.598420e-08
6.053510e+02	4.694285e-08
6.103956e+02	4.792052e-08
6.154402e+02	4.891757e-08
6.204848e+02	4.993435e-08
6.255294e+02	5.097124e-08
6.305740e+02	5.202861e-08
6.356186e+02	5.310685e-08
6.406632e+02	5.420634e-08
6.457077e+02	5.532747e-08
6.507523e+02	5.647066e-08
6.557969e+02	5.763631e-08
6.608415e+02	5.882483e-08
6.658861e+02	6.003665e-08
6.709307e+02	6.127220e-08
6.759753e+02	6.253191e-08
6.810199e+02	6.381624e-08
6.860645e+02	6.512563e-08
6.911091e+02	6.646055e-08
6.961537e+02	6.782147e-08
7.011983e+02	6.920885e-08
7.062428e+02	7.062320e-08
7.112874e+02	7.206499e-08
7.163320e+02	7.353474e-08
7.213766e+02	7.503295e-08
7.264212e+02	7.656015e-08
7.314658e+02	7.811685e-08
7.365104e+02	7.970360e-08
7.415550e+02	8.132093e-08
7.465996e+02	8.296942e-08
7.516442e+02	8.464962e-08
7.566888e+02	8.636210e-08
7.617334e+02	8.810744e-08
7.667780e+02	8.988625e-08
7.718225e+02	9.169913e-08
7.768671e+02	9.354668e-08
7.819117e+02	9.542953e-08
7.869563e+02	9.734832e-08
7.920009e+02	9.930368e-08
7.970455e+02	1.012963e-07
8.020901e+02	1.033268e-07
8.071347e+02	1.053959e-07
8.121793e+02	1.075042e-07
8.172239e+02	1.096525e-07
8.222685e+02	1.118415e-07
8.273131e+02	1.140719e-07
8.323576e+02	1.163444e-07
8.374022e+02	1.186598e-07
8.424468e+02	1.210188e-07
8.474914e+02	1.234223e-07
8.525360e+02	1.258709e-07
8.575806e+02	1.283655e-07
8.626252e+02	1.309070e-07
8.676698e+02	1.334960e-07
8.727144e+02	1.361336e-07
8.777590e+02	1.388204e-07
8.828036e+02	1.415574e-07
8.878482e+02	1.443455e-07
8.928927e+02	1.471855e-07
8.979373e+02	1.500784e-07
9.029819e+02	1.530250e-07
9.080265e+02	1.560263e-07
9.130711e+02	1.590833e-07
9.181157e+02	1.621970e-07
9.231603e+02	1.653682e-07
9.282049e+02	1.685981e-07
9.332495e+02	1.718875e-07
9.382941e+02	1.752376e-07
9.433387e+02	1.786494e-07
9.483833e+02	1.821240e-07
9.534278e+02	1.856624e-07
9.584724e+02	1.892657e-07
9.635170e+02	1.929351e-07
9.685616e+02	1.966716e-07
9.736062e+02	2.004765e-07
9.786508e+02	2.043508e-07
9.836954e+02	2.082959e-07
9.887400e+02	2.123128e-07
9.937846e+02	2.164028e-07
9.988292e+02	2.205672e-07
1.003874e+03	2.248071e-07
1.008918e+03	2.291240e-07
1.013963e+03	2.335190e-07
1.019008e+03	2.379935e-07
1.024052e+03	2.425489e-07
1.029097e+03	2.471865e-07
1.034141e+03	2.519077e-07
1.039186e+03	2.567139e-07
1.044230e+03	2.616066e-07
1.049275e+03	2.665871e-07
1.054320e+03	2.716569e-07
1.059364e+03	2.768176e-07
1.064409e+03	2.820706e-07
1.069453e+03	2.874175e-07
1.074498e+03	2.928599e-07
1.079543e+03	2.983993e-07
1.084587e+03	3.040374e-07
1.089632e+03	3.097757e-07
1.094676e+03	3.156160e-07
1.099721e+03	3.215599e-07
1.104766e+03	3.276091e-07
1.109810e+03	3.337654e-07
1.114855e+03	3.400306e-07
1.119899e+03	3.464064e-07
1.124944e+03	3.528946e-07
1.129989e+03	3.594970e-07
1.135033e+03	3.662157e-07
1.140078e+03	3.730523e-07
1.145122e+03	3.800090e-07
1.150167e+03	3.870875e-07
1.155212e+03	3.942900e-07
1.160256e+03	4.016184e-07
1.165301e+03	4.090748e-07
1.170345e+03	4.166612e-07
1.175390e+03	4.243797e-07
1.180434e+03	4.322325e-07
1.185479e+03	4.402217e-07
1.190524e+03	4.483496e-07
1.195568e+03	4.566183e-07
1.200613e+03	4.650301e-07
1.205657e+03	4.735874e-07
1.210702e+03	4.822924e-07
1.215747e+03	4.911475e-07
1.220791e+03	5.001552e-07
1.225836e+03	5.093177e-07
1.230880e+03	5.186376e-07
1.235925e+03	5.281175e-07
1.240970e+03	5.377598e-07
1.246014e+03	5.475671e-07
1.251059e+03	5.575420e-07
1.256103e+03	5.676872e-07
1.261148e+03	5.780053e-07
1.266193e+03	5.884991e-07
1.271237e+03	5.991713e-07
1.276282e+03	6.100248e-07
1.281326e+03	6.210624e-07
1.286371e+03	6.322869e-07
1.291415e+03	6.437014e-07
1.296460e+03	6.553086e-07
1.301505e+03	6.671118e-07
1.306549e+03	6.791138e-07
1.311594e+03	6.913178e-07
1.316638e+03	7.037270e-07
1.321683e+03	7.163444e-07
1.326728e+03	7.291734e-07
1.331772e+03	7.422172e-07
1.336817e+03	7.554790e-07
1.341861e+03	7.689624e-07
1.346906e+03	7.826706e-07
1.351951e+03	7.966071e-07
1.356995e+03	8.107754e-07
1.362040e+03	8.251791e-07
1.367084e+03	8.398218e-07
1.372129e+03	8.547070e-07
1.377174e+03	8.698386e-07
1.382218e+03	8.852202e-07
1.387263e+03	9.008556e-07
1.392307e+03	9.167487e-07
1.397352e+03	9.329034e-07
1.402397e+03	9.493237e-07
1.407441e+03	9.660135e-07
1.412486e+03	9.829768e-07
1.417530e+03	1.000218e-06
1.422575e+03	1.017741e-06
1.427619e+03	1.035550e-06
1.432664e+03	1.053650e-06
1.437709e+03	1.072044e-06
1.442753e+03	1.090737e-06
1.447798e+03	1.109734e-06
1.452842e+03	1.129039e-06
1.457887e+03	1.148657e-06
1.462932e+03	1.168592e-06
1.467976e+03	1.188849e-06
1.473021e+03	1.209433e-06
1.478065e+03	1.230348e-06
1.483110e+03	1.251600e-06
1.488155e+03	1.273193e-06
1.493199e+03	1.295133e-06
1.498244e+03	1.317425e-06
1.503288e+03	1.340072e-06
1.508333e+03	1.363082e-06
1.513378e+03	1.386459e-06
1.518422e+03	1.410209e-06
1.523467e+03	1.434336e-06
1.528511e+03	1.458847e-06
1.533556e+03	1.483746e-06
1.538600e+03	1.509040e-06
1.543645e+03	1.534735e-06
1.548690e+03	1.560835e-06
1.553734e+03	1.587348e-06
1.558779e+03	1.614278e-06
1.563823e+03	1.641632e-06
1.568868e+03	1.669416e-06
1.573913e+03	1.697636e-06
1.578957e+03	1.726298e-06
1.584002e+03	1.755408e-06
1.589046e+03	1.784974e-06
1.594091e+03	1.815001e-06
1.599136e+03	1.845496e-06
1.604180e+03	1.876465e-06
1.609225e+03	1.907916e-06
1.614269e+03	1.939854e-06
1.619314e+03	1.972288e-06
1.624359e+03	2.005223e-06
1.629403e+03	2.038667e-06
1.634448e+03	2.072628e-06
1.639492e+03	2.107111e-06
1.644537e+03	2.142125e-06
1.649582e+03	2.177677e-06
1.654626e+03	2.213775e-06
1.659671e+03	2.250425e-06
1.664715e+03	2.287636e-06
1.669760e+03	2.325415e-06
1.674804e+03	2.363771e-06
1.679849e+03	2.402711e-06
1.684894e+03	2.442243e-06
1.689938e+03	2.482376e-06
1.694983e+03	2.523117e-06
1.700027e+03	2.564475e-06
1.705072e+03	2.606459e-06
1.710117e+03	2.649076e-06
1.715161e+03	2.692336e-06
1.720206e+03	2.736248e-06
1.725250e+03	2.780819e-06
1.730295e+03	2.826060e-06
1.735340e+03	2.871978e-06
1.740384e+03	2.918584e-06
1.745429e+03	2.965887e-06
1.750473e+03	3.013895e-06
1.755518e+03	3.062619e-06
1.760563e+03	3.112067e-06
1.765607e+03	3.162251e-06
1.770652e+03	3.213178e-06
1.775696e+03	3.264860e-06
1.780741e+03	3.317307e-06
1.785785e+03	3.370528e-06
1.790830e+03	3.424534e-06
1.795875e+03	3.479335e-06
1.800919e+03	3.534942e-06
1.805964e+03	3.591365e-06
1.811008e+03	3.648615e-06
1.816053e+03	3.706703e-06
1.821098e+03	3.765640e-06
1.826142e+03	3.825437e-06
1.831187e+03	3.886105e-06
1.836231e+03	3.947656e-06
1.841276e+03	4.010101e-06
1.846321e+03	4.073451e-06
1.851365e+03	4.137719e-06
1.856410e+03	4.202916e-06
1.861454e+03	4.269054e-06
1.866499e+03	4.336146e-06
1.871544e+03	4.404203e-06
1.876588e+03	4.473238e-06
1.881633e+03	4.543264e-06
1.886677e+03	4.614293e-06
1.891722e+03	4.686338e-06
1.896767e+03	4.759412e-06
1.901811e+03	4.833528e-06
1.906856e+03	4.908699e-06
1.911900e+03	4.984939e-06
1.916945e+03	5.062261e-06
1.921989e+03	5.140678e-06
1.927034e+03	5.220205e-06
1.932079e+03	5.300856e-06
1.937123e+03	5.382644e-06
1.942168e+03	5.465583e-06
1.947212e+03	5.549689e-06
1.952257e+03	5.634976e-06
1.957302e+03	5.721458e-06
1.962346e+03	5.809150e-06
1.967391e+03	5.898067e-06
1.972435e+03	5.988224e-06
1.977480e+03	6.079637e-06
1.982525e+03	6.172322e-06
1.987569e+03	6.266292e-06
1.992614e+03	6.361565e-06
1.997658e+03	6.458157e-06
2.002703e+03	6.556083e-06
2.007748e+03	6.655360e-06
2.012792e+03	6.756004e-06
2.017837e+03	6.858031e-06
2.022881e+03	6.961459e-06
2.027926e+03	7.066304e-06
2.032970e+03	7.172584e-06
2.038015e+03	7.280316e-06
2.043060e+03	7.389517e-06
2.048104e+03	7.500204e-06
2.053149e+03	7.612396e-06
2.058193e+03	7.726111e-06
2.063238e+03	7.841366e-06
2.068283e+03	7.958180e-06
2.073327e+03	8.076571e-06
2.078372e+03	8.196559e-06
2.083416e+03	8.318161e-06
2.088461e+03	8.441398e-06
2.093506e+03	8.566287e-06
2.098550e+03	8.692849e-06
2.103595e+03	8.821103e-06
2.108639e+03	8.951069e-06
2.113684e+03	9.082766e-06
2.118729e+03	9.216216e-06
2.123773e+03	9.351437e-06
2.128818e+03	9.488452e-06
2.133862e+03	9.627279e-06
2.138907e+03	9.767941e-06
2.143952e+03	9.910459e-06
2.148996e+03	1.005485e-05
2.154041e+03	1.020115e-05
2.159085e+03	1.034936e-05
2.164130e+03	1.049951e-05
2.169174e+03	1.065163e-05
2.174219e+03	1.080573e-05
2.179264e+03	1.096185e-05
2.184308e+03	1.111999e-05
2.189353e+03	1.128019e-05
2.194397e+03	1.144246e-05
2.199442e+03	1.160684e-05
2.204487e+03	1.177334e-05
2.209531e+03	1.194198e-05
2.214576e+03	1.211280e-05
2.219620e+03	1.228582e-05
2.224665e+03	1.246105e-05
2.229710e+03	1.263853e-05
2.234754e+03	1.281828e-05
2.239799e+03	1.300032e-05
2.244843e+03	1.318468e-05
2.249888e+03	1.337139e-05
2.254933e+03	1.356047e-05
2.259977e+03	1.375194e-05
2.265022e+03	1.394584e-05
2.270066e+03	1.414219e-05
2.275111e+03	1.434101e-05
2.280155e+03	1.454233e-05
2.285200e+03	1.474618e-05
2.290245e+03	1.495259e-05
2.295289e+03	1.516158e-05
2.300334e+03	1.537319e-05
2.305378e+03	1.558743e-05
2.310423e+03	1.580434e-05
2.315468e+03	1.602394e-05
2.320512e+03	1.624627e-05
2.325557e+03	1.647135e-05
2.330601e+03	1.669921e-05
2.335646e+03	1.692989e-05
2.340691e+03	1.716340e-05
2.345735e+03	1.739979e-05
2.350780e+03	1.763907e-05
2.355824e+03	1.788129e-05
2.360869e+03	1.812646e-05
2.365914e+03	1.837463e-05
2.370958e+03	1.862582e-05
2.376003e+03	1.888006e-05
2.381047e+03	1.913739e-05
2.386092e+03	1.939783e-05
2.391137e+03	1.966142e-05
2.396181e+03	1.992819e-05
2.401226e+03	2.019817e-05
2.406270e+03	2.047140e-05
2.411315e+03	2.074791e-05
2.416359e+03	2.102773e-05
2.421404e+03	2.131089e-05
2.426449e+03	2.159743e-05
2.431493e+03	2.188738e-05
2.436538e+03	2.218077e-05
2.441582e+03	2.247765e-05
2.446627e+03	2.277804e-05
2.451672e+03	2.308198e-05
2.456716e+03	2.338950e-05
2.461761e+03	2.370065e-05
2.466805e+03	2.401545e-05
2.471850e+03	2.433393e-05
2.476895e+03	2.465615e-05
2.481939e+03	2.498213e-05
2.486984e+03	2.531191e-05
2.492028e+03	2.564552e-05
2.497073e+03	2.598301e-05
2.502118e+03	2.632441e-05
2.507162e+03	2.666975e-05
2.512207e+03	2.701908e-05
2.517251e+03	2.737244e-05
2.522296e+03	2.772986e-05
2.527340e+03	2.809138e-05
2.532385e+03	2.845704e-05
2.537430e+03	2.882687e-05
2.542474e+03	2.920093e-05
2.547519e+03	2.957924e-05
2.552563e+03	2.996185e-05
2.557608e+03	3.034880e-05
2.562653e+03	3.074012e-05
2.567697e+03	3.113587e-05
2.572742e+03	3.153607e-05
2.577786e+03	3.194077e-05
2.582831e+03	3.235001e-05
2.587876e+03	3.276384e-05
2.592920e+03	3.318229e-05
2.597965e+03	3.360541e-05
2.603009e+03	3.403324e-05
2.608054e+03	3.446582e-05
2.613099e+03	3.490319e-05
2.618143e+03	3.534540e-05
2.623188e+03	3.579250e-05
2.628232e+03	3.624452e-05
2.633277e+03	3.670150e-05
2.638322e+03	3.716350e-05
2.643366e+03	3.763056e-05
2.648411e+03	3.810272e-05
2.653455e+03	3.858002e-05
2.658500e+03	3.906252e-05
2.663544e+03	3.955025e-05
2.668589e+03	4.004327e-05
2.673634e+03	4.054161e-05
2.678678e+03	4.104533e-05
2.683723e+03	4.155447e-05
2.688767e+03	4.206908e-05
2.693812e+03	4.258920e-05
2.698857e+03	4.311488e-05
2.703901e+03	4.364618e-05
2.708946e+03	4.418312e-05
2.713990e+03	4.472578e-05
2.719035e+03	4.527418e-05
2.724080e+03	4.582839e-05
2.729124e+03	4.638844e-05
2.734169e+03	4.695439e-05
2.739213e+03	4.752629e-05
2.744258e+03	4.810419e-05
2.749303e+03	4.868813e-05
2.754347e+03	4.927816e-05
2.759392e+03	4.987434e-05
2.764436e+03	5.047672e-05
2.769481e+03	5.108534e-05
2.774525e+03	5.170026e-05
2.779570e+03	5.232152e-05
2.784615e+03	5.294918e-05
2.789659e+03	5.358330e-05
2.794704e+03	5.422391e-05
2.799748e+03	5.487108e-05
2.804793e+03	5.552485e-05
2.809838e+03	5.618527e-05
2.814882e+03	5.685241e-05
2.819927e+03	5.752631e-05
2.824971e+03	5.820702e-05
2.830016e+03	5.889460e-05
2.835061e+03	5.958911e-05
2.840105e+03	6.029058e-05
2.845150e+03	6.099909e-05
2.850194e+03	6.171467e-05
2.855239e+03	6.243740e-05
2.860284e+03	6.316731e-05
2.865328e+03	6.390447e-05
2.870373e+03	6.464892e-05
2.875417e+03	6.540073e-05
2.880462e+03	6.615995e-05
2.885507e+03	6.692664e-05
2.890551e+03	6.770084e-05
2.895596e+03	6.848262e-05
2.900640e+03	6.927204e-05
2.905685e+03	7.006914e-05
2.910729e+03	7.087398e-05
2.915774e+03	7.168662e-05
2.920819e+03	7.250712e-05
2.925863e+03	7.333553e-05
2.930908e+03	7.417191e-05
2.935952e+03	7.501632e-05
2.940997e+03	7.586881e-05
2.946042e+03	7.672944e-05
2.951086e+03	7.759827e-05
2.956131e+03	7.847536e-05
2.961175e+03	7.936076e-05
2.966220e+03	8.025453e-05
2.971265e+03	8.115673e-05
2.976309e+03	8.206742e-05
2.981354e+03	8.298666e-05
2.986398e+03	8.391450e-05
2.991443e+03	8.485100e-05
2.996488e+03	8.579623e-05
3.001532e+03	8.675024e-05
3.006577e+03	8.771308e-05
3.011621e+03	8.868483e-05
3.016666e+03	8.966554e-05
3.021710e+03	9.065526e-05
3.026755e+03	9.165406e-05
3.031800e+03	9.266199e-05
3.036844e+03	9.367913e-05
3.041889e+03	9.470551e-05
3.046933e+03	9.574122e-05
3.051978e+03	9.678630e-05
3.057023e+03	9.784081e-05
3.062067e+03	9.890482e-05
3.067112e+03	9.997838e-05
3.072156e+03	1.010616e-04
3.077201e+03	1.021544e-04
3.082246e+03	1.032570e-04
3.087290e+03	1.043694e-04
3.092335e+03	1.054917e-04
3.097379e+03	1.066238e-04
3.102424e+03	1.077660e-04
3.107469e+03	1.089181e-04
3.112513e+03	1.100804e-04
3.117558e+03	1.112529e-04
3.122602e+03	1.124355e-04
3.127647e+03	1.136285e-04
3.132691e+03	1.148318e-04
3.137736e+03	1.160455e-04
3.142781e+03	1.172696e-04
3.147825e+03	1.185043e-04
3.152870e+03	1.197496e-04
3.157914e+03	1.210055e-04
3.162959e+03	1.222721e-04
3.168004e+03	1.235495e-04
3.173048e+03	1.248377e-04
3.178093e+03	1.261368e-04
3.183137e+03	1.274469e-04
3.188182e+03	1.287679e-04
3.193227e+03	1.301000e-04
3.198271e+03	1.314433e-04
3.203316e+03	1.327978e-04
3.208360e+03	1.341635e-04
3.213405e+03	1.355405e-04
3.218450e+03	1.369289e-04
3.223494e+03	1.383287e-04
3.228539e+03	1.397401e-04
3.233583e+03	1.411629e-04
3.238628e+03	1.425974e-04
3.243673e+03	1.440436e-04
3.248717e+03	1.455015e-04
3.253762e+03	1.469712e-04
3.258806e+03	1.484527e-04
3.263851e+03	1.499462e-04
3.268895e+03	1.514516e-04
3.273940e+03	1.529691e-04
3.278985e+03	1.544986e-04
3.284029e+03	1.560403e-04
3.289074e+03	1.575942e-04
3.294118e+03	1.591604e-04
3.299163e+03	1.607389e-04
3.304208e+03	1.623298e-04
3.309252e+03	1.639331e-04
3.314297e+03	1.655489e-04
3.319341e+03	1.671773e-04
3.324386e+03	1.688183e-04
3.329431e+03	1.704719e-04
3.334475e+03	1.721383e-04
3.339520e+03	1.738175e-04
3.344564e+03	1.755095e-04
3.349609e+03	1.772144e-04
3.354654e+03	1.789323e-04
3.359698e+03	1.806632e-04
3.364743e+03	1.824071e-04
3.369787e+03	1.841642e-04
3.374832e+03	1.859344e-04
3.379876e+03	1.877179e-04
3.384921e+03	1.895147e-04
3.389966e+03	1.913248e-04
3.395010e+03	1.931483e-04
3.400055e+03	1.949852e-04
3.405099e+03	1.968357e-04
3.410144e+03	1.986997e-04
3.415189e+03	2.005773e-04
3.420233e+03	2.024686e-04
3.425278e+03	2.043736e-04
3.430322e+03	2.062924e-04
3.435367e+03	2.082249e-04
3.440412e+03	2.101714e-04
3.445456e+03	2.121317e-04
3.450501e+03	2.141061e-04
3.455545e+03	2.160944e-04
3.460590e+03	2.180968e-04
3.465635e+03	2.201134e-04
3.470679e+03	2.221441e-04
3.475724e+03	2.241890e-04
3.480768e+03	2.262482e-04
3.485813e+03	2.283217e-04
3.490858e+03	2.304095e-04
3.495902e+03	2.325118e-04
3.500947e+03	2.346285e-04
3.505991e+03	2.367597e-04
3.511036e+03	2.389054e-04
3.516080e+03	2.410658e-04
3.521125e+03	2.432407e-04
3.526170e+03	2.454304e-04
3.531214e+03	2.476347e-04
3.536259e+03	2.498539e-04
3.541303e+03	2.520878e-04
3.546348e+03	2.543366e-04
3.551393e+03	2.566002e-04
3.556437e+03	2.588788e-04
3.561482e+03	2.611724e-04
3.566526e+03	2.634810e-04
3.571571e+03	2.658046e-04
3.576616e+03	2.681433e-04
3.581660e+03	2.704971e-04
3.586705e+03	2.728661e-04
3.591749e+03	2.752503e-04
3.596794e+03	2.776497e-04
3.601839e+03	2.800644e-04
3.606883e+03	2.824944e-04
3.611928e+03	2.849398e-04
3.616972e+03	2.874005e-04
3.622017e+03	2.898766e-04
3.627061e+03	2.923682e-04
3.632106e+03	2.948752e-04
3.637151e+03	2.973977e-04
3.642195e+03	2.999358e-04
3.647240e+03	3.024894e-04
3.652284e+03	3.050587e-04
3.657329e+03	3.076435e-04
3.662374e+03	3.102440e-04
3.667418e+03	3.128602e-04
3.672463e+03	3.154920e-04
3.677507e+03	3.181396e-04
3.682552e+03	3.208030e-04
3.687597e+03	3.234821e-04
3.692641e+03	3.261770e-04
3.697686e+03	3.288878e-04
3.702730e+03	3.316144e-04
3.707775e+03	3.343568e-04
3.712820e+03	3.371152e-04
3.717864e+03	3.398894e-04
3.722909e+03	3.426796e-04
3.727953e+03	3.454857e-04
3.732998e+03	3.483078e-04
3.738043e+03	3.511458e-04
3.743087e+03	3.539998e-04
3.748132e+03	3.568699e-04
3.753176e+03	3.597559e-04
3.758221e+03	3.626580e-04
3.763265e+03	3.655761e-04
3.768310e+03	3.685103e-04
3.773355e+03	3.714605e-04
3.778399e+03	3.744268e-04
3.783444e+03	3.774092e-04
3.788488e+03	3.804076e-04
3.793533e+03	3.834222e-04
3.798578e+03	3.864529e-04
3.803622e+03	3.894996e-04
3.808667e+03	3.925625e-04
3.813711e+03	3.956415e-04
3.818756e+03	3.987366e-04
3.823801e+03	4.018478e-04
3.828845e+03	4.049751e-04
3.833890e+03	4.081185e-04
3.838934e+03	4.112780e-04
3.843979e+03	4.144537e-04
3.849024e+03	4.176454e-04
3.854068e+03	4.208533e-04
3.859113e+03	4.240772e-04
3.864157e+03	4.273172e-04
3.869202e+03	4.305733e-04
3.874246e+03	4.338455e-04
3.879291e+03	4.371337e-04
3.884336e+03	4.404379e-04
3.889380e+03	4.437582e-04
3.894425e+03	4.470945e-04
3.899469e+03	4.504468e-04
3.904514e+03	4.538151e-04
3.909559e+03	4.571994e-04
3.914603e+03	4.605996e-04
3.919648e+03	4.640157e-04
3.924692e+03	4.674478e-04
3.929737e+03	4.708957e-04
3.934782e+03	4.743596e-04
3.939826e+03	4.778392e-04
3.944871e+03	4.813347e-04
3.949915e+03	4.848460e-04
3.954960e+03	4.883731e-04
3.960005e+03	4.919159e-04
3.965049e+03	4.954744e-04
3.970094e+03	4.990486e-04
3.975138e+03	5.026385e-04
3.980183e+03	5.062439e-04
3.985228e+03	5.098650e-04
3.990272e+03	5.135016e-04
3.995317e+03	5.171537e-04
4.000361e+03	5.208213e-04
4.005406e+03	5.245043e-04
4.010450e+03	5.282028e-04
4.015495e+03	5.319165e-04
4.020540e+03	5.356456e-04
4.025584e+03	5.393900e-04
4.030629e+03	5.431496e-04
4.035673e+03	5.469244e-04
4.040718e+03	5.507143e-04
4.045763e+03	5.545193e-04
4.050807e+03	5.583393e-04
4.055852e+03	5.621743e-04
4.060896e+03	5.660242e-04
4.065941e+03	5.698890e-04
4.070986e+03	5.737687e-04
4.076030e+03	5.776631e-04
4.081075e+03	5.815722e-04
4.086119e+03	5.854960e-04
4.091164e+03	5.894343e-04
4.096209e+03	5.933872e-04
4.101253e+03	5.973546e-04
4.106298e+03	6.013363e-04
4.111342e+03	6.053324e-04
4.116387e+03	6.093428e-04
4.121431e+03	6.133674e-04
4.126476e+03	6.174061e-04
4.131521e+03	6.214589e-04
4.136565e+03	6.255256e-04
4.141610e+03	6.296063e-04
4.146654e+03	6.337009e-04
4.151699e+03	6.378092e-04
4.156744e+03	6.419312e-04
4.161788e+03	6.460668e-04
4.166833e+03	6.502159e-04
4.171877e+03	6.543786e-04
4.176922e+03	6.585545e-04
4.181967e+03	6.627438e-04
4.187011e+03	6.669463e-04
4.192056e+03	6.711619e-04
4.197100e+03	6.753905e-04
4.202145e+03	6.796321e-04
4.207190e+03	6.838865e-04
4.212234e+03	6.881537e-04
4.217279e+03	6.924336e-04
4.222323e+03	6.967260e-04
4.227368e+03	7.010309e-04
4.232413e+03	7.053482e-04
4.237457e+03	7.096777e-04
4.242502e+03	7.140195e-04
4.247546e+03	7.183733e-04
4.252591e+03	7.227391e-04
4.257635e+03	7.271168e-04
4.262680e+03	7.315063e-04
4.267725e+03	7.359074e-04
4.272769e+03	7.403201e-04
4.277814e+03	7.447442e-04
4.282858e+03	7.491796e-04
4.287903e+03	7.536263e-04
4.292948e+03	7.580841e-04
4.297992e+03	7.625529e-04
4.303037e+03	7.670326e-04
4.308081e+03	7.715230e-04
4.313126e+03	7.760241e-04
4.318171e+03	7.805357e-04
4.323215e+03	7.850577e-04
4.328260e+03	7.895900e-04
4.333304e+03	7.941324e-04
4.338349e+03	7.986849e-04
4.343394e+03	8.032473e-04
4.348438e+03	8.078195e-04
4.353483e+03	8.124013e-04
4.358527e+03	8.169926e-04
4.363572e+03	8.215933e-04
4.368616e+03	8.262033e-04
4.373661e+03	8.308224e-04
4.378706e+03	8.354505e-04
4.383750e+03	8.400874e-04
4.388795e+03	8.447330e-04
4.393839e+03	8.493872e-04
4.398884e+03	8.540499e-04
4.403929e+03	8.587208e-04
4.408973e+03	8.633998e-04
4.414018e+03	8.680869e-04
4.419062e+03	8.727818e-04
4.424107e+03	8.774844e-04
4.429152e+03	8.821945e-04
4.434196e+03	8.869121e-04
4.439241e+03	8.916369e-04
4.444285e+03	8.963688e-04
4.449330e+03	9.011077e-04
4.454375e+03	9.058533e-04
4.459419e+03	9.106056e-04
4.464464e+03	9.153644e-04
4.469508e+03	9.201295e-04
4.474553e+03	9.249007e-04
4.479598e+03	9.296780e-04
4.484642e+03	9.344611e-04
4.489687e+03	9.392499e-04
4.494731e+03	9.440441e-04
4.499776e+03	9.488438e-04
4.504820e+03	9.536486e-04
4.509865e+03	9.584584e-04
4.514910e+03	9.632730e-04
4.519954e+03	9.680923e-04
4.524999e+03	9.729162e-04
4.530043e+03	9.777443e-04
4.535088e+03	9.825766e-04
4.540133e+03	9.874129e-04
4.545177e+03	9.922530e-04
4.550222e+03	9.970967e-04
4.555266e+03	1.001944e-03
4.560311e+03	1.006794e-03
4.565356e+03	1.011648e-03
4.570400e+03	1.016504e-03
4.575445e+03	1.021363e-03
4.580489e+03	1.026225e-03
4.585534e+03	1.031089e-03
4.590579e+03	1.035955e-03
4.595623e+03	1.040824e-03
4.600668e+03	1.045694e-03
4.605712e+03	1.050565e-03
4.610757e+03	1.055438e-03
4.615801e+03	1.060312e-03
4.620846e+03	1.065188e-03
4.625891e+03	1.070064e-03
4.630935e+03	1.074941e-03
4.635980e+03	1.079818e-03
4.641024e+03	1.084695e-03
4.646069e+03	1.089573e-03
4.651114e+03	1.094450e-03
4.656158e+03	1.099328e-03
4.661203e+03	1.104204e-03
4.666247e+03	1.109080e-03
4.671292e+03	1.113955e-03
4.676337e+03	1.118829e-03
4.681381e+03	1.123701e-03
4.686426e+03	1.128572e-03
4.691470e+03	1.133442e-03
4.696515e+03	1.138309e-03
4.701560e+03	1.143174e-03
4.706604e+03	1.148037e-03
4.711649e+03	1.152897e-03
4.716693e+03	1.157755e-03
4.721738e+03	1.162609e-03
4.726783e+03	1.167461e-03
4.731827e+03	1.172308e-03
4.736872e+03	1.177153e-03
4.741916e+03	1.181993e-03
4.746961e+03	1.186830e-03
4.752005e+03	1.191662e-03
4.757050e+03	1.196490e-03
4.762095e+03	1.201313e-03
4.767139e+03	1.206132e-03
4.772184e+03	1.210945e-03
4.777228e+03	1.215753e-03
4.782273e+03	1.220555e-03
4.787318e+03	1.225352e-03
4.792362e+03	1.230143e-03
4.797407e+03	1.234927e-03
4.802451e+03	1.239706e-03
4.807496e+03	1.244477e-03
4.812541e+03	1.249242e-03
4.817585e+03	1.254000e-03
4.822630e+03	1.258750e-03
4.827674e+03	1.263493e-03
4.832719e+03	1.268229e-03
4.837764e+03	1.272956e-03
4.842808e+03	1.277675e-03
4.847853e+03	1.282386e-03
4.852897e+03	1.287089e-03
4.857942e+03	1.291782e-03
4.862986e+03	1.296467e-03
4.868031e+03	1.301142e-03
4.873076e+03	1.305808e-03
4.878120e+03	1.310464e-03
4.883165e+03	1.315110e-03
4.888209e+03	1.319747e-03
4.893254e+03	1.324372e-03
4.898299e+03	1.328988e-03
4.903343e+03	1.333592e-03
4.908388e+03	1.338185e-03
4.913432e+03	1.342767e-03
4.918477e+03	1.347338e-03
4.923522e+03	1.351897e-03
4.928566e+03	1.356444e-03
4.933611e+03	1.360979e-03
4.938655e+03	1.365502e-03
4.943700e+03	1.370012e-03
4.948745e+03	1.374509e-03
4.953789e+03	1.378993e-03
4.958834e+03	1.383464e-03
4.963878e+03	1.387921e-03
4.968923e+03	1.392365e-03
4.973967e+03	1.396794e-03
4.979012e+03	1.401210e-03
4.984057e+03	1.405611e-03
4.989101e+03	1.409998e-03
4.994146e+03	1.414370e-03
4.999190e+03	1.418726e-03
5.004235e+03	1.423068e-03
5.009280e+03	1.427394e-03
5.014324e+03	1.431704e-03
5.019369e+03	1.435998e-03
5.024413e+03	1.440277e-03
5.029458e+03	1.444538e-03
5.034503e+03	1.448784e-03
5.039547e+03	1.453012e-03
5.044592e+03	1.457223e-03
5.049636e+03	1.461418e-03
5.054681e+03	1.465594e-03
5.059726e+03	1.469753e-03
5.064770e+03	1.473894e-03
5.069815e+03	1.478017e-03
5.074859e+03	1.482122e-03
5.079904e+03	1.486208e-03
5.084949e+03	1.490275e-03
5.089993e+03	1.494323e-03
5.095038e+03	1.498352e-03
5.100082e+03	1.502362e-03
5.105127e+03	1.506352e-03
5.110171e+03	1.510322e-03
5.115216e+03	1.514272e-03
5.120261e+03	1.518202e-03
5.125305e+03	1.522111e-03
5.130350e+03	1.526000e-03
5.135394e+03	1.529868e-03
5.140439e+03	1.533714e-03
5.145484e+03	1.537540e-03
5.150528e+03	1.541343e-03
5.155573e+03	1.545125e-03
5.160617e+03	1.548886e-03
5.165662e+03	1.552624e-03
5.170707e+03	1.556339e-03
5.175751e+03	1.560032e-03
5.180796e+03	1.563702e-03
5.185840e+03	1.567350e-03
5.190885e+03	1.570974e-03
5.195930e+03	1.574575e-03
5.200974e+03	1.578152e-03
5.206019e+03	1.581705e-03
5.211063e+03	1.585235e-03
5.216108e+03	1.588740e-03
5.221152e+03	1.592221e-03
5.226197e+03	1.595678e-03
5.231242e+03	1.599110e-03
5.236286e+03	1.602516e-03
5.241331e+03	1.605898e-03
5.246375e+03	1.609255e-03
5.251420e+03	1.612585e-03
5.256465e+03	1.615891e-03
5.261509e+03	1.619170e-03
5.266554e+03	1.622423e-03
5.271598e+03	1.625651e-03
5.276643e+03	1.628851e-03
5.281688e+03	1.632025e-03
5.286732e+03	1.635173e-03
5.291777e+03	1.638293e-03
5.296821e+03	1.641386e-03
5.301866e+03	1.644452e-03
5.306911e+03	1.647491e-03
5.311955e+03	1.650501e-03
5.317000e+03	1.653484e-03
5.322044e+03	1.656439e-03
5.327089e+03	1.659366e-03
5.332134e+03	1.662264e-03
5.337178e+03	1.665134e-03
5.342223e+03	1.667976e-03
5.347267e+03	1.670788e-03
5.352312e+03	1.673572e-03
5.357356e+03	1.676326e-03
5.362401e+03	1.679051e-03
5.367446e+03	1.681746e-03
5.372490e+03	1.684412e-03
5.377535e+03	1.687048e-03
5.382579e+03	1.689654e-03
5.387624e+03	1.692231e-03
5.392669e+03	1.694776e-03
5.397713e+03	1.697292e-03
5.402758e+03	1.699777e-03
5.407802e+03	1.702231e-03
5.412847e+03	1.704655e-03
5.417892e+03	1.707047e-03
5.422936e+03	1.709408e-03
5.427981e+03	1.711738e-03
5.433025e+03	1.714037e-03
5.438070e+03	1.716305e-03
5.443115e+03	1.718540e-03
5.448159e+03	1.720744e-03
5.453204e+03	1.722916e-03
5.458248e+03	1.725056e-03
5.463293e+03	1.727164e-03
5.468337e+03	1.729239e-03
5.473382e+03	1.731282e-03
5.478427e+03	1.733293e-03
5.483471e+03	1.735270e-03
5.488516e+03	1.737216e-03
5.493560e+03	1.739128e-03
5.498605e+03	1.741007e-03
5.503650e+03	1.742853e-03
5.508694e+03	1.744666e-03
5.513739e+03	1.746446e-03
5.518783e+03	1.748192e-03
5.523828e+03	1.749905e-03
5.528873e+03	1.751584e-03
5.533917e+03	1.753229e-03
5.538962e+03	1.754840e-03
5.544006e+03	1.756418e-03
5.549051e+03	1.757961e-03
5.554096e+03	1.759471e-03
5.559140e+03	1.760946e-03
5.564185e+03	1.762387e-03
5.569229e+03	1.763794e-03
5.574274e+03	1.765166e-03
5.579319e+03	1.766503e-03
5.584363e+03	1.767806e-03
5.589408e+03	1.769074e-03
5.594452e+03	1.770308e-03
5.599497e+03	1.771506e-03
5.604541e+03	1.772670e-03
5.609586e+03	1.773799e-03
5.614631e+03	1.774892e-03
5.619675e+03	1.775951e-03
5.624720e+03	1.776974e-03
5.629764e+03	1.777962e-03
5.634809e+03	1.778915e-03
5.639854e+03	1.779833e-03
5.644898e+03	1.780714e-03
5.649943e+03	1.781561e-03
5.654987e+03	1.782372e-03
5.660032e+03	1.783147e-03
5.665077e+03	1.783887e-03
5.670121e+03	1.784591e-03
5.675166e+03	1.785260e-03
5.680210e+03	1.785892e-03
5.685255e+03	1.786489e-03
5.690300e+03	1.787050e-03
5.695344e+03	1.787575e-03
5.700389e+03	1.788065e-03
5.705433e+03	1.788518e-03
5.710478e+03	1.788935e-03
5.715522e+03	1.789317e-03
5.720567e+03	1.789662e-03
5.725612e+03	1.789972e-03
5.730656e+03	1.790245e-03
5.735701e+03	1.790482e-03
5.740745e+03	1.790684e-03
5.745790e+03	1.790849e-03
5.750835e+03	1.790978e-03
5.755879e+03	1.791071e-03
5.760924e+03	1.791128e-03
5.765968e+03	1.791149e-03
5.771013e+03	1.791134e-03
5.776058e+03	1.791082e-03
5.781102e+03	1.790995e-03
5.786147e+03	1.790871e-03
5.791191e+03	1.790711e-03
5.796236e+03	1.790516e-03
5.801281e+03	1.790284e-03
5.806325e+03	1.790016e-03
5.811370e+03	1.789712e-03
5.816414e+03	1.789372e-03
5.821459e+03	1.788996e-03
5.826504e+03	1.788584e-03
5.831548e+03	1.788136e-03
5.836593e+03	1.787653e-03
5.841637e+03	1.787133e-03
5.846682e+03	1.786577e-03
5.851726e+03	1.785986e-03
5.856771e+03	1.785359e-03
5.861816e+03	1.784696e-03
5.866860e+03	1.783997e-03
5.871905e+03	1.783263e-03
5.876949e+03	1.782493e-03
5.881994e+03	1.781688e-03
5.887039e+03	1.780847e-03
5.892083e+03	1.779970e-03
5.897128e+03	1.779058e-03
5.902172e+03	1.778111e-03
5.907217e+03	1.777128e-03
5.912262e+03	1.776110e-03
5.917306e+03	1.775057e-03
5.922351e+03	1.773969e-03
5.927395e+03	1.772845e-03
5.932440e+03	1.771687e-03
5.937485e+03	1.770494e-03
5.942529e+03	1.769266e-03
5.947574e+03	1.768003e-03
5.952618e+03	1.766705e-03
5.957663e+03	1.765373e-03
5.962707e+03	1.764006e-03
5.967752e+03	1.762605e-03
5.972797e+03	1.761169e-03
5.977841e+03	1.759699e-03
5.982886e+03	1.758195e-03
5.987930e+03	1.756657e-03
5.992975e+03	1.755084e-03
5.998020e+03	1.753478e-03
6.003064e+03	1.751838e-03
6.008109e+03	1.750164e-03
6.013153e+03	1.748457e-03
6.018198e+03	1.746716e-03
6.023243e+03	1.744941e-03
6.028287e+03	1.743133e-03
6.033332e+03	1.741292e-03
6.038376e+03	1.739418e-03
6.043421e+03	1.737511e-03
6.048466e+03	1.735571e-03
6.053510e+03	1.733598e-03
6.058555e+03	1.731592e-03
6.063599e+03	1.729554e-03
6.068644e+03	1.727484e-03
6.073689e+03	1.725381e-03
6.078733e+03	1.723246e-03
6.083778e+03	1.721079e-03
6.088822e+03	1.718880e-03
6.093867e+03	1.716649e-03
6.098911e+03	1.714387e-03
6.103956e+03	1.712093e-03
6.109001e+03	1.709768e-03
6.114045e+03	1.707411e-03
6.119090e+03	1.705023e-03
6.124134e+03	1.702605e-03
6.129179e+03	1.700155e-03
6.134224e+03	1.697675e-03
6.139268e+03	1.695164e-03
6.144313e+03	1.692623e-03
6.149357e+03	1.690051e-03
6.154402e+03	1.687450e-03
6.159447e+03	1.684818e-03
6.164491e+03	1.682157e-03
6.169536e+03	1.679466e-03
6.174580e+03	1.676746e-03
6.179625e+03	1.673996e-03
6.184670e+03	1.671217e-03
6.189714e+03	1.668409e-03
6.194759e+03	1.665572e-03
6.199803e+03	1.662706e-03
6.204848e+03	1.659812e-03
6.209892e+03	1.656890e-03
6.214937e+03	1.653939e-03
6.219982e+03	1.650961e-03
6.225026e+03	1.647954e-03
6.230071e+03	1.644920e-03
6.235115e+03	1.641858e-03
6.240160e+03	1.638769e-03
6.245205e+03	1.635653e-03
6.250249e+03	1.632510e-03
6.255294e+03	1.629340e-03
6.260338e+03	1.626143e-03
6.265383e+03	1.622920e-03
6.270428e+03	1.619671e-03
6.275472e+03	1.616395e-03
6.280517e+03	1.613094e-03
6.285561e+03	1.609767e-03
6.290606e+03	1.606414e-03
6.295651e+03	1.603037e-03
6.300695e+03	1.599634e-03
6.305740e+03	1.596206e-03
6.310784e+03	1.592753e-03
6.315829e+03	1.589276e-03
6.320874e+03	1.585774e-03
6.325918e+03	1.582248e-03
6.330963e+03	1.578698e-03
6.336007e+03	1.575125e-03
6.341052e+03	1.571527e-03
6.346096e+03	1.567907e-03
6.351141e+03	1.564263e-03
6.356186e+03	1.560596e-03
6.361230e+03	1.556907e-03
6.366275e+03	1.553195e-03
6.371319e+03	1.549460e-03
6.376364e+03	1.545703e-03
6.381409e+03	1.541925e-03
6.386453e+03	1.538124e-03
6.391498e+03	1.534302e-03
6.396542e+03	1.530459e-03
6.401587e+03	1.526594e-03
6.406632e+03	1.522709e-03
6.411676e+03	1.518803e-03
6.416721e+03	1.514876e-03
6.421765e+03	1.510929e-03
6.426810e+03	1.506962e-03
6.431855e+03	1.502975e-03
6.436899e+03	1.498968e-03
6.441944e+03	1.494942e-03
6.446988e+03	1.490897e-03
6.452033e+03	1.486833e-03
6.457077e+03	1.482750e-03
6.462122e+03	1.478648e-03
6.467167e+03	1.474528e-03
6.472211e+03	1.470389e-03
6.477256e+03	1.466233e-03
6.482300e+03	1.462059e-03
6.487345e+03	1.457868e-03
6.492390e+03	1.453659e-03
6.497434e+03	1.449433e-03
6.502479e+03	1.445190e-03
6.507523e+03	1.440931e-03
6.512568e+03	1.436655e-03
6.517613e+03	1.432364e-03
6.522657e+03	1.428056e-03
6.527702e+03	1.423732e-03
6.532746e+03	1.419393e-03
6.537791e+03	1.415039e-03
6.542836e+03	1.410669e-03
6.547880e+03	1.406285e-03
6.552925e+03	1.401886e-03
6.557969e+03	1.397472e-03
6.563014e+03	1.393045e-03
6.568059e+03	1.388603e-03
6.573103e+03	1.384148e-03
6.578148e+03	1.379679e-03
6.583192e+03	1.375197e-03
6.588237e+03	1.370702e-03
6.593281e+03	1.366194e-03
6.598326e+03	1.361673e-03
6.603371e+03	1.357140e-03
6.608415e+03	1.352595e-03
6.613460e+03	1.348038e-03
6.618504e+03	1.343469e-03
6.623549e+03	1.338889e-03
6.628594e+03	1.334297e-03
6.633638e+03	1.329694e-03
6.638683e+03	1.325081e-03
6.643727e+03	1.320456e-03
6.648772e+03	1.315822e-03
6.653817e+03	1.311177e-03
6.658861e+03	1.306523e-03
6.663906e+03	1.301858e-03
6.668950e+03	1.297184e-03
6.673995e+03	1.292501e-03
6.679040e+03	1.287809e-03
6.684084e+03	1.283108e-03
6.689129e+03	1.278398e-03
6.694173e+03	1.273680e-03
6.699218e+03	1.268954e-03
6.704262e+03	1.264220e-03
6.709307e+03	1.259478e-03
6.714352e+03	1.254729e-03
6.719396e+03	1.249972e-03
6.724441e+03	1.245208e-03
6.729485e+03	1.240438e-03
6.734530e+03	1.235660e-03
6.739575e+03	1.230877e-03
6.744619e+03	1.226087e-03
6.749664e+03	1.221291e-03
6.754708e+03	1.216490e-03
6.759753e+03	1.211682e-03
6.764798e+03	1.206870e-03
6.769842e+03	1.202052e-03
6.774887e+03	1.197230e-03
6.779931e+03	1.192403e-03
6.784976e+03	1.187571e-03
6.790021e+03	1.182735e-03
6.795065e+03	1.177895e-03
6.800110e+03	1.173051e-03
6.805154e+03	1.168204e-03
6.810199e+03	1.163353e-03
6.815243e+03	1.158499e-03
6.820288e+03	1.153642e-03
6.825333e+03	1.148782e-03
6.830377e+03	1.143920e-03
6.835422e+03	1.139055e-03
6.840466e+03	1.134188e-03
6.845511e+03	1.129319e-03
6.850556e+03	1.124448e-03
6.855600e+03	1.119576e-03
6.860645e+03	1.114702e-03
6.865689e+03	1.109828e-03
6.870734e+03	1.104952e-03
6.875779e+03	1.100075e-03
6.880823e+03	1.095198e-03
6.885868e+03	1.090321e-03
6.890912e+03	1.085443e-03
6.895957e+03	1.080566e-03
6.901002e+03	1.075688e-03
6.906046e+03	1.070812e-03
6.911091e+03	1.065935e-03
6.916135e+03	1.061060e-03
6.921180e+03	1.056185e-03
6.926225e+03	1.051312e-03
6.931269e+03	1.046440e-03
6.936314e+03	1.041570e-03
6.941358e+03	1.036702e-03
6.946403e+03	1.031835e-03
6.951447e+03	1.026971e-03
6.956492e+03	1.022109e-03
6.961537e+03	1.017249e-03
6.966581e+03	1.012392e-03
6.971626e+03	1.007538e-03
6.976670e+03	1.002687e-03
6.981715e+03	9.978397e-04
6.986760e+03	9.929954e-04
6.991804e+03	9.881548e-04
6.996849e+03	9.833179e-04
7.001893e+03	9.784850e-04
7.006938e+03	9.736562e-04
7.011983e+03	9.688317e-04
7.017027e+03	9.640116e-04
7.022072e+03	9.591963e-04
7.027116e+03	9.543857e-04
7.032161e+03	9.495801e-04
7.037206e+03	9.447797e-04
7.042250e+03	9.399846e-04
7.047295e+03	9.351950e-04
7.052339e+03	9.304110e-04
7.057384e+03	9.256328e-04
7.062428e+03	9.208606e-04
7.067473e+03	9.160946e-04
7.072518e+03	9.113348e-04
7.077562e+03	9.065815e-04
7.082607e+03	9.018349e-04
7.087651e+03	8.970949e-04
7.092696e+03	8.923620e-04
7.097741e+03	8.876360e-04
7.102785e+03	8.829174e-04
7.107830e+03	8.782061e-04
7.112874e+03	8.735023e-04
7.117919e+03	8.688062e-04
7.122964e+03	8.641179e-04
7.128008e+03	8.594377e-04
7.133053e+03	8.547655e-04
7.138097e+03	8.501016e-04
7.143142e+03	8.454461e-04
7.148187e+03	8.407991e-04
7.153231e+03	8.361609e-04
7.158276e+03	8.315314e-04
7.163320e+03	8.269110e-04
7.168365e+03	8.222996e-04
7.173410e+03	8.176974e-04
7.178454e+03	8.131046e-04
7.183499e+03	8.085214e-04
7.188543e+03	8.039477e-04
7.193588e+03	7.993838e-04
7.198632e+03	7.948298e-04
7.203677e+03	7.902858e-04
7.208722e+03	7.857520e-04
7.213766e+03	7.812284e-04
7.218811e+03	7.767152e-04
7.223855e+03	7.722125e-04
7.228900e+03	7.677204e-04
7.233945e+03	7.632390e-04
7.238989e+03	7.587686e-04
7.244034e+03	7.543091e-04
7.249078e+03	7.498607e-04
7.254123e+03	7.454235e-04
7.259168e+03	7.409976e-04
7.264212e+03	7.365832e-04
7.269257e+03	7.321803e-04
7.274301e+03	7.277891e-04
7.279346e+03	7.234096e-04
7.284391e+03	7.190419e-04
7.289435e+03	7.146863e-04
7.294480e+03	7.103427e-04
7.299524e+03	7.060112e-04
7.304569e+03	7.016920e-04
7.309613e+03	6.973852e-04
7.314658e+03	6.930909e-04
7.319703e+03	6.888091e-04
7.324747e+03	6.845400e-04
7.329792e+03	6.802836e-04
7.334836e+03	6.760400e-04
7.339881e+03	6.718094e-04
7.344926e+03	6.675918e-04
7.349970e+03	6.633873e-04
7.355015e+03	6.591960e-04
7.360059e+03	6.550180e-04
7.365104e+03	6.508533e-04
7.370149e+03	6.467021e-04
7.375193e+03	6.425644e-04
7.380238e+03	6.384403e-04
7.385282e+03	6.343299e-04
7.390327e+03	6.302332e-04
7.395372e+03	6.261504e-04
7.400416e+03	6.220815e-04
7.405461e+03	6.180266e-04
7.410505e+03	6.139857e-04
7.415550e+03	6.099589e-04
7.420595e+03	6.059464e-04
7.425639e+03	6.019481e-04
7.430684e+03	5.979641e-04
7.435728e+03	5.939946e-04
7.440773e+03	5.900395e-04
7.445817e+03	5.860989e-04
7.450862e+03	5.821729e-04
7.455907e+03	5.782615e-04
7.460951e+03	5.743648e-04
7.465996e+03	5.704829e-04
7.471040e+03	5.666158e-04
7.476085e+03	5.627636e-04
7.481130e+03	5.589263e-04
7.486174e+03	5.551040e-04
7.491219e+03	5.512967e-04
7.496263e+03	5.475045e-04
7.501308e+03	5.437274e-04
7.506353e+03	5.399655e-04
7.511397e+03	5.362187e-04
7.516442e+03	5.324873e-04
7.521486e+03	5.287712e-04
7.526531e+03	5.250704e-04
7.531576e+03	5.213850e-04
7.536620e+03	5.177150e-04
7.541665e+03	5.140605e-04
7.546709e+03	5.104216e-04
7.551754e+03	5.067981e-04
7.556798e+03	5.031903e-04
7.561843e+03	4.995980e-04
7.566888e+03	4.960214e-04
7.571932e+03	4.924605e-04
7.576977e+03	4.889153e-04
7.582021e+03	4.853858e-04
7.587066e+03	4.818721e-04
7.592111e+03	4.783742e-04
7.597155e+03	4.748921e-04
7.602200e+03	4.714258e-04
7.607244e+03	4.679754e-04
7.612289e+03	4.645409e-04
7.617334e+03	4.611223e-04
7.622378e+03	4.577197e-04
7.627423e+03	4.543330e-04
7.632467e+03	4.509622e-04
7.637512e+03	4.476075e-04
7.642557e+03	4.442687e-04
7.647601e+03	4.409460e-04
7.652646e+03	4.376392e-04
7.657690e+03	4.343486e-04
7.662735e+03	4.310740e-04
7.667780e+03	4.278154e-04
7.672824e+03	4.245729e-04
7.677869e+03	4.213465e-04
7.682913e+03	4.181362e-04
7.687958e+03	4.149420e-04
7.693002e+03	4.117639e-04
7.698047e+03	4.086019e-04
7.703092e+03	4.054560e-04
7.708136e+03	4.023262e-04
7.713181e+03	3.992125e-04
7.718225e+03	3.961150e-04
7.723270e+03	3.930335e-04
7.728315e+03	3.899682e-04
7.733359e+03	3.869190e-04
7.738404e+03	3.838858e-04
7.743448e+03	3.808688e-04
7.748493e+03	3.778679e-04
7.753538e+03	3.748830e-04
7.758582e+03	3.719142e-04
7.763627e+03	3.689616e-04
7.768671e+03	3.660249e-04
7.773716e+03	3.631043e-04
7.778761e+03	3.601998e-04
7.783805e+03	3.573113e-04
7.788850e+03	3.544388e-04
7.793894e+03	3.515824e-04
7.798939e+03	3.487419e-04
7.803983e+03	3.459174e-04
7.809028e+03	3.431088e-04
7.814073e+03	3.403162e-04
7.819117e+03	3.375395e-04
7.824162e+03	3.347787e-04
7.829206e+03	3.320338e-04
7.834251e+03	3.293048e-04
7.839296e+03	3.265916e-04
7.844340e+03	3.238943e-04
7.849385e+03	3.212127e-04
7.854429e+03	3.185470e-04
7.859474e+03	3.158970e-04
7.864519e+03	3.132627e-04
7.869563e+03	3.106441e-04
7.874608e+03	3.080412e-04
7.879652e+03	3.054540e-04
7.884697e+03	3.028824e-04
7.889742e+03	3.003263e-04
7.894786e+03	2.977859e-04
7.899831e+03	2.952610e-04
7.904875e+03	2.927515e-04
7.909920e+03	2.902576e-04
7.914965e+03	2.877791e-04
7.920009e+03	2.853160e-04
7.925054e+03	2.828684e-04
7.930098e+03	2.804360e-04
7.935143e+03	2.780190e-04
7.940187e+03	2.756172e-04
7.945232e+03	2.732307e-04
7.950277e+03	2.708593e-04
7.955321e+03	2.685032e-04
7.960366e+03	2.661622e-04
7.965410e+03	2.638362e-04
7.970455e+03	2.615254e-04
7.975500e+03	2.592295e-04
7.980544e+03	2.569486e-04
7.985589e+03	2.546827e-04
7.990633e+03	2.524316e-04
7.995678e+03	2.501954e-04
8.000723e+03	2.479740e-04
8.005767e+03	2.457674e-04
8.010812e+03	2.435755e-04
8.015856e+03	2.413983e-04
8.020901e+03	2.392357e-04
8.025946e+03	2.370877e-04
8.030990e+03	2.349543e-04
8.036035e+03	2.328354e-04
8.041079e+03	2.307309e-04
8.046124e+03	2.286408e-04
8.051168e+03	2.265652e-04
8.056213e+03	2.245038e-04
8.061258e+03	2.224567e-04
8.066302e+03	2.204238e-04
8.071347e+03	2.184051e-04
8.076391e+03	2.164005e-04
8.081436e+03	2.144100e-04
8.086481e+03	2.124335e-04
8.091525e+03	2.104710e-04
8.096570e+03	2.085225e-04
8.101614e+03	2.065878e-04
8.106659e+03	2.046669e-04
8.111704e+03	2.027598e-04
8.116748e+03	2.008664e-04
8.121793e+03	1.989867e-04
8.126837e+03	1.971206e-04
8.131882e+03	1.952681e-04
8.136927e+03	1.934291e-04
8.141971e+03	1.916035e-04
8.147016e+03	1.897914e-04
8.152060e+03	1.879926e-04
8.157105e+03	1.862070e-04
8.162150e+03	1.844348e-04
8.167194e+03	1.826757e-04
8.172239e+03	1.809297e-04
8.177283e+03	1.791968e-04
8.182328e+03	1.774770e-04
8.187372e+03	1.757701e-04
8.192417e+03	1.740761e-04
8.197462e+03	1.723950e-04
8.202506e+03	1.707266e-04
8.207551e+03	1.690710e-04
8.212595e+03	1.674281e-04
8.217640e+03	1.657978e-04
8.222685e+03	1.641800e-04
8.227729e+03	1.625748e-04
8.232774e+03	1.609820e-04
8.237818e+03	1.594016e-04
8.242863e+03	1.578336e-04
8.247908e+03	1.562778e-04
8.252952e+03	1.547342e-04
8.257997e+03	1.532028e-04
8.263041e+03	1.516835e-04
8.268086e+03	1.501762e-04
8.273131e+03	1.486810e-04
8.278175e+03	1.471976e-04
8.283220e+03	1.457261e-04
8.288264e+03	1.442664e-04
8.293309e+03	1.428184e-04
8.298353e+03	1.413821e-04
8.303398e+03	1.399575e-04
8.308443e+03	1.385444e-04
8.313487e+03	1.371428e-04
8.318532e+03	1.357526e-04
8.323576e+03	1.343739e-04
8.328621e+03	1.330064e-04
8.333666e+03	1.316503e-04
8.338710e+03	1.303053e-04
8.343755e+03	1.289714e-04
8.348799e+03	1.276487e-04
8.353844e+03	1.263369e-04
8.358889e+03	1.250362e-04
8.363933e+03	1.237463e-04
8.368978e+03	1.224672e-04
8.374022e+03	1.211990e-04
8.379067e+03	1.199414e-04
8.384112e+03	1.186945e-04
8.389156e+03	1.174582e-04
8.394201e+03	1.162325e-04
8.399245e+03	1.150172e-04
8.404290e+03	1.138123e-04
8.409335e+03	1.126178e-04
8.414379e+03	1.114335e-04
8.419424e+03	1.102595e-04
8.424468e+03	1.090957e-04
8.429513e+03	1.079420e-04
8.434557e+03	1.067983e-04
8.439602e+03	1.056646e-04
8.444647e+03	1.045408e-04
8.449691e+03	1.034269e-04
8.454736e+03	1.023228e-04
8.459780e+03	1.012285e-04
8.464825e+03	1.001438e-04
8.469870e+03	9.906880e-05
8.474914e+03	9.800333e-05
8.479959e+03	9.694736e-05
8.485003e+03	9.590084e-05
8.490048e+03	9.486371e-05
8.495093e+03	9.383589e-05
8.500137e+03	9.281735e-05
8.505182e+03	9.180801e-05
8.510226e+03	9.080781e-05
8.515271e+03	8.981670e-05
8.520316e+03	8.883462e-05
8.525360e+03	8.786150e-05
8.530405e+03	8.689729e-05
8.535449e+03	8.594193e-05
8.540494e+03	8.499536e-05
8.545538e+03	8.405752e-05
8.550583e+03	8.312836e-05
8.555628e+03	8.220781e-05
8.560672e+03	8.129581e-05
8.565717e+03	8.039231e-05
8.570761e+03	7.949725e-05
8.575806e+03	7.861057e-05
8.580851e+03	7.773221e-05
8.585895e+03	7.686212e-05
8.590940e+03	7.600023e-05
8.595984e+03	7.514650e-05
8.601029e+03	7.430085e-05
8.606074e+03	7.346325e-05
8.611118e+03	7.263362e-05
8.616163e+03	7.181191e-05
8.621207e+03	7.099807e-05
8.626252e+03	7.019203e-05
8.631297e+03	6.939375e-05
8.636341e+03	6.860316e-05
8.641386e+03	6.782022e-05
8.646430e+03	6.704486e-05
8.651475e+03	6.627702e-05
8.656520e+03	6.551666e-05
8.661564e+03	6.476372e-05
8.666609e+03	6.401813e-05
8.671653e+03	6.327986e-05
8.676698e+03	6.254884e-05
8.681742e+03	6.182502e-05
8.686787e+03	6.110834e-05
8.691832e+03	6.039876e-05
8.696876e+03	5.969621e-05
8.701921e+03	5.900064e-05
8.706965e+03	5.831200e-05
8.712010e+03	5.763024e-05
8.717055e+03	5.695530e-05
8.722099e+03	5.628713e-05
8.727144e+03	5.562567e-05
8.732188e+03	5.497088e-05
8.737233e+03	5.432271e-05
8.742278e+03	5.368109e-05
8.747322e+03	5.304599e-05
8.752367e+03	5.241734e-05
8.757411e+03	5.179510e-05
8.762456e+03	5.117921e-05
8.767501e+03	5.056963e-05
8.772545e+03	4.996630e-05
8.777590e+03	4.936917e-05
8.782634e+03	4.877820e-05
8.787679e+03	4.819333e-05
8.792723e+03	4.761451e-05
8.797768e+03	4.704169e-05
8.802813e+03	4.647483e-05
8.807857e+03	4.591388e-05
8.812902e+03	4.535878e-05
8.817946e+03	4.480949e-05
8.822991e+03	4.426596e-05
8.828036e+03	4.372814e-05
8.833080e+03	4.319598e-05
8.838125e+03	4.266944e-05
8.843169e+03	4.214847e-05
8.848214e+03	4.163302e-05
8.853259e+03	4.112304e-05
8.858303e+03	4.061849e-05
8.863348e+03	4.011933e-05
8.868392e+03	3.962550e-05
8.873437e+03	3.913696e-05
8.878482e+03	3.865366e-05
8.883526e+03	3.817556e-05
8.888571e+03	3.770262e-05
8.893615e+03	3.723478e-05
8.898660e+03	3.677201e-05
8.903704e+03	3.631426e-05
8.908749e+03	3.586148e-05
8.913794e+03	3.541364e-05
8.918838e+03	3.497068e-05
8.923883e+03	3.453257e-05
8.928927e+03	3.409925e-05
8.933972e+03	3.367070e-05
8.939017e+03	3.324686e-05
8.944061e+03	3.282770e-05
8.949106e+03	3.241317e-05
8.954150e+03	3.200322e-05
8.959195e+03	3.159783e-05
8.964240e+03	3.119694e-05
8.969284e+03	3.080051e-05
8.974329e+03	3.040851e-05
8.979373e+03	3.002090e-05
8.984418e+03	2.963763e-05
8.989463e+03	2.925866e-05
8.994507e+03	2.888395e-05
8.999552e+03	2.851347e-05
9.004596e+03	2.814717e-05
9.009641e+03	2.778502e-05
9.014686e+03	2.742698e-05
9.019730e+03	2.707300e-05
9.024775e+03	2.672305e-05
9.029819e+03	2.637710e-05
9.034864e+03	2.603510e-05
9.039908e+03	2.569701e-05
9.044953e+03	2.536281e-05
9.049998e+03	2.503244e-05
9.055042e+03	2.470588e-05
9.060087e+03	2.438309e-05
9.065131e+03	2.406404e-05
9.070176e+03	2.374868e-05
9.075221e+03	2.343697e-05
9.080265e+03	2.312890e-05
9.085310e+03	2.282441e-05
9.090354e+03	2.252348e-05
9.095399e+03	2.222607e-05
9.100444e+03	2.193214e-05
9.105488e+03	2.164166e-05
9.110533e+03	2.135460e-05
9.115577e+03	2.107092e-05
9.120622e+03	2.079060e-05
9.125667e+03	2.051358e-05
9.130711e+03	2.023986e-05
9.135756e+03	1.996938e-05
9.140800e+03	1.970212e-05
9.145845e+03	1.943804e-05
9.150889e+03	1.917712e-05
9.155934e+03	1.891931e-05
9.160979e+03	1.866460e-05
9.166023e+03	1.841294e-05
9.171068e+03	1.816432e-05
9.176112e+03	1.791868e-05
9.181157e+03	1.767602e-05
9.186202e+03	1.743629e-05
9.191246e+03	1.719946e-05
9.196291e+03	1.696551e-05
9.201335e+03	1.673440e-05
9.206380e+03	1.650611e-05
9.211425e+03	1.628060e-05
9.216469e+03	1.605785e-05
9.221514e+03	1.583783e-05
9.226558e+03	1.562051e-05
9.231603e+03	1.540586e-05
9.236648e+03	1.519386e-05
9.241692e+03	1.498447e-05
9.246737e+03	1.477766e-05
9.251781e+03	1.457342e-05
9.256826e+03	1.437171e-05
9.261871e+03	1.417251e-05
9.266915e+03	1.397579e-05
9.271960e+03	1.378152e-05
9.277004e+03	1.358967e-05
9.282049e+03	1.340023e-05
9.287093e+03	1.321316e-05
9.292138e+03	1.302844e-05
9.297183e+03	1.284604e-05
9.302227e+03	1.266594e-05
9.307272e+03	1.248812e-05
9.312316e+03	1.231254e-05
9.317361e+03	1.213919e-05
9.322406e+03	1.196803e-05
9.327450e+03	1.179905e-05
9.332495e+03	1.163223e-05
9.337539e+03	1.146753e-05
9.342584e+03	1.130493e-05
9.347629e+03	1.114442e-05
9.352673e+03	1.098596e-05
9.357718e+03	1.082954e-05
9.362762e+03	1.067513e-05
9.367807e+03	1.052271e-05
9.372852e+03	1.037225e-05
9.377896e+03	1.022374e-05
9.382941e+03	1.007716e-05
9.387985e+03	9.932476e-06
9.393030e+03	9.789672e-06
9.398074e+03	9.648727e-06
9.403119e+03	9.509619e-06
9.408164e+03	9.372328e-06
9.413208e+03	9.236833e-06
9.418253e+03	9.103113e-06
9.423297e+03	8.971148e-06
9.428342e+03	8.840918e-06
9.433387e+03	8.712403e-06
9.438431e+03	8.585583e-06
9.443476e+03	8.460438e-06
9.448520e+03	8.336950e-06
9.453565e+03	8.215098e-06
9.458610e+03	8.094864e-06
9.463654e+03	7.976229e-06
9.468699e+03	7.859175e-06
9.473743e+03	7.743682e-06
9.478788e+03	7.629732e-06
9.483833e+03	7.517308e-06
9.488877e+03	7.406391e-06
9.493922e+03	7.296963e-06
9.498966e+03	7.189008e-06
9.504011e+03	7.082506e-06
9.509056e+03	6.977442e-06
9.514100e+03	6.873798e-06
9.519145e+03	6.771557e-06
9.524189e+03	6.670702e-06
9.529234e+03	6.571217e-06
9.534278e+03	6.473084e-06
9.539323e+03	6.376289e-06
9.544368e+03	6.280815e-06
9.549412e+03	6.186646e-06
9.554457e+03	6.093765e-06
9.559501e+03	6.002158e-06
9.564546e+03	5.911809e-06
9.569591e+03	5.822703e-06
9.574635e+03	5.734824e-06
9.579680e+03	5.648158e-06
9.584724e+03	5.562689e-06
9.589769e+03	5.478403e-06
9.594814e+03	5.395285e-06
9.599858e+03	5.313322e-06
9.604903e+03	5.232498e-06
9.609947e+03	5.152799e-06
9.614992e+03	5.074213e-06
9.620037e+03	4.996724e-06
9.625081e+03	4.920319e-06
9.630126e+03	4.844985e-06
9.635170e+03	4.770708e-06
9.640215e+03	4.697475e-06
9.645259e+03	4.625273e-06
9.650304e+03	4.554089e-06
9.655349e+03	4.483910e-06
9.660393e+03	4.414724e-06
9.665438e+03	4.346518e-06
9.670482e+03	4.279279e-06
9.675527e+03	4.212995e-06
9.680572e+03	4.147654e-06
9.685616e+03	4.083245e-06
9.690661e+03	4.019755e-06
9.695705e+03	3.957172e-06
9.700750e+03	3.895485e-06
9.705795e+03	3.834682e-06
9.710839e+03	3.774752e-06
9.715884e+03	3.715684e-06
9.720928e+03	3.657467e-06
9.725973e+03	3.600089e-06
9.731018e+03	3.543540e-06
9.736062e+03	3.487808e-06
9.741107e+03	3.432884e-06
9.746151e+03	3.378757e-06
9.751196e+03	3.325417e-06
9.756241e+03	3.272852e-06
9.761285e+03	3.221053e-06
9.766330e+03	3.170010e-06
9.771374e+03	3.119714e-06
9.776419e+03	3.070153e-06
9.781463e+03	3.021319e-06
9.786508e+03	2.973201e-06
9.791553e+03	2.925791e-06
9.796597e+03	2.879079e-06
9.801642e+03	2.833056e-06
9.806686e+03	2.787712e-06
9.811731e+03	2.743039e-06
9.816776e+03	2.699027e-06
9.821820e+03	2.655667e-06
9.826865e+03	2.612952e-06
9.831909e+03	2.570872e-06
9.836954e+03	2.529418e-06
9.841999e+03	2.488583e-06
9.847043e+03	2.448357e-06
9.852088e+03	2.408734e-06
9.857132e+03	2.369704e-06
9.862177e+03	2.331259e-06
9.867222e+03	2.293391e-06
9.872266e+03	2.256094e-06
9.877311e+03	2.219358e-06
9.882355e+03	2.183176e-06
9.887400e+03	2.147541e-06
9.892444e+03	2.112445e-06
9.897489e+03	2.077881e-06
9.902534e+03	2.043841e-06
9.907578e+03	2.010318e-06
9.912623e+03	1.977305e-06
9.917667e+03	1.944795e-06
9.922712e+03	1.912781e-06
9.927757e+03	1.881256e-06
9.932801e+03	1.850213e-06
9.937846e+03	1.819646e-06
9.942890e+03	1.789548e-06
9.947935e+03	1.759912e-06
9.952980e+03	1.730732e-06
9.958024e+03	1.702001e-06
9.963069e+03	1.673714e-06
9.968113e+03	1.645864e-06
9.973158e+03	1.618444e-06
9.978203e+03	1.591450e-06
9.983247e+03	1.564873e-06
9.988292e+03	1.538710e-06
9.993336e+03	1.512954e-06
9.998381e+03	1.487599e-06
1.000343e+04	1.462639e-06
1.000847e+04	1.438069e-06
1.001351e+04	1.413883e-06
1.001856e+04	1.390076e-06
1.002360e+04	1.366642e-06
1.002865e+04	1.343577e-06
1.003369e+04	1.320874e-06
1.003874e+04	1.298528e-06
1.004378e+04	1.276535e-06
1.004883e+04	1.254889e-06
1.005387e+04	1.233585e-06
1.005892e+04	1.212618e-06
1.006396e+04	1.191984e-06
1.006901e+04	1.171677e-06
1.007405e+04	1.151693e-06
1.007909e+04	1.132027e-06
1.008414e+04	1.112674e-06
1.008918e+04	1.093630e-06
1.009423e+04	1.074890e-06
1.009927e+04	1.056451e-06
1.010432e+04	1.038306e-06
1.010936e+04	1.020453e-06
1.011441e+04	1.002886e-06
1.011945e+04	9.856022e-07
1.012450e+04	9.685965e-07
1.012954e+04	9.518650e-07
1.013458e+04	9.354037e-07
1.013963e+04	9.192086e-07
1.014467e+04	9.032756e-07
1.014972e+04	8.876009e-07
1.015476e+04	8.721807e-07
1.015981e+04	8.570110e-07
1.016485e+04	8.420882e-07
1.016990e+04	8.274086e-07
1.017494e+04	8.129685e-07
1.017999e+04	7.987643e-07
1.018503e+04	7.847925e-07
1.019008e+04	7.710495e-07
1.019512e+04	7.575319e-07
1.020016e+04	7.442363e-07
1.020521e+04	7.311593e-07
1.021025e+04	7.182976e-07
1.021530e+04	7.056479e-07
1.022034e+04	6.932071e-07
1.022539e+04	6.809718e-07
1.023043e+04	6.689390e-07
1.023548e+04	6.571056e-07
1.024052e+04	6.454685e-07
1.024557e+04	6.340247e-07
1.025061e+04	6.227712e-07
1.025566e+04	6.117051e-07
1.026070e+04	6.008236e-07
1.026574e+04	5.901238e-07
1.027079e+04	5.796028e-07
1.027583e+04	5.692579e-07
1.028088e+04	5.590864e-07
1.028592e+04	5.490855e-07
1.029097e+04	5.392527e-07
1.029601e+04	5.295853e-07
1.030106e+04	5.200807e-07
1.030610e+04	5.107364e-07
1.031115e+04	5.015499e-07
1.031619e+04	4.925187e-07
1.032123e+04	4.836403e-07
1.032628e+04	4.749125e-07
1.033132e+04	4.663327e-07
1.033637e+04	4.578987e-07
1.034141e+04	4.496082e-07
1.034646e+04	4.414589e-07
1.035150e+04	4.334485e-07
1.035655e+04	4.255749e-07
1.036159e+04	4.178360e-07
1.036664e+04	4.102295e-07
1.037168e+04	4.027533e-07
1.037673e+04	3.954054e-07
1.038177e+04	3.881838e-07
1.038681e+04	3.810863e-07
1.039186e+04	3.741111e-07
1.039690e+04	3.672562e-07
1.040195e+04	3.605196e-07
1.040699e+04	3.538994e-07
1.041204e+04	3.473938e-07
1.041708e+04	3.410009e-07
1.042213e+04	3.347189e-07
1.042717e+04	3.285460e-07
1.043222e+04	3.224805e-07
1.043726e+04	3.165206e-07
1.044230e+04	3.106645e-07
1.044735e+04	3.049106e-07
1.045239e+04	2.992573e-07
1.045744e+04	2.937029e-07
1.046248e+04	2.882457e-07
1.046753e+04	2.828843e-07
1.047257e+04	2.776170e-07
1.047762e+04	2.724422e-07
1.048266e+04	2.673586e-07
1.048771e+04	2.623645e-07
1.049275e+04	2.574585e-07
1.049780e+04	2.526391e-07
1.050284e+04	2.479050e-07
1.050788e+04	2.432546e-07
1.051293e+04	2.386867e-07
1.051797e+04	2.341999e-07
1.052302e+04	2.297927e-07
1.052806e+04	2.254640e-07
1.053311e+04	2.212123e-07
1.053815e+04	2.170364e-07
1.054320e+04	2.129351e-07
1.054824e+04	2.089071e-07
1.055329e+04	2.049511e-07
1.055833e+04	2.010660e-07
1.056338e+04	1.972505e-07
1.056842e+04	1.935036e-07
1.057346e+04	1.898240e-07
1.057851e+04	1.862106e-07
1.058355e+04	1.826623e-07
1.058860e+04	1.791781e-07
1.059364e+04	1.757567e-07
1.059869e+04	1.723972e-07
1.060373e+04	1.690985e-07
1.060878e+04	1.658596e-07
1.061382e+04	1.626794e-07
1.061887e+04	1.595570e-07
1.062391e+04	1.564914e-07
1.062895e+04	1.534816e-07
1.063400e+04	1.505266e-07
1.063904e+04	1.476256e-07
1.064409e+04	1.447775e-07
1.064913e+04	1.419816e-07
1.065418e+04	1.392368e-07
1.065922e+04	1.365423e-07
1.066427e+04	1.338973e-07
1.066931e+04	1.313008e-07
1.067436e+04	1.287521e-07
1.067940e+04	1.262504e-07
1.068445e+04	1.237947e-07
1.068949e+04	1.213844e-07
1.069453e+04	1.190186e-07
1.069958e+04	1.166966e-07
1.070462e+04	1.144175e-07
1.070967e+04	1.121808e-07
1.071471e+04	1.099855e-07
1.071976e+04	1.078310e-07
1.072480e+04	1.057165e-07
1.072985e+04	1.036415e-07
1.073489e+04	1.016051e-07
1.073994e+04	9.960676e-08
1.074498e+04	9.764573e-08
1.075003e+04	9.572138e-08
1.075507e+04	9.383306e-08
1.076011e+04	9.198014e-08
1.076516e+04	9.016199e-08
1.077020e+04	8.837799e-08
1.077525e+04	8.662755e-08
1.078029e+04	8.491007e-08
1.078534e+04	8.322496e-08
1.079038e+04	8.157165e-08
1.079543e+04	7.994957e-08
1.080047e+04	7.835817e-08
1.080552e+04	7.679690e-08
1.081056e+04	7.526522e-08
1.081560e+04	7.376260e-08
1.082065e+04	7.228852e-08
1.082569e+04	7.084247e-08
1.083074e+04	6.942395e-08
1.083578e+04	6.803246e-08
1.084083e+04	6.666751e-08
1.084587e+04	6.532864e-08
1.085092e+04	6.401536e-08
1.085596e+04	6.272722e-08
1.086101e+04	6.146376e-08
1.086605e+04	6.022454e-08
1.087110e+04	5.900911e-08
1.087614e+04	5.781704e-08
1.088118e+04	5.664792e-08
1.088623e+04	5.550131e-08
1.089127e+04	5.437682e-08
1.089632e+04	5.327404e-08
1.090136e+04	5.219257e-08
1.090641e+04	5.113202e-08
1.091145e+04	5.009202e-08
1.091650e+04	4.907217e-08
1.092154e+04	4.807213e-08
1.092659e+04	4.709151e-08
1.093163e+04	4.612997e-08
1.093667e+04	4.518715e-08
1.094172e+04	4.426270e-08
1.094676e+04	4.335630e-08
1.095181e+04	4.246760e-08
1.095685e+04	4.159628e-08
1.096190e+04	4.074201e-08
1.096694e+04	3.990448e-08
1.097199e+04	3.908339e-08
1.097703e+04	3.827841e-08
1.098208e+04	3.748926e-08
1.098712e+04	3.671564e-08
1.099217e+04	3.595726e-08
1.099721e+04	3.521383e-08
1.100225e+04	3.448508e-08
1.100730e+04	3.377073e-08
1.101234e+04	3.307051e-08
1.101739e+04	3.238416e-08
1.102243e+04	3.171141e-08
1.102748e+04	3.105201e-08
1.103252e+04	3.040572e-08
1.103757e+04	2.977227e-08
1.104261e+04	2.915143e-08
1.104766e+04	2.854296e-08
1.105270e+04	2.794663e-08
1.105775e+04	2.736220e-08
1.106279e+04	2.678946e-08
1.106783e+04	2.622818e-08
1.107288e+04	2.567814e-08
1.107792e+04	2.513913e-08
1.108297e+04	2.461093e-08
1.108801e+04	2.409335e-08
1.109306e+04	2.358618e-08
1.109810e+04	2.308922e-08
1.110315e+04	2.260227e-08
1.110819e+04	2.212515e-08
1.111324e+04	2.165766e-08
1.111828e+04	2.119963e-08
1.112332e+04	2.075086e-08
1.112837e+04	2.031118e-08
1.113341e+04	1.988042e-08
1.113846e+04	1.945840e-08
1.114350e+04	1.904496e-08
1.114855e+04	1.863992e-08
1.115359e+04	1.824313e-08
1.115864e+04	1.785443e-08
1.116368e+04	1.747366e-08
1.116873e+04	1.710066e-08
1.117377e+04	1.673529e-08
1.117882e+04	1.637739e-08
1.118386e+04	1.602683e-08
1.118890e+04	1.568345e-08
1.119395e+04	1.534712e-08
1.119899e+04	1.501770e-08
1.120404e+04	1.469505e-08
1.120908e+04	1.437905e-08
1.121413e+04	1.406956e-08
1.121917e+04	1.376645e-08
1.122422e+04	1.346960e-08
1.122926e+04	1.317889e-08
1.123431e+04	1.289419e-08
1.123935e+04	1.261539e-08
1.124440e+04	1.234236e-08
1.124944e+04	1.207501e-08
1.125448e+04	1.181320e-08
1.125953e+04	1.155684e-08
1.126457e+04	1.130581e-08
1.126962e+04	1.106002e-08
1.127466e+04	1.081935e-08
1.127971e+04	1.058370e-08
1.128475e+04	1.035298e-08
1.128980e+04	1.012708e-08
1.129484e+04	9.905910e-09
1.129989e+04	9.689376e-09
1.130493e+04	9.477385e-09
1.130997e+04	9.269845e-09
1.131502e+04	9.066667e-09
1.132006e+04	8.867763e-09
1.132511e+04	8.673048e-09
1.133015e+04	8.482438e-09
1.133520e+04	8.295849e-09
1.134024e+04	8.113202e-09
1.134529e+04	7.934416e-09
1.135033e+04	7.759413e-09
1.135538e+04	7.588117e-09
1.136042e+04	7.420453e-09
1.136547e+04	7.256347e-09
1.137051e+04	7.095728e-09
1.137555e+04	6.938524e-09
1.138060e+04	6.784666e-09
1.138564e+04	6.634086e-09
1.139069e+04	6.486717e-09
1.139573e+04	6.342494e-09
1.140078e+04	6.201353e-09
1.140582e+04	6.063230e-09
