# # p(y | x = 1.300000e+00)
# # y_val	p(y|x)
0.000000e+00	1.772483e-07
4.978917e+00	1.793167e-07
9.957833e+00	1.814078e-07
1.493675e+01	1.835220e-07
1.991567e+01	1.856593e-07
2.489458e+01	1.878201e-07
2.987350e+01	1.900045e-07
3.485242e+01	1.922129e-07
3.983133e+01	1.944454e-07
4.481025e+01	1.967024e-07
4.978917e+01	1.989840e-07
5.476808e+01	2.012906e-07
5.974700e+01	2.036223e-07
6.472592e+01	2.059794e-07
6.970483e+01	2.083622e-07
7.468375e+01	2.107710e-07
7.966267e+01	2.132059e-07
8.464158e+01	2.156673e-07
8.962050e+01	2.181555e-07
9.459942e+01	2.206707e-07
9.957833e+01	2.232131e-07
1.045573e+02	2.257831e-07
1.095362e+02	2.283809e-07
1.145151e+02	2.310069e-07
1.194940e+02	2.336612e-07
1.244729e+02	2.363442e-07
1.294518e+02	2.390562e-07
1.344308e+02	2.417974e-07
1.394097e+02	2.445682e-07
1.443886e+02	2.473688e-07
1.493675e+02	2.501996e-07
1.543464e+02	2.530608e-07
1.593253e+02	2.559527e-07
1.643043e+02	2.588757e-07
1.692832e+02	2.618301e-07
1.742621e+02	2.648162e-07
1.792410e+02	2.678342e-07
1.842199e+02	2.708845e-07
1.891988e+02	2.739675e-07
1.941778e+02	2.770835e-07
1.991567e+02	2.802327e-07
2.041356e+02	2.834155e-07
2.091145e+02	2.866322e-07
2.140934e+02	2.898833e-07
2.190723e+02	2.931689e-07
2.240513e+02	2.964895e-07
2.290302e+02	2.998454e-07
2.340091e+02	3.032370e-07
2.389880e+02	3.066645e-07
2.439669e+02	3.101284e-07
2.489458e+02	3.136291e-07
2.539248e+02	3.171667e-07
2.589037e+02	3.207419e-07
2.638826e+02	3.243548e-07
2.688615e+02	3.280059e-07
2.738404e+02	3.316955e-07
2.788193e+02	3.354240e-07
2.837983e+02	3.391919e-07
2.887772e+02	3.429994e-07
2.937561e+02	3.468470e-07
2.987350e+02	3.507351e-07
3.037139e+02	3.546640e-07
3.086928e+02	3.586341e-07
3.136718e+02	3.626459e-07
3.186507e+02	3.666998e-07
3.236296e+02	3.707961e-07
3.286085e+02	3.749353e-07
3.335874e+02	3.791177e-07
3.385663e+02	3.833439e-07
3.435453e+02	3.876142e-07
3.485242e+02	3.919290e-07
3.535031e+02	3.962888e-07
3.584820e+02	4.006941e-07
3.634609e+02	4.051451e-07
3.684398e+02	4.096425e-07
3.734188e+02	4.141866e-07
3.783977e+02	4.187779e-07
3.833766e+02	4.234168e-07
3.883555e+02	4.281038e-07
3.933344e+02	4.328393e-07
3.983133e+02	4.376239e-07
4.032923e+02	4.424579e-07
4.082712e+02	4.473419e-07
4.132501e+02	4.522763e-07
4.182290e+02	4.572616e-07
4.232079e+02	4.622983e-07
4.281868e+02	4.673869e-07
4.331658e+02	4.725278e-07
4.381447e+02	4.777217e-07
4.431236e+02	4.829688e-07
4.481025e+02	4.882699e-07
4.530814e+02	4.936253e-07
4.580603e+02	4.990357e-07
4.630393e+02	5.045014e-07
4.680182e+02	5.100231e-07
4.729971e+02	5.156012e-07
4.779760e+02	5.212363e-07
4.829549e+02	5.269290e-07
4.879338e+02	5.326797e-07
4.929128e+02	5.384890e-07
4.978917e+02	5.443575e-07
5.028706e+02	5.502857e-07
5.078495e+02	5.562742e-07
5.128284e+02	5.623235e-07
5.178073e+02	5.684342e-07
5.227863e+02	5.746069e-07
5.277652e+02	5.808422e-07
5.327441e+02	5.871406e-07
5.377230e+02	5.935027e-07
5.427019e+02	5.999291e-07
5.476808e+02	6.064205e-07
5.526598e+02	6.129773e-07
5.576387e+02	6.196003e-07
5.626176e+02	6.262900e-07
5.675965e+02	6.330471e-07
5.725754e+02	6.398721e-07
5.775543e+02	6.467657e-07
5.825333e+02	6.537286e-07
5.875122e+02	6.607613e-07
5.924911e+02	6.678645e-07
5.974700e+02	6.750389e-07
6.024489e+02	6.822851e-07
6.074278e+02	6.896038e-07
6.124068e+02	6.969956e-07
6.173857e+02	7.044613e-07
6.223646e+02	7.120013e-07
6.273435e+02	7.196166e-07
6.323224e+02	7.273077e-07
6.373013e+02	7.350753e-07
6.422803e+02	7.429202e-07
6.472592e+02	7.508430e-07
6.522381e+02	7.588445e-07
6.572170e+02	7.669253e-07
6.621959e+02	7.750862e-07
6.671748e+02	7.833279e-07
6.721538e+02	7.916511e-07
6.771327e+02	8.000566e-07
6.821116e+02	8.085451e-07
6.870905e+02	8.171174e-07
6.920694e+02	8.257742e-07
6.970483e+02	8.345163e-07
7.020273e+02	8.433444e-07
7.070062e+02	8.522594e-07
7.119851e+02	8.612619e-07
7.169640e+02	8.703529e-07
7.219429e+02	8.795330e-07
7.269218e+02	8.888031e-07
7.319008e+02	8.981640e-07
7.368797e+02	9.076165e-07
7.418586e+02	9.171614e-07
7.468375e+02	9.267996e-07
7.518164e+02	9.365318e-07
7.567953e+02	9.463589e-07
7.617743e+02	9.562818e-07
7.667532e+02	9.663012e-07
7.717321e+02	9.764181e-07
7.767110e+02	9.866334e-07
7.816899e+02	9.969478e-07
7.866688e+02	1.007362e-06
7.916478e+02	1.017878e-06
7.966267e+02	1.028495e-06
8.016056e+02	1.039215e-06
8.065845e+02	1.050039e-06
8.115634e+02	1.060967e-06
8.165423e+02	1.072001e-06
8.215213e+02	1.083141e-06
8.265002e+02	1.094388e-06
8.314791e+02	1.105744e-06
8.364580e+02	1.117209e-06
8.414369e+02	1.128784e-06
8.464158e+02	1.140470e-06
8.513948e+02	1.152268e-06
8.563737e+02	1.164180e-06
8.613526e+02	1.176205e-06
8.663315e+02	1.188346e-06
8.713104e+02	1.200603e-06
8.762893e+02	1.212976e-06
8.812683e+02	1.225468e-06
8.862472e+02	1.238079e-06
8.912261e+02	1.250810e-06
8.962050e+02	1.263662e-06
9.011839e+02	1.276636e-06
9.061628e+02	1.289734e-06
9.111418e+02	1.302956e-06
9.161207e+02	1.316304e-06
9.210996e+02	1.329778e-06
9.260785e+02	1.343379e-06
9.310574e+02	1.357109e-06
9.360363e+02	1.370969e-06
9.410153e+02	1.384960e-06
9.459942e+02	1.399083e-06
9.509731e+02	1.413339e-06
9.559520e+02	1.427729e-06
9.609309e+02	1.442254e-06
9.659098e+02	1.456916e-06
9.708888e+02	1.471716e-06
9.758677e+02	1.486655e-06
9.808466e+02	1.501734e-06
9.858255e+02	1.516954e-06
9.908044e+02	1.532316e-06
9.957833e+02	1.547822e-06
1.000762e+03	1.563473e-06
1.005741e+03	1.579270e-06
1.010720e+03	1.595215e-06
1.015699e+03	1.611308e-06
1.020678e+03	1.627551e-06
1.025657e+03	1.643944e-06
1.030636e+03	1.660491e-06
1.035615e+03	1.677190e-06
1.040594e+03	1.694045e-06
1.045573e+03	1.711056e-06
1.050551e+03	1.728224e-06
1.055530e+03	1.745552e-06
1.060509e+03	1.763039e-06
1.065488e+03	1.780688e-06
1.070467e+03	1.798499e-06
1.075446e+03	1.816475e-06
1.080425e+03	1.834616e-06
1.085404e+03	1.852925e-06
1.090383e+03	1.871401e-06
1.095362e+03	1.890047e-06
1.100341e+03	1.908864e-06
1.105320e+03	1.927854e-06
1.110298e+03	1.947018e-06
1.115277e+03	1.966357e-06
1.120256e+03	1.985873e-06
1.125235e+03	2.005567e-06
1.130214e+03	2.025440e-06
1.135193e+03	2.045495e-06
1.140172e+03	2.065733e-06
1.145151e+03	2.086154e-06
1.150130e+03	2.106762e-06
1.155109e+03	2.127556e-06
1.160088e+03	2.148539e-06
1.165067e+03	2.169713e-06
1.170045e+03	2.191078e-06
1.175024e+03	2.212637e-06
1.180003e+03	2.234390e-06
1.184982e+03	2.256340e-06
1.189961e+03	2.278488e-06
1.194940e+03	2.300836e-06
1.199919e+03	2.323385e-06
1.204898e+03	2.346136e-06
1.209877e+03	2.369093e-06
1.214856e+03	2.392255e-06
1.219835e+03	2.415626e-06
1.224814e+03	2.439206e-06
1.229792e+03	2.462997e-06
1.234771e+03	2.487001e-06
1.239750e+03	2.511220e-06
1.244729e+03	2.535654e-06
1.249708e+03	2.560307e-06
1.254687e+03	2.585180e-06
1.259666e+03	2.610274e-06
1.264645e+03	2.635592e-06
1.269624e+03	2.661134e-06
1.274603e+03	2.686904e-06
1.279582e+03	2.712902e-06
1.284561e+03	2.739130e-06
1.289539e+03	2.765591e-06
1.294518e+03	2.792286e-06
1.299497e+03	2.819217e-06
1.304476e+03	2.846385e-06
1.309455e+03	2.873794e-06
1.314434e+03	2.901444e-06
1.319413e+03	2.929337e-06
1.324392e+03	2.957476e-06
1.329371e+03	2.985862e-06
1.334350e+03	3.014497e-06
1.339329e+03	3.043383e-06
1.344308e+03	3.072523e-06
1.349286e+03	3.101917e-06
1.354265e+03	3.131569e-06
1.359244e+03	3.161480e-06
1.364223e+03	3.191651e-06
1.369202e+03	3.222086e-06
1.374181e+03	3.252786e-06
1.379160e+03	3.283754e-06
1.384139e+03	3.314990e-06
1.389118e+03	3.346498e-06
1.394097e+03	3.378280e-06
1.399076e+03	3.410337e-06
1.404055e+03	3.442671e-06
1.409033e+03	3.475286e-06
1.414012e+03	3.508182e-06
1.418991e+03	3.541362e-06
1.423970e+03	3.574829e-06
1.428949e+03	3.608584e-06
1.433928e+03	3.642630e-06
1.438907e+03	3.676969e-06
1.443886e+03	3.711603e-06
1.448865e+03	3.746534e-06
1.453844e+03	3.781765e-06
1.458823e+03	3.817297e-06
1.463802e+03	3.853134e-06
1.468780e+03	3.889277e-06
1.473759e+03	3.925730e-06
1.478738e+03	3.962493e-06
1.483717e+03	3.999569e-06
1.488696e+03	4.036962e-06
1.493675e+03	4.074672e-06
1.498654e+03	4.112704e-06
1.503633e+03	4.151058e-06
1.508612e+03	4.189737e-06
1.513591e+03	4.228745e-06
1.518570e+03	4.268083e-06
1.523549e+03	4.307753e-06
1.528527e+03	4.347759e-06
1.533506e+03	4.388102e-06
1.538485e+03	4.428786e-06
1.543464e+03	4.469812e-06
1.548443e+03	4.511184e-06
1.553422e+03	4.552903e-06
1.558401e+03	4.594973e-06
1.563380e+03	4.637396e-06
1.568359e+03	4.680175e-06
1.573338e+03	4.723311e-06
1.578317e+03	4.766809e-06
1.583296e+03	4.810670e-06
1.588274e+03	4.854897e-06
1.593253e+03	4.899494e-06
1.598232e+03	4.944461e-06
1.603211e+03	4.989803e-06
1.608190e+03	5.035522e-06
1.613169e+03	5.081621e-06
1.618148e+03	5.128102e-06
1.623127e+03	5.174968e-06
1.628106e+03	5.222223e-06
1.633085e+03	5.269868e-06
1.638064e+03	5.317908e-06
1.643043e+03	5.366343e-06
1.648021e+03	5.415178e-06
1.653000e+03	5.464416e-06
1.657979e+03	5.514059e-06
1.662958e+03	5.564109e-06
1.667937e+03	5.614571e-06
1.672916e+03	5.665447e-06
1.677895e+03	5.716740e-06
1.682874e+03	5.768452e-06
1.687853e+03	5.820588e-06
1.692832e+03	5.873150e-06
1.697811e+03	5.926140e-06
1.702790e+03	5.979563e-06
1.707768e+03	6.033420e-06
1.712747e+03	6.087716e-06
1.717726e+03	6.142453e-06
1.722705e+03	6.197635e-06
1.727684e+03	6.253264e-06
1.732663e+03	6.309344e-06
1.737642e+03	6.365878e-06
1.742621e+03	6.422868e-06
1.747600e+03	6.480319e-06
1.752579e+03	6.538234e-06
1.757558e+03	6.596615e-06
1.762537e+03	6.655466e-06
1.767515e+03	6.714791e-06
1.772494e+03	6.774592e-06
1.777473e+03	6.834873e-06
1.782452e+03	6.895638e-06
1.787431e+03	6.956889e-06
1.792410e+03	7.018630e-06
1.797389e+03	7.080864e-06
1.802368e+03	7.143595e-06
1.807347e+03	7.206826e-06
1.812326e+03	7.270561e-06
1.817305e+03	7.334803e-06
1.822284e+03	7.399556e-06
1.827262e+03	7.464823e-06
1.832241e+03	7.530608e-06
1.837220e+03	7.596913e-06
1.842199e+03	7.663744e-06
1.847178e+03	7.731102e-06
1.852157e+03	7.798993e-06
1.857136e+03	7.867420e-06
1.862115e+03	7.936385e-06
1.867094e+03	8.005893e-06
1.872073e+03	8.075948e-06
1.877052e+03	8.146553e-06
1.882031e+03	8.217712e-06
1.887009e+03	8.289429e-06
1.891988e+03	8.361707e-06
1.896967e+03	8.434551e-06
1.901946e+03	8.507963e-06
1.906925e+03	8.581949e-06
1.911904e+03	8.656511e-06
1.916883e+03	8.731653e-06
1.921862e+03	8.807380e-06
1.926841e+03	8.883695e-06
1.931820e+03	8.960603e-06
1.936799e+03	9.038106e-06
1.941778e+03	9.116210e-06
1.946756e+03	9.194918e-06
1.951735e+03	9.274233e-06
1.956714e+03	9.354161e-06
1.961693e+03	9.434706e-06
1.966672e+03	9.515870e-06
1.971651e+03	9.597658e-06
1.976630e+03	9.680075e-06
1.981609e+03	9.763125e-06
1.986588e+03	9.846811e-06
1.991567e+03	9.931138e-06
1.996546e+03	1.001611e-05
2.001525e+03	1.010173e-05
2.006503e+03	1.018801e-05
2.011482e+03	1.027494e-05
2.016461e+03	1.036253e-05
2.021440e+03	1.045079e-05
2.026419e+03	1.053972e-05
2.031398e+03	1.062933e-05
2.036377e+03	1.071961e-05
2.041356e+03	1.081058e-05
2.046335e+03	1.090224e-05
2.051314e+03	1.099459e-05
2.056293e+03	1.108763e-05
2.061272e+03	1.118138e-05
2.066250e+03	1.127583e-05
2.071229e+03	1.137099e-05
2.076208e+03	1.146687e-05
2.081187e+03	1.156347e-05
2.086166e+03	1.166079e-05
2.091145e+03	1.175884e-05
2.096124e+03	1.185762e-05
2.101103e+03	1.195714e-05
2.106082e+03	1.205740e-05
2.111061e+03	1.215841e-05
2.116040e+03	1.226017e-05
2.121019e+03	1.236269e-05
2.125997e+03	1.246597e-05
2.130976e+03	1.257001e-05
2.135955e+03	1.267483e-05
2.140934e+03	1.278042e-05
2.145913e+03	1.288679e-05
2.150892e+03	1.299395e-05
2.155871e+03	1.310190e-05
2.160850e+03	1.321064e-05
2.165829e+03	1.332018e-05
2.170808e+03	1.343052e-05
2.175787e+03	1.354168e-05
2.180766e+03	1.365365e-05
2.185744e+03	1.376644e-05
2.190723e+03	1.388006e-05
2.195702e+03	1.399450e-05
2.200681e+03	1.410978e-05
2.205660e+03	1.422590e-05
2.210639e+03	1.434287e-05
2.215618e+03	1.446068e-05
2.220597e+03	1.457935e-05
2.225576e+03	1.469888e-05
2.230555e+03	1.481928e-05
2.235534e+03	1.494055e-05
2.240513e+03	1.506269e-05
2.245491e+03	1.518572e-05
2.250470e+03	1.530963e-05
2.255449e+03	1.543444e-05
2.260428e+03	1.556014e-05
2.265407e+03	1.568675e-05
2.270386e+03	1.581426e-05
2.275365e+03	1.594269e-05
2.280344e+03	1.607203e-05
2.285323e+03	1.620231e-05
2.290302e+03	1.633351e-05
2.295281e+03	1.646564e-05
2.300260e+03	1.659872e-05
2.305238e+03	1.673275e-05
2.310217e+03	1.686772e-05
2.315196e+03	1.700366e-05
2.320175e+03	1.714056e-05
2.325154e+03	1.727842e-05
2.330133e+03	1.741726e-05
2.335112e+03	1.755709e-05
2.340091e+03	1.769789e-05
2.345070e+03	1.783969e-05
2.350049e+03	1.798249e-05
2.355028e+03	1.812629e-05
2.360007e+03	1.827110e-05
2.364985e+03	1.841693e-05
2.369964e+03	1.856377e-05
2.374943e+03	1.871164e-05
2.379922e+03	1.886055e-05
2.384901e+03	1.901049e-05
2.389880e+03	1.916148e-05
2.394859e+03	1.931352e-05
2.399838e+03	1.946661e-05
2.404817e+03	1.962077e-05
2.409796e+03	1.977599e-05
2.414775e+03	1.993229e-05
2.419754e+03	2.008967e-05
2.424732e+03	2.024814e-05
2.429711e+03	2.040770e-05
2.434690e+03	2.056836e-05
2.439669e+03	2.073012e-05
2.444648e+03	2.089300e-05
2.449627e+03	2.105699e-05
2.454606e+03	2.122210e-05
2.459585e+03	2.138835e-05
2.464564e+03	2.155573e-05
2.469543e+03	2.172426e-05
2.474522e+03	2.189393e-05
2.479501e+03	2.206476e-05
2.484479e+03	2.223675e-05
2.489458e+03	2.240991e-05
2.494437e+03	2.258424e-05
2.499416e+03	2.275975e-05
2.504395e+03	2.293645e-05
2.509374e+03	2.311434e-05
2.514353e+03	2.329344e-05
2.519332e+03	2.347374e-05
2.524311e+03	2.365525e-05
2.529290e+03	2.383799e-05
2.534269e+03	2.402195e-05
2.539248e+03	2.420714e-05
2.544226e+03	2.439358e-05
2.549205e+03	2.458126e-05
2.554184e+03	2.477019e-05
2.559163e+03	2.496038e-05
2.564142e+03	2.515184e-05
2.569121e+03	2.534457e-05
2.574100e+03	2.553859e-05
2.579079e+03	2.573389e-05
2.584058e+03	2.593048e-05
2.589037e+03	2.612837e-05
2.594016e+03	2.632758e-05
2.598995e+03	2.652809e-05
2.603973e+03	2.672993e-05
2.608952e+03	2.693309e-05
2.613931e+03	2.713759e-05
2.618910e+03	2.734343e-05
2.623889e+03	2.755063e-05
2.628868e+03	2.775917e-05
2.633847e+03	2.796908e-05
2.638826e+03	2.818036e-05
2.643805e+03	2.839302e-05
2.648784e+03	2.860706e-05
2.653763e+03	2.882250e-05
2.658742e+03	2.903933e-05
2.663720e+03	2.925757e-05
2.668699e+03	2.947722e-05
2.673678e+03	2.969829e-05
2.678657e+03	2.992079e-05
2.683636e+03	3.014472e-05
2.688615e+03	3.037009e-05
2.693594e+03	3.059692e-05
2.698573e+03	3.082520e-05
2.703552e+03	3.105494e-05
2.708531e+03	3.128616e-05
2.713510e+03	3.151885e-05
2.718489e+03	3.175303e-05
2.723467e+03	3.198871e-05
2.728446e+03	3.222588e-05
2.733425e+03	3.246457e-05
2.738404e+03	3.270477e-05
2.743383e+03	3.294649e-05
2.748362e+03	3.318974e-05
2.753341e+03	3.343453e-05
2.758320e+03	3.368087e-05
2.763299e+03	3.392876e-05
2.768278e+03	3.417821e-05
2.773257e+03	3.442923e-05
2.778236e+03	3.468183e-05
2.783214e+03	3.493601e-05
2.788193e+03	3.519178e-05
2.793172e+03	3.544916e-05
2.798151e+03	3.570814e-05
2.803130e+03	3.596873e-05
2.808109e+03	3.623095e-05
2.813088e+03	3.649479e-05
2.818067e+03	3.676028e-05
2.823046e+03	3.702741e-05
2.828025e+03	3.729620e-05
2.833004e+03	3.756664e-05
2.837983e+03	3.783876e-05
2.842961e+03	3.811255e-05
2.847940e+03	3.838803e-05
2.852919e+03	3.866520e-05
2.857898e+03	3.894408e-05
2.862877e+03	3.922466e-05
2.867856e+03	3.950696e-05
2.872835e+03	3.979098e-05
2.877814e+03	4.007674e-05
2.882793e+03	4.036424e-05
2.887772e+03	4.065349e-05
2.892751e+03	4.094449e-05
2.897730e+03	4.123726e-05
2.902708e+03	4.153181e-05
2.907687e+03	4.182813e-05
2.912666e+03	4.212625e-05
2.917645e+03	4.242616e-05
2.922624e+03	4.272788e-05
2.927603e+03	4.303141e-05
2.932582e+03	4.333677e-05
2.937561e+03	4.364396e-05
2.942540e+03	4.395298e-05
2.947519e+03	4.426385e-05
2.952498e+03	4.457658e-05
2.957477e+03	4.489117e-05
2.962455e+03	4.520763e-05
2.967434e+03	4.552597e-05
2.972413e+03	4.584620e-05
2.977392e+03	4.616833e-05
2.982371e+03	4.649236e-05
2.987350e+03	4.681831e-05
2.992329e+03	4.714618e-05
2.997308e+03	4.747598e-05
3.002287e+03	4.780771e-05
3.007266e+03	4.814140e-05
3.012245e+03	4.847704e-05
3.017224e+03	4.881464e-05
3.022202e+03	4.915422e-05
3.027181e+03	4.949577e-05
3.032160e+03	4.983932e-05
3.037139e+03	5.018486e-05
3.042118e+03	5.053241e-05
3.047097e+03	5.088198e-05
3.052076e+03	5.123356e-05
3.057055e+03	5.158718e-05
3.062034e+03	5.194284e-05
3.067013e+03	5.230055e-05
3.071992e+03	5.266032e-05
3.076971e+03	5.302215e-05
3.081949e+03	5.338606e-05
3.086928e+03	5.375205e-05
3.091907e+03	5.412014e-05
3.096886e+03	5.449032e-05
3.101865e+03	5.486261e-05
3.106844e+03	5.523703e-05
3.111823e+03	5.561356e-05
3.116802e+03	5.599224e-05
3.121781e+03	5.637305e-05
3.126760e+03	5.675602e-05
3.131739e+03	5.714116e-05
3.136718e+03	5.752846e-05
3.141696e+03	5.791794e-05
3.146675e+03	5.830961e-05
3.151654e+03	5.870347e-05
3.156633e+03	5.909954e-05
3.161612e+03	5.949782e-05
3.166591e+03	5.989833e-05
3.171570e+03	6.030106e-05
3.176549e+03	6.070604e-05
3.181528e+03	6.111327e-05
3.186507e+03	6.152275e-05
3.191486e+03	6.193450e-05
3.196465e+03	6.234853e-05
3.201443e+03	6.276484e-05
3.206422e+03	6.318344e-05
3.211401e+03	6.360434e-05
3.216380e+03	6.402756e-05
3.221359e+03	6.445309e-05
3.226338e+03	6.488095e-05
3.231317e+03	6.531115e-05
3.236296e+03	6.574370e-05
3.241275e+03	6.617860e-05
3.246254e+03	6.661586e-05
3.251233e+03	6.705549e-05
3.256212e+03	6.749751e-05
3.261190e+03	6.794192e-05
3.266169e+03	6.838873e-05
3.271148e+03	6.883794e-05
3.276127e+03	6.928957e-05
3.281106e+03	6.974363e-05
3.286085e+03	7.020012e-05
3.291064e+03	7.065905e-05
3.296043e+03	7.112044e-05
3.301022e+03	7.158429e-05
3.306001e+03	7.205060e-05
3.310980e+03	7.251940e-05
3.315959e+03	7.299068e-05
3.320937e+03	7.346446e-05
3.325916e+03	7.394075e-05
3.330895e+03	7.441955e-05
3.335874e+03	7.490088e-05
3.340853e+03	7.538473e-05
3.345832e+03	7.587113e-05
3.350811e+03	7.636008e-05
3.355790e+03	7.685158e-05
3.360769e+03	7.734566e-05
3.365748e+03	7.784231e-05
3.370727e+03	7.834154e-05
3.375706e+03	7.884337e-05
3.380684e+03	7.934781e-05
3.385663e+03	7.985485e-05
3.390642e+03	8.036452e-05
3.395621e+03	8.087681e-05
3.400600e+03	8.139175e-05
3.405579e+03	8.190933e-05
3.410558e+03	8.242957e-05
3.415537e+03	8.295247e-05
3.420516e+03	8.347805e-05
3.425495e+03	8.400631e-05
3.430474e+03	8.453726e-05
3.435453e+03	8.507091e-05
3.440431e+03	8.560727e-05
3.445410e+03	8.614635e-05
3.450389e+03	8.668815e-05
3.455368e+03	8.723269e-05
3.460347e+03	8.777997e-05
3.465326e+03	8.833001e-05
3.470305e+03	8.888281e-05
3.475284e+03	8.943838e-05
3.480263e+03	8.999673e-05
3.485242e+03	9.055786e-05
3.490221e+03	9.112180e-05
3.495200e+03	9.168854e-05
3.500178e+03	9.225809e-05
3.505157e+03	9.283046e-05
3.510136e+03	9.340567e-05
3.515115e+03	9.398371e-05
3.520094e+03	9.456461e-05
3.525073e+03	9.514836e-05
3.530052e+03	9.573498e-05
3.535031e+03	9.632447e-05
3.540010e+03	9.691684e-05
3.544989e+03	9.751211e-05
3.549968e+03	9.811028e-05
3.554947e+03	9.871135e-05
3.559925e+03	9.931535e-05
3.564904e+03	9.992226e-05
3.569883e+03	1.005321e-04
3.574862e+03	1.011449e-04
3.579841e+03	1.017607e-04
3.584820e+03	1.023794e-04
3.589799e+03	1.030010e-04
3.594778e+03	1.036257e-04
3.599757e+03	1.042533e-04
3.604736e+03	1.048840e-04
3.609715e+03	1.055176e-04
3.614694e+03	1.061542e-04
3.619672e+03	1.067939e-04
3.624651e+03	1.074366e-04
3.629630e+03	1.080823e-04
3.634609e+03	1.087310e-04
3.639588e+03	1.093829e-04
3.644567e+03	1.100377e-04
3.649546e+03	1.106957e-04
3.654525e+03	1.113567e-04
3.659504e+03	1.120208e-04
3.664483e+03	1.126880e-04
3.669462e+03	1.133583e-04
3.674441e+03	1.140317e-04
3.679419e+03	1.147082e-04
3.684398e+03	1.153878e-04
3.689377e+03	1.160706e-04
3.694356e+03	1.167565e-04
3.699335e+03	1.174456e-04
3.704314e+03	1.181378e-04
3.709293e+03	1.188332e-04
3.714272e+03	1.195318e-04
3.719251e+03	1.202335e-04
3.724230e+03	1.209384e-04
3.729209e+03	1.216465e-04
3.734188e+03	1.223579e-04
3.739166e+03	1.230724e-04
3.744145e+03	1.237902e-04
3.749124e+03	1.245111e-04
3.754103e+03	1.252354e-04
3.759082e+03	1.259628e-04
3.764061e+03	1.266935e-04
3.769040e+03	1.274275e-04
3.774019e+03	1.281647e-04
3.778998e+03	1.289052e-04
3.783977e+03	1.296490e-04
3.788956e+03	1.303960e-04
3.793935e+03	1.311464e-04
3.798913e+03	1.319001e-04
3.803892e+03	1.326570e-04
3.808871e+03	1.334173e-04
3.813850e+03	1.341809e-04
3.818829e+03	1.349479e-04
3.823808e+03	1.357181e-04
3.828787e+03	1.364918e-04
3.833766e+03	1.372687e-04
3.838745e+03	1.380491e-04
3.843724e+03	1.388328e-04
3.848703e+03	1.396198e-04
3.853682e+03	1.404103e-04
3.858660e+03	1.412041e-04
3.863639e+03	1.420014e-04
3.868618e+03	1.428020e-04
3.873597e+03	1.436060e-04
3.878576e+03	1.444135e-04
3.883555e+03	1.452244e-04
3.888534e+03	1.460387e-04
3.893513e+03	1.468564e-04
3.898492e+03	1.476776e-04
3.903471e+03	1.485022e-04
3.908450e+03	1.493303e-04
3.913429e+03	1.501618e-04
3.918407e+03	1.509969e-04
3.923386e+03	1.518353e-04
3.928365e+03	1.526773e-04
3.933344e+03	1.535227e-04
3.938323e+03	1.543717e-04
3.943302e+03	1.552241e-04
3.948281e+03	1.560801e-04
3.953260e+03	1.569395e-04
3.958239e+03	1.578025e-04
3.963218e+03	1.586690e-04
3.968197e+03	1.595390e-04
3.973176e+03	1.604126e-04
3.978154e+03	1.612897e-04
3.983133e+03	1.621703e-04
3.988112e+03	1.630545e-04
3.993091e+03	1.639422e-04
3.998070e+03	1.648336e-04
4.003049e+03	1.657284e-04
4.008028e+03	1.666269e-04
4.013007e+03	1.675289e-04
4.017986e+03	1.684346e-04
4.022965e+03	1.693438e-04
4.027944e+03	1.702566e-04
4.032923e+03	1.711730e-04
4.037901e+03	1.720930e-04
4.042880e+03	1.730166e-04
4.047859e+03	1.739439e-04
4.052838e+03	1.748747e-04
4.057817e+03	1.758092e-04
4.062796e+03	1.767474e-04
4.067775e+03	1.776891e-04
4.072754e+03	1.786345e-04
4.077733e+03	1.795836e-04
4.082712e+03	1.805363e-04
4.087691e+03	1.814926e-04
4.092670e+03	1.824527e-04
4.097648e+03	1.834163e-04
4.102627e+03	1.843837e-04
4.107606e+03	1.853547e-04
4.112585e+03	1.863294e-04
4.117564e+03	1.873078e-04
4.122543e+03	1.882899e-04
4.127522e+03	1.892756e-04
4.132501e+03	1.902651e-04
4.137480e+03	1.912583e-04
4.142459e+03	1.922551e-04
4.147438e+03	1.932557e-04
4.152417e+03	1.942599e-04
4.157395e+03	1.952679e-04
4.162374e+03	1.962796e-04
4.167353e+03	1.972951e-04
4.172332e+03	1.983142e-04
4.177311e+03	1.993371e-04
4.182290e+03	2.003637e-04
4.187269e+03	2.013941e-04
4.192248e+03	2.024282e-04
4.197227e+03	2.034660e-04
4.202206e+03	2.045076e-04
4.207185e+03	2.055529e-04
4.212164e+03	2.066020e-04
4.217142e+03	2.076548e-04
4.222121e+03	2.087114e-04
4.227100e+03	2.097717e-04
4.232079e+03	2.108358e-04
4.237058e+03	2.119037e-04
4.242037e+03	2.129753e-04
4.247016e+03	2.140507e-04
4.251995e+03	2.151299e-04
4.256974e+03	2.162129e-04
4.261953e+03	2.172996e-04
4.266932e+03	2.183901e-04
4.271911e+03	2.194844e-04
4.276889e+03	2.205825e-04
4.281868e+03	2.216844e-04
4.286847e+03	2.227900e-04
4.291826e+03	2.238995e-04
4.296805e+03	2.250127e-04
4.301784e+03	2.261297e-04
4.306763e+03	2.272505e-04
4.311742e+03	2.283751e-04
4.316721e+03	2.295035e-04
4.321700e+03	2.306358e-04
4.326679e+03	2.317718e-04
4.331658e+03	2.329116e-04
4.336636e+03	2.340552e-04
4.341615e+03	2.352026e-04
4.346594e+03	2.363538e-04
4.351573e+03	2.375088e-04
4.356552e+03	2.386677e-04
4.361531e+03	2.398303e-04
4.366510e+03	2.409967e-04
4.371489e+03	2.421670e-04
4.376468e+03	2.433410e-04
4.381447e+03	2.445189e-04
4.386426e+03	2.457006e-04
4.391405e+03	2.468860e-04
4.396383e+03	2.480753e-04
4.401362e+03	2.492684e-04
4.406341e+03	2.504653e-04
4.411320e+03	2.516660e-04
4.416299e+03	2.528705e-04
4.421278e+03	2.540789e-04
4.426257e+03	2.552910e-04
4.431236e+03	2.565069e-04
4.436215e+03	2.577267e-04
4.441194e+03	2.589502e-04
4.446173e+03	2.601776e-04
4.451152e+03	2.614087e-04
4.456130e+03	2.626437e-04
4.461109e+03	2.638824e-04
4.466088e+03	2.651250e-04
4.471067e+03	2.663714e-04
4.476046e+03	2.676215e-04
4.481025e+03	2.688755e-04
4.486004e+03	2.701332e-04
4.490983e+03	2.713947e-04
4.495962e+03	2.726601e-04
4.500941e+03	2.739292e-04
4.505920e+03	2.752021e-04
4.510899e+03	2.764788e-04
4.515877e+03	2.777592e-04
4.520856e+03	2.790435e-04
4.525835e+03	2.803315e-04
4.530814e+03	2.816233e-04
4.535793e+03	2.829189e-04
4.540772e+03	2.842182e-04
4.545751e+03	2.855213e-04
4.550730e+03	2.868282e-04
4.555709e+03	2.881388e-04
4.560688e+03	2.894532e-04
4.565667e+03	2.907714e-04
4.570646e+03	2.920933e-04
4.575624e+03	2.934189e-04
4.580603e+03	2.947483e-04
4.585582e+03	2.960814e-04
4.590561e+03	2.974183e-04
4.595540e+03	2.987589e-04
4.600519e+03	3.001032e-04
4.605498e+03	3.014513e-04
4.610477e+03	3.028031e-04
4.615456e+03	3.041586e-04
4.620435e+03	3.055178e-04
4.625414e+03	3.068807e-04
4.630393e+03	3.082474e-04
4.635371e+03	3.096177e-04
4.640350e+03	3.109917e-04
4.645329e+03	3.123695e-04
4.650308e+03	3.137509e-04
4.655287e+03	3.151359e-04
4.660266e+03	3.165247e-04
4.665245e+03	3.179171e-04
4.670224e+03	3.193132e-04
4.675203e+03	3.207130e-04
4.680182e+03	3.221164e-04
4.685161e+03	3.235234e-04
4.690140e+03	3.249341e-04
4.695118e+03	3.263485e-04
4.700097e+03	3.277664e-04
4.705076e+03	3.291880e-04
4.710055e+03	3.306132e-04
4.715034e+03	3.320421e-04
4.720013e+03	3.334745e-04
4.724992e+03	3.349105e-04
4.729971e+03	3.363501e-04
4.734950e+03	3.377933e-04
4.739929e+03	3.392401e-04
4.744908e+03	3.406905e-04
4.749887e+03	3.421444e-04
4.754865e+03	3.436019e-04
4.759844e+03	3.450629e-04
4.764823e+03	3.465274e-04
4.769802e+03	3.479955e-04
4.774781e+03	3.494672e-04
4.779760e+03	3.509423e-04
4.784739e+03	3.524210e-04
4.789718e+03	3.539031e-04
4.794697e+03	3.553888e-04
4.799676e+03	3.568779e-04
4.804655e+03	3.583705e-04
4.809634e+03	3.598666e-04
4.814612e+03	3.613662e-04
4.819591e+03	3.628692e-04
4.824570e+03	3.643756e-04
4.829549e+03	3.658855e-04
4.834528e+03	3.673988e-04
4.839507e+03	3.689155e-04
4.844486e+03	3.704357e-04
4.849465e+03	3.719592e-04
4.854444e+03	3.734861e-04
4.859423e+03	3.750164e-04
4.864402e+03	3.765501e-04
4.869381e+03	3.780871e-04
4.874359e+03	3.796275e-04
4.879338e+03	3.811712e-04
4.884317e+03	3.827182e-04
4.889296e+03	3.842686e-04
4.894275e+03	3.858222e-04
4.899254e+03	3.873792e-04
4.904233e+03	3.889394e-04
4.909212e+03	3.905029e-04
4.914191e+03	3.920697e-04
4.919170e+03	3.936397e-04
4.924149e+03	3.952130e-04
4.929128e+03	3.967895e-04
4.934106e+03	3.983693e-04
4.939085e+03	3.999522e-04
4.944064e+03	4.015383e-04
4.949043e+03	4.031276e-04
4.954022e+03	4.047201e-04
4.959001e+03	4.063158e-04
4.963980e+03	4.079146e-04
4.968959e+03	4.095165e-04
4.973938e+03	4.111215e-04
4.978917e+03	4.127297e-04
4.983896e+03	4.143410e-04
4.988875e+03	4.159553e-04
4.993853e+03	4.175727e-04
4.998832e+03	4.191932e-04
5.003811e+03	4.208167e-04
5.008790e+03	4.224433e-04
5.013769e+03	4.240728e-04
5.018748e+03	4.257054e-04
5.023727e+03	4.273410e-04
5.028706e+03	4.289796e-04
5.033685e+03	4.306211e-04
5.038664e+03	4.322655e-04
5.043643e+03	4.339129e-04
5.048622e+03	4.355633e-04
5.053600e+03	4.372165e-04
5.058579e+03	4.388726e-04
5.063558e+03	4.405316e-04
5.068537e+03	4.421935e-04
5.073516e+03	4.438582e-04
5.078495e+03	4.455257e-04
5.083474e+03	4.471961e-04
5.088453e+03	4.488693e-04
5.093432e+03	4.505452e-04
5.098411e+03	4.522240e-04
5.103390e+03	4.539055e-04
5.108369e+03	4.555897e-04
5.113347e+03	4.572767e-04
5.118326e+03	4.589663e-04
5.123305e+03	4.606587e-04
5.128284e+03	4.623537e-04
5.133263e+03	4.640514e-04
5.138242e+03	4.657518e-04
5.143221e+03	4.674547e-04
5.148200e+03	4.691603e-04
5.153179e+03	4.708685e-04
5.158158e+03	4.725793e-04
5.163137e+03	4.742926e-04
5.168116e+03	4.760084e-04
5.173094e+03	4.777268e-04
5.178073e+03	4.794477e-04
5.183052e+03	4.811711e-04
5.188031e+03	4.828970e-04
5.193010e+03	4.846253e-04
5.197989e+03	4.863561e-04
5.202968e+03	4.880892e-04
5.207947e+03	4.898248e-04
5.212926e+03	4.915628e-04
5.217905e+03	4.933031e-04
5.222884e+03	4.950458e-04
5.227863e+03	4.967908e-04
5.232841e+03	4.985381e-04
5.237820e+03	5.002877e-04
5.242799e+03	5.020396e-04
5.247778e+03	5.037937e-04
5.252757e+03	5.055500e-04
5.257736e+03	5.073086e-04
5.262715e+03	5.090694e-04
5.267694e+03	5.108323e-04
5.272673e+03	5.125974e-04
5.277652e+03	5.143647e-04
5.282631e+03	5.161340e-04
5.287610e+03	5.179055e-04
5.292588e+03	5.196790e-04
5.297567e+03	5.214545e-04
5.302546e+03	5.232322e-04
5.307525e+03	5.250118e-04
5.312504e+03	5.267934e-04
5.317483e+03	5.285770e-04
5.322462e+03	5.303625e-04
5.327441e+03	5.321500e-04
5.332420e+03	5.339394e-04
5.337399e+03	5.357307e-04
5.342378e+03	5.375238e-04
5.347357e+03	5.393188e-04
5.352335e+03	5.411156e-04
5.357314e+03	5.429142e-04
5.362293e+03	5.447146e-04
5.367272e+03	5.465167e-04
5.372251e+03	5.483206e-04
5.377230e+03	5.501262e-04
5.382209e+03	5.519335e-04
5.387188e+03	5.537425e-04
5.392167e+03	5.555531e-04
5.397146e+03	5.573654e-04
5.402125e+03	5.591792e-04
5.407104e+03	5.609946e-04
5.412082e+03	5.628116e-04
5.417061e+03	5.646301e-04
5.422040e+03	5.664502e-04
5.427019e+03	5.682717e-04
5.431998e+03	5.700946e-04
5.436977e+03	5.719191e-04
5.441956e+03	5.737449e-04
5.446935e+03	5.755721e-04
5.451914e+03	5.774007e-04
5.456893e+03	5.792307e-04
5.461872e+03	5.810619e-04
5.466851e+03	5.828945e-04
5.471829e+03	5.847284e-04
5.476808e+03	5.865634e-04
5.481787e+03	5.883998e-04
5.486766e+03	5.902373e-04
5.491745e+03	5.920760e-04
5.496724e+03	5.939158e-04
5.501703e+03	5.957568e-04
5.506682e+03	5.975989e-04
5.511661e+03	5.994420e-04
5.516640e+03	6.012862e-04
5.521619e+03	6.031314e-04
5.526598e+03	6.049776e-04
5.531576e+03	6.068249e-04
5.536555e+03	6.086730e-04
5.541534e+03	6.105221e-04
5.546513e+03	6.123721e-04
5.551492e+03	6.142229e-04
5.556471e+03	6.160746e-04
5.561450e+03	6.179271e-04
5.566429e+03	6.197804e-04
5.571408e+03	6.216345e-04
5.576387e+03	6.234893e-04
5.581366e+03	6.253448e-04
5.586345e+03	6.272011e-04
5.591323e+03	6.290580e-04
5.596302e+03	6.309155e-04
5.601281e+03	6.327736e-04
5.606260e+03	6.346323e-04
5.611239e+03	6.364916e-04
5.616218e+03	6.383514e-04
5.621197e+03	6.402117e-04
5.626176e+03	6.420725e-04
5.631155e+03	6.439337e-04
5.636134e+03	6.457953e-04
5.641113e+03	6.476573e-04
5.646092e+03	6.495197e-04
5.651070e+03	6.513825e-04
5.656049e+03	6.532455e-04
5.661028e+03	6.551088e-04
5.666007e+03	6.569724e-04
5.670986e+03	6.588362e-04
5.675965e+03	6.607002e-04
5.680944e+03	6.625643e-04
5.685923e+03	6.644286e-04
5.690902e+03	6.662930e-04
5.695881e+03	6.681575e-04
5.700860e+03	6.700221e-04
5.705839e+03	6.718867e-04
5.710817e+03	6.737512e-04
5.715796e+03	6.756158e-04
5.720775e+03	6.774802e-04
5.725754e+03	6.793446e-04
5.730733e+03	6.812089e-04
5.735712e+03	6.830730e-04
5.740691e+03	6.849370e-04
5.745670e+03	6.868007e-04
5.750649e+03	6.886642e-04
5.755628e+03	6.905274e-04
5.760607e+03	6.923904e-04
5.765586e+03	6.942530e-04
5.770564e+03	6.961153e-04
5.775543e+03	6.979772e-04
5.780522e+03	6.998386e-04
5.785501e+03	7.016997e-04
5.790480e+03	7.035602e-04
5.795459e+03	7.054203e-04
5.800438e+03	7.072798e-04
5.805417e+03	7.091388e-04
5.810396e+03	7.109971e-04
5.815375e+03	7.128549e-04
5.820354e+03	7.147120e-04
5.825333e+03	7.165684e-04
5.830311e+03	7.184241e-04
5.835290e+03	7.202790e-04
5.840269e+03	7.221332e-04
5.845248e+03	7.239866e-04
5.850227e+03	7.258391e-04
5.855206e+03	7.276907e-04
5.860185e+03	7.295415e-04
5.865164e+03	7.313913e-04
5.870143e+03	7.332402e-04
5.875122e+03	7.350881e-04
5.880101e+03	7.369350e-04
5.885080e+03	7.387808e-04
5.890058e+03	7.406255e-04
5.895037e+03	7.424691e-04
5.900016e+03	7.443116e-04
5.904995e+03	7.461529e-04
5.909974e+03	7.479930e-04
5.914953e+03	7.498318e-04
5.919932e+03	7.516694e-04
5.924911e+03	7.535056e-04
5.929890e+03	7.553406e-04
5.934869e+03	7.571741e-04
5.939848e+03	7.590063e-04
5.944827e+03	7.608371e-04
5.949805e+03	7.626663e-04
5.954784e+03	7.644941e-04
5.959763e+03	7.663204e-04
5.964742e+03	7.681451e-04
5.969721e+03	7.699682e-04
5.974700e+03	7.717897e-04
5.979679e+03	7.736095e-04
5.984658e+03	7.754277e-04
5.989637e+03	7.772441e-04
5.994616e+03	7.790588e-04
5.999595e+03	7.808717e-04
6.004574e+03	7.826828e-04
6.009552e+03	7.844921e-04
6.014531e+03	7.862995e-04
6.019510e+03	7.881050e-04
6.024489e+03	7.899085e-04
6.029468e+03	7.917100e-04
6.034447e+03	7.935096e-04
6.039426e+03	7.953071e-04
6.044405e+03	7.971026e-04
6.049384e+03	7.988959e-04
6.054363e+03	8.006871e-04
6.059342e+03	8.024761e-04
6.064321e+03	8.042630e-04
6.069299e+03	8.060476e-04
6.074278e+03	8.078299e-04
6.079257e+03	8.096100e-04
6.084236e+03	8.113877e-04
6.089215e+03	8.131630e-04
6.094194e+03	8.149360e-04
6.099173e+03	8.167065e-04
6.104152e+03	8.184746e-04
6.109131e+03	8.202401e-04
6.114110e+03	8.220032e-04
6.119089e+03	8.237637e-04
6.124068e+03	8.255216e-04
6.129046e+03	8.272769e-04
6.134025e+03	8.290295e-04
6.139004e+03	8.307794e-04
6.143983e+03	8.325266e-04
6.148962e+03	8.342711e-04
6.153941e+03	8.360128e-04
6.158920e+03	8.377516e-04
6.163899e+03	8.394876e-04
6.168878e+03	8.412207e-04
6.173857e+03	8.429509e-04
6.178836e+03	8.446782e-04
6.183815e+03	8.464024e-04
6.188793e+03	8.481237e-04
6.193772e+03	8.498419e-04
6.198751e+03	8.515570e-04
6.203730e+03	8.532690e-04
6.208709e+03	8.549778e-04
6.213688e+03	8.566835e-04
6.218667e+03	8.583860e-04
6.223646e+03	8.600852e-04
6.228625e+03	8.617812e-04
6.233604e+03	8.634738e-04
6.238583e+03	8.651631e-04
6.243562e+03	8.668490e-04
6.248540e+03	8.685315e-04
6.253519e+03	8.702106e-04
6.258498e+03	8.718862e-04
6.263477e+03	8.735583e-04
6.268456e+03	8.752268e-04
6.273435e+03	8.768918e-04
6.278414e+03	8.785532e-04
6.283393e+03	8.802110e-04
6.288372e+03	8.818650e-04
6.293351e+03	8.835154e-04
6.298330e+03	8.851621e-04
6.303309e+03	8.868050e-04
6.308287e+03	8.884440e-04
6.313266e+03	8.900793e-04
6.318245e+03	8.917107e-04
6.323224e+03	8.933382e-04
6.328203e+03	8.949618e-04
6.333182e+03	8.965814e-04
6.338161e+03	8.981970e-04
6.343140e+03	8.998086e-04
6.348119e+03	9.014162e-04
6.353098e+03	9.030197e-04
6.358077e+03	9.046190e-04
6.363056e+03	9.062142e-04
6.368034e+03	9.078052e-04
6.373013e+03	9.093920e-04
6.377992e+03	9.109746e-04
6.382971e+03	9.125529e-04
6.387950e+03	9.141268e-04
6.392929e+03	9.156965e-04
6.397908e+03	9.172617e-04
6.402887e+03	9.188226e-04
6.407866e+03	9.203790e-04
6.412845e+03	9.219309e-04
6.417824e+03	9.234784e-04
6.422803e+03	9.250213e-04
6.427781e+03	9.265596e-04
6.432760e+03	9.280934e-04
6.437739e+03	9.296225e-04
6.442718e+03	9.311470e-04
6.447697e+03	9.326668e-04
6.452676e+03	9.341819e-04
6.457655e+03	9.356922e-04
6.462634e+03	9.371978e-04
6.467613e+03	9.386985e-04
6.472592e+03	9.401944e-04
6.477571e+03	9.416854e-04
6.482550e+03	9.431715e-04
6.487528e+03	9.446527e-04
6.492507e+03	9.461289e-04
6.497486e+03	9.476002e-04
6.502465e+03	9.490664e-04
6.507444e+03	9.505275e-04
6.512423e+03	9.519836e-04
6.517402e+03	9.534345e-04
6.522381e+03	9.548803e-04
6.527360e+03	9.563209e-04
6.532339e+03	9.577563e-04
6.537318e+03	9.591865e-04
6.542297e+03	9.606114e-04
6.547275e+03	9.620310e-04
6.552254e+03	9.634453e-04
6.557233e+03	9.648542e-04
6.562212e+03	9.662578e-04
6.567191e+03	9.676559e-04
6.572170e+03	9.690486e-04
6.577149e+03	9.704358e-04
6.582128e+03	9.718175e-04
6.587107e+03	9.731937e-04
6.592086e+03	9.745643e-04
6.597065e+03	9.759294e-04
6.602044e+03	9.772888e-04
6.607022e+03	9.786425e-04
6.612001e+03	9.799906e-04
6.616980e+03	9.813330e-04
6.621959e+03	9.826696e-04
6.626938e+03	9.840005e-04
6.631917e+03	9.853256e-04
6.636896e+03	9.866449e-04
6.641875e+03	9.879583e-04
6.646854e+03	9.892659e-04
6.651833e+03	9.905675e-04
6.656812e+03	9.918632e-04
6.661791e+03	9.931530e-04
6.666769e+03	9.944368e-04
6.671748e+03	9.957146e-04
6.676727e+03	9.969863e-04
6.681706e+03	9.982519e-04
6.686685e+03	9.995115e-04
6.691664e+03	1.000765e-03
6.696643e+03	1.002012e-03
6.701622e+03	1.003253e-03
6.706601e+03	1.004488e-03
6.711580e+03	1.005717e-03
6.716559e+03	1.006939e-03
6.721538e+03	1.008155e-03
6.726516e+03	1.009365e-03
6.731495e+03	1.010569e-03
6.736474e+03	1.011766e-03
6.741453e+03	1.012957e-03
6.746432e+03	1.014141e-03
6.751411e+03	1.015319e-03
6.756390e+03	1.016490e-03
6.761369e+03	1.017655e-03
6.766348e+03	1.018814e-03
6.771327e+03	1.019966e-03
6.776306e+03	1.021111e-03
6.781285e+03	1.022250e-03
6.786263e+03	1.023382e-03
6.791242e+03	1.024507e-03
6.796221e+03	1.025626e-03
6.801200e+03	1.026738e-03
6.806179e+03	1.027844e-03
6.811158e+03	1.028942e-03
6.816137e+03	1.030034e-03
6.821116e+03	1.031119e-03
6.826095e+03	1.032198e-03
6.831074e+03	1.033269e-03
6.836053e+03	1.034334e-03
6.841032e+03	1.035391e-03
6.846010e+03	1.036442e-03
6.850989e+03	1.037486e-03
6.855968e+03	1.038523e-03
6.860947e+03	1.039553e-03
6.865926e+03	1.040576e-03
6.870905e+03	1.041592e-03
6.875884e+03	1.042601e-03
6.880863e+03	1.043603e-03
6.885842e+03	1.044597e-03
6.890821e+03	1.045585e-03
6.895800e+03	1.046566e-03
6.900779e+03	1.047539e-03
6.905757e+03	1.048505e-03
6.910736e+03	1.049464e-03
6.915715e+03	1.050416e-03
6.920694e+03	1.051360e-03
6.925673e+03	1.052298e-03
6.930652e+03	1.053228e-03
6.935631e+03	1.054150e-03
6.940610e+03	1.055066e-03
6.945589e+03	1.055974e-03
6.950568e+03	1.056875e-03
6.955547e+03	1.057768e-03
6.960526e+03	1.058654e-03
6.965504e+03	1.059532e-03
6.970483e+03	1.060403e-03
6.975462e+03	1.061267e-03
6.980441e+03	1.062123e-03
6.985420e+03	1.062972e-03
6.990399e+03	1.063813e-03
6.995378e+03	1.064646e-03
7.000357e+03	1.065472e-03
7.005336e+03	1.066290e-03
7.010315e+03	1.067101e-03
7.015294e+03	1.067904e-03
7.020273e+03	1.068700e-03
7.025251e+03	1.069488e-03
7.030230e+03	1.070268e-03
7.035209e+03	1.071041e-03
7.040188e+03	1.071806e-03
7.045167e+03	1.072563e-03
7.050146e+03	1.073312e-03
7.055125e+03	1.074054e-03
7.060104e+03	1.074788e-03
7.065083e+03	1.075514e-03
7.070062e+03	1.076232e-03
7.075041e+03	1.076942e-03
7.080020e+03	1.077645e-03
7.084998e+03	1.078340e-03
7.089977e+03	1.079027e-03
7.094956e+03	1.079706e-03
7.099935e+03	1.080377e-03
7.104914e+03	1.081040e-03
7.109893e+03	1.081696e-03
7.114872e+03	1.082343e-03
7.119851e+03	1.082982e-03
7.124830e+03	1.083614e-03
7.129809e+03	1.084237e-03
7.134788e+03	1.084853e-03
7.139767e+03	1.085460e-03
7.144745e+03	1.086059e-03
7.149724e+03	1.086651e-03
7.154703e+03	1.087234e-03
7.159682e+03	1.087809e-03
7.164661e+03	1.088376e-03
7.169640e+03	1.088935e-03
7.174619e+03	1.089486e-03
7.179598e+03	1.090029e-03
7.184577e+03	1.090564e-03
7.189556e+03	1.091090e-03
7.194535e+03	1.091609e-03
7.199514e+03	1.092119e-03
7.204492e+03	1.092621e-03
7.209471e+03	1.093115e-03
7.214450e+03	1.093601e-03
7.219429e+03	1.094078e-03
7.224408e+03	1.094547e-03
7.229387e+03	1.095008e-03
7.234366e+03	1.095461e-03
7.239345e+03	1.095905e-03
7.244324e+03	1.096341e-03
7.249303e+03	1.096769e-03
7.254282e+03	1.097189e-03
7.259261e+03	1.097600e-03
7.264239e+03	1.098003e-03
7.269218e+03	1.098398e-03
7.274197e+03	1.098784e-03
7.279176e+03	1.099162e-03
7.284155e+03	1.099532e-03
7.289134e+03	1.099894e-03
7.294113e+03	1.100247e-03
7.299092e+03	1.100591e-03
7.304071e+03	1.100927e-03
7.309050e+03	1.101255e-03
7.314029e+03	1.101575e-03
7.319008e+03	1.101886e-03
7.323986e+03	1.102188e-03
7.328965e+03	1.102483e-03
7.333944e+03	1.102769e-03
7.338923e+03	1.103046e-03
7.343902e+03	1.103315e-03
7.348881e+03	1.103576e-03
7.353860e+03	1.103828e-03
7.358839e+03	1.104071e-03
7.363818e+03	1.104306e-03
7.368797e+03	1.104533e-03
7.373776e+03	1.104751e-03
7.378755e+03	1.104961e-03
7.383733e+03	1.105163e-03
7.388712e+03	1.105355e-03
7.393691e+03	1.105540e-03
7.398670e+03	1.105716e-03
7.403649e+03	1.105883e-03
7.408628e+03	1.106042e-03
7.413607e+03	1.106192e-03
7.418586e+03	1.106334e-03
7.423565e+03	1.106467e-03
7.428544e+03	1.106592e-03
7.433523e+03	1.106709e-03
7.438502e+03	1.106816e-03
7.443480e+03	1.106916e-03
7.448459e+03	1.107007e-03
7.453438e+03	1.107089e-03
7.458417e+03	1.107162e-03
7.463396e+03	1.107228e-03
7.468375e+03	1.107284e-03
7.473354e+03	1.107332e-03
7.478333e+03	1.107372e-03
7.483312e+03	1.107403e-03
7.488291e+03	1.107426e-03
7.493270e+03	1.107440e-03
7.498249e+03	1.107445e-03
7.503227e+03	1.107442e-03
7.508206e+03	1.107431e-03
7.513185e+03	1.107410e-03
7.518164e+03	1.107382e-03
7.523143e+03	1.107345e-03
7.528122e+03	1.107299e-03
7.533101e+03	1.107245e-03
7.538080e+03	1.107182e-03
7.543059e+03	1.107111e-03
7.548038e+03	1.107031e-03
7.553017e+03	1.106942e-03
7.557996e+03	1.106846e-03
7.562974e+03	1.106740e-03
7.567953e+03	1.106626e-03
7.572932e+03	1.106504e-03
7.577911e+03	1.106373e-03
7.582890e+03	1.106233e-03
7.587869e+03	1.106085e-03
7.592848e+03	1.105929e-03
7.597827e+03	1.105764e-03
7.602806e+03	1.105591e-03
7.607785e+03	1.105409e-03
7.612764e+03	1.105218e-03
7.617743e+03	1.105019e-03
7.622721e+03	1.104812e-03
7.627700e+03	1.104596e-03
7.632679e+03	1.104372e-03
7.637658e+03	1.104139e-03
7.642637e+03	1.103898e-03
7.647616e+03	1.103648e-03
7.652595e+03	1.103390e-03
7.657574e+03	1.103123e-03
7.662553e+03	1.102848e-03
7.667532e+03	1.102565e-03
7.672511e+03	1.102273e-03
7.677490e+03	1.101973e-03
7.682468e+03	1.101664e-03
7.687447e+03	1.101347e-03
7.692426e+03	1.101021e-03
7.697405e+03	1.100688e-03
7.702384e+03	1.100345e-03
7.707363e+03	1.099995e-03
7.712342e+03	1.099636e-03
7.717321e+03	1.099268e-03
7.722300e+03	1.098893e-03
7.727279e+03	1.098509e-03
7.732258e+03	1.098116e-03
7.737237e+03	1.097716e-03
7.742215e+03	1.097307e-03
7.747194e+03	1.096889e-03
7.752173e+03	1.096464e-03
7.757152e+03	1.096030e-03
7.762131e+03	1.095588e-03
7.767110e+03	1.095138e-03
7.772089e+03	1.094679e-03
7.777068e+03	1.094212e-03
7.782047e+03	1.093737e-03
7.787026e+03	1.093254e-03
7.792005e+03	1.092762e-03
7.796984e+03	1.092263e-03
7.801962e+03	1.091755e-03
7.806941e+03	1.091239e-03
7.811920e+03	1.090714e-03
7.816899e+03	1.090182e-03
7.821878e+03	1.089641e-03
7.826857e+03	1.089093e-03
7.831836e+03	1.088536e-03
7.836815e+03	1.087971e-03
7.841794e+03	1.087398e-03
7.846773e+03	1.086817e-03
7.851752e+03	1.086228e-03
7.856731e+03	1.085631e-03
7.861709e+03	1.085026e-03
7.866688e+03	1.084413e-03
7.871667e+03	1.083792e-03
7.876646e+03	1.083162e-03
7.881625e+03	1.082525e-03
7.886604e+03	1.081880e-03
7.891583e+03	1.081227e-03
7.896562e+03	1.080566e-03
7.901541e+03	1.079897e-03
7.906520e+03	1.079221e-03
7.911499e+03	1.078536e-03
7.916478e+03	1.077843e-03
7.921456e+03	1.077143e-03
7.926435e+03	1.076435e-03
7.931414e+03	1.075719e-03
7.936393e+03	1.074995e-03
7.941372e+03	1.074263e-03
7.946351e+03	1.073524e-03
7.951330e+03	1.072776e-03
7.956309e+03	1.072021e-03
7.961288e+03	1.071259e-03
7.966267e+03	1.070488e-03
7.971246e+03	1.069710e-03
7.976225e+03	1.068925e-03
7.981203e+03	1.068131e-03
7.986182e+03	1.067330e-03
7.991161e+03	1.066522e-03
7.996140e+03	1.065705e-03
8.001119e+03	1.064882e-03
8.006098e+03	1.064050e-03
8.011077e+03	1.063211e-03
8.016056e+03	1.062365e-03
8.021035e+03	1.061511e-03
8.026014e+03	1.060649e-03
8.030993e+03	1.059780e-03
8.035972e+03	1.058904e-03
8.040950e+03	1.058020e-03
8.045929e+03	1.057129e-03
8.050908e+03	1.056231e-03
8.055887e+03	1.055325e-03
8.060866e+03	1.054411e-03
8.065845e+03	1.053491e-03
8.070824e+03	1.052563e-03
8.075803e+03	1.051628e-03
8.080782e+03	1.050685e-03
8.085761e+03	1.049735e-03
8.090740e+03	1.048778e-03
8.095719e+03	1.047814e-03
8.100697e+03	1.046843e-03
8.105676e+03	1.045864e-03
8.110655e+03	1.044879e-03
8.115634e+03	1.043886e-03
8.120613e+03	1.042886e-03
8.125592e+03	1.041879e-03
8.130571e+03	1.040865e-03
8.135550e+03	1.039844e-03
8.140529e+03	1.038816e-03
8.145508e+03	1.037781e-03
8.150487e+03	1.036739e-03
8.155466e+03	1.035691e-03
8.160444e+03	1.034635e-03
8.165423e+03	1.033572e-03
8.170402e+03	1.032503e-03
8.175381e+03	1.031426e-03
8.180360e+03	1.030343e-03
8.185339e+03	1.029253e-03
8.190318e+03	1.028156e-03
8.195297e+03	1.027053e-03
8.200276e+03	1.025943e-03
8.205255e+03	1.024826e-03
8.210234e+03	1.023702e-03
8.215213e+03	1.022572e-03
8.220191e+03	1.021435e-03
8.225170e+03	1.020292e-03
8.230149e+03	1.019142e-03
8.235128e+03	1.017985e-03
8.240107e+03	1.016822e-03
8.245086e+03	1.015652e-03
8.250065e+03	1.014476e-03
8.255044e+03	1.013294e-03
8.260023e+03	1.012105e-03
8.265002e+03	1.010910e-03
8.269981e+03	1.009708e-03
8.274960e+03	1.008500e-03
8.279938e+03	1.007286e-03
8.284917e+03	1.006065e-03
8.289896e+03	1.004838e-03
8.294875e+03	1.003605e-03
8.299854e+03	1.002365e-03
8.304833e+03	1.001120e-03
8.309812e+03	9.998683e-04
8.314791e+03	9.986104e-04
8.319770e+03	9.973465e-04
8.324749e+03	9.960765e-04
8.329728e+03	9.948005e-04
8.334707e+03	9.935184e-04
8.339685e+03	9.922303e-04
8.344664e+03	9.909363e-04
8.349643e+03	9.896363e-04
8.354622e+03	9.883304e-04
8.359601e+03	9.870187e-04
8.364580e+03	9.857011e-04
8.369559e+03	9.843776e-04
8.374538e+03	9.830484e-04
8.379517e+03	9.817134e-04
8.384496e+03	9.803726e-04
8.389475e+03	9.790261e-04
8.394454e+03	9.776740e-04
8.399432e+03	9.763162e-04
8.404411e+03	9.749528e-04
8.409390e+03	9.735837e-04
8.414369e+03	9.722091e-04
8.419348e+03	9.708290e-04
8.424327e+03	9.694433e-04
8.429306e+03	9.680522e-04
8.434285e+03	9.666556e-04
8.439264e+03	9.652536e-04
8.444243e+03	9.638462e-04
8.449222e+03	9.624334e-04
8.454201e+03	9.610153e-04
8.459179e+03	9.595919e-04
8.464158e+03	9.581632e-04
8.469137e+03	9.567293e-04
8.474116e+03	9.552902e-04
8.479095e+03	9.538458e-04
8.484074e+03	9.523964e-04
8.489053e+03	9.509418e-04
8.494032e+03	9.494821e-04
8.499011e+03	9.480173e-04
8.503990e+03	9.465475e-04
8.508969e+03	9.450727e-04
8.513948e+03	9.435929e-04
8.518926e+03	9.421082e-04
8.523905e+03	9.406186e-04
8.528884e+03	9.391240e-04
8.533863e+03	9.376247e-04
8.538842e+03	9.361205e-04
8.543821e+03	9.346115e-04
8.548800e+03	9.330978e-04
8.553779e+03	9.315793e-04
8.558758e+03	9.300562e-04
8.563737e+03	9.285284e-04
8.568716e+03	9.269959e-04
8.573695e+03	9.254589e-04
8.578673e+03	9.239172e-04
8.583652e+03	9.223711e-04
8.588631e+03	9.208204e-04
8.593610e+03	9.192653e-04
8.598589e+03	9.177057e-04
8.603568e+03	9.161417e-04
8.608547e+03	9.145733e-04
8.613526e+03	9.130005e-04
8.618505e+03	9.114235e-04
8.623484e+03	9.098421e-04
8.628463e+03	9.082565e-04
8.633442e+03	9.066667e-04
8.638420e+03	9.050727e-04
8.643399e+03	9.034745e-04
8.648378e+03	9.018722e-04
8.653357e+03	9.002658e-04
8.658336e+03	8.986554e-04
8.663315e+03	8.970409e-04
8.668294e+03	8.954224e-04
8.673273e+03	8.937999e-04
8.678252e+03	8.921735e-04
8.683231e+03	8.905432e-04
8.688210e+03	8.889091e-04
8.693189e+03	8.872711e-04
8.698167e+03	8.856293e-04
8.703146e+03	8.839837e-04
8.708125e+03	8.823344e-04
8.713104e+03	8.806813e-04
8.718083e+03	8.790246e-04
8.723062e+03	8.773643e-04
8.728041e+03	8.757003e-04
8.733020e+03	8.740327e-04
8.737999e+03	8.723616e-04
8.742978e+03	8.706870e-04
8.747957e+03	8.690090e-04
8.752936e+03	8.673274e-04
8.757914e+03	8.656425e-04
8.762893e+03	8.639541e-04
8.767872e+03	8.622624e-04
8.772851e+03	8.605674e-04
8.777830e+03	8.588691e-04
8.782809e+03	8.571676e-04
8.787788e+03	8.554628e-04
8.792767e+03	8.537549e-04
8.797746e+03	8.520437e-04
8.802725e+03	8.503295e-04
8.807704e+03	8.486122e-04
8.812683e+03	8.468918e-04
8.817661e+03	8.451684e-04
8.822640e+03	8.434420e-04
8.827619e+03	8.417126e-04
8.832598e+03	8.399803e-04
8.837577e+03	8.382452e-04
8.842556e+03	8.365071e-04
8.847535e+03	8.347662e-04
8.852514e+03	8.330226e-04
8.857493e+03	8.312761e-04
8.862472e+03	8.295270e-04
8.867451e+03	8.277751e-04
8.872430e+03	8.260206e-04
8.877408e+03	8.242634e-04
8.882387e+03	8.225037e-04
8.887366e+03	8.207414e-04
8.892345e+03	8.189765e-04
8.897324e+03	8.172091e-04
8.902303e+03	8.154393e-04
8.907282e+03	8.136670e-04
8.912261e+03	8.118924e-04
8.917240e+03	8.101153e-04
8.922219e+03	8.083359e-04
8.927198e+03	8.065542e-04
8.932177e+03	8.047703e-04
8.937156e+03	8.029841e-04
8.942134e+03	8.011957e-04
8.947113e+03	7.994051e-04
8.952092e+03	7.976123e-04
8.957071e+03	7.958175e-04
8.962050e+03	7.940205e-04
8.967029e+03	7.922216e-04
8.972008e+03	7.904206e-04
8.976987e+03	7.886176e-04
8.981966e+03	7.868127e-04
8.986945e+03	7.850058e-04
8.991924e+03	7.831971e-04
8.996903e+03	7.813865e-04
9.001881e+03	7.795741e-04
9.006860e+03	7.777599e-04
9.011839e+03	7.759440e-04
9.016818e+03	7.741263e-04
9.021797e+03	7.723069e-04
9.026776e+03	7.704859e-04
9.031755e+03	7.686633e-04
9.036734e+03	7.668390e-04
9.041713e+03	7.650132e-04
9.046692e+03	7.631858e-04
9.051671e+03	7.613570e-04
9.056650e+03	7.595266e-04
9.061628e+03	7.576949e-04
9.066607e+03	7.558617e-04
9.071586e+03	7.540272e-04
9.076565e+03	7.521913e-04
9.081544e+03	7.503541e-04
9.086523e+03	7.485156e-04
9.091502e+03	7.466759e-04
9.096481e+03	7.448349e-04
9.101460e+03	7.429928e-04
9.106439e+03	7.411495e-04
9.111418e+03	7.393051e-04
9.116397e+03	7.374596e-04
9.121375e+03	7.356130e-04
9.126354e+03	7.337654e-04
9.131333e+03	7.319168e-04
9.136312e+03	7.300672e-04
9.141291e+03	7.282167e-04
9.146270e+03	7.263653e-04
9.151249e+03	7.245130e-04
9.156228e+03	7.226599e-04
9.161207e+03	7.208059e-04
9.166186e+03	7.189512e-04
9.171165e+03	7.170957e-04
9.176144e+03	7.152395e-04
9.181122e+03	7.133826e-04
9.186101e+03	7.115250e-04
9.191080e+03	7.096669e-04
9.196059e+03	7.078081e-04
9.201038e+03	7.059487e-04
9.206017e+03	7.040888e-04
9.210996e+03	7.022284e-04
9.215975e+03	7.003675e-04
9.220954e+03	6.985061e-04
9.225933e+03	6.966444e-04
9.230912e+03	6.947822e-04
9.235891e+03	6.929197e-04
9.240869e+03	6.910568e-04
9.245848e+03	6.891937e-04
9.250827e+03	6.873302e-04
9.255806e+03	6.854665e-04
9.260785e+03	6.836027e-04
9.265764e+03	6.817386e-04
9.270743e+03	6.798743e-04
9.275722e+03	6.780100e-04
9.280701e+03	6.761455e-04
9.285680e+03	6.742810e-04
9.290659e+03	6.724164e-04
9.295638e+03	6.705519e-04
9.300616e+03	6.686873e-04
9.305595e+03	6.668228e-04
9.310574e+03	6.649584e-04
9.315553e+03	6.630940e-04
9.320532e+03	6.612298e-04
9.325511e+03	6.593658e-04
9.330490e+03	6.575019e-04
9.335469e+03	6.556383e-04
9.340448e+03	6.537749e-04
9.345427e+03	6.519118e-04
9.350406e+03	6.500490e-04
9.355385e+03	6.481865e-04
9.360363e+03	6.463244e-04
9.365342e+03	6.444626e-04
9.370321e+03	6.426013e-04
9.375300e+03	6.407404e-04
9.380279e+03	6.388799e-04
9.385258e+03	6.370200e-04
9.390237e+03	6.351606e-04
9.395216e+03	6.333017e-04
9.400195e+03	6.314434e-04
9.405174e+03	6.295857e-04
9.410153e+03	6.277286e-04
9.415132e+03	6.258722e-04
9.420110e+03	6.240165e-04
9.425089e+03	6.221614e-04
9.430068e+03	6.203072e-04
9.435047e+03	6.184536e-04
9.440026e+03	6.166009e-04
9.445005e+03	6.147489e-04
9.449984e+03	6.128979e-04
9.454963e+03	6.110476e-04
9.459942e+03	6.091983e-04
9.464921e+03	6.073499e-04
9.469900e+03	6.055024e-04
9.474879e+03	6.036559e-04
9.479857e+03	6.018104e-04
9.484836e+03	5.999659e-04
9.489815e+03	5.981225e-04
9.494794e+03	5.962801e-04
9.499773e+03	5.944388e-04
9.504752e+03	5.925986e-04
9.509731e+03	5.907596e-04
9.514710e+03	5.889217e-04
9.519689e+03	5.870851e-04
9.524668e+03	5.852496e-04
9.529647e+03	5.834154e-04
9.534626e+03	5.815825e-04
9.539604e+03	5.797509e-04
9.544583e+03	5.779206e-04
9.549562e+03	5.760916e-04
9.554541e+03	5.742639e-04
9.559520e+03	5.724377e-04
9.564499e+03	5.706129e-04
9.569478e+03	5.687895e-04
9.574457e+03	5.669676e-04
9.579436e+03	5.651471e-04
9.584415e+03	5.633282e-04
9.589394e+03	5.615107e-04
9.594373e+03	5.596949e-04
9.599351e+03	5.578806e-04
9.604330e+03	5.560679e-04
9.609309e+03	5.542568e-04
9.614288e+03	5.524474e-04
9.619267e+03	5.506396e-04
9.624246e+03	5.488335e-04
9.629225e+03	5.470291e-04
9.634204e+03	5.452265e-04
9.639183e+03	5.434256e-04
9.644162e+03	5.416265e-04
9.649141e+03	5.398291e-04
9.654120e+03	5.380336e-04
9.659098e+03	5.362400e-04
9.664077e+03	5.344482e-04
9.669056e+03	5.326582e-04
9.674035e+03	5.308702e-04
9.679014e+03	5.290841e-04
9.683993e+03	5.273000e-04
9.688972e+03	5.255178e-04
9.693951e+03	5.237376e-04
9.698930e+03	5.219594e-04
9.703909e+03	5.201833e-04
9.708888e+03	5.184092e-04
9.713867e+03	5.166371e-04
9.718845e+03	5.148672e-04
9.723824e+03	5.130993e-04
9.728803e+03	5.113336e-04
9.733782e+03	5.095701e-04
9.738761e+03	5.078087e-04
9.743740e+03	5.060495e-04
9.748719e+03	5.042925e-04
9.753698e+03	5.025377e-04
9.758677e+03	5.007852e-04
9.763656e+03	4.990350e-04
9.768635e+03	4.972870e-04
9.773614e+03	4.955414e-04
9.778592e+03	4.937980e-04
9.783571e+03	4.920570e-04
9.788550e+03	4.903184e-04
9.793529e+03	4.885821e-04
9.798508e+03	4.868483e-04
9.803487e+03	4.851168e-04
9.808466e+03	4.833878e-04
9.813445e+03	4.816613e-04
9.818424e+03	4.799372e-04
9.823403e+03	4.782156e-04
9.828382e+03	4.764964e-04
9.833361e+03	4.747799e-04
9.838339e+03	4.730658e-04
9.843318e+03	4.713543e-04
9.848297e+03	4.696454e-04
9.853276e+03	4.679391e-04
9.858255e+03	4.662354e-04
9.863234e+03	4.645343e-04
9.868213e+03	4.628358e-04
9.873192e+03	4.611400e-04
9.878171e+03	4.594469e-04
9.883150e+03	4.577565e-04
9.888129e+03	4.560688e-04
9.893108e+03	4.543837e-04
9.898086e+03	4.527015e-04
9.903065e+03	4.510220e-04
9.908044e+03	4.493452e-04
9.913023e+03	4.476712e-04
9.918002e+03	4.460001e-04
9.922981e+03	4.443317e-04
9.927960e+03	4.426662e-04
9.932939e+03	4.410035e-04
9.937918e+03	4.393437e-04
9.942897e+03	4.376868e-04
9.947876e+03	4.360327e-04
9.952855e+03	4.343816e-04
9.957833e+03	4.327333e-04
9.962812e+03	4.310880e-04
9.967791e+03	4.294457e-04
9.972770e+03	4.278063e-04
9.977749e+03	4.261699e-04
9.982728e+03	4.245364e-04
9.987707e+03	4.229060e-04
9.992686e+03	4.212786e-04
9.997665e+03	4.196542e-04
1.000264e+04	4.180329e-04
1.000762e+04	4.164146e-04
1.001260e+04	4.147993e-04
1.001758e+04	4.131872e-04
1.002256e+04	4.115782e-04
1.002754e+04	4.099722e-04
1.003252e+04	4.083694e-04
1.003750e+04	4.067697e-04
1.004248e+04	4.051732e-04
1.004745e+04	4.035798e-04
1.005243e+04	4.019896e-04
1.005741e+04	4.004025e-04
1.006239e+04	3.988187e-04
1.006737e+04	3.972381e-04
1.007235e+04	3.956606e-04
1.007733e+04	3.940864e-04
1.008231e+04	3.925155e-04
1.008729e+04	3.909478e-04
1.009226e+04	3.893833e-04
1.009724e+04	3.878222e-04
1.010222e+04	3.862643e-04
1.010720e+04	3.847097e-04
1.011218e+04	3.831584e-04
1.011716e+04	3.816104e-04
1.012214e+04	3.800657e-04
1.012712e+04	3.785244e-04
1.013210e+04	3.769865e-04
1.013707e+04	3.754518e-04
1.014205e+04	3.739206e-04
1.014703e+04	3.723927e-04
1.015201e+04	3.708682e-04
1.015699e+04	3.693471e-04
1.016197e+04	3.678294e-04
1.016695e+04	3.663152e-04
1.017193e+04	3.648043e-04
1.017691e+04	3.632969e-04
1.018188e+04	3.617929e-04
1.018686e+04	3.602924e-04
1.019184e+04	3.587953e-04
1.019682e+04	3.573017e-04
1.020180e+04	3.558116e-04
1.020678e+04	3.543249e-04
1.021176e+04	3.528418e-04
1.021674e+04	3.513621e-04
1.022172e+04	3.498860e-04
1.022669e+04	3.484133e-04
1.023167e+04	3.469442e-04
1.023665e+04	3.454787e-04
1.024163e+04	3.440166e-04
1.024661e+04	3.425581e-04
1.025159e+04	3.411032e-04
1.025657e+04	3.396519e-04
1.026155e+04	3.382041e-04
1.026653e+04	3.367598e-04
1.027151e+04	3.353192e-04
1.027648e+04	3.338822e-04
1.028146e+04	3.324487e-04
1.028644e+04	3.310189e-04
1.029142e+04	3.295926e-04
1.029640e+04	3.281700e-04
1.030138e+04	3.267510e-04
1.030636e+04	3.253356e-04
1.031134e+04	3.239239e-04
1.031632e+04	3.225158e-04
1.032129e+04	3.211114e-04
1.032627e+04	3.197106e-04
1.033125e+04	3.183134e-04
1.033623e+04	3.169200e-04
1.034121e+04	3.155302e-04
1.034619e+04	3.141440e-04
1.035117e+04	3.127616e-04
1.035615e+04	3.113828e-04
1.036113e+04	3.100077e-04
1.036610e+04	3.086364e-04
1.037108e+04	3.072687e-04
1.037606e+04	3.059047e-04
1.038104e+04	3.045444e-04
1.038602e+04	3.031879e-04
1.039100e+04	3.018350e-04
1.039598e+04	3.004859e-04
1.040096e+04	2.991405e-04
1.040594e+04	2.977988e-04
1.041091e+04	2.964609e-04
1.041589e+04	2.951267e-04
1.042087e+04	2.937963e-04
1.042585e+04	2.924695e-04
1.043083e+04	2.911466e-04
1.043581e+04	2.898274e-04
1.044079e+04	2.885119e-04
1.044577e+04	2.872002e-04
1.045075e+04	2.858923e-04
1.045573e+04	2.845881e-04
1.046070e+04	2.832877e-04
1.046568e+04	2.819910e-04
1.047066e+04	2.806982e-04
1.047564e+04	2.794091e-04
1.048062e+04	2.781237e-04
1.048560e+04	2.768422e-04
1.049058e+04	2.755644e-04
1.049556e+04	2.742905e-04
1.050054e+04	2.730203e-04
1.050551e+04	2.717539e-04
1.051049e+04	2.704913e-04
1.051547e+04	2.692324e-04
1.052045e+04	2.679774e-04
1.052543e+04	2.667262e-04
1.053041e+04	2.654788e-04
1.053539e+04	2.642351e-04
1.054037e+04	2.629953e-04
1.054535e+04	2.617592e-04
1.055032e+04	2.605270e-04
1.055530e+04	2.592986e-04
1.056028e+04	2.580740e-04
1.056526e+04	2.568531e-04
1.057024e+04	2.556361e-04
1.057522e+04	2.544229e-04
1.058020e+04	2.532135e-04
1.058518e+04	2.520079e-04
1.059016e+04	2.508061e-04
1.059513e+04	2.496081e-04
1.060011e+04	2.484139e-04
1.060509e+04	2.472236e-04
1.061007e+04	2.460370e-04
1.061505e+04	2.448543e-04
1.062003e+04	2.436753e-04
1.062501e+04	2.425002e-04
1.062999e+04	2.413289e-04
1.063497e+04	2.401613e-04
1.063995e+04	2.389976e-04
1.064492e+04	2.378377e-04
1.064990e+04	2.366816e-04
1.065488e+04	2.355293e-04
1.065986e+04	2.343808e-04
1.066484e+04	2.332361e-04
1.066982e+04	2.320952e-04
1.067480e+04	2.309582e-04
1.067978e+04	2.298249e-04
1.068476e+04	2.286954e-04
1.068973e+04	2.275697e-04
1.069471e+04	2.264478e-04
1.069969e+04	2.253297e-04
1.070467e+04	2.242154e-04
1.070965e+04	2.231049e-04
1.071463e+04	2.219981e-04
1.071961e+04	2.208952e-04
1.072459e+04	2.197960e-04
1.072957e+04	2.187007e-04
1.073454e+04	2.176091e-04
1.073952e+04	2.165213e-04
1.074450e+04	2.154372e-04
1.074948e+04	2.143570e-04
1.075446e+04	2.132805e-04
1.075944e+04	2.122078e-04
1.076442e+04	2.111389e-04
1.076940e+04	2.100737e-04
1.077438e+04	2.090123e-04
1.077935e+04	2.079546e-04
1.078433e+04	2.069007e-04
1.078931e+04	2.058506e-04
1.079429e+04	2.048042e-04
1.079927e+04	2.037616e-04
1.080425e+04	2.027227e-04
1.080923e+04	2.016875e-04
1.081421e+04	2.006561e-04
1.081919e+04	1.996284e-04
1.082416e+04	1.986045e-04
1.082914e+04	1.975843e-04
1.083412e+04	1.965678e-04
1.083910e+04	1.955550e-04
1.084408e+04	1.945460e-04
1.084906e+04	1.935406e-04
1.085404e+04	1.925390e-04
1.085902e+04	1.915411e-04
1.086400e+04	1.905469e-04
1.086898e+04	1.895564e-04
1.087395e+04	1.885696e-04
1.087893e+04	1.875865e-04
1.088391e+04	1.866070e-04
1.088889e+04	1.856313e-04
1.089387e+04	1.846592e-04
1.089885e+04	1.836908e-04
1.090383e+04	1.827261e-04
1.090881e+04	1.817650e-04
1.091379e+04	1.808077e-04
1.091876e+04	1.798539e-04
1.092374e+04	1.789038e-04
1.092872e+04	1.779574e-04
1.093370e+04	1.770146e-04
1.093868e+04	1.760754e-04
1.094366e+04	1.751399e-04
1.094864e+04	1.742080e-04
1.095362e+04	1.732797e-04
1.095860e+04	1.723551e-04
1.096357e+04	1.714340e-04
1.096855e+04	1.705166e-04
1.097353e+04	1.696028e-04
1.097851e+04	1.686925e-04
1.098349e+04	1.677859e-04
1.098847e+04	1.668828e-04
1.099345e+04	1.659834e-04
1.099843e+04	1.650875e-04
1.100341e+04	1.641951e-04
1.100838e+04	1.633064e-04
1.101336e+04	1.624212e-04
1.101834e+04	1.615395e-04
1.102332e+04	1.606614e-04
1.102830e+04	1.597869e-04
1.103328e+04	1.589158e-04
1.103826e+04	1.580483e-04
1.104324e+04	1.571844e-04
1.104822e+04	1.563239e-04
1.105320e+04	1.554670e-04
1.105817e+04	1.546135e-04
1.106315e+04	1.537636e-04
1.106813e+04	1.529172e-04
1.107311e+04	1.520742e-04
1.107809e+04	1.512347e-04
1.108307e+04	1.503988e-04
1.108805e+04	1.495662e-04
1.109303e+04	1.487372e-04
1.109801e+04	1.479116e-04
1.110298e+04	1.470894e-04
1.110796e+04	1.462707e-04
1.111294e+04	1.454554e-04
1.111792e+04	1.446435e-04
1.112290e+04	1.438351e-04
1.112788e+04	1.430301e-04
1.113286e+04	1.422285e-04
1.113784e+04	1.414303e-04
1.114282e+04	1.406355e-04
1.114779e+04	1.398441e-04
1.115277e+04	1.390561e-04
1.115775e+04	1.382714e-04
1.116273e+04	1.374901e-04
1.116771e+04	1.367122e-04
1.117269e+04	1.359376e-04
1.117767e+04	1.351664e-04
1.118265e+04	1.343985e-04
1.118763e+04	1.336339e-04
1.119260e+04	1.328727e-04
1.119758e+04	1.321148e-04
1.120256e+04	1.313602e-04
1.120754e+04	1.306089e-04
1.121252e+04	1.298609e-04
1.121750e+04	1.291162e-04
1.122248e+04	1.283748e-04
1.122746e+04	1.276366e-04
1.123244e+04	1.269017e-04
1.123742e+04	1.261701e-04
1.124239e+04	1.254417e-04
1.124737e+04	1.247166e-04
1.125235e+04	1.239947e-04
1.125733e+04	1.232760e-04
1.126231e+04	1.225606e-04
1.126729e+04	1.218483e-04
1.127227e+04	1.211393e-04
1.127725e+04	1.204335e-04
1.128223e+04	1.197308e-04
1.128720e+04	1.190314e-04
1.129218e+04	1.183351e-04
1.129716e+04	1.176420e-04
1.130214e+04	1.169520e-04
1.130712e+04	1.162652e-04
1.131210e+04	1.155815e-04
1.131708e+04	1.149010e-04
1.132206e+04	1.142236e-04
1.132704e+04	1.135493e-04
1.133201e+04	1.128781e-04
1.133699e+04	1.122101e-04
1.134197e+04	1.115451e-04
1.134695e+04	1.108832e-04
1.135193e+04	1.102244e-04
1.135691e+04	1.095686e-04
1.136189e+04	1.089159e-04
1.136687e+04	1.082663e-04
1.137185e+04	1.076197e-04
1.137682e+04	1.069762e-04
1.138180e+04	1.063357e-04
1.138678e+04	1.056982e-04
1.139176e+04	1.050637e-04
1.139674e+04	1.044322e-04
1.140172e+04	1.038037e-04
1.140670e+04	1.031782e-04
1.141168e+04	1.025557e-04
1.141666e+04	1.019362e-04
1.142163e+04	1.013196e-04
1.142661e+04	1.007059e-04
1.143159e+04	1.000952e-04
1.143657e+04	9.948750e-05
1.144155e+04	9.888267e-05
1.144653e+04	9.828077e-05
1.145151e+04	9.768178e-05
1.145649e+04	9.708569e-05
1.146147e+04	9.649249e-05
1.146645e+04	9.590218e-05
1.147142e+04	9.531475e-05
1.147640e+04	9.473018e-05
1.148138e+04	9.414848e-05
1.148636e+04	9.356962e-05
1.149134e+04	9.299361e-05
1.149632e+04	9.242043e-05
1.150130e+04	9.185008e-05
1.150628e+04	9.128254e-05
1.151126e+04	9.071781e-05
1.151623e+04	9.015588e-05
1.152121e+04	8.959675e-05
1.152619e+04	8.904039e-05
1.153117e+04	8.848680e-05
1.153615e+04	8.793598e-05
1.154113e+04	8.738792e-05
1.154611e+04	8.684260e-05
1.155109e+04	8.630002e-05
1.155607e+04	8.576016e-05
1.156104e+04	8.522303e-05
1.156602e+04	8.468861e-05
1.157100e+04	8.415690e-05
1.157598e+04	8.362787e-05
1.158096e+04	8.310153e-05
1.158594e+04	8.257787e-05
1.159092e+04	8.205688e-05
1.159590e+04	8.153854e-05
1.160088e+04	8.102286e-05
1.160585e+04	8.050981e-05
1.161083e+04	7.999940e-05
1.161581e+04	7.949161e-05
1.162079e+04	7.898644e-05
1.162577e+04	7.848387e-05
1.163075e+04	7.798390e-05
1.163573e+04	7.748651e-05
1.164071e+04	7.699171e-05
1.164569e+04	7.649947e-05
1.165067e+04	7.600980e-05
1.165564e+04	7.552268e-05
1.166062e+04	7.503810e-05
1.166560e+04	7.455606e-05
1.167058e+04	7.407654e-05
1.167556e+04	7.359954e-05
1.168054e+04	7.312505e-05
1.168552e+04	7.265306e-05
1.169050e+04	7.218355e-05
1.169548e+04	7.171653e-05
1.170045e+04	7.125198e-05
1.170543e+04	7.078990e-05
1.171041e+04	7.033027e-05
1.171539e+04	6.987308e-05
1.172037e+04	6.941834e-05
1.172535e+04	6.896602e-05
1.173033e+04	6.851612e-05
1.173531e+04	6.806863e-05
1.174029e+04	6.762354e-05
1.174526e+04	6.718085e-05
1.175024e+04	6.674053e-05
1.175522e+04	6.630260e-05
1.176020e+04	6.586703e-05
1.176518e+04	6.543382e-05
1.177016e+04	6.500295e-05
1.177514e+04	6.457443e-05
1.178012e+04	6.414823e-05
1.178510e+04	6.372436e-05
1.179007e+04	6.330280e-05
1.179505e+04	6.288354e-05
1.180003e+04	6.246658e-05
1.180501e+04	6.205191e-05
1.180999e+04	6.163951e-05
1.181497e+04	6.122939e-05
1.181995e+04	6.082152e-05
1.182493e+04	6.041591e-05
1.182991e+04	6.001253e-05
1.183489e+04	5.961139e-05
1.183986e+04	5.921248e-05
1.184484e+04	5.881578e-05
1.184982e+04	5.842129e-05
1.185480e+04	5.802900e-05
1.185978e+04	5.763890e-05
1.186476e+04	5.725098e-05
1.186974e+04	5.686523e-05
1.187472e+04	5.648165e-05
1.187970e+04	5.610022e-05
1.188467e+04	5.572094e-05
1.188965e+04	5.534380e-05
1.189463e+04	5.496878e-05
1.189961e+04	5.459589e-05
1.190459e+04	5.422511e-05
1.190957e+04	5.385643e-05
1.191455e+04	5.348984e-05
1.191953e+04	5.312534e-05
1.192451e+04	5.276292e-05
1.192948e+04	5.240257e-05
1.193446e+04	5.204427e-05
1.193944e+04	5.168803e-05
1.194442e+04	5.133383e-05
1.194940e+04	5.098167e-05
1.195438e+04	5.063153e-05
1.195936e+04	5.028341e-05
1.196434e+04	4.993730e-05
1.196932e+04	4.959318e-05
1.197429e+04	4.925106e-05
1.197927e+04	4.891093e-05
1.198425e+04	4.857276e-05
1.198923e+04	4.823657e-05
1.199421e+04	4.790233e-05
1.199919e+04	4.757004e-05
1.200417e+04	4.723969e-05
1.200915e+04	4.691127e-05
1.201413e+04	4.658478e-05
1.201910e+04	4.626021e-05
1.202408e+04	4.593754e-05
1.202906e+04	4.561677e-05
1.203404e+04	4.529789e-05
1.203902e+04	4.498090e-05
1.204400e+04	4.466578e-05
1.204898e+04	4.435252e-05
1.205396e+04	4.404112e-05
1.205894e+04	4.373157e-05
1.206392e+04	4.342387e-05
1.206889e+04	4.311799e-05
1.207387e+04	4.281394e-05
1.207885e+04	4.251171e-05
1.208383e+04	4.221128e-05
1.208881e+04	4.191266e-05
1.209379e+04	4.161582e-05
1.209877e+04	4.132078e-05
1.210375e+04	4.102750e-05
1.210873e+04	4.073600e-05
1.211370e+04	4.044625e-05
1.211868e+04	4.015825e-05
1.212366e+04	3.987200e-05
1.212864e+04	3.958749e-05
1.213362e+04	3.930470e-05
1.213860e+04	3.902363e-05
1.214358e+04	3.874427e-05
1.214856e+04	3.846661e-05
1.215354e+04	3.819065e-05
1.215851e+04	3.791638e-05
1.216349e+04	3.764379e-05
1.216847e+04	3.737287e-05
1.217345e+04	3.710361e-05
1.217843e+04	3.683601e-05
1.218341e+04	3.657006e-05
1.218839e+04	3.630575e-05
1.219337e+04	3.604307e-05
1.219835e+04	3.578202e-05
1.220332e+04	3.552258e-05
1.220830e+04	3.526475e-05
1.221328e+04	3.500852e-05
1.221826e+04	3.475389e-05
1.222324e+04	3.450085e-05
1.222822e+04	3.424938e-05
1.223320e+04	3.399948e-05
1.223818e+04	3.375115e-05
1.224316e+04	3.350437e-05
1.224814e+04	3.325914e-05
1.225311e+04	3.301545e-05
1.225809e+04	3.277329e-05
1.226307e+04	3.253266e-05
1.226805e+04	3.229355e-05
1.227303e+04	3.205595e-05
1.227801e+04	3.181985e-05
1.228299e+04	3.158524e-05
1.228797e+04	3.135213e-05
1.229295e+04	3.112049e-05
1.229792e+04	3.089033e-05
1.230290e+04	3.066163e-05
1.230788e+04	3.043440e-05
1.231286e+04	3.020861e-05
1.231784e+04	2.998427e-05
1.232282e+04	2.976136e-05
1.232780e+04	2.953989e-05
1.233278e+04	2.931983e-05
1.233776e+04	2.910119e-05
1.234273e+04	2.888396e-05
1.234771e+04	2.866813e-05
1.235269e+04	2.845370e-05
1.235767e+04	2.824065e-05
1.236265e+04	2.802898e-05
1.236763e+04	2.781868e-05
1.237261e+04	2.760974e-05
1.237759e+04	2.740217e-05
1.238257e+04	2.719594e-05
1.238754e+04	2.699106e-05
1.239252e+04	2.678752e-05
1.239750e+04	2.658531e-05
1.240248e+04	2.638442e-05
1.240746e+04	2.618484e-05
1.241244e+04	2.598658e-05
1.241742e+04	2.578961e-05
1.242240e+04	2.559395e-05
1.242738e+04	2.539957e-05
1.243236e+04	2.520647e-05
1.243733e+04	2.501465e-05
1.244231e+04	2.482410e-05
1.244729e+04	2.463481e-05
1.245227e+04	2.444678e-05
1.245725e+04	2.425999e-05
1.246223e+04	2.407444e-05
1.246721e+04	2.389013e-05
1.247219e+04	2.370705e-05
1.247717e+04	2.352519e-05
1.248214e+04	2.334455e-05
1.248712e+04	2.316511e-05
1.249210e+04	2.298688e-05
1.249708e+04	2.280984e-05
1.250206e+04	2.263399e-05
1.250704e+04	2.245932e-05
1.251202e+04	2.228583e-05
1.251700e+04	2.211351e-05
1.252198e+04	2.194235e-05
1.252695e+04	2.177235e-05
1.253193e+04	2.160350e-05
1.253691e+04	2.143579e-05
1.254189e+04	2.126923e-05
1.254687e+04	2.110379e-05
1.255185e+04	2.093948e-05
1.255683e+04	2.077629e-05
1.256181e+04	2.061421e-05
1.256679e+04	2.045324e-05
1.257176e+04	2.029337e-05
1.257674e+04	2.013459e-05
1.258172e+04	1.997690e-05
1.258670e+04	1.982030e-05
1.259168e+04	1.966477e-05
1.259666e+04	1.951031e-05
1.260164e+04	1.935691e-05
1.260662e+04	1.920457e-05
1.261160e+04	1.905329e-05
1.261657e+04	1.890305e-05
1.262155e+04	1.875385e-05
1.262653e+04	1.860568e-05
1.263151e+04	1.845855e-05
1.263649e+04	1.831243e-05
1.264147e+04	1.816733e-05
1.264645e+04	1.802325e-05
1.265143e+04	1.788017e-05
1.265641e+04	1.773808e-05
1.266139e+04	1.759699e-05
1.266636e+04	1.745689e-05
1.267134e+04	1.731777e-05
1.267632e+04	1.717963e-05
1.268130e+04	1.704246e-05
1.268628e+04	1.690625e-05
1.269126e+04	1.677100e-05
1.269624e+04	1.663671e-05
1.270122e+04	1.650336e-05
1.270620e+04	1.637096e-05
1.271117e+04	1.623949e-05
1.271615e+04	1.610896e-05
1.272113e+04	1.597935e-05
1.272611e+04	1.585066e-05
1.273109e+04	1.572289e-05
1.273607e+04	1.559602e-05
1.274105e+04	1.547006e-05
1.274603e+04	1.534500e-05
1.275101e+04	1.522084e-05
1.275598e+04	1.509756e-05
1.276096e+04	1.497517e-05
1.276594e+04	1.485365e-05
1.277092e+04	1.473301e-05
1.277590e+04	1.461323e-05
1.278088e+04	1.449431e-05
1.278586e+04	1.437626e-05
1.279084e+04	1.425905e-05
1.279582e+04	1.414269e-05
1.280079e+04	1.402717e-05
1.280577e+04	1.391249e-05
1.281075e+04	1.379864e-05
1.281573e+04	1.368562e-05
1.282071e+04	1.357341e-05
1.282569e+04	1.346203e-05
1.283067e+04	1.335145e-05
1.283565e+04	1.324168e-05
1.284063e+04	1.313271e-05
1.284561e+04	1.302454e-05
1.285058e+04	1.291716e-05
1.285556e+04	1.281057e-05
1.286054e+04	1.270475e-05
1.286552e+04	1.259972e-05
1.287050e+04	1.249546e-05
1.287548e+04	1.239196e-05
1.288046e+04	1.228923e-05
1.288544e+04	1.218725e-05
1.289042e+04	1.208603e-05
1.289539e+04	1.198555e-05
1.290037e+04	1.188582e-05
1.290535e+04	1.178683e-05
1.291033e+04	1.168857e-05
1.291531e+04	1.159105e-05
1.292029e+04	1.149425e-05
1.292527e+04	1.139816e-05
1.293025e+04	1.130280e-05
1.293523e+04	1.120814e-05
1.294020e+04	1.111420e-05
1.294518e+04	1.102095e-05
1.295016e+04	1.092841e-05
1.295514e+04	1.083655e-05
1.296012e+04	1.074539e-05
1.296510e+04	1.065491e-05
1.297008e+04	1.056511e-05
1.297506e+04	1.047599e-05
1.298004e+04	1.038754e-05
1.298501e+04	1.029976e-05
1.298999e+04	1.021264e-05
1.299497e+04	1.012618e-05
1.299995e+04	1.004037e-05
1.300493e+04	9.955216e-06
1.300991e+04	9.870706e-06
1.301489e+04	9.786838e-06
1.301987e+04	9.703608e-06
1.302485e+04	9.621012e-06
1.302983e+04	9.539045e-06
1.303480e+04	9.457704e-06
1.303978e+04	9.376984e-06
1.304476e+04	9.296882e-06
1.304974e+04	9.217392e-06
1.305472e+04	9.138512e-06
1.305970e+04	9.060237e-06
1.306468e+04	8.982564e-06
1.306966e+04	8.905487e-06
1.307464e+04	8.829004e-06
1.307961e+04	8.753110e-06
1.308459e+04	8.677802e-06
1.308957e+04	8.603076e-06
1.309455e+04	8.528927e-06
1.309953e+04	8.455352e-06
1.310451e+04	8.382347e-06
1.310949e+04	8.309909e-06
1.311447e+04	8.238033e-06
1.311945e+04	8.166716e-06
1.312442e+04	8.095954e-06
1.312940e+04	8.025743e-06
1.313438e+04	7.956080e-06
1.313936e+04	7.886960e-06
1.314434e+04	7.818381e-06
1.314932e+04	7.750339e-06
1.315430e+04	7.682829e-06
1.315928e+04	7.615849e-06
1.316426e+04	7.549394e-06
1.316923e+04	7.483462e-06
1.317421e+04	7.418048e-06
1.317919e+04	7.353150e-06
1.318417e+04	7.288763e-06
1.318915e+04	7.224884e-06
1.319413e+04	7.161510e-06
1.319911e+04	7.098637e-06
1.320409e+04	7.036262e-06
1.320907e+04	6.974382e-06
1.321404e+04	6.912992e-06
1.321902e+04	6.852089e-06
1.322400e+04	6.791671e-06
1.322898e+04	6.731734e-06
1.323396e+04	6.672275e-06
1.323894e+04	6.613289e-06
1.324392e+04	6.554775e-06
1.324890e+04	6.496728e-06
1.325388e+04	6.439145e-06
1.325886e+04	6.382024e-06
1.326383e+04	6.325361e-06
1.326881e+04	6.269152e-06
1.327379e+04	6.213396e-06
1.327877e+04	6.158087e-06
1.328375e+04	6.103224e-06
1.328873e+04	6.048803e-06
1.329371e+04	5.994821e-06
1.329869e+04	5.941275e-06
1.330367e+04	5.888162e-06
1.330864e+04	5.835479e-06
1.331362e+04	5.783223e-06
1.331860e+04	5.731390e-06
1.332358e+04	5.679979e-06
1.332856e+04	5.628985e-06
1.333354e+04	5.578405e-06
1.333852e+04	5.528238e-06
1.334350e+04	5.478480e-06
1.334848e+04	5.429128e-06
1.335345e+04	5.380178e-06
1.335843e+04	5.331630e-06
1.336341e+04	5.283478e-06
1.336839e+04	5.235721e-06
1.337337e+04	5.188356e-06
1.337835e+04	5.141379e-06
1.338333e+04	5.094789e-06
1.338831e+04	5.048582e-06
1.339329e+04	5.002755e-06
1.339826e+04	4.957306e-06
1.340324e+04	4.912233e-06
1.340822e+04	4.867531e-06
1.341320e+04	4.823199e-06
1.341818e+04	4.779235e-06
1.342316e+04	4.735634e-06
1.342814e+04	4.692395e-06
1.343312e+04	4.649515e-06
1.343810e+04	4.606991e-06
1.344308e+04	4.564821e-06
1.344805e+04	4.523002e-06
1.345303e+04	4.481532e-06
1.345801e+04	4.440408e-06
1.346299e+04	4.399627e-06
1.346797e+04	4.359187e-06
1.347295e+04	4.319086e-06
1.347793e+04	4.279321e-06
1.348291e+04	4.239889e-06
1.348789e+04	4.200788e-06
1.349286e+04	4.162015e-06
1.349784e+04	4.123569e-06
1.350282e+04	4.085446e-06
1.350780e+04	4.047644e-06
1.351278e+04	4.010162e-06
1.351776e+04	3.972996e-06
1.352274e+04	3.936144e-06
1.352772e+04	3.899603e-06
1.353270e+04	3.863373e-06
1.353767e+04	3.827449e-06
1.354265e+04	3.791830e-06
1.354763e+04	3.756514e-06
1.355261e+04	3.721498e-06
1.355759e+04	3.686780e-06
1.356257e+04	3.652357e-06
1.356755e+04	3.618228e-06
1.357253e+04	3.584391e-06
1.357751e+04	3.550842e-06
1.358248e+04	3.517581e-06
1.358746e+04	3.484604e-06
1.359244e+04	3.451910e-06
1.359742e+04	3.419496e-06
1.360240e+04	3.387360e-06
1.360738e+04	3.355501e-06
1.361236e+04	3.323915e-06
1.361734e+04	3.292602e-06
1.362232e+04	3.261558e-06
1.362730e+04	3.230782e-06
1.363227e+04	3.200272e-06
1.363725e+04	3.170026e-06
1.364223e+04	3.140041e-06
1.364721e+04	3.110316e-06
1.365219e+04	3.080849e-06
1.365717e+04	3.051637e-06
1.366215e+04	3.022679e-06
1.366713e+04	2.993972e-06
1.367211e+04	2.965516e-06
1.367708e+04	2.937307e-06
1.368206e+04	2.909344e-06
1.368704e+04	2.881625e-06
1.369202e+04	2.854149e-06
1.369700e+04	2.826912e-06
1.370198e+04	2.799914e-06
1.370696e+04	2.773152e-06
1.371194e+04	2.746625e-06
1.371692e+04	2.720331e-06
1.372189e+04	2.694268e-06
1.372687e+04	2.668433e-06
1.373185e+04	2.642827e-06
1.373683e+04	2.617445e-06
1.374181e+04	2.592288e-06
1.374679e+04	2.567352e-06
1.375177e+04	2.542637e-06
1.375675e+04	2.518140e-06
1.376173e+04	2.493860e-06
1.376670e+04	2.469796e-06
1.377168e+04	2.445944e-06
1.377666e+04	2.422304e-06
1.378164e+04	2.398875e-06
1.378662e+04	2.375653e-06
1.379160e+04	2.352638e-06
1.379658e+04	2.329828e-06
1.380156e+04	2.307222e-06
1.380654e+04	2.284817e-06
1.381151e+04	2.262613e-06
1.381649e+04	2.240607e-06
1.382147e+04	2.218798e-06
1.382645e+04	2.197184e-06
1.383143e+04	2.175764e-06
1.383641e+04	2.154536e-06
1.384139e+04	2.133499e-06
1.384637e+04	2.112651e-06
1.385135e+04	2.091991e-06
1.385633e+04	2.071516e-06
1.386130e+04	2.051227e-06
1.386628e+04	2.031120e-06
1.387126e+04	2.011195e-06
1.387624e+04	1.991450e-06
1.388122e+04	1.971884e-06
1.388620e+04	1.952495e-06
1.389118e+04	1.933282e-06
1.389616e+04	1.914243e-06
1.390114e+04	1.895376e-06
1.390611e+04	1.876682e-06
1.391109e+04	1.858157e-06
1.391607e+04	1.839801e-06
1.392105e+04	1.821613e-06
1.392603e+04	1.803590e-06
1.393101e+04	1.785732e-06
1.393599e+04	1.768037e-06
1.394097e+04	1.750504e-06
1.394595e+04	1.733131e-06
1.395092e+04	1.715918e-06
1.395590e+04	1.698863e-06
1.396088e+04	1.681964e-06
1.396586e+04	1.665220e-06
1.397084e+04	1.648630e-06
1.397582e+04	1.632193e-06
1.398080e+04	1.615908e-06
1.398578e+04	1.599772e-06
1.399076e+04	1.583786e-06
1.399573e+04	1.567947e-06
1.400071e+04	1.552255e-06
1.400569e+04	1.536707e-06
1.401067e+04	1.521304e-06
1.401565e+04	1.506044e-06
1.402063e+04	1.490925e-06
1.402561e+04	1.475947e-06
1.403059e+04	1.461107e-06
1.403557e+04	1.446406e-06
1.404055e+04	1.431842e-06
1.404552e+04	1.417414e-06
1.405050e+04	1.403120e-06
1.405548e+04	1.388959e-06
1.406046e+04	1.374931e-06
1.406544e+04	1.361034e-06
1.407042e+04	1.347267e-06
1.407540e+04	1.333629e-06
1.408038e+04	1.320119e-06
1.408536e+04	1.306736e-06
1.409033e+04	1.293478e-06
1.409531e+04	1.280345e-06
1.410029e+04	1.267336e-06
1.410527e+04	1.254449e-06
1.411025e+04	1.241684e-06
1.411523e+04	1.229039e-06
1.412021e+04	1.216514e-06
1.412519e+04	1.204106e-06
1.413017e+04	1.191817e-06
1.413514e+04	1.179643e-06
1.414012e+04	1.167585e-06
1.414510e+04	1.155641e-06
1.415008e+04	1.143811e-06
1.415506e+04	1.132093e-06
1.416004e+04	1.120486e-06
1.416502e+04	1.108990e-06
1.417000e+04	1.097604e-06
1.417498e+04	1.086326e-06
1.417995e+04	1.075155e-06
1.418493e+04	1.064091e-06
1.418991e+04	1.053133e-06
1.419489e+04	1.042280e-06
1.419987e+04	1.031530e-06
1.420485e+04	1.020884e-06
1.420983e+04	1.010340e-06
1.421481e+04	9.998967e-07
1.421979e+04	9.895540e-07
1.422477e+04	9.793106e-07
1.422974e+04	9.691659e-07
1.423472e+04	9.591188e-07
1.423970e+04	9.491686e-07
1.424468e+04	9.393144e-07
1.424966e+04	9.295553e-07
1.425464e+04	9.198905e-07
1.425962e+04	9.103192e-07
1.426460e+04	9.008405e-07
1.426958e+04	8.914537e-07
1.427455e+04	8.821578e-07
1.427953e+04	8.729522e-07
1.428451e+04	8.638360e-07
1.428949e+04	8.548084e-07
1.429447e+04	8.458686e-07
1.429945e+04	8.370159e-07
1.430443e+04	8.282494e-07
1.430941e+04	8.195685e-07
1.431439e+04	8.109723e-07
1.431936e+04	8.024600e-07
1.432434e+04	7.940310e-07
1.432932e+04	7.856845e-07
1.433430e+04	7.774197e-07
1.433928e+04	7.692359e-07
1.434426e+04	7.611324e-07
1.434924e+04	7.531085e-07
1.435422e+04	7.451634e-07
1.435920e+04	7.372965e-07
1.436417e+04	7.295070e-07
1.436915e+04	7.217942e-07
1.437413e+04	7.141575e-07
1.437911e+04	7.065961e-07
1.438409e+04	6.991094e-07
1.438907e+04	6.916967e-07
1.439405e+04	6.843573e-07
1.439903e+04	6.770905e-07
1.440401e+04	6.698958e-07
1.440898e+04	6.627724e-07
1.441396e+04	6.557197e-07
1.441894e+04	6.487371e-07
1.442392e+04	6.418238e-07
1.442890e+04	6.349794e-07
1.443388e+04	6.282031e-07
1.443886e+04	6.214943e-07
1.444384e+04	6.148524e-07
1.444882e+04	6.082768e-07
1.445380e+04	6.017669e-07
1.445877e+04	5.953221e-07
1.446375e+04	5.889418e-07
1.446873e+04	5.826254e-07
1.447371e+04	5.763722e-07
1.447869e+04	5.701818e-07
1.448367e+04	5.640535e-07
1.448865e+04	5.579868e-07
1.449363e+04	5.519811e-07
1.449861e+04	5.460358e-07
1.450358e+04	5.401504e-07
1.450856e+04	5.343244e-07
1.451354e+04	5.285570e-07
1.451852e+04	5.228479e-07
1.452350e+04	5.171965e-07
1.452848e+04	5.116023e-07
1.453346e+04	5.060646e-07
1.453844e+04	5.005830e-07
1.454342e+04	4.951570e-07
1.454839e+04	4.897860e-07
1.455337e+04	4.844696e-07
1.455835e+04	4.792071e-07
1.456333e+04	4.739982e-07
1.456831e+04	4.688423e-07
1.457329e+04	4.637389e-07
1.457827e+04	4.586875e-07
1.458325e+04	4.536876e-07
1.458823e+04	4.487388e-07
1.459320e+04	4.438405e-07
1.459818e+04	4.389924e-07
1.460316e+04	4.341938e-07
1.460814e+04	4.294444e-07
1.461312e+04	4.247436e-07
1.461810e+04	4.200911e-07
1.462308e+04	4.154863e-07
1.462806e+04	4.109289e-07
1.463304e+04	4.064183e-07
1.463802e+04	4.019541e-07
1.464299e+04	3.975359e-07
1.464797e+04	3.931632e-07
1.465295e+04	3.888356e-07
1.465793e+04	3.845527e-07
1.466291e+04	3.803141e-07
1.466789e+04	3.761192e-07
1.467287e+04	3.719678e-07
1.467785e+04	3.678594e-07
1.468283e+04	3.637935e-07
1.468780e+04	3.597698e-07
1.469278e+04	3.557878e-07
1.469776e+04	3.518472e-07
1.470274e+04	3.479476e-07
1.470772e+04	3.440886e-07
1.471270e+04	3.402697e-07
1.471768e+04	3.364906e-07
1.472266e+04	3.327509e-07
1.472764e+04	3.290503e-07
1.473261e+04	3.253883e-07
1.473759e+04	3.217646e-07
1.474257e+04	3.181788e-07
1.474755e+04	3.146305e-07
1.475253e+04	3.111194e-07
1.475751e+04	3.076451e-07
1.476249e+04	3.042072e-07
1.476747e+04	3.008055e-07
1.477245e+04	2.974395e-07
1.477742e+04	2.941089e-07
1.478240e+04	2.908133e-07
1.478738e+04	2.875525e-07
1.479236e+04	2.843260e-07
1.479734e+04	2.811336e-07
1.480232e+04	2.779749e-07
1.480730e+04	2.748495e-07
1.481228e+04	2.717572e-07
1.481726e+04	2.686976e-07
1.482224e+04	2.656704e-07
1.482721e+04	2.626753e-07
1.483219e+04	2.597120e-07
1.483717e+04	2.567801e-07
1.484215e+04	2.538794e-07
1.484713e+04	2.510094e-07
1.485211e+04	2.481701e-07
1.485709e+04	2.453609e-07
1.486207e+04	2.425817e-07
1.486705e+04	2.398321e-07
1.487202e+04	2.371118e-07
1.487700e+04	2.344206e-07
1.488198e+04	2.317582e-07
1.488696e+04	2.291242e-07
1.489194e+04	2.265184e-07
1.489692e+04	2.239405e-07
1.490190e+04	2.213903e-07
1.490688e+04	2.188674e-07
1.491186e+04	2.163716e-07
1.491683e+04	2.139026e-07
1.492181e+04	2.114602e-07
1.492679e+04	2.090440e-07
1.493177e+04	2.066538e-07
1.493675e+04	2.042894e-07
1.494173e+04	2.019505e-07
1.494671e+04	1.996369e-07
1.495169e+04	1.973482e-07
1.495667e+04	1.950842e-07
1.496164e+04	1.928448e-07
1.496662e+04	1.906295e-07
1.497160e+04	1.884383e-07
1.497658e+04	1.862708e-07
1.498156e+04	1.841269e-07
1.498654e+04	1.820062e-07
1.499152e+04	1.799085e-07
1.499650e+04	1.778337e-07
1.500148e+04	1.757814e-07
1.500645e+04	1.737515e-07
1.501143e+04	1.717437e-07
1.501641e+04	1.697578e-07
1.502139e+04	1.677935e-07
1.502637e+04	1.658508e-07
1.503135e+04	1.639292e-07
1.503633e+04	1.620286e-07
1.504131e+04	1.601489e-07
1.504629e+04	1.582897e-07
1.505127e+04	1.564510e-07
1.505624e+04	1.546323e-07
1.506122e+04	1.528337e-07
1.506620e+04	1.510548e-07
1.507118e+04	1.492955e-07
1.507616e+04	1.475555e-07
1.508114e+04	1.458347e-07
1.508612e+04	1.441328e-07
1.509110e+04	1.424497e-07
1.509608e+04	1.407851e-07
1.510105e+04	1.391390e-07
1.510603e+04	1.375110e-07
1.511101e+04	1.359010e-07
1.511599e+04	1.343089e-07
1.512097e+04	1.327344e-07
1.512595e+04	1.311773e-07
1.513093e+04	1.296375e-07
1.513591e+04	1.281147e-07
1.514089e+04	1.266089e-07
1.514586e+04	1.251198e-07
1.515084e+04	1.236473e-07
1.515582e+04	1.221912e-07
1.516080e+04	1.207513e-07
1.516578e+04	1.193274e-07
1.517076e+04	1.179194e-07
1.517574e+04	1.165272e-07
1.518072e+04	1.151505e-07
1.518570e+04	1.137891e-07
1.519067e+04	1.124430e-07
1.519565e+04	1.111120e-07
1.520063e+04	1.097959e-07
1.520561e+04	1.084945e-07
1.521059e+04	1.072077e-07
1.521557e+04	1.059354e-07
1.522055e+04	1.046774e-07
1.522553e+04	1.034335e-07
1.523051e+04	1.022036e-07
1.523549e+04	1.009875e-07
1.524046e+04	9.978519e-08
1.524544e+04	9.859640e-08
1.525042e+04	9.742101e-08
1.525540e+04	9.625890e-08
1.526038e+04	9.510992e-08
1.526536e+04	9.397393e-08
1.527034e+04	9.285079e-08
1.527532e+04	9.174036e-08
1.528030e+04	9.064252e-08
1.528527e+04	8.955713e-08
1.529025e+04	8.848405e-08
1.529523e+04	8.742316e-08
1.530021e+04	8.637431e-08
1.530519e+04	8.533740e-08
1.531017e+04	8.431228e-08
1.531515e+04	8.329884e-08
1.532013e+04	8.229694e-08
1.532511e+04	8.130647e-08
1.533008e+04	8.032730e-08
1.533506e+04	7.935931e-08
1.534004e+04	7.840238e-08
1.534502e+04	7.745639e-08
1.535000e+04	7.652123e-08
1.535498e+04	7.559677e-08
1.535996e+04	7.468291e-08
1.536494e+04	7.377953e-08
1.536992e+04	7.288651e-08
1.537489e+04	7.200375e-08
1.537987e+04	7.113113e-08
1.538485e+04	7.026854e-08
1.538983e+04	6.941588e-08
1.539481e+04	6.857304e-08
1.539979e+04	6.773991e-08
1.540477e+04	6.691638e-08
1.540975e+04	6.610236e-08
1.541473e+04	6.529774e-08
1.541971e+04	6.450241e-08
1.542468e+04	6.371628e-08
1.542966e+04	6.293925e-08
1.543464e+04	6.217121e-08
1.543962e+04	6.141208e-08
1.544460e+04	6.066174e-08
1.544958e+04	5.992011e-08
1.545456e+04	5.918709e-08
1.545954e+04	5.846259e-08
1.546452e+04	5.774651e-08
1.546949e+04	5.703876e-08
1.547447e+04	5.633926e-08
1.547945e+04	5.564790e-08
1.548443e+04	5.496460e-08
1.548941e+04	5.428928e-08
1.549439e+04	5.362184e-08
1.549937e+04	5.296219e-08
1.550435e+04	5.231026e-08
1.550933e+04	5.166596e-08
1.551430e+04	5.102919e-08
1.551928e+04	5.039989e-08
1.552426e+04	4.977797e-08
1.552924e+04	4.916334e-08
1.553422e+04	4.855592e-08
1.553920e+04	4.795564e-08
1.554418e+04	4.736242e-08
1.554916e+04	4.677617e-08
1.555414e+04	4.619683e-08
1.555911e+04	4.562430e-08
1.556409e+04	4.505853e-08
1.556907e+04	4.449943e-08
1.557405e+04	4.394693e-08
1.557903e+04	4.340095e-08
1.558401e+04	4.286143e-08
1.558899e+04	4.232829e-08
1.559397e+04	4.180145e-08
1.559895e+04	4.128086e-08
1.560392e+04	4.076643e-08
1.560890e+04	4.025811e-08
1.561388e+04	3.975582e-08
1.561886e+04	3.925949e-08
1.562384e+04	3.876906e-08
1.562882e+04	3.828446e-08
1.563380e+04	3.780563e-08
1.563878e+04	3.733250e-08
1.564376e+04	3.686500e-08
1.564874e+04	3.640308e-08
1.565371e+04	3.594667e-08
1.565869e+04	3.549571e-08
1.566367e+04	3.505013e-08
1.566865e+04	3.460989e-08
1.567363e+04	3.417491e-08
1.567861e+04	3.374513e-08
1.568359e+04	3.332051e-08
1.568857e+04	3.290097e-08
1.569355e+04	3.248647e-08
1.569852e+04	3.207694e-08
1.570350e+04	3.167232e-08
1.570848e+04	3.127258e-08
1.571346e+04	3.087764e-08
1.571844e+04	3.048745e-08
1.572342e+04	3.010196e-08
1.572840e+04	2.972111e-08
1.573338e+04	2.934486e-08
1.573836e+04	2.897315e-08
1.574333e+04	2.860593e-08
1.574831e+04	2.824314e-08
1.575329e+04	2.788474e-08
1.575827e+04	2.753067e-08
1.576325e+04	2.718089e-08
1.576823e+04	2.683535e-08
1.577321e+04	2.649400e-08
1.577819e+04	2.615679e-08
1.578317e+04	2.582367e-08
1.578814e+04	2.549459e-08
1.579312e+04	2.516952e-08
