# # p(y | x = 5.000000e+01)
# # y_val	p(y|x)
0.000000e+00	3.281249e-07
4.978917e+00	3.314599e-07
9.957833e+00	3.348268e-07
1.493675e+01	3.382256e-07
1.991567e+01	3.416568e-07
2.489458e+01	3.451207e-07
2.987350e+01	3.486174e-07
3.485242e+01	3.521473e-07
3.983133e+01	3.557106e-07
4.481025e+01	3.593078e-07
4.978917e+01	3.629390e-07
5.476808e+01	3.666045e-07
5.974700e+01	3.703047e-07
6.472592e+01	3.740399e-07
6.970483e+01	3.778104e-07
7.468375e+01	3.816164e-07
7.966267e+01	3.854583e-07
8.464158e+01	3.893364e-07
8.962050e+01	3.932511e-07
9.459942e+01	3.972025e-07
9.957833e+01	4.011911e-07
1.045573e+02	4.052172e-07
1.095362e+02	4.092810e-07
1.145151e+02	4.133830e-07
1.194940e+02	4.175235e-07
1.244729e+02	4.217027e-07
1.294518e+02	4.259210e-07
1.344308e+02	4.301788e-07
1.394097e+02	4.344764e-07
1.443886e+02	4.388141e-07
1.493675e+02	4.431924e-07
1.543464e+02	4.476114e-07
1.593253e+02	4.520716e-07
1.643043e+02	4.565734e-07
1.692832e+02	4.611170e-07
1.742621e+02	4.657029e-07
1.792410e+02	4.703314e-07
1.842199e+02	4.750029e-07
1.891988e+02	4.797177e-07
1.941778e+02	4.844763e-07
1.991567e+02	4.892789e-07
2.041356e+02	4.941260e-07
2.091145e+02	4.990179e-07
2.140934e+02	5.039550e-07
2.190723e+02	5.089377e-07
2.240513e+02	5.139665e-07
2.290302e+02	5.190416e-07
2.340091e+02	5.241635e-07
2.389880e+02	5.293325e-07
2.439669e+02	5.345491e-07
2.489458e+02	5.398137e-07
2.539248e+02	5.451267e-07
2.589037e+02	5.504884e-07
2.638826e+02	5.558994e-07
2.688615e+02	5.613599e-07
2.738404e+02	5.668705e-07
2.788193e+02	5.724316e-07
2.837983e+02	5.780434e-07
2.887772e+02	5.837066e-07
2.937561e+02	5.894216e-07
2.987350e+02	5.951886e-07
3.037139e+02	6.010083e-07
3.086928e+02	6.068810e-07
3.136718e+02	6.128072e-07
3.186507e+02	6.187874e-07
3.236296e+02	6.248218e-07
3.286085e+02	6.309112e-07
3.335874e+02	6.370558e-07
3.385663e+02	6.432561e-07
3.435453e+02	6.495127e-07
3.485242e+02	6.558259e-07
3.535031e+02	6.621963e-07
3.584820e+02	6.686243e-07
3.634609e+02	6.751104e-07
3.684398e+02	6.816551e-07
3.734188e+02	6.882588e-07
3.783977e+02	6.949221e-07
3.833766e+02	7.016454e-07
3.883555e+02	7.084293e-07
3.933344e+02	7.152741e-07
3.983133e+02	7.221806e-07
4.032923e+02	7.291490e-07
4.082712e+02	7.361800e-07
4.132501e+02	7.432741e-07
4.182290e+02	7.504317e-07
4.232079e+02	7.576535e-07
4.281868e+02	7.649398e-07
4.331658e+02	7.722913e-07
4.381447e+02	7.797085e-07
4.431236e+02	7.871920e-07
4.481025e+02	7.947421e-07
4.530814e+02	8.023596e-07
4.580603e+02	8.100450e-07
4.630393e+02	8.177987e-07
4.680182e+02	8.256214e-07
4.729971e+02	8.335136e-07
4.779760e+02	8.414759e-07
4.829549e+02	8.495088e-07
4.879338e+02	8.576130e-07
4.929128e+02	8.657889e-07
4.978917e+02	8.740373e-07
5.028706e+02	8.823585e-07
5.078495e+02	8.907534e-07
5.128284e+02	8.992223e-07
5.178073e+02	9.077660e-07
5.227863e+02	9.163851e-07
5.277652e+02	9.250801e-07
5.327441e+02	9.338516e-07
5.377230e+02	9.427003e-07
5.427019e+02	9.516268e-07
5.476808e+02	9.606316e-07
5.526598e+02	9.697156e-07
5.576387e+02	9.788791e-07
5.626176e+02	9.881230e-07
5.675965e+02	9.974478e-07
5.725754e+02	1.006854e-06
5.775543e+02	1.016343e-06
5.825333e+02	1.025914e-06
5.875122e+02	1.035569e-06
5.924911e+02	1.045309e-06
5.974700e+02	1.055133e-06
6.024489e+02	1.065042e-06
6.074278e+02	1.075038e-06
6.124068e+02	1.085121e-06
6.173857e+02	1.095291e-06
6.223646e+02	1.105550e-06
6.273435e+02	1.115898e-06
6.323224e+02	1.126335e-06
6.373013e+02	1.136863e-06
6.422803e+02	1.147481e-06
6.472592e+02	1.158192e-06
6.522381e+02	1.168995e-06
6.572170e+02	1.179891e-06
6.621959e+02	1.190882e-06
6.671748e+02	1.201967e-06
6.721538e+02	1.213147e-06
6.771327e+02	1.224424e-06
6.821116e+02	1.235797e-06
6.870905e+02	1.247269e-06
6.920694e+02	1.258838e-06
6.970483e+02	1.270507e-06
7.020273e+02	1.282276e-06
7.070062e+02	1.294146e-06
7.119851e+02	1.306118e-06
7.169640e+02	1.318191e-06
7.219429e+02	1.330368e-06
7.269218e+02	1.342649e-06
7.319008e+02	1.355034e-06
7.368797e+02	1.367525e-06
7.418586e+02	1.380122e-06
7.468375e+02	1.392827e-06
7.518164e+02	1.405639e-06
7.567953e+02	1.418561e-06
7.617743e+02	1.431592e-06
7.667532e+02	1.444733e-06
7.717321e+02	1.457986e-06
7.767110e+02	1.471351e-06
7.816899e+02	1.484829e-06
7.866688e+02	1.498421e-06
7.916478e+02	1.512128e-06
7.966267e+02	1.525950e-06
8.016056e+02	1.539889e-06
8.065845e+02	1.553945e-06
8.115634e+02	1.568120e-06
8.165423e+02	1.582414e-06
8.215213e+02	1.596828e-06
8.265002e+02	1.611363e-06
8.314791e+02	1.626020e-06
8.364580e+02	1.640800e-06
8.414369e+02	1.655704e-06
8.464158e+02	1.670732e-06
8.513948e+02	1.685886e-06
8.563737e+02	1.701167e-06
8.613526e+02	1.716575e-06
8.663315e+02	1.732112e-06
8.713104e+02	1.747778e-06
8.762893e+02	1.763574e-06
8.812683e+02	1.779503e-06
8.862472e+02	1.795563e-06
8.912261e+02	1.811757e-06
8.962050e+02	1.828085e-06
9.011839e+02	1.844549e-06
9.061628e+02	1.861149e-06
9.111418e+02	1.877887e-06
9.161207e+02	1.894763e-06
9.210996e+02	1.911778e-06
9.260785e+02	1.928934e-06
9.310574e+02	1.946232e-06
9.360363e+02	1.963672e-06
9.410153e+02	1.981256e-06
9.459942e+02	1.998984e-06
9.509731e+02	2.016859e-06
9.559520e+02	2.034880e-06
9.609309e+02	2.053049e-06
9.659098e+02	2.071367e-06
9.708888e+02	2.089835e-06
9.758677e+02	2.108455e-06
9.808466e+02	2.127227e-06
9.858255e+02	2.146152e-06
9.908044e+02	2.165232e-06
9.957833e+02	2.184468e-06
1.000762e+03	2.203860e-06
1.005741e+03	2.223410e-06
1.010720e+03	2.243120e-06
1.015699e+03	2.262990e-06
1.020678e+03	2.283021e-06
1.025657e+03	2.303215e-06
1.030636e+03	2.323573e-06
1.035615e+03	2.344095e-06
1.040594e+03	2.364784e-06
1.045573e+03	2.385641e-06
1.050551e+03	2.406666e-06
1.055530e+03	2.427860e-06
1.060509e+03	2.449226e-06
1.065488e+03	2.470764e-06
1.070467e+03	2.492476e-06
1.075446e+03	2.514362e-06
1.080425e+03	2.536425e-06
1.085404e+03	2.558664e-06
1.090383e+03	2.581082e-06
1.095362e+03	2.603681e-06
1.100341e+03	2.626460e-06
1.105320e+03	2.649421e-06
1.110298e+03	2.672567e-06
1.115277e+03	2.695897e-06
1.120256e+03	2.719414e-06
1.125235e+03	2.743118e-06
1.130214e+03	2.767011e-06
1.135193e+03	2.791095e-06
1.140172e+03	2.815370e-06
1.145151e+03	2.839838e-06
1.150130e+03	2.864501e-06
1.155109e+03	2.889360e-06
1.160088e+03	2.914415e-06
1.165067e+03	2.939670e-06
1.170045e+03	2.965124e-06
1.175024e+03	2.990779e-06
1.180003e+03	3.016637e-06
1.184982e+03	3.042700e-06
1.189961e+03	3.068968e-06
1.194940e+03	3.095443e-06
1.199919e+03	3.122127e-06
1.204898e+03	3.149020e-06
1.209877e+03	3.176125e-06
1.214856e+03	3.203443e-06
1.219835e+03	3.230975e-06
1.224814e+03	3.258723e-06
1.229792e+03	3.286689e-06
1.234771e+03	3.314873e-06
1.239750e+03	3.343278e-06
1.244729e+03	3.371904e-06
1.249708e+03	3.400754e-06
1.254687e+03	3.429829e-06
1.259666e+03	3.459131e-06
1.264645e+03	3.488660e-06
1.269624e+03	3.518420e-06
1.274603e+03	3.548410e-06
1.279582e+03	3.578634e-06
1.284561e+03	3.609092e-06
1.289539e+03	3.639785e-06
1.294518e+03	3.670717e-06
1.299497e+03	3.701888e-06
1.304476e+03	3.733299e-06
1.309455e+03	3.764954e-06
1.314434e+03	3.796852e-06
1.319413e+03	3.828996e-06
1.324392e+03	3.861388e-06
1.329371e+03	3.894029e-06
1.334350e+03	3.926921e-06
1.339329e+03	3.960066e-06
1.344308e+03	3.993464e-06
1.349286e+03	4.027119e-06
1.354265e+03	4.061032e-06
1.359244e+03	4.095204e-06
1.364223e+03	4.129637e-06
1.369202e+03	4.164333e-06
1.374181e+03	4.199294e-06
1.379160e+03	4.234522e-06
1.384139e+03	4.270018e-06
1.389118e+03	4.305784e-06
1.394097e+03	4.341822e-06
1.399076e+03	4.378133e-06
1.404055e+03	4.414720e-06
1.409033e+03	4.451585e-06
1.414012e+03	4.488729e-06
1.418991e+03	4.526154e-06
1.423970e+03	4.563861e-06
1.428949e+03	4.601854e-06
1.433928e+03	4.640133e-06
1.438907e+03	4.678701e-06
1.443886e+03	4.717560e-06
1.448865e+03	4.756711e-06
1.453844e+03	4.796156e-06
1.458823e+03	4.835897e-06
1.463802e+03	4.875937e-06
1.468780e+03	4.916277e-06
1.473759e+03	4.956919e-06
1.478738e+03	4.997865e-06
1.483717e+03	5.039117e-06
1.488696e+03	5.080678e-06
1.493675e+03	5.122548e-06
1.498654e+03	5.164731e-06
1.503633e+03	5.207228e-06
1.508612e+03	5.250041e-06
1.513591e+03	5.293172e-06
1.518570e+03	5.336624e-06
1.523549e+03	5.380398e-06
1.528527e+03	5.424497e-06
1.533506e+03	5.468922e-06
1.538485e+03	5.513676e-06
1.543464e+03	5.558761e-06
1.548443e+03	5.604178e-06
1.553422e+03	5.649931e-06
1.558401e+03	5.696021e-06
1.563380e+03	5.742450e-06
1.568359e+03	5.789221e-06
1.573338e+03	5.836336e-06
1.578317e+03	5.883797e-06
1.583296e+03	5.931605e-06
1.588274e+03	5.979765e-06
1.593253e+03	6.028276e-06
1.598232e+03	6.077143e-06
1.603211e+03	6.126366e-06
1.608190e+03	6.175949e-06
1.613169e+03	6.225894e-06
1.618148e+03	6.276202e-06
1.623127e+03	6.326877e-06
1.628106e+03	6.377920e-06
1.633085e+03	6.429334e-06
1.638064e+03	6.481122e-06
1.643043e+03	6.533284e-06
1.648021e+03	6.585825e-06
1.653000e+03	6.638746e-06
1.657979e+03	6.692049e-06
1.662958e+03	6.745737e-06
1.667937e+03	6.799813e-06
1.672916e+03	6.854279e-06
1.677895e+03	6.909137e-06
1.682874e+03	6.964389e-06
1.687853e+03	7.020039e-06
1.692832e+03	7.076088e-06
1.697811e+03	7.132539e-06
1.702790e+03	7.189395e-06
1.707768e+03	7.246658e-06
1.712747e+03	7.304330e-06
1.717726e+03	7.362414e-06
1.722705e+03	7.420913e-06
1.727684e+03	7.479830e-06
1.732663e+03	7.539166e-06
1.737642e+03	7.598924e-06
1.742621e+03	7.659107e-06
1.747600e+03	7.719717e-06
1.752579e+03	7.780758e-06
1.757558e+03	7.842231e-06
1.762537e+03	7.904139e-06
1.767515e+03	7.966486e-06
1.772494e+03	8.029273e-06
1.777473e+03	8.092503e-06
1.782452e+03	8.156180e-06
1.787431e+03	8.220305e-06
1.792410e+03	8.284881e-06
1.797389e+03	8.349911e-06
1.802368e+03	8.415399e-06
1.807347e+03	8.481346e-06
1.812326e+03	8.547755e-06
1.817305e+03	8.614629e-06
1.822284e+03	8.681971e-06
1.827262e+03	8.749784e-06
1.832241e+03	8.818070e-06
1.837220e+03	8.886832e-06
1.842199e+03	8.956074e-06
1.847178e+03	9.025798e-06
1.852157e+03	9.096006e-06
1.857136e+03	9.166702e-06
1.862115e+03	9.237889e-06
1.867094e+03	9.309570e-06
1.872073e+03	9.381746e-06
1.877052e+03	9.454422e-06
1.882031e+03	9.527601e-06
1.887009e+03	9.601284e-06
1.891988e+03	9.675476e-06
1.896967e+03	9.750179e-06
1.901946e+03	9.825396e-06
1.906925e+03	9.901130e-06
1.911904e+03	9.977384e-06
1.916883e+03	1.005416e-05
1.921862e+03	1.013147e-05
1.926841e+03	1.020930e-05
1.931820e+03	1.028766e-05
1.936799e+03	1.036657e-05
1.941778e+03	1.044601e-05
1.946756e+03	1.052599e-05
1.951735e+03	1.060651e-05
1.956714e+03	1.068759e-05
1.961693e+03	1.076921e-05
1.966672e+03	1.085139e-05
1.971651e+03	1.093413e-05
1.976630e+03	1.101742e-05
1.981609e+03	1.110129e-05
1.986588e+03	1.118571e-05
1.991567e+03	1.127071e-05
1.996546e+03	1.135628e-05
2.001525e+03	1.144243e-05
2.006503e+03	1.152916e-05
2.011482e+03	1.161647e-05
2.016461e+03	1.170437e-05
2.021440e+03	1.179286e-05
2.026419e+03	1.188194e-05
2.031398e+03	1.197162e-05
2.036377e+03	1.206190e-05
2.041356e+03	1.215278e-05
2.046335e+03	1.224427e-05
2.051314e+03	1.233637e-05
2.056293e+03	1.242908e-05
2.061272e+03	1.252241e-05
2.066250e+03	1.261636e-05
2.071229e+03	1.271094e-05
2.076208e+03	1.280614e-05
2.081187e+03	1.290197e-05
2.086166e+03	1.299844e-05
2.091145e+03	1.309554e-05
2.096124e+03	1.319329e-05
2.101103e+03	1.329168e-05
2.106082e+03	1.339071e-05
2.111061e+03	1.349041e-05
2.116040e+03	1.359075e-05
2.121019e+03	1.369176e-05
2.125997e+03	1.379342e-05
2.130976e+03	1.389576e-05
2.135955e+03	1.399876e-05
2.140934e+03	1.410244e-05
2.145913e+03	1.420680e-05
2.150892e+03	1.431183e-05
2.155871e+03	1.441755e-05
2.160850e+03	1.452396e-05
2.165829e+03	1.463107e-05
2.170808e+03	1.473886e-05
2.175787e+03	1.484736e-05
2.180766e+03	1.495656e-05
2.185744e+03	1.506647e-05
2.190723e+03	1.517709e-05
2.195702e+03	1.528842e-05
2.200681e+03	1.540047e-05
2.205660e+03	1.551325e-05
2.210639e+03	1.562675e-05
2.215618e+03	1.574098e-05
2.220597e+03	1.585594e-05
2.225576e+03	1.597165e-05
2.230555e+03	1.608809e-05
2.235534e+03	1.620528e-05
2.240513e+03	1.632322e-05
2.245491e+03	1.644191e-05
2.250470e+03	1.656136e-05
2.255449e+03	1.668158e-05
2.260428e+03	1.680255e-05
2.265407e+03	1.692430e-05
2.270386e+03	1.704682e-05
2.275365e+03	1.717012e-05
2.280344e+03	1.729420e-05
2.285323e+03	1.741907e-05
2.290302e+03	1.754472e-05
2.295281e+03	1.767117e-05
2.300260e+03	1.779842e-05
2.305238e+03	1.792647e-05
2.310217e+03	1.805532e-05
2.315196e+03	1.818499e-05
2.320175e+03	1.831547e-05
2.325154e+03	1.844677e-05
2.330133e+03	1.857889e-05
2.335112e+03	1.871184e-05
2.340091e+03	1.884562e-05
2.345070e+03	1.898023e-05
2.350049e+03	1.911569e-05
2.355028e+03	1.925199e-05
2.360007e+03	1.938914e-05
2.364985e+03	1.952714e-05
2.369964e+03	1.966599e-05
2.374943e+03	1.980571e-05
2.379922e+03	1.994629e-05
2.384901e+03	2.008775e-05
2.389880e+03	2.023008e-05
2.394859e+03	2.037328e-05
2.399838e+03	2.051737e-05
2.404817e+03	2.066235e-05
2.409796e+03	2.080822e-05
2.414775e+03	2.095498e-05
2.419754e+03	2.110265e-05
2.424732e+03	2.125122e-05
2.429711e+03	2.140070e-05
2.434690e+03	2.155109e-05
2.439669e+03	2.170241e-05
2.444648e+03	2.185464e-05
2.449627e+03	2.200781e-05
2.454606e+03	2.216190e-05
2.459585e+03	2.231694e-05
2.464564e+03	2.247291e-05
2.469543e+03	2.262983e-05
2.474522e+03	2.278770e-05
2.479501e+03	2.294653e-05
2.484479e+03	2.310631e-05
2.489458e+03	2.326706e-05
2.494437e+03	2.342878e-05
2.499416e+03	2.359147e-05
2.504395e+03	2.375514e-05
2.509374e+03	2.391980e-05
2.514353e+03	2.408544e-05
2.519332e+03	2.425207e-05
2.524311e+03	2.441970e-05
2.529290e+03	2.458834e-05
2.534269e+03	2.475798e-05
2.539248e+03	2.492863e-05
2.544226e+03	2.510030e-05
2.549205e+03	2.527299e-05
2.554184e+03	2.544670e-05
2.559163e+03	2.562145e-05
2.564142e+03	2.579723e-05
2.569121e+03	2.597405e-05
2.574100e+03	2.615192e-05
2.579079e+03	2.633084e-05
2.584058e+03	2.651081e-05
2.589037e+03	2.669184e-05
2.594016e+03	2.687394e-05
2.598995e+03	2.705711e-05
2.603973e+03	2.724135e-05
2.608952e+03	2.742667e-05
2.613931e+03	2.761308e-05
2.618910e+03	2.780057e-05
2.623889e+03	2.798917e-05
2.628868e+03	2.817886e-05
2.633847e+03	2.836965e-05
2.638826e+03	2.856156e-05
2.643805e+03	2.875458e-05
2.648784e+03	2.894872e-05
2.653763e+03	2.914399e-05
2.658742e+03	2.934038e-05
2.663720e+03	2.953791e-05
2.668699e+03	2.973658e-05
2.673678e+03	2.993640e-05
2.678657e+03	3.013737e-05
2.683636e+03	3.033949e-05
2.688615e+03	3.054278e-05
2.693594e+03	3.074723e-05
2.698573e+03	3.095285e-05
2.703552e+03	3.115965e-05
2.708531e+03	3.136763e-05
2.713510e+03	3.157680e-05
2.718489e+03	3.178716e-05
2.723467e+03	3.199871e-05
2.728446e+03	3.221147e-05
2.733425e+03	3.242544e-05
2.738404e+03	3.264062e-05
2.743383e+03	3.285702e-05
2.748362e+03	3.307464e-05
2.753341e+03	3.329350e-05
2.758320e+03	3.351358e-05
2.763299e+03	3.373491e-05
2.768278e+03	3.395748e-05
2.773257e+03	3.418131e-05
2.778236e+03	3.440638e-05
2.783214e+03	3.463273e-05
2.788193e+03	3.486033e-05
2.793172e+03	3.508921e-05
2.798151e+03	3.531937e-05
2.803130e+03	3.555081e-05
2.808109e+03	3.578354e-05
2.813088e+03	3.601756e-05
2.818067e+03	3.625288e-05
2.823046e+03	3.648951e-05
2.828025e+03	3.672745e-05
2.833004e+03	3.696670e-05
2.837983e+03	3.720728e-05
2.842961e+03	3.744918e-05
2.847940e+03	3.769241e-05
2.852919e+03	3.793699e-05
2.857898e+03	3.818290e-05
2.862877e+03	3.843017e-05
2.867856e+03	3.867879e-05
2.872835e+03	3.892877e-05
2.877814e+03	3.918012e-05
2.882793e+03	3.943284e-05
2.887772e+03	3.968693e-05
2.892751e+03	3.994241e-05
2.897730e+03	4.019928e-05
2.902708e+03	4.045754e-05
2.907687e+03	4.071720e-05
2.912666e+03	4.097826e-05
2.917645e+03	4.124074e-05
2.922624e+03	4.150463e-05
2.927603e+03	4.176995e-05
2.932582e+03	4.203669e-05
2.937561e+03	4.230487e-05
2.942540e+03	4.257449e-05
2.947519e+03	4.284555e-05
2.952498e+03	4.311807e-05
2.957477e+03	4.339204e-05
2.962455e+03	4.366747e-05
2.967434e+03	4.394437e-05
2.972413e+03	4.422275e-05
2.977392e+03	4.450260e-05
2.982371e+03	4.478394e-05
2.987350e+03	4.506678e-05
2.992329e+03	4.535111e-05
2.997308e+03	4.563694e-05
3.002287e+03	4.592428e-05
3.007266e+03	4.621314e-05
3.012245e+03	4.650351e-05
3.017224e+03	4.679542e-05
3.022202e+03	4.708885e-05
3.027181e+03	4.738383e-05
3.032160e+03	4.768034e-05
3.037139e+03	4.797841e-05
3.042118e+03	4.827803e-05
3.047097e+03	4.857922e-05
3.052076e+03	4.888197e-05
3.057055e+03	4.918630e-05
3.062034e+03	4.949220e-05
3.067013e+03	4.979969e-05
3.071992e+03	5.010877e-05
3.076971e+03	5.041945e-05
3.081949e+03	5.073173e-05
3.086928e+03	5.104562e-05
3.091907e+03	5.136112e-05
3.096886e+03	5.167825e-05
3.101865e+03	5.199700e-05
3.106844e+03	5.231738e-05
3.111823e+03	5.263941e-05
3.116802e+03	5.296308e-05
3.121781e+03	5.328839e-05
3.126760e+03	5.361537e-05
3.131739e+03	5.394401e-05
3.136718e+03	5.427431e-05
3.141696e+03	5.460629e-05
3.146675e+03	5.493995e-05
3.151654e+03	5.527530e-05
3.156633e+03	5.561234e-05
3.161612e+03	5.595108e-05
3.166591e+03	5.629152e-05
3.171570e+03	5.663368e-05
3.176549e+03	5.697755e-05
3.181528e+03	5.732314e-05
3.186507e+03	5.767046e-05
3.191486e+03	5.801952e-05
3.196465e+03	5.837032e-05
3.201443e+03	5.872286e-05
3.206422e+03	5.907716e-05
3.211401e+03	5.943321e-05
3.216380e+03	5.979103e-05
3.221359e+03	6.015062e-05
3.226338e+03	6.051199e-05
3.231317e+03	6.087514e-05
3.236296e+03	6.124009e-05
3.241275e+03	6.160682e-05
3.246254e+03	6.197536e-05
3.251233e+03	6.234570e-05
3.256212e+03	6.271786e-05
3.261190e+03	6.309184e-05
3.266169e+03	6.346764e-05
3.271148e+03	6.384528e-05
3.276127e+03	6.422475e-05
3.281106e+03	6.460606e-05
3.286085e+03	6.498923e-05
3.291064e+03	6.537425e-05
3.296043e+03	6.576114e-05
3.301022e+03	6.614989e-05
3.306001e+03	6.654051e-05
3.310980e+03	6.693302e-05
3.315959e+03	6.732741e-05
3.320937e+03	6.772370e-05
3.325916e+03	6.812188e-05
3.330895e+03	6.852197e-05
3.335874e+03	6.892396e-05
3.340853e+03	6.932788e-05
3.345832e+03	6.973372e-05
3.350811e+03	7.014148e-05
3.355790e+03	7.055118e-05
3.360769e+03	7.096282e-05
3.365748e+03	7.137641e-05
3.370727e+03	7.179195e-05
3.375706e+03	7.220946e-05
3.380684e+03	7.262892e-05
3.385663e+03	7.305036e-05
3.390642e+03	7.347377e-05
3.395621e+03	7.389917e-05
3.400600e+03	7.432656e-05
3.405579e+03	7.475594e-05
3.410558e+03	7.518732e-05
3.415537e+03	7.562071e-05
3.420516e+03	7.605612e-05
3.425495e+03	7.649354e-05
3.430474e+03	7.693299e-05
3.435453e+03	7.737447e-05
3.440431e+03	7.781799e-05
3.445410e+03	7.826355e-05
3.450389e+03	7.871116e-05
3.455368e+03	7.916083e-05
3.460347e+03	7.961256e-05
3.465326e+03	8.006636e-05
3.470305e+03	8.052223e-05
3.475284e+03	8.098018e-05
3.480263e+03	8.144021e-05
3.485242e+03	8.190234e-05
3.490221e+03	8.236656e-05
3.495200e+03	8.283289e-05
3.500178e+03	8.330132e-05
3.505157e+03	8.377188e-05
3.510136e+03	8.424455e-05
3.515115e+03	8.471935e-05
3.520094e+03	8.519628e-05
3.525073e+03	8.567536e-05
3.530052e+03	8.615657e-05
3.535031e+03	8.663994e-05
3.540010e+03	8.712546e-05
3.544989e+03	8.761315e-05
3.549968e+03	8.810301e-05
3.554947e+03	8.859504e-05
3.559925e+03	8.908925e-05
3.564904e+03	8.958564e-05
3.569883e+03	9.008423e-05
3.574862e+03	9.058501e-05
3.579841e+03	9.108800e-05
3.584820e+03	9.159320e-05
3.589799e+03	9.210061e-05
3.594778e+03	9.261025e-05
3.599757e+03	9.312211e-05
3.604736e+03	9.363620e-05
3.609715e+03	9.415253e-05
3.614694e+03	9.467111e-05
3.619672e+03	9.519193e-05
3.624651e+03	9.571501e-05
3.629630e+03	9.624035e-05
3.634609e+03	9.676796e-05
3.639588e+03	9.729784e-05
3.644567e+03	9.783000e-05
3.649546e+03	9.836444e-05
3.654525e+03	9.890117e-05
3.659504e+03	9.944020e-05
3.664483e+03	9.998152e-05
3.669462e+03	1.005252e-04
3.674441e+03	1.010711e-04
3.679419e+03	1.016194e-04
3.684398e+03	1.021699e-04
3.689377e+03	1.027229e-04
3.694356e+03	1.032781e-04
3.699335e+03	1.038357e-04
3.704314e+03	1.043956e-04
3.709293e+03	1.049579e-04
3.714272e+03	1.055226e-04
3.719251e+03	1.060896e-04
3.724230e+03	1.066589e-04
3.729209e+03	1.072307e-04
3.734188e+03	1.078048e-04
3.739166e+03	1.083813e-04
3.744145e+03	1.089602e-04
3.749124e+03	1.095415e-04
3.754103e+03	1.101251e-04
3.759082e+03	1.107112e-04
3.764061e+03	1.112997e-04
3.769040e+03	1.118906e-04
3.774019e+03	1.124840e-04
3.778998e+03	1.130797e-04
3.783977e+03	1.136779e-04
3.788956e+03	1.142785e-04
3.793935e+03	1.148816e-04
3.798913e+03	1.154871e-04
3.803892e+03	1.160951e-04
3.808871e+03	1.167055e-04
3.813850e+03	1.173184e-04
3.818829e+03	1.179337e-04
3.823808e+03	1.185516e-04
3.828787e+03	1.191719e-04
3.833766e+03	1.197947e-04
3.838745e+03	1.204199e-04
3.843724e+03	1.210477e-04
3.848703e+03	1.216779e-04
3.853682e+03	1.223107e-04
3.858660e+03	1.229460e-04
3.863639e+03	1.235838e-04
3.868618e+03	1.242241e-04
3.873597e+03	1.248669e-04
3.878576e+03	1.255122e-04
3.883555e+03	1.261601e-04
3.888534e+03	1.268105e-04
3.893513e+03	1.274635e-04
3.898492e+03	1.281190e-04
3.903471e+03	1.287770e-04
3.908450e+03	1.294376e-04
3.913429e+03	1.301008e-04
3.918407e+03	1.307665e-04
3.923386e+03	1.314348e-04
3.928365e+03	1.321057e-04
3.933344e+03	1.327791e-04
3.938323e+03	1.334552e-04
3.943302e+03	1.341338e-04
3.948281e+03	1.348150e-04
3.953260e+03	1.354988e-04
3.958239e+03	1.361852e-04
3.963218e+03	1.368742e-04
3.968197e+03	1.375659e-04
3.973176e+03	1.382601e-04
3.978154e+03	1.389570e-04
3.983133e+03	1.396564e-04
3.988112e+03	1.403585e-04
3.993091e+03	1.410633e-04
3.998070e+03	1.417706e-04
4.003049e+03	1.424806e-04
4.008028e+03	1.431933e-04
4.013007e+03	1.439086e-04
4.017986e+03	1.446265e-04
4.022965e+03	1.453472e-04
4.027944e+03	1.460704e-04
4.032923e+03	1.467964e-04
4.037901e+03	1.475249e-04
4.042880e+03	1.482562e-04
4.047859e+03	1.489902e-04
4.052838e+03	1.497268e-04
4.057817e+03	1.504661e-04
4.062796e+03	1.512081e-04
4.067775e+03	1.519528e-04
4.072754e+03	1.527001e-04
4.077733e+03	1.534502e-04
4.082712e+03	1.542030e-04
4.087691e+03	1.549585e-04
4.092670e+03	1.557167e-04
4.097648e+03	1.564776e-04
4.102627e+03	1.572412e-04
4.107606e+03	1.580076e-04
4.112585e+03	1.587766e-04
4.117564e+03	1.595484e-04
4.122543e+03	1.603229e-04
4.127522e+03	1.611002e-04
4.132501e+03	1.618802e-04
4.137480e+03	1.626629e-04
4.142459e+03	1.634484e-04
4.147438e+03	1.642366e-04
4.152417e+03	1.650276e-04
4.157395e+03	1.658213e-04
4.162374e+03	1.666178e-04
4.167353e+03	1.674170e-04
4.172332e+03	1.682190e-04
4.177311e+03	1.690238e-04
4.182290e+03	1.698313e-04
4.187269e+03	1.706416e-04
4.192248e+03	1.714547e-04
4.197227e+03	1.722705e-04
4.202206e+03	1.730892e-04
4.207185e+03	1.739106e-04
4.212164e+03	1.747348e-04
4.217142e+03	1.755618e-04
4.222121e+03	1.763915e-04
4.227100e+03	1.772241e-04
4.232079e+03	1.780595e-04
4.237058e+03	1.788976e-04
4.242037e+03	1.797386e-04
4.247016e+03	1.805823e-04
4.251995e+03	1.814289e-04
4.256974e+03	1.822783e-04
4.261953e+03	1.831305e-04
4.266932e+03	1.839855e-04
4.271911e+03	1.848433e-04
4.276889e+03	1.857039e-04
4.281868e+03	1.865673e-04
4.286847e+03	1.874336e-04
4.291826e+03	1.883027e-04
4.296805e+03	1.891746e-04
4.301784e+03	1.900493e-04
4.306763e+03	1.909269e-04
4.311742e+03	1.918073e-04
4.316721e+03	1.926905e-04
4.321700e+03	1.935766e-04
4.326679e+03	1.944655e-04
4.331658e+03	1.953572e-04
4.336636e+03	1.962518e-04
4.341615e+03	1.971492e-04
4.346594e+03	1.980494e-04
4.351573e+03	1.989525e-04
4.356552e+03	1.998585e-04
4.361531e+03	2.007673e-04
4.366510e+03	2.016789e-04
4.371489e+03	2.025934e-04
4.376468e+03	2.035107e-04
4.381447e+03	2.044309e-04
4.386426e+03	2.053539e-04
4.391405e+03	2.062798e-04
4.396383e+03	2.072085e-04
4.401362e+03	2.081401e-04
4.406341e+03	2.090746e-04
4.411320e+03	2.100119e-04
4.416299e+03	2.109521e-04
4.421278e+03	2.118951e-04
4.426257e+03	2.128410e-04
4.431236e+03	2.137897e-04
4.436215e+03	2.147413e-04
4.441194e+03	2.156958e-04
4.446173e+03	2.166531e-04
4.451152e+03	2.176133e-04
4.456130e+03	2.185764e-04
4.461109e+03	2.195423e-04
4.466088e+03	2.205111e-04
4.471067e+03	2.214827e-04
4.476046e+03	2.224572e-04
4.481025e+03	2.234346e-04
4.486004e+03	2.244148e-04
4.490983e+03	2.253979e-04
4.495962e+03	2.263839e-04
4.500941e+03	2.273727e-04
4.505920e+03	2.283644e-04
4.510899e+03	2.293590e-04
4.515877e+03	2.303564e-04
4.520856e+03	2.313566e-04
4.525835e+03	2.323598e-04
4.530814e+03	2.333658e-04
4.535793e+03	2.343747e-04
4.540772e+03	2.353864e-04
4.545751e+03	2.364010e-04
4.550730e+03	2.374184e-04
4.555709e+03	2.384387e-04
4.560688e+03	2.394619e-04
4.565667e+03	2.404879e-04
4.570646e+03	2.415168e-04
4.575624e+03	2.425486e-04
4.580603e+03	2.435832e-04
4.585582e+03	2.446206e-04
4.590561e+03	2.456609e-04
4.595540e+03	2.467041e-04
4.600519e+03	2.477501e-04
4.605498e+03	2.487989e-04
4.610477e+03	2.498506e-04
4.615456e+03	2.509052e-04
4.620435e+03	2.519626e-04
4.625414e+03	2.530228e-04
4.630393e+03	2.540859e-04
4.635371e+03	2.551518e-04
4.640350e+03	2.562206e-04
4.645329e+03	2.572922e-04
4.650308e+03	2.583666e-04
4.655287e+03	2.594439e-04
4.660266e+03	2.605240e-04
4.665245e+03	2.616069e-04
4.670224e+03	2.626927e-04
4.675203e+03	2.637813e-04
4.680182e+03	2.648727e-04
4.685161e+03	2.659669e-04
4.690140e+03	2.670639e-04
4.695118e+03	2.681638e-04
4.700097e+03	2.692665e-04
4.705076e+03	2.703719e-04
4.710055e+03	2.714802e-04
4.715034e+03	2.725913e-04
4.720013e+03	2.737052e-04
4.724992e+03	2.748219e-04
4.729971e+03	2.759414e-04
4.734950e+03	2.770637e-04
4.739929e+03	2.781888e-04
4.744908e+03	2.793167e-04
4.749887e+03	2.804474e-04
4.754865e+03	2.815808e-04
4.759844e+03	2.827170e-04
4.764823e+03	2.838560e-04
4.769802e+03	2.849978e-04
4.774781e+03	2.861424e-04
4.779760e+03	2.872897e-04
4.784739e+03	2.884397e-04
4.789718e+03	2.895926e-04
4.794697e+03	2.907481e-04
4.799676e+03	2.919065e-04
4.804655e+03	2.930676e-04
4.809634e+03	2.942314e-04
4.814612e+03	2.953979e-04
4.819591e+03	2.965672e-04
4.824570e+03	2.977393e-04
4.829549e+03	2.989140e-04
4.834528e+03	3.000915e-04
4.839507e+03	3.012717e-04
4.844486e+03	3.024546e-04
4.849465e+03	3.036402e-04
4.854444e+03	3.048286e-04
4.859423e+03	3.060196e-04
4.864402e+03	3.072133e-04
4.869381e+03	3.084097e-04
4.874359e+03	3.096088e-04
4.879338e+03	3.108106e-04
4.884317e+03	3.120151e-04
4.889296e+03	3.132222e-04
4.894275e+03	3.144320e-04
4.899254e+03	3.156445e-04
4.904233e+03	3.168596e-04
4.909212e+03	3.180773e-04
4.914191e+03	3.192978e-04
4.919170e+03	3.205208e-04
4.924149e+03	3.217465e-04
4.929128e+03	3.229748e-04
4.934106e+03	3.242057e-04
4.939085e+03	3.254393e-04
4.944064e+03	3.266755e-04
4.949043e+03	3.279142e-04
4.954022e+03	3.291556e-04
4.959001e+03	3.303996e-04
4.963980e+03	3.316461e-04
4.968959e+03	3.328953e-04
4.973938e+03	3.341470e-04
4.978917e+03	3.354013e-04
4.983896e+03	3.366581e-04
4.988875e+03	3.379175e-04
4.993853e+03	3.391795e-04
4.998832e+03	3.404439e-04
5.003811e+03	3.417110e-04
5.008790e+03	3.429805e-04
5.013769e+03	3.442526e-04
5.018748e+03	3.455272e-04
5.023727e+03	3.468043e-04
5.028706e+03	3.480839e-04
5.033685e+03	3.493660e-04
5.038664e+03	3.506506e-04
5.043643e+03	3.519377e-04
5.048622e+03	3.532273e-04
5.053600e+03	3.545193e-04
5.058579e+03	3.558137e-04
5.063558e+03	3.571107e-04
5.068537e+03	3.584100e-04
5.073516e+03	3.597118e-04
5.078495e+03	3.610161e-04
5.083474e+03	3.623227e-04
5.088453e+03	3.636318e-04
5.093432e+03	3.649432e-04
5.098411e+03	3.662571e-04
5.103390e+03	3.675734e-04
5.108369e+03	3.688920e-04
5.113347e+03	3.702130e-04
5.118326e+03	3.715363e-04
5.123305e+03	3.728621e-04
5.128284e+03	3.741901e-04
5.133263e+03	3.755205e-04
5.138242e+03	3.768533e-04
5.143221e+03	3.781883e-04
5.148200e+03	3.795257e-04
5.153179e+03	3.808653e-04
5.158158e+03	3.822073e-04
5.163137e+03	3.835515e-04
5.168116e+03	3.848980e-04
5.173094e+03	3.862468e-04
5.178073e+03	3.875979e-04
5.183052e+03	3.889511e-04
5.188031e+03	3.903067e-04
5.193010e+03	3.916644e-04
5.197989e+03	3.930244e-04
5.202968e+03	3.943866e-04
5.207947e+03	3.957509e-04
5.212926e+03	3.971175e-04
5.217905e+03	3.984862e-04
5.222884e+03	3.998572e-04
5.227863e+03	4.012302e-04
5.232841e+03	4.026055e-04
5.237820e+03	4.039828e-04
5.242799e+03	4.053623e-04
5.247778e+03	4.067439e-04
5.252757e+03	4.081276e-04
5.257736e+03	4.095135e-04
5.262715e+03	4.109014e-04
5.267694e+03	4.122913e-04
5.272673e+03	4.136834e-04
5.277652e+03	4.150775e-04
5.282631e+03	4.164736e-04
5.287610e+03	4.178718e-04
5.292588e+03	4.192720e-04
5.297567e+03	4.206742e-04
5.302546e+03	4.220784e-04
5.307525e+03	4.234846e-04
5.312504e+03	4.248928e-04
5.317483e+03	4.263030e-04
5.322462e+03	4.277151e-04
5.327441e+03	4.291291e-04
5.332420e+03	4.305451e-04
5.337399e+03	4.319630e-04
5.342378e+03	4.333828e-04
5.347357e+03	4.348045e-04
5.352335e+03	4.362280e-04
5.357314e+03	4.376535e-04
5.362293e+03	4.390808e-04
5.367272e+03	4.405100e-04
5.372251e+03	4.419410e-04
5.377230e+03	4.433738e-04
5.382209e+03	4.448084e-04
5.387188e+03	4.462448e-04
5.392167e+03	4.476830e-04
5.397146e+03	4.491230e-04
5.402125e+03	4.505648e-04
5.407104e+03	4.520083e-04
5.412082e+03	4.534535e-04
5.417061e+03	4.549005e-04
5.422040e+03	4.563491e-04
5.427019e+03	4.577995e-04
5.431998e+03	4.592515e-04
5.436977e+03	4.607052e-04
5.441956e+03	4.621606e-04
5.446935e+03	4.636176e-04
5.451914e+03	4.650762e-04
5.456893e+03	4.665365e-04
5.461872e+03	4.679983e-04
5.466851e+03	4.694618e-04
5.471829e+03	4.709268e-04
5.476808e+03	4.723934e-04
5.481787e+03	4.738615e-04
5.486766e+03	4.753312e-04
5.491745e+03	4.768024e-04
5.496724e+03	4.782751e-04
5.501703e+03	4.797492e-04
5.506682e+03	4.812249e-04
5.511661e+03	4.827020e-04
5.516640e+03	4.841806e-04
5.521619e+03	4.856606e-04
5.526598e+03	4.871420e-04
5.531576e+03	4.886249e-04
5.536555e+03	4.901091e-04
5.541534e+03	4.915947e-04
5.546513e+03	4.930816e-04
5.551492e+03	4.945699e-04
5.556471e+03	4.960596e-04
5.561450e+03	4.975505e-04
5.566429e+03	4.990428e-04
5.571408e+03	5.005363e-04
5.576387e+03	5.020311e-04
5.581366e+03	5.035272e-04
5.586345e+03	5.050245e-04
5.591323e+03	5.065230e-04
5.596302e+03	5.080227e-04
5.601281e+03	5.095237e-04
5.606260e+03	5.110258e-04
5.611239e+03	5.125290e-04
5.616218e+03	5.140335e-04
5.621197e+03	5.155390e-04
5.626176e+03	5.170457e-04
5.631155e+03	5.185534e-04
5.636134e+03	5.200623e-04
5.641113e+03	5.215722e-04
5.646092e+03	5.230831e-04
5.651070e+03	5.245951e-04
5.656049e+03	5.261081e-04
5.661028e+03	5.276222e-04
5.666007e+03	5.291372e-04
5.670986e+03	5.306531e-04
5.675965e+03	5.321700e-04
5.680944e+03	5.336879e-04
5.685923e+03	5.352067e-04
5.690902e+03	5.367263e-04
5.695881e+03	5.382469e-04
5.700860e+03	5.397683e-04
5.705839e+03	5.412906e-04
5.710817e+03	5.428137e-04
5.715796e+03	5.443377e-04
5.720775e+03	5.458624e-04
5.725754e+03	5.473879e-04
5.730733e+03	5.489142e-04
5.735712e+03	5.504412e-04
5.740691e+03	5.519690e-04
5.745670e+03	5.534974e-04
5.750649e+03	5.550266e-04
5.755628e+03	5.565564e-04
5.760607e+03	5.580869e-04
5.765586e+03	5.596181e-04
5.770564e+03	5.611499e-04
5.775543e+03	5.626822e-04
5.780522e+03	5.642152e-04
5.785501e+03	5.657488e-04
5.790480e+03	5.672828e-04
5.795459e+03	5.688175e-04
5.800438e+03	5.703526e-04
5.805417e+03	5.718883e-04
5.810396e+03	5.734244e-04
5.815375e+03	5.749610e-04
5.820354e+03	5.764980e-04
5.825333e+03	5.780355e-04
5.830311e+03	5.795733e-04
5.835290e+03	5.811116e-04
5.840269e+03	5.826502e-04
5.845248e+03	5.841892e-04
5.850227e+03	5.857285e-04
5.855206e+03	5.872681e-04
5.860185e+03	5.888080e-04
5.865164e+03	5.903482e-04
5.870143e+03	5.918886e-04
5.875122e+03	5.934293e-04
5.880101e+03	5.949702e-04
5.885080e+03	5.965113e-04
5.890058e+03	5.980526e-04
5.895037e+03	5.995941e-04
5.900016e+03	6.011356e-04
5.904995e+03	6.026773e-04
5.909974e+03	6.042192e-04
5.914953e+03	6.057611e-04
5.919932e+03	6.073030e-04
5.924911e+03	6.088450e-04
5.929890e+03	6.103871e-04
5.934869e+03	6.119291e-04
5.939848e+03	6.134711e-04
5.944827e+03	6.150131e-04
5.949805e+03	6.165551e-04
5.954784e+03	6.180969e-04
5.959763e+03	6.196387e-04
5.964742e+03	6.211804e-04
5.969721e+03	6.227219e-04
5.974700e+03	6.242633e-04
5.979679e+03	6.258045e-04
5.984658e+03	6.273455e-04
5.989637e+03	6.288863e-04
5.994616e+03	6.304268e-04
5.999595e+03	6.319671e-04
6.004574e+03	6.335072e-04
6.009552e+03	6.350469e-04
6.014531e+03	6.365864e-04
6.019510e+03	6.381255e-04
6.024489e+03	6.396642e-04
6.029468e+03	6.412026e-04
6.034447e+03	6.427405e-04
6.039426e+03	6.442781e-04
6.044405e+03	6.458152e-04
6.049384e+03	6.473518e-04
6.054363e+03	6.488880e-04
6.059342e+03	6.504237e-04
6.064321e+03	6.519589e-04
6.069299e+03	6.534935e-04
6.074278e+03	6.550275e-04
6.079257e+03	6.565610e-04
6.084236e+03	6.580939e-04
6.089215e+03	6.596261e-04
6.094194e+03	6.611577e-04
6.099173e+03	6.626886e-04
6.104152e+03	6.642189e-04
6.109131e+03	6.657484e-04
6.114110e+03	6.672772e-04
6.119089e+03	6.688053e-04
6.124068e+03	6.703325e-04
6.129046e+03	6.718590e-04
6.134025e+03	6.733847e-04
6.139004e+03	6.749095e-04
6.143983e+03	6.764335e-04
6.148962e+03	6.779566e-04
6.153941e+03	6.794788e-04
6.158920e+03	6.810001e-04
6.163899e+03	6.825204e-04
6.168878e+03	6.840398e-04
6.173857e+03	6.855582e-04
6.178836e+03	6.870755e-04
6.183815e+03	6.885919e-04
6.188793e+03	6.901072e-04
6.193772e+03	6.916214e-04
6.198751e+03	6.931345e-04
6.203730e+03	6.946465e-04
6.208709e+03	6.961574e-04
6.213688e+03	6.976671e-04
6.218667e+03	6.991757e-04
6.223646e+03	7.006830e-04
6.228625e+03	7.021891e-04
6.233604e+03	7.036939e-04
6.238583e+03	7.051975e-04
6.243562e+03	7.066998e-04
6.248540e+03	7.082008e-04
6.253519e+03	7.097004e-04
6.258498e+03	7.111987e-04
6.263477e+03	7.126957e-04
6.268456e+03	7.141912e-04
6.273435e+03	7.156853e-04
6.278414e+03	7.171779e-04
6.283393e+03	7.186691e-04
6.288372e+03	7.201588e-04
6.293351e+03	7.216470e-04
6.298330e+03	7.231336e-04
6.303309e+03	7.246187e-04
6.308287e+03	7.261022e-04
6.313266e+03	7.275841e-04
6.318245e+03	7.290644e-04
6.323224e+03	7.305431e-04
6.328203e+03	7.320200e-04
6.333182e+03	7.334953e-04
6.338161e+03	7.349689e-04
6.343140e+03	7.364408e-04
6.348119e+03	7.379109e-04
6.353098e+03	7.393792e-04
6.358077e+03	7.408457e-04
6.363056e+03	7.423104e-04
6.368034e+03	7.437733e-04
6.373013e+03	7.452343e-04
6.377992e+03	7.466934e-04
6.382971e+03	7.481506e-04
6.387950e+03	7.496058e-04
6.392929e+03	7.510591e-04
6.397908e+03	7.525105e-04
6.402887e+03	7.539598e-04
6.407866e+03	7.554071e-04
6.412845e+03	7.568523e-04
6.417824e+03	7.582955e-04
6.422803e+03	7.597366e-04
6.427781e+03	7.611756e-04
6.432760e+03	7.626125e-04
6.437739e+03	7.640472e-04
6.442718e+03	7.654797e-04
6.447697e+03	7.669100e-04
6.452676e+03	7.683381e-04
6.457655e+03	7.697640e-04
6.462634e+03	7.711875e-04
6.467613e+03	7.726088e-04
6.472592e+03	7.740278e-04
6.477571e+03	7.754445e-04
6.482550e+03	7.768587e-04
6.487528e+03	7.782706e-04
6.492507e+03	7.796801e-04
6.497486e+03	7.810872e-04
6.502465e+03	7.824918e-04
6.507444e+03	7.838940e-04
6.512423e+03	7.852937e-04
6.517402e+03	7.866908e-04
6.522381e+03	7.880855e-04
6.527360e+03	7.894775e-04
6.532339e+03	7.908670e-04
6.537318e+03	7.922539e-04
6.542297e+03	7.936381e-04
6.547275e+03	7.950197e-04
6.552254e+03	7.963987e-04
6.557233e+03	7.977749e-04
6.562212e+03	7.991484e-04
6.567191e+03	8.005192e-04
6.572170e+03	8.018872e-04
6.577149e+03	8.032525e-04
6.582128e+03	8.046149e-04
6.587107e+03	8.059746e-04
6.592086e+03	8.073313e-04
6.597065e+03	8.086852e-04
6.602044e+03	8.100363e-04
6.607022e+03	8.113844e-04
6.612001e+03	8.127295e-04
6.616980e+03	8.140717e-04
6.621959e+03	8.154110e-04
6.626938e+03	8.167472e-04
6.631917e+03	8.180804e-04
6.636896e+03	8.194105e-04
6.641875e+03	8.207376e-04
6.646854e+03	8.220616e-04
6.651833e+03	8.233825e-04
6.656812e+03	8.247003e-04
6.661791e+03	8.260149e-04
6.666769e+03	8.273263e-04
6.671748e+03	8.286345e-04
6.676727e+03	8.299396e-04
6.681706e+03	8.312413e-04
6.686685e+03	8.325398e-04
6.691664e+03	8.338350e-04
6.696643e+03	8.351269e-04
6.701622e+03	8.364155e-04
6.706601e+03	8.377008e-04
6.711580e+03	8.389826e-04
6.716559e+03	8.402611e-04
6.721538e+03	8.415361e-04
6.726516e+03	8.428078e-04
6.731495e+03	8.440759e-04
6.736474e+03	8.453406e-04
6.741453e+03	8.466018e-04
6.746432e+03	8.478594e-04
6.751411e+03	8.491136e-04
6.756390e+03	8.503641e-04
6.761369e+03	8.516111e-04
6.766348e+03	8.528544e-04
6.771327e+03	8.540942e-04
6.776306e+03	8.553303e-04
6.781285e+03	8.565627e-04
6.786263e+03	8.577914e-04
6.791242e+03	8.590164e-04
6.796221e+03	8.602377e-04
6.801200e+03	8.614552e-04
6.806179e+03	8.626690e-04
6.811158e+03	8.638789e-04
6.816137e+03	8.650851e-04
6.821116e+03	8.662874e-04
6.826095e+03	8.674858e-04
6.831074e+03	8.686804e-04
6.836053e+03	8.698711e-04
6.841032e+03	8.710578e-04
6.846010e+03	8.722407e-04
6.850989e+03	8.734195e-04
6.855968e+03	8.745944e-04
6.860947e+03	8.757653e-04
6.865926e+03	8.769321e-04
6.870905e+03	8.780949e-04
6.875884e+03	8.792537e-04
6.880863e+03	8.804084e-04
6.885842e+03	8.815589e-04
6.890821e+03	8.827054e-04
6.895800e+03	8.838477e-04
6.900779e+03	8.849858e-04
6.905757e+03	8.861198e-04
6.910736e+03	8.872496e-04
6.915715e+03	8.883751e-04
6.920694e+03	8.894964e-04
6.925673e+03	8.906135e-04
6.930652e+03	8.917262e-04
6.935631e+03	8.928347e-04
6.940610e+03	8.939388e-04
6.945589e+03	8.950387e-04
6.950568e+03	8.961341e-04
6.955547e+03	8.972252e-04
6.960526e+03	8.983119e-04
6.965504e+03	8.993941e-04
6.970483e+03	9.004719e-04
6.975462e+03	9.015453e-04
6.980441e+03	9.026142e-04
6.985420e+03	9.036786e-04
6.990399e+03	9.047385e-04
6.995378e+03	9.057939e-04
7.000357e+03	9.068447e-04
7.005336e+03	9.078910e-04
7.010315e+03	9.089327e-04
7.015294e+03	9.099697e-04
7.020273e+03	9.110022e-04
7.025251e+03	9.120300e-04
7.030230e+03	9.130531e-04
7.035209e+03	9.140716e-04
7.040188e+03	9.150854e-04
7.045167e+03	9.160944e-04
7.050146e+03	9.170988e-04
7.055125e+03	9.180983e-04
7.060104e+03	9.190932e-04
7.065083e+03	9.200832e-04
7.070062e+03	9.210684e-04
7.075041e+03	9.220488e-04
7.080020e+03	9.230244e-04
7.084998e+03	9.239951e-04
7.089977e+03	9.249609e-04
7.094956e+03	9.259219e-04
7.099935e+03	9.268779e-04
7.104914e+03	9.278290e-04
7.109893e+03	9.287752e-04
7.114872e+03	9.297164e-04
7.119851e+03	9.306526e-04
7.124830e+03	9.315839e-04
7.129809e+03	9.325101e-04
7.134788e+03	9.334313e-04
7.139767e+03	9.343475e-04
7.144745e+03	9.352586e-04
7.149724e+03	9.361646e-04
7.154703e+03	9.370655e-04
7.159682e+03	9.379613e-04
7.164661e+03	9.388520e-04
7.169640e+03	9.397376e-04
7.174619e+03	9.406180e-04
7.179598e+03	9.414932e-04
7.184577e+03	9.423632e-04
7.189556e+03	9.432280e-04
7.194535e+03	9.440876e-04
7.199514e+03	9.449419e-04
7.204492e+03	9.457911e-04
7.209471e+03	9.466349e-04
7.214450e+03	9.474734e-04
7.219429e+03	9.483067e-04
7.224408e+03	9.491346e-04
7.229387e+03	9.499572e-04
7.234366e+03	9.507745e-04
7.239345e+03	9.515864e-04
7.244324e+03	9.523929e-04
7.249303e+03	9.531940e-04
7.254282e+03	9.539897e-04
7.259261e+03	9.547800e-04
7.264239e+03	9.555649e-04
7.269218e+03	9.563443e-04
7.274197e+03	9.571183e-04
7.279176e+03	9.578867e-04
7.284155e+03	9.586497e-04
7.289134e+03	9.594072e-04
7.294113e+03	9.601592e-04
7.299092e+03	9.609056e-04
7.304071e+03	9.616465e-04
7.309050e+03	9.623818e-04
7.314029e+03	9.631115e-04
7.319008e+03	9.638357e-04
7.323986e+03	9.645542e-04
7.328965e+03	9.652672e-04
7.333944e+03	9.659745e-04
7.338923e+03	9.666761e-04
7.343902e+03	9.673721e-04
7.348881e+03	9.680625e-04
7.353860e+03	9.687471e-04
7.358839e+03	9.694261e-04
7.363818e+03	9.700994e-04
7.368797e+03	9.707669e-04
7.373776e+03	9.714287e-04
7.378755e+03	9.720848e-04
7.383733e+03	9.727351e-04
7.388712e+03	9.733796e-04
7.393691e+03	9.740184e-04
7.398670e+03	9.746514e-04
7.403649e+03	9.752785e-04
7.408628e+03	9.758999e-04
7.413607e+03	9.765154e-04
7.418586e+03	9.771251e-04
7.423565e+03	9.777289e-04
7.428544e+03	9.783269e-04
7.433523e+03	9.789190e-04
7.438502e+03	9.795053e-04
7.443480e+03	9.800856e-04
7.448459e+03	9.806600e-04
7.453438e+03	9.812285e-04
7.458417e+03	9.817911e-04
7.463396e+03	9.823477e-04
7.468375e+03	9.828984e-04
7.473354e+03	9.834432e-04
7.478333e+03	9.839819e-04
7.483312e+03	9.845147e-04
7.488291e+03	9.850415e-04
7.493270e+03	9.855623e-04
7.498249e+03	9.860771e-04
7.503227e+03	9.865859e-04
7.508206e+03	9.870886e-04
7.513185e+03	9.875853e-04
7.518164e+03	9.880760e-04
7.523143e+03	9.885606e-04
7.528122e+03	9.890391e-04
7.533101e+03	9.895116e-04
7.538080e+03	9.899780e-04
7.543059e+03	9.904383e-04
7.548038e+03	9.908925e-04
7.553017e+03	9.913406e-04
7.557996e+03	9.917825e-04
7.562974e+03	9.922184e-04
7.567953e+03	9.926481e-04
7.572932e+03	9.930716e-04
7.577911e+03	9.934891e-04
7.582890e+03	9.939003e-04
7.587869e+03	9.943054e-04
7.592848e+03	9.947043e-04
7.597827e+03	9.950971e-04
7.602806e+03	9.954836e-04
7.607785e+03	9.958640e-04
7.612764e+03	9.962381e-04
7.617743e+03	9.966060e-04
7.622721e+03	9.969678e-04
7.627700e+03	9.973233e-04
7.632679e+03	9.976725e-04
7.637658e+03	9.980155e-04
7.642637e+03	9.983523e-04
7.647616e+03	9.986829e-04
7.652595e+03	9.990071e-04
7.657574e+03	9.993252e-04
7.662553e+03	9.996369e-04
7.667532e+03	9.999424e-04
7.672511e+03	1.000242e-03
7.677490e+03	1.000534e-03
7.682468e+03	1.000821e-03
7.687447e+03	1.001101e-03
7.692426e+03	1.001375e-03
7.697405e+03	1.001643e-03
7.702384e+03	1.001904e-03
7.707363e+03	1.002160e-03
7.712342e+03	1.002408e-03
7.717321e+03	1.002651e-03
7.722300e+03	1.002887e-03
7.727279e+03	1.003117e-03
7.732258e+03	1.003340e-03
7.737237e+03	1.003557e-03
7.742215e+03	1.003768e-03
7.747194e+03	1.003972e-03
7.752173e+03	1.004170e-03
7.757152e+03	1.004362e-03
7.762131e+03	1.004547e-03
7.767110e+03	1.004726e-03
7.772089e+03	1.004899e-03
7.777068e+03	1.005065e-03
7.782047e+03	1.005224e-03
7.787026e+03	1.005378e-03
7.792005e+03	1.005525e-03
7.796984e+03	1.005666e-03
7.801962e+03	1.005800e-03
7.806941e+03	1.005928e-03
7.811920e+03	1.006049e-03
7.816899e+03	1.006164e-03
7.821878e+03	1.006273e-03
7.826857e+03	1.006375e-03
7.831836e+03	1.006471e-03
7.836815e+03	1.006560e-03
7.841794e+03	1.006643e-03
7.846773e+03	1.006720e-03
7.851752e+03	1.006790e-03
7.856731e+03	1.006854e-03
7.861709e+03	1.006911e-03
7.866688e+03	1.006962e-03
7.871667e+03	1.007007e-03
7.876646e+03	1.007045e-03
7.881625e+03	1.007077e-03
7.886604e+03	1.007102e-03
7.891583e+03	1.007121e-03
7.896562e+03	1.007134e-03
7.901541e+03	1.007140e-03
7.906520e+03	1.007139e-03
7.911499e+03	1.007133e-03
7.916478e+03	1.007119e-03
7.921456e+03	1.007100e-03
7.926435e+03	1.007074e-03
7.931414e+03	1.007041e-03
7.936393e+03	1.007003e-03
7.941372e+03	1.006957e-03
7.946351e+03	1.006906e-03
7.951330e+03	1.006847e-03
7.956309e+03	1.006783e-03
7.961288e+03	1.006712e-03
7.966267e+03	1.006635e-03
7.971246e+03	1.006551e-03
7.976225e+03	1.006461e-03
7.981203e+03	1.006364e-03
7.986182e+03	1.006261e-03
7.991161e+03	1.006152e-03
7.996140e+03	1.006036e-03
8.001119e+03	1.005914e-03
8.006098e+03	1.005786e-03
8.011077e+03	1.005651e-03
8.016056e+03	1.005509e-03
8.021035e+03	1.005362e-03
8.026014e+03	1.005208e-03
8.030993e+03	1.005047e-03
8.035972e+03	1.004880e-03
8.040950e+03	1.004707e-03
8.045929e+03	1.004527e-03
8.050908e+03	1.004341e-03
8.055887e+03	1.004149e-03
8.060866e+03	1.003950e-03
8.065845e+03	1.003745e-03
8.070824e+03	1.003534e-03
8.075803e+03	1.003316e-03
8.080782e+03	1.003092e-03
8.085761e+03	1.002862e-03
8.090740e+03	1.002625e-03
8.095719e+03	1.002382e-03
8.100697e+03	1.002132e-03
8.105676e+03	1.001877e-03
8.110655e+03	1.001615e-03
8.115634e+03	1.001346e-03
8.120613e+03	1.001071e-03
8.125592e+03	1.000790e-03
8.130571e+03	1.000503e-03
8.135550e+03	1.000210e-03
8.140529e+03	9.999098e-04
8.145508e+03	9.996036e-04
8.150487e+03	9.992912e-04
8.155466e+03	9.989725e-04
8.160444e+03	9.986476e-04
8.165423e+03	9.983164e-04
8.170402e+03	9.979789e-04
8.175381e+03	9.976352e-04
8.180360e+03	9.972853e-04
8.185339e+03	9.969291e-04
8.190318e+03	9.965667e-04
8.195297e+03	9.961981e-04
8.200276e+03	9.958233e-04
8.205255e+03	9.954423e-04
8.210234e+03	9.950550e-04
8.215213e+03	9.946616e-04
8.220191e+03	9.942621e-04
8.225170e+03	9.938563e-04
8.230149e+03	9.934444e-04
8.235128e+03	9.930263e-04
8.240107e+03	9.926021e-04
8.245086e+03	9.921717e-04
8.250065e+03	9.917352e-04
8.255044e+03	9.912926e-04
8.260023e+03	9.908438e-04
8.265002e+03	9.903890e-04
8.269981e+03	9.899280e-04
8.274960e+03	9.894610e-04
8.279938e+03	9.889879e-04
8.284917e+03	9.885087e-04
8.289896e+03	9.880234e-04
8.294875e+03	9.875321e-04
8.299854e+03	9.870348e-04
8.304833e+03	9.865314e-04
8.309812e+03	9.860219e-04
8.314791e+03	9.855065e-04
8.319770e+03	9.849850e-04
8.324749e+03	9.844576e-04
8.329728e+03	9.839242e-04
8.334707e+03	9.833848e-04
8.339685e+03	9.828394e-04
8.344664e+03	9.822880e-04
8.349643e+03	9.817308e-04
8.354622e+03	9.811676e-04
8.359601e+03	9.805984e-04
8.364580e+03	9.800233e-04
8.369559e+03	9.794424e-04
8.374538e+03	9.788555e-04
8.379517e+03	9.782628e-04
8.384496e+03	9.776642e-04
8.389475e+03	9.770597e-04
8.394454e+03	9.764494e-04
8.399432e+03	9.758332e-04
8.404411e+03	9.752113e-04
8.409390e+03	9.745835e-04
8.414369e+03	9.739499e-04
8.419348e+03	9.733105e-04
8.424327e+03	9.726653e-04
8.429306e+03	9.720144e-04
8.434285e+03	9.713577e-04
8.439264e+03	9.706953e-04
8.444243e+03	9.700271e-04
8.449222e+03	9.693532e-04
8.454201e+03	9.686737e-04
8.459179e+03	9.679884e-04
8.464158e+03	9.672974e-04
8.469137e+03	9.666008e-04
8.474116e+03	9.658985e-04
8.479095e+03	9.651906e-04
8.484074e+03	9.644771e-04
8.489053e+03	9.637579e-04
8.494032e+03	9.630332e-04
8.499011e+03	9.623028e-04
8.503990e+03	9.615669e-04
8.508969e+03	9.608254e-04
8.513948e+03	9.600784e-04
8.518926e+03	9.593259e-04
8.523905e+03	9.585678e-04
8.528884e+03	9.578042e-04
8.533863e+03	9.570352e-04
8.538842e+03	9.562606e-04
8.543821e+03	9.554806e-04
8.548800e+03	9.546951e-04
8.553779e+03	9.539043e-04
8.558758e+03	9.531080e-04
8.563737e+03	9.523062e-04
8.568716e+03	9.514992e-04
8.573695e+03	9.506867e-04
8.578673e+03	9.498688e-04
8.583652e+03	9.490457e-04
8.588631e+03	9.482172e-04
8.593610e+03	9.473834e-04
8.598589e+03	9.465442e-04
8.603568e+03	9.456998e-04
8.608547e+03	9.448502e-04
8.613526e+03	9.439952e-04
8.618505e+03	9.431351e-04
8.623484e+03	9.422697e-04
8.628463e+03	9.413991e-04
8.633442e+03	9.405234e-04
8.638420e+03	9.396424e-04
8.643399e+03	9.387563e-04
8.648378e+03	9.378651e-04
8.653357e+03	9.369687e-04
8.658336e+03	9.360672e-04
8.663315e+03	9.351607e-04
8.668294e+03	9.342490e-04
8.673273e+03	9.333323e-04
8.678252e+03	9.324106e-04
8.683231e+03	9.314838e-04
8.688210e+03	9.305520e-04
8.693189e+03	9.296153e-04
8.698167e+03	9.286735e-04
8.703146e+03	9.277268e-04
8.708125e+03	9.267752e-04
8.713104e+03	9.258186e-04
8.718083e+03	9.248571e-04
8.723062e+03	9.238908e-04
8.728041e+03	9.229195e-04
8.733020e+03	9.219434e-04
8.737999e+03	9.209625e-04
8.742978e+03	9.199768e-04
8.747957e+03	9.189862e-04
8.752936e+03	9.179909e-04
8.757914e+03	9.169908e-04
8.762893e+03	9.159860e-04
8.767872e+03	9.149764e-04
8.772851e+03	9.139621e-04
8.777830e+03	9.129431e-04
8.782809e+03	9.119195e-04
8.787788e+03	9.108912e-04
8.792767e+03	9.098582e-04
8.797746e+03	9.088207e-04
8.802725e+03	9.077785e-04
8.807704e+03	9.067317e-04
8.812683e+03	9.056804e-04
8.817661e+03	9.046246e-04
8.822640e+03	9.035642e-04
8.827619e+03	9.024993e-04
8.832598e+03	9.014299e-04
8.837577e+03	9.003561e-04
8.842556e+03	8.992777e-04
8.847535e+03	8.981950e-04
8.852514e+03	8.971079e-04
8.857493e+03	8.960163e-04
8.862472e+03	8.949204e-04
8.867451e+03	8.938201e-04
8.872430e+03	8.927155e-04
8.877408e+03	8.916066e-04
8.882387e+03	8.904933e-04
8.887366e+03	8.893758e-04
8.892345e+03	8.882541e-04
8.897324e+03	8.871281e-04
8.902303e+03	8.859979e-04
8.907282e+03	8.848634e-04
8.912261e+03	8.837248e-04
8.917240e+03	8.825821e-04
8.922219e+03	8.814352e-04
8.927198e+03	8.802842e-04
8.932177e+03	8.791291e-04
8.937156e+03	8.779699e-04
8.942134e+03	8.768066e-04
8.947113e+03	8.756393e-04
8.952092e+03	8.744680e-04
8.957071e+03	8.732927e-04
8.962050e+03	8.721134e-04
8.967029e+03	8.709302e-04
8.972008e+03	8.697430e-04
8.976987e+03	8.685519e-04
8.981966e+03	8.673569e-04
8.986945e+03	8.661581e-04
8.991924e+03	8.649553e-04
8.996903e+03	8.637488e-04
9.001881e+03	8.625384e-04
9.006860e+03	8.613242e-04
9.011839e+03	8.601063e-04
9.016818e+03	8.588846e-04
9.021797e+03	8.576592e-04
9.026776e+03	8.564301e-04
9.031755e+03	8.551973e-04
9.036734e+03	8.539608e-04
9.041713e+03	8.527207e-04
9.046692e+03	8.514769e-04
9.051671e+03	8.502296e-04
9.056650e+03	8.489786e-04
9.061628e+03	8.477241e-04
9.066607e+03	8.464661e-04
9.071586e+03	8.452045e-04
9.076565e+03	8.439395e-04
9.081544e+03	8.426709e-04
9.086523e+03	8.413990e-04
9.091502e+03	8.401235e-04
9.096481e+03	8.388447e-04
9.101460e+03	8.375625e-04
9.106439e+03	8.362769e-04
9.111418e+03	8.349879e-04
9.116397e+03	8.336957e-04
9.121375e+03	8.324001e-04
9.126354e+03	8.311012e-04
9.131333e+03	8.297991e-04
9.136312e+03	8.284938e-04
9.141291e+03	8.271852e-04
9.146270e+03	8.258734e-04
9.151249e+03	8.245585e-04
9.156228e+03	8.232404e-04
9.161207e+03	8.219192e-04
9.166186e+03	8.205948e-04
9.171165e+03	8.192674e-04
9.176144e+03	8.179369e-04
9.181122e+03	8.166034e-04
9.186101e+03	8.152668e-04
9.191080e+03	8.139273e-04
9.196059e+03	8.125848e-04
9.201038e+03	8.112393e-04
9.206017e+03	8.098909e-04
9.210996e+03	8.085395e-04
9.215975e+03	8.071853e-04
9.220954e+03	8.058282e-04
9.225933e+03	8.044683e-04
9.230912e+03	8.031056e-04
9.235891e+03	8.017400e-04
9.240869e+03	8.003717e-04
9.245848e+03	7.990006e-04
9.250827e+03	7.976268e-04
9.255806e+03	7.962502e-04
9.260785e+03	7.948710e-04
9.265764e+03	7.934891e-04
9.270743e+03	7.921046e-04
9.275722e+03	7.907174e-04
9.280701e+03	7.893277e-04
9.285680e+03	7.879353e-04
9.290659e+03	7.865404e-04
9.295638e+03	7.851430e-04
9.300616e+03	7.837431e-04
9.305595e+03	7.823407e-04
9.310574e+03	7.809358e-04
9.315553e+03	7.795284e-04
9.320532e+03	7.781187e-04
9.325511e+03	7.767065e-04
9.330490e+03	7.752920e-04
9.335469e+03	7.738751e-04
9.340448e+03	7.724558e-04
9.345427e+03	7.710343e-04
9.350406e+03	7.696105e-04
9.355385e+03	7.681844e-04
9.360363e+03	7.667560e-04
9.365342e+03	7.653255e-04
9.370321e+03	7.638927e-04
9.375300e+03	7.624578e-04
9.380279e+03	7.610207e-04
9.385258e+03	7.595815e-04
9.390237e+03	7.581402e-04
9.395216e+03	7.566968e-04
9.400195e+03	7.552513e-04
9.405174e+03	7.538038e-04
9.410153e+03	7.523542e-04
9.415132e+03	7.509027e-04
9.420110e+03	7.494492e-04
9.425089e+03	7.479937e-04
9.430068e+03	7.465363e-04
9.435047e+03	7.450770e-04
9.440026e+03	7.436158e-04
9.445005e+03	7.421527e-04
9.449984e+03	7.406878e-04
9.454963e+03	7.392211e-04
9.459942e+03	7.377526e-04
9.464921e+03	7.362823e-04
9.469900e+03	7.348103e-04
9.474879e+03	7.333365e-04
9.479857e+03	7.318610e-04
9.484836e+03	7.303839e-04
9.489815e+03	7.289050e-04
9.494794e+03	7.274246e-04
9.499773e+03	7.259425e-04
9.504752e+03	7.244588e-04
9.509731e+03	7.229735e-04
9.514710e+03	7.214867e-04
9.519689e+03	7.199984e-04
9.524668e+03	7.185085e-04
9.529647e+03	7.170172e-04
9.534626e+03	7.155244e-04
9.539604e+03	7.140301e-04
9.544583e+03	7.125345e-04
9.549562e+03	7.110374e-04
9.554541e+03	7.095390e-04
9.559520e+03	7.080392e-04
9.564499e+03	7.065380e-04
9.569478e+03	7.050356e-04
9.574457e+03	7.035319e-04
9.579436e+03	7.020269e-04
9.584415e+03	7.005207e-04
9.589394e+03	6.990132e-04
9.594373e+03	6.975045e-04
9.599351e+03	6.959947e-04
9.604330e+03	6.944837e-04
9.609309e+03	6.929716e-04
9.614288e+03	6.914583e-04
9.619267e+03	6.899440e-04
9.624246e+03	6.884286e-04
9.629225e+03	6.869121e-04
9.634204e+03	6.853947e-04
9.639183e+03	6.838762e-04
9.644162e+03	6.823567e-04
9.649141e+03	6.808363e-04
9.654120e+03	6.793149e-04
9.659098e+03	6.777926e-04
9.664077e+03	6.762694e-04
9.669056e+03	6.747453e-04
9.674035e+03	6.732204e-04
9.679014e+03	6.716946e-04
9.683993e+03	6.701681e-04
9.688972e+03	6.686407e-04
9.693951e+03	6.671126e-04
9.698930e+03	6.655837e-04
9.703909e+03	6.640541e-04
9.708888e+03	6.625237e-04
9.713867e+03	6.609927e-04
9.718845e+03	6.594611e-04
9.723824e+03	6.579288e-04
9.728803e+03	6.563958e-04
9.733782e+03	6.548623e-04
9.738761e+03	6.533282e-04
9.743740e+03	6.517935e-04
9.748719e+03	6.502583e-04
9.753698e+03	6.487226e-04
9.758677e+03	6.471863e-04
9.763656e+03	6.456496e-04
9.768635e+03	6.441125e-04
9.773614e+03	6.425749e-04
9.778592e+03	6.410369e-04
9.783571e+03	6.394984e-04
9.788550e+03	6.379597e-04
9.793529e+03	6.364205e-04
9.798508e+03	6.348811e-04
9.803487e+03	6.333413e-04
9.808466e+03	6.318012e-04
9.813445e+03	6.302609e-04
9.818424e+03	6.287203e-04
9.823403e+03	6.271795e-04
9.828382e+03	6.256384e-04
9.833361e+03	6.240972e-04
9.838339e+03	6.225558e-04
9.843318e+03	6.210143e-04
9.848297e+03	6.194726e-04
9.853276e+03	6.179308e-04
9.858255e+03	6.163890e-04
9.863234e+03	6.148470e-04
9.868213e+03	6.133050e-04
9.873192e+03	6.117630e-04
9.878171e+03	6.102209e-04
9.883150e+03	6.086789e-04
9.888129e+03	6.071369e-04
9.893108e+03	6.055950e-04
9.898086e+03	6.040531e-04
9.903065e+03	6.025113e-04
9.908044e+03	6.009696e-04
9.913023e+03	5.994280e-04
9.918002e+03	5.978866e-04
9.922981e+03	5.963453e-04
9.927960e+03	5.948042e-04
9.932939e+03	5.932633e-04
9.937918e+03	5.917227e-04
9.942897e+03	5.901823e-04
9.947876e+03	5.886421e-04
9.952855e+03	5.871022e-04
9.957833e+03	5.855626e-04
9.962812e+03	5.840234e-04
9.967791e+03	5.824844e-04
9.972770e+03	5.809459e-04
9.977749e+03	5.794076e-04
9.982728e+03	5.778698e-04
9.987707e+03	5.763324e-04
9.992686e+03	5.747954e-04
9.997665e+03	5.732589e-04
1.000264e+04	5.717228e-04
1.000762e+04	5.701872e-04
1.001260e+04	5.686521e-04
1.001758e+04	5.671176e-04
1.002256e+04	5.655835e-04
1.002754e+04	5.640501e-04
1.003252e+04	5.625171e-04
1.003750e+04	5.609848e-04
1.004248e+04	5.594531e-04
1.004745e+04	5.579220e-04
1.005243e+04	5.563916e-04
1.005741e+04	5.548618e-04
1.006239e+04	5.533327e-04
1.006737e+04	5.518044e-04
1.007235e+04	5.502767e-04
1.007733e+04	5.487497e-04
1.008231e+04	5.472235e-04
1.008729e+04	5.456981e-04
1.009226e+04	5.441735e-04
1.009724e+04	5.426496e-04
1.010222e+04	5.411266e-04
1.010720e+04	5.396044e-04
1.011218e+04	5.380831e-04
1.011716e+04	5.365626e-04
1.012214e+04	5.350430e-04
1.012712e+04	5.335243e-04
1.013210e+04	5.320066e-04
1.013707e+04	5.304898e-04
1.014205e+04	5.289739e-04
1.014703e+04	5.274590e-04
1.015201e+04	5.259451e-04
1.015699e+04	5.244322e-04
1.016197e+04	5.229203e-04
1.016695e+04	5.214095e-04
1.017193e+04	5.198997e-04
1.017691e+04	5.183909e-04
1.018188e+04	5.168833e-04
1.018686e+04	5.153768e-04
1.019184e+04	5.138713e-04
1.019682e+04	5.123670e-04
1.020180e+04	5.108639e-04
1.020678e+04	5.093619e-04
1.021176e+04	5.078611e-04
1.021674e+04	5.063615e-04
1.022172e+04	5.048631e-04
1.022669e+04	5.033659e-04
1.023167e+04	5.018700e-04
1.023665e+04	5.003753e-04
1.024163e+04	4.988819e-04
1.024661e+04	4.973898e-04
1.025159e+04	4.958990e-04
1.025657e+04	4.944095e-04
1.026155e+04	4.929214e-04
1.026653e+04	4.914346e-04
1.027151e+04	4.899491e-04
1.027648e+04	4.884651e-04
1.028146e+04	4.869824e-04
1.028644e+04	4.855011e-04
1.029142e+04	4.840213e-04
1.029640e+04	4.825428e-04
1.030138e+04	4.810659e-04
1.030636e+04	4.795904e-04
1.031134e+04	4.781164e-04
1.031632e+04	4.766438e-04
1.032129e+04	4.751728e-04
1.032627e+04	4.737033e-04
1.033125e+04	4.722353e-04
1.033623e+04	4.707689e-04
1.034121e+04	4.693041e-04
1.034619e+04	4.678408e-04
1.035117e+04	4.663791e-04
1.035615e+04	4.649190e-04
1.036113e+04	4.634606e-04
1.036610e+04	4.620037e-04
1.037108e+04	4.605485e-04
1.037606e+04	4.590950e-04
1.038104e+04	4.576432e-04
1.038602e+04	4.561930e-04
1.039100e+04	4.547445e-04
1.039598e+04	4.532977e-04
1.040096e+04	4.518527e-04
1.040594e+04	4.504094e-04
1.041091e+04	4.489678e-04
1.041589e+04	4.475280e-04
1.042087e+04	4.460900e-04
1.042585e+04	4.446538e-04
1.043083e+04	4.432193e-04
1.043581e+04	4.417867e-04
1.044079e+04	4.403559e-04
1.044577e+04	4.389270e-04
1.045075e+04	4.374999e-04
1.045573e+04	4.360746e-04
1.046070e+04	4.346512e-04
1.046568e+04	4.332297e-04
1.047066e+04	4.318101e-04
1.047564e+04	4.303925e-04
1.048062e+04	4.289767e-04
1.048560e+04	4.275629e-04
1.049058e+04	4.261510e-04
1.049556e+04	4.247410e-04
1.050054e+04	4.233331e-04
1.050551e+04	4.219271e-04
1.051049e+04	4.205231e-04
1.051547e+04	4.191211e-04
1.052045e+04	4.177211e-04
1.052543e+04	4.163231e-04
1.053041e+04	4.149272e-04
1.053539e+04	4.135333e-04
1.054037e+04	4.121415e-04
1.054535e+04	4.107518e-04
1.055032e+04	4.093641e-04
1.055530e+04	4.079785e-04
1.056028e+04	4.065950e-04
1.056526e+04	4.052136e-04
1.057024e+04	4.038343e-04
1.057522e+04	4.024572e-04
1.058020e+04	4.010822e-04
1.058518e+04	3.997094e-04
1.059016e+04	3.983387e-04
1.059513e+04	3.969702e-04
1.060011e+04	3.956039e-04
1.060509e+04	3.942397e-04
1.061007e+04	3.928778e-04
1.061505e+04	3.915180e-04
1.062003e+04	3.901605e-04
1.062501e+04	3.888052e-04
1.062999e+04	3.874522e-04
1.063497e+04	3.861014e-04
1.063995e+04	3.847529e-04
1.064492e+04	3.834066e-04
1.064990e+04	3.820626e-04
1.065488e+04	3.807209e-04
1.065986e+04	3.793815e-04
1.066484e+04	3.780444e-04
1.066982e+04	3.767096e-04
1.067480e+04	3.753771e-04
1.067978e+04	3.740469e-04
1.068476e+04	3.727191e-04
1.068973e+04	3.713937e-04
1.069471e+04	3.700706e-04
1.069969e+04	3.687498e-04
1.070467e+04	3.674314e-04
1.070965e+04	3.661155e-04
1.071463e+04	3.648019e-04
1.071961e+04	3.634906e-04
1.072459e+04	3.621818e-04
1.072957e+04	3.608755e-04
1.073454e+04	3.595715e-04
1.073952e+04	3.582699e-04
1.074450e+04	3.569708e-04
1.074948e+04	3.556742e-04
1.075446e+04	3.543800e-04
1.075944e+04	3.530882e-04
1.076442e+04	3.517989e-04
1.076940e+04	3.505121e-04
1.077438e+04	3.492278e-04
1.077935e+04	3.479460e-04
1.078433e+04	3.466666e-04
1.078931e+04	3.453898e-04
1.079429e+04	3.441155e-04
1.079927e+04	3.428437e-04
1.080425e+04	3.415744e-04
1.080923e+04	3.403076e-04
1.081421e+04	3.390434e-04
1.081919e+04	3.377817e-04
1.082416e+04	3.365226e-04
1.082914e+04	3.352660e-04
1.083412e+04	3.340120e-04
1.083910e+04	3.327606e-04
1.084408e+04	3.315117e-04
1.084906e+04	3.302654e-04
1.085404e+04	3.290218e-04
1.085902e+04	3.277807e-04
1.086400e+04	3.265422e-04
1.086898e+04	3.253063e-04
1.087395e+04	3.240730e-04
1.087893e+04	3.228424e-04
1.088391e+04	3.216143e-04
1.088889e+04	3.203889e-04
1.089387e+04	3.191662e-04
1.089885e+04	3.179460e-04
1.090383e+04	3.167286e-04
1.090881e+04	3.155137e-04
1.091379e+04	3.143016e-04
1.091876e+04	3.130920e-04
1.092374e+04	3.118852e-04
1.092872e+04	3.106810e-04
1.093370e+04	3.094795e-04
1.093868e+04	3.082807e-04
1.094366e+04	3.070846e-04
1.094864e+04	3.058912e-04
1.095362e+04	3.047004e-04
1.095860e+04	3.035124e-04
1.096357e+04	3.023271e-04
1.096855e+04	3.011444e-04
1.097353e+04	2.999645e-04
1.097851e+04	2.987873e-04
1.098349e+04	2.976129e-04
1.098847e+04	2.964411e-04
1.099345e+04	2.952721e-04
1.099843e+04	2.941059e-04
1.100341e+04	2.929423e-04
1.100838e+04	2.917816e-04
1.101336e+04	2.906235e-04
1.101834e+04	2.894682e-04
1.102332e+04	2.883157e-04
1.102830e+04	2.871659e-04
1.103328e+04	2.860189e-04
1.103826e+04	2.848747e-04
1.104324e+04	2.837332e-04
1.104822e+04	2.825945e-04
1.105320e+04	2.814586e-04
1.105817e+04	2.803254e-04
1.106315e+04	2.791951e-04
1.106813e+04	2.780675e-04
1.107311e+04	2.769427e-04
1.107809e+04	2.758207e-04
1.108307e+04	2.747015e-04
1.108805e+04	2.735851e-04
1.109303e+04	2.724715e-04
1.109801e+04	2.713607e-04
1.110298e+04	2.702527e-04
1.110796e+04	2.691475e-04
1.111294e+04	2.680452e-04
1.111792e+04	2.669456e-04
1.112290e+04	2.658489e-04
1.112788e+04	2.647550e-04
1.113286e+04	2.636639e-04
1.113784e+04	2.625756e-04
1.114282e+04	2.614901e-04
1.114779e+04	2.604075e-04
1.115277e+04	2.593277e-04
1.115775e+04	2.582507e-04
1.116273e+04	2.571766e-04
1.116771e+04	2.561053e-04
1.117269e+04	2.550369e-04
1.117767e+04	2.539713e-04
1.118265e+04	2.529085e-04
1.118763e+04	2.518485e-04
1.119260e+04	2.507915e-04
1.119758e+04	2.497372e-04
1.120256e+04	2.486858e-04
1.120754e+04	2.476373e-04
1.121252e+04	2.465916e-04
1.121750e+04	2.455487e-04
1.122248e+04	2.445087e-04
1.122746e+04	2.434716e-04
1.123244e+04	2.424373e-04
1.123742e+04	2.414059e-04
1.124239e+04	2.403773e-04
1.124737e+04	2.393516e-04
1.125235e+04	2.383287e-04
1.125733e+04	2.373087e-04
1.126231e+04	2.362916e-04
1.126729e+04	2.352773e-04
1.127227e+04	2.342659e-04
1.127725e+04	2.332573e-04
1.128223e+04	2.322516e-04
1.128720e+04	2.312488e-04
1.129218e+04	2.302488e-04
1.129716e+04	2.292517e-04
1.130214e+04	2.282574e-04
1.130712e+04	2.272660e-04
1.131210e+04	2.262775e-04
1.131708e+04	2.252919e-04
1.132206e+04	2.243091e-04
1.132704e+04	2.233292e-04
1.133201e+04	2.223521e-04
1.133699e+04	2.213779e-04
1.134197e+04	2.204066e-04
1.134695e+04	2.194381e-04
1.135193e+04	2.184725e-04
1.135691e+04	2.175097e-04
1.136189e+04	2.165499e-04
1.136687e+04	2.155928e-04
1.137185e+04	2.146387e-04
1.137682e+04	2.136874e-04
1.138180e+04	2.127390e-04
1.138678e+04	2.117934e-04
1.139176e+04	2.108507e-04
1.139674e+04	2.099108e-04
1.140172e+04	2.089738e-04
1.140670e+04	2.080397e-04
1.141168e+04	2.071084e-04
1.141666e+04	2.061799e-04
1.142163e+04	2.052544e-04
1.142661e+04	2.043316e-04
1.143159e+04	2.034118e-04
1.143657e+04	2.024947e-04
1.144155e+04	2.015806e-04
1.144653e+04	2.006692e-04
1.145151e+04	1.997608e-04
1.145649e+04	1.988551e-04
1.146147e+04	1.979523e-04
1.146645e+04	1.970524e-04
1.147142e+04	1.961553e-04
1.147640e+04	1.952610e-04
1.148138e+04	1.943696e-04
1.148636e+04	1.934810e-04
1.149134e+04	1.925952e-04
1.149632e+04	1.917123e-04
1.150130e+04	1.908322e-04
1.150628e+04	1.899550e-04
1.151126e+04	1.890805e-04
1.151623e+04	1.882089e-04
1.152121e+04	1.873402e-04
1.152619e+04	1.864742e-04
1.153117e+04	1.856111e-04
1.153615e+04	1.847507e-04
1.154113e+04	1.838932e-04
1.154611e+04	1.830385e-04
1.155109e+04	1.821867e-04
1.155607e+04	1.813376e-04
1.156104e+04	1.804913e-04
1.156602e+04	1.796479e-04
1.157100e+04	1.788072e-04
1.157598e+04	1.779693e-04
1.158096e+04	1.771343e-04
1.158594e+04	1.763020e-04
1.159092e+04	1.754725e-04
1.159590e+04	1.746459e-04
1.160088e+04	1.738220e-04
1.160585e+04	1.730008e-04
1.161083e+04	1.721825e-04
1.161581e+04	1.713670e-04
1.162079e+04	1.705542e-04
1.162577e+04	1.697442e-04
1.163075e+04	1.689369e-04
1.163573e+04	1.681325e-04
1.164071e+04	1.673308e-04
1.164569e+04	1.665318e-04
1.165067e+04	1.657357e-04
1.165564e+04	1.649422e-04
1.166062e+04	1.641516e-04
1.166560e+04	1.633636e-04
1.167058e+04	1.625785e-04
1.167556e+04	1.617960e-04
1.168054e+04	1.610163e-04
1.168552e+04	1.602394e-04
1.169050e+04	1.594651e-04
1.169548e+04	1.586936e-04
1.170045e+04	1.579249e-04
1.170543e+04	1.571588e-04
1.171041e+04	1.563955e-04
1.171539e+04	1.556349e-04
1.172037e+04	1.548770e-04
1.172535e+04	1.541218e-04
1.173033e+04	1.533693e-04
1.173531e+04	1.526195e-04
1.174029e+04	1.518724e-04
1.174526e+04	1.511280e-04
1.175024e+04	1.503863e-04
1.175522e+04	1.496473e-04
1.176020e+04	1.489110e-04
1.176518e+04	1.481773e-04
1.177016e+04	1.474463e-04
1.177514e+04	1.467180e-04
1.178012e+04	1.459924e-04
1.178510e+04	1.452694e-04
1.179007e+04	1.445491e-04
1.179505e+04	1.438314e-04
1.180003e+04	1.431164e-04
1.180501e+04	1.424040e-04
1.180999e+04	1.416943e-04
1.181497e+04	1.409872e-04
1.181995e+04	1.402828e-04
1.182493e+04	1.395810e-04
1.182991e+04	1.388818e-04
1.183489e+04	1.381852e-04
1.183986e+04	1.374912e-04
1.184484e+04	1.367999e-04
1.184982e+04	1.361112e-04
1.185480e+04	1.354250e-04
1.185978e+04	1.347415e-04
1.186476e+04	1.340606e-04
1.186974e+04	1.333822e-04
1.187472e+04	1.327065e-04
1.187970e+04	1.320333e-04
1.188467e+04	1.313627e-04
1.188965e+04	1.306947e-04
1.189463e+04	1.300292e-04
1.189961e+04	1.293663e-04
1.190459e+04	1.287060e-04
1.190957e+04	1.280482e-04
1.191455e+04	1.273930e-04
1.191953e+04	1.267403e-04
1.192451e+04	1.260902e-04
1.192948e+04	1.254426e-04
1.193446e+04	1.247975e-04
1.193944e+04	1.241550e-04
1.194442e+04	1.235149e-04
1.194940e+04	1.228774e-04
1.195438e+04	1.222424e-04
1.195936e+04	1.216099e-04
1.196434e+04	1.209799e-04
1.196932e+04	1.203524e-04
1.197429e+04	1.197274e-04
1.197927e+04	1.191049e-04
1.198425e+04	1.184849e-04
1.198923e+04	1.178673e-04
1.199421e+04	1.172523e-04
1.199919e+04	1.166396e-04
1.200417e+04	1.160295e-04
1.200915e+04	1.154218e-04
1.201413e+04	1.148165e-04
1.201910e+04	1.142137e-04
1.202408e+04	1.136134e-04
1.202906e+04	1.130154e-04
1.203404e+04	1.124199e-04
1.203902e+04	1.118269e-04
1.204400e+04	1.112362e-04
1.204898e+04	1.106480e-04
1.205396e+04	1.100621e-04
1.205894e+04	1.094787e-04
1.206392e+04	1.088977e-04
1.206889e+04	1.083191e-04
1.207387e+04	1.077428e-04
1.207885e+04	1.071690e-04
1.208383e+04	1.065975e-04
1.208881e+04	1.060284e-04
1.209379e+04	1.054616e-04
1.209877e+04	1.048972e-04
1.210375e+04	1.043352e-04
1.210873e+04	1.037755e-04
1.211370e+04	1.032182e-04
1.211868e+04	1.026632e-04
1.212366e+04	1.021105e-04
1.212864e+04	1.015602e-04
1.213362e+04	1.010122e-04
1.213860e+04	1.004665e-04
1.214358e+04	9.992310e-05
1.214856e+04	9.938202e-05
1.215354e+04	9.884324e-05
1.215851e+04	9.830676e-05
1.216349e+04	9.777256e-05
1.216847e+04	9.724065e-05
1.217345e+04	9.671101e-05
1.217843e+04	9.618365e-05
1.218341e+04	9.565855e-05
1.218839e+04	9.513572e-05
1.219337e+04	9.461514e-05
1.219835e+04	9.409680e-05
1.220332e+04	9.358071e-05
1.220830e+04	9.306686e-05
1.221328e+04	9.255524e-05
1.221826e+04	9.204585e-05
1.222324e+04	9.153867e-05
1.222822e+04	9.103371e-05
1.223320e+04	9.053096e-05
1.223818e+04	9.003041e-05
1.224316e+04	8.953206e-05
1.224814e+04	8.903590e-05
1.225311e+04	8.854193e-05
1.225809e+04	8.805013e-05
1.226307e+04	8.756051e-05
1.226805e+04	8.707306e-05
1.227303e+04	8.658777e-05
1.227801e+04	8.610463e-05
1.228299e+04	8.562364e-05
1.228797e+04	8.514480e-05
1.229295e+04	8.466810e-05
1.229792e+04	8.419353e-05
1.230290e+04	8.372109e-05
1.230788e+04	8.325076e-05
1.231286e+04	8.278255e-05
1.231784e+04	8.231645e-05
1.232282e+04	8.185245e-05
1.232780e+04	8.139055e-05
1.233278e+04	8.093074e-05
1.233776e+04	8.047302e-05
1.234273e+04	8.001737e-05
1.234771e+04	7.956380e-05
1.235269e+04	7.911229e-05
1.235767e+04	7.866285e-05
1.236265e+04	7.821546e-05
1.236763e+04	7.777012e-05
1.237261e+04	7.732682e-05
1.237759e+04	7.688555e-05
1.238257e+04	7.644632e-05
1.238754e+04	7.600912e-05
1.239252e+04	7.557393e-05
1.239750e+04	7.514076e-05
1.240248e+04	7.470959e-05
1.240746e+04	7.428042e-05
1.241244e+04	7.385325e-05
1.241742e+04	7.342807e-05
1.242240e+04	7.300486e-05
1.242738e+04	7.258364e-05
1.243236e+04	7.216439e-05
1.243733e+04	7.174710e-05
1.244231e+04	7.133177e-05
1.244729e+04	7.091839e-05
1.245227e+04	7.050696e-05
1.245725e+04	7.009746e-05
1.246223e+04	6.968991e-05
1.246721e+04	6.928428e-05
1.247219e+04	6.888057e-05
1.247717e+04	6.847878e-05
1.248214e+04	6.807889e-05
1.248712e+04	6.768092e-05
1.249210e+04	6.728484e-05
1.249708e+04	6.689065e-05
1.250206e+04	6.649834e-05
1.250704e+04	6.610792e-05
1.251202e+04	6.571937e-05
1.251700e+04	6.533269e-05
1.252198e+04	6.494787e-05
1.252695e+04	6.456490e-05
1.253193e+04	6.418378e-05
1.253691e+04	6.380451e-05
1.254189e+04	6.342707e-05
1.254687e+04	6.305147e-05
1.255185e+04	6.267768e-05
1.255683e+04	6.230572e-05
1.256181e+04	6.193557e-05
1.256679e+04	6.156723e-05
1.257176e+04	6.120069e-05
1.257674e+04	6.083594e-05
1.258172e+04	6.047298e-05
1.258670e+04	6.011180e-05
1.259168e+04	5.975240e-05
1.259666e+04	5.939477e-05
1.260164e+04	5.903891e-05
1.260662e+04	5.868480e-05
1.261160e+04	5.833244e-05
1.261657e+04	5.798183e-05
1.262155e+04	5.763296e-05
1.262653e+04	5.728583e-05
1.263151e+04	5.694042e-05
1.263649e+04	5.659674e-05
1.264147e+04	5.625477e-05
1.264645e+04	5.591451e-05
1.265143e+04	5.557595e-05
1.265641e+04	5.523910e-05
1.266139e+04	5.490393e-05
1.266636e+04	5.457045e-05
1.267134e+04	5.423865e-05
1.267632e+04	5.390852e-05
1.268130e+04	5.358007e-05
1.268628e+04	5.325327e-05
1.269126e+04	5.292813e-05
1.269624e+04	5.260464e-05
1.270122e+04	5.228279e-05
1.270620e+04	5.196258e-05
1.271117e+04	5.164401e-05
1.271615e+04	5.132706e-05
1.272113e+04	5.101173e-05
1.272611e+04	5.069801e-05
1.273109e+04	5.038590e-05
1.273607e+04	5.007540e-05
1.274105e+04	4.976649e-05
1.274603e+04	4.945917e-05
1.275101e+04	4.915344e-05
1.275598e+04	4.884928e-05
1.276096e+04	4.854670e-05
1.276594e+04	4.824568e-05
1.277092e+04	4.794623e-05
1.277590e+04	4.764833e-05
1.278088e+04	4.735198e-05
1.278586e+04	4.705717e-05
1.279084e+04	4.676390e-05
1.279582e+04	4.647216e-05
1.280079e+04	4.618195e-05
1.280577e+04	4.589325e-05
1.281075e+04	4.560608e-05
1.281573e+04	4.532040e-05
1.282071e+04	4.503624e-05
1.282569e+04	4.475357e-05
1.283067e+04	4.447238e-05
1.283565e+04	4.419269e-05
1.284063e+04	4.391447e-05
1.284561e+04	4.363773e-05
1.285058e+04	4.336245e-05
1.285556e+04	4.308864e-05
1.286054e+04	4.281628e-05
1.286552e+04	4.254538e-05
1.287050e+04	4.227591e-05
1.287548e+04	4.200789e-05
1.288046e+04	4.174130e-05
1.288544e+04	4.147614e-05
1.289042e+04	4.121240e-05
1.289539e+04	4.095007e-05
1.290037e+04	4.068916e-05
1.290535e+04	4.042965e-05
1.291033e+04	4.017154e-05
1.291531e+04	3.991482e-05
1.292029e+04	3.965949e-05
1.292527e+04	3.940555e-05
1.293025e+04	3.915298e-05
1.293523e+04	3.890178e-05
1.294020e+04	3.865194e-05
1.294518e+04	3.840347e-05
1.295016e+04	3.815635e-05
1.295514e+04	3.791058e-05
1.296012e+04	3.766615e-05
1.296510e+04	3.742306e-05
1.297008e+04	3.718130e-05
1.297506e+04	3.694087e-05
1.298004e+04	3.670175e-05
1.298501e+04	3.646396e-05
1.298999e+04	3.622747e-05
1.299497e+04	3.599229e-05
1.299995e+04	3.575841e-05
1.300493e+04	3.552582e-05
1.300991e+04	3.529451e-05
1.301489e+04	3.506450e-05
1.301987e+04	3.483575e-05
1.302485e+04	3.460828e-05
1.302983e+04	3.438208e-05
1.303480e+04	3.415713e-05
1.303978e+04	3.393345e-05
1.304476e+04	3.371101e-05
1.304974e+04	3.348982e-05
1.305472e+04	3.326986e-05
1.305970e+04	3.305114e-05
1.306468e+04	3.283365e-05
1.306966e+04	3.261738e-05
1.307464e+04	3.240233e-05
1.307961e+04	3.218849e-05
1.308459e+04	3.197586e-05
1.308957e+04	3.176444e-05
1.309455e+04	3.155421e-05
1.309953e+04	3.134517e-05
1.310451e+04	3.113731e-05
1.310949e+04	3.093064e-05
1.311447e+04	3.072515e-05
1.311945e+04	3.052082e-05
1.312442e+04	3.031766e-05
1.312940e+04	3.011567e-05
1.313438e+04	2.991482e-05
1.313936e+04	2.971513e-05
1.314434e+04	2.951658e-05
1.314932e+04	2.931917e-05
1.315430e+04	2.912290e-05
1.315928e+04	2.892775e-05
1.316426e+04	2.873373e-05
1.316923e+04	2.854083e-05
1.317421e+04	2.834905e-05
1.317919e+04	2.815837e-05
1.318417e+04	2.796880e-05
1.318915e+04	2.778032e-05
1.319413e+04	2.759294e-05
1.319911e+04	2.740666e-05
1.320409e+04	2.722145e-05
1.320907e+04	2.703732e-05
1.321404e+04	2.685427e-05
1.321902e+04	2.667229e-05
1.322400e+04	2.649137e-05
1.322898e+04	2.631151e-05
1.323396e+04	2.613271e-05
1.323894e+04	2.595495e-05
1.324392e+04	2.577824e-05
1.324890e+04	2.560257e-05
1.325388e+04	2.542794e-05
1.325886e+04	2.525433e-05
1.326383e+04	2.508176e-05
1.326881e+04	2.491020e-05
1.327379e+04	2.473965e-05
1.327877e+04	2.457012e-05
1.328375e+04	2.440160e-05
1.328873e+04	2.423407e-05
1.329371e+04	2.406755e-05
1.329869e+04	2.390201e-05
1.330367e+04	2.373746e-05
1.330864e+04	2.357390e-05
1.331362e+04	2.341131e-05
1.331860e+04	2.324970e-05
1.332358e+04	2.308905e-05
1.332856e+04	2.292937e-05
1.333354e+04	2.277065e-05
1.333852e+04	2.261288e-05
1.334350e+04	2.245606e-05
1.334848e+04	2.230019e-05
1.335345e+04	2.214526e-05
1.335843e+04	2.199126e-05
1.336341e+04	2.183820e-05
1.336839e+04	2.168606e-05
1.337337e+04	2.153485e-05
1.337835e+04	2.138455e-05
1.338333e+04	2.123517e-05
1.338831e+04	2.108670e-05
1.339329e+04	2.093913e-05
1.339826e+04	2.079246e-05
1.340324e+04	2.064669e-05
1.340822e+04	2.050181e-05
1.341320e+04	2.035781e-05
1.341818e+04	2.021470e-05
1.342316e+04	2.007247e-05
1.342814e+04	1.993111e-05
1.343312e+04	1.979062e-05
1.343810e+04	1.965099e-05
1.344308e+04	1.951223e-05
1.344805e+04	1.937432e-05
1.345303e+04	1.923726e-05
1.345801e+04	1.910106e-05
1.346299e+04	1.896569e-05
1.346797e+04	1.883117e-05
1.347295e+04	1.869748e-05
1.347793e+04	1.856462e-05
1.348291e+04	1.843258e-05
1.348789e+04	1.830137e-05
1.349286e+04	1.817098e-05
1.349784e+04	1.804140e-05
1.350282e+04	1.791263e-05
1.350780e+04	1.778467e-05
1.351278e+04	1.765751e-05
1.351776e+04	1.753115e-05
1.352274e+04	1.740558e-05
1.352772e+04	1.728080e-05
1.353270e+04	1.715680e-05
1.353767e+04	1.703359e-05
1.354265e+04	1.691115e-05
1.354763e+04	1.678949e-05
1.355261e+04	1.666859e-05
1.355759e+04	1.654846e-05
1.356257e+04	1.642909e-05
1.356755e+04	1.631048e-05
1.357253e+04	1.619262e-05
1.357751e+04	1.607551e-05
1.358248e+04	1.595915e-05
1.358746e+04	1.584352e-05
1.359244e+04	1.572864e-05
1.359742e+04	1.561449e-05
1.360240e+04	1.550106e-05
1.360738e+04	1.538837e-05
1.361236e+04	1.527639e-05
1.361734e+04	1.516514e-05
1.362232e+04	1.505460e-05
1.362730e+04	1.494476e-05
1.363227e+04	1.483564e-05
1.363725e+04	1.472722e-05
1.364223e+04	1.461950e-05
1.364721e+04	1.451247e-05
1.365219e+04	1.440613e-05
1.365717e+04	1.430049e-05
1.366215e+04	1.419552e-05
1.366713e+04	1.409124e-05
1.367211e+04	1.398764e-05
1.367708e+04	1.388470e-05
1.368206e+04	1.378244e-05
1.368704e+04	1.368084e-05
1.369202e+04	1.357991e-05
1.369700e+04	1.347963e-05
1.370198e+04	1.338001e-05
1.370696e+04	1.328105e-05
1.371194e+04	1.318273e-05
1.371692e+04	1.308505e-05
1.372189e+04	1.298801e-05
1.372687e+04	1.289162e-05
1.373185e+04	1.279585e-05
1.373683e+04	1.270072e-05
1.374181e+04	1.260621e-05
1.374679e+04	1.251233e-05
1.375177e+04	1.241907e-05
1.375675e+04	1.232642e-05
1.376173e+04	1.223439e-05
1.376670e+04	1.214296e-05
1.377168e+04	1.205215e-05
1.377666e+04	1.196193e-05
1.378164e+04	1.187232e-05
1.378662e+04	1.178330e-05
1.379160e+04	1.169488e-05
1.379658e+04	1.160704e-05
1.380156e+04	1.151979e-05
1.380654e+04	1.143313e-05
1.381151e+04	1.134704e-05
1.381649e+04	1.126153e-05
1.382147e+04	1.117659e-05
1.382645e+04	1.109222e-05
1.383143e+04	1.100842e-05
1.383641e+04	1.092519e-05
1.384139e+04	1.084251e-05
1.384637e+04	1.076039e-05
1.385135e+04	1.067883e-05
1.385633e+04	1.059781e-05
1.386130e+04	1.051734e-05
1.386628e+04	1.043742e-05
1.387126e+04	1.035804e-05
1.387624e+04	1.027920e-05
1.388122e+04	1.020089e-05
1.388620e+04	1.012311e-05
1.389118e+04	1.004587e-05
1.389616e+04	9.969145e-06
1.390114e+04	9.892947e-06
1.390611e+04	9.817268e-06
1.391109e+04	9.742107e-06
1.391607e+04	9.667459e-06
1.392105e+04	9.593322e-06
1.392603e+04	9.519693e-06
1.393101e+04	9.446569e-06
1.393599e+04	9.373947e-06
1.394097e+04	9.301824e-06
1.394595e+04	9.230197e-06
1.395092e+04	9.159063e-06
1.395590e+04	9.088420e-06
1.396088e+04	9.018264e-06
1.396586e+04	8.948592e-06
1.397084e+04	8.879402e-06
1.397582e+04	8.810691e-06
1.398080e+04	8.742456e-06
1.398578e+04	8.674694e-06
1.399076e+04	8.607403e-06
1.399573e+04	8.540579e-06
1.400071e+04	8.474219e-06
1.400569e+04	8.408322e-06
1.401067e+04	8.342884e-06
1.401565e+04	8.277903e-06
1.402063e+04	8.213375e-06
1.402561e+04	8.149299e-06
1.403059e+04	8.085671e-06
1.403557e+04	8.022488e-06
1.404055e+04	7.959749e-06
1.404552e+04	7.897449e-06
1.405050e+04	7.835588e-06
1.405548e+04	7.774161e-06
1.406046e+04	7.713167e-06
1.406544e+04	7.652603e-06
1.407042e+04	7.592466e-06
1.407540e+04	7.532753e-06
1.408038e+04	7.473463e-06
1.408536e+04	7.414592e-06
1.409033e+04	7.356138e-06
1.409531e+04	7.298098e-06
1.410029e+04	7.240469e-06
1.410527e+04	7.183251e-06
1.411025e+04	7.126439e-06
1.411523e+04	7.070031e-06
1.412021e+04	7.014025e-06
1.412519e+04	6.958418e-06
1.413017e+04	6.903208e-06
1.413514e+04	6.848393e-06
1.414012e+04	6.793969e-06
1.414510e+04	6.739935e-06
1.415008e+04	6.686289e-06
1.415506e+04	6.633026e-06
1.416004e+04	6.580147e-06
1.416502e+04	6.527647e-06
1.417000e+04	6.475525e-06
1.417498e+04	6.423778e-06
1.417995e+04	6.372404e-06
1.418493e+04	6.321401e-06
1.418991e+04	6.270766e-06
1.419489e+04	6.220496e-06
1.419987e+04	6.170591e-06
1.420485e+04	6.121047e-06
1.420983e+04	6.071862e-06
1.421481e+04	6.023033e-06
1.421979e+04	5.974560e-06
1.422477e+04	5.926439e-06
1.422974e+04	5.878667e-06
1.423472e+04	5.831244e-06
1.423970e+04	5.784167e-06
1.424468e+04	5.737433e-06
1.424966e+04	5.691040e-06
1.425464e+04	5.644986e-06
1.425962e+04	5.599270e-06
1.426460e+04	5.553888e-06
1.426958e+04	5.508839e-06
1.427455e+04	5.464121e-06
1.427953e+04	5.419731e-06
1.428451e+04	5.375667e-06
1.428949e+04	5.331928e-06
1.429447e+04	5.288511e-06
1.429945e+04	5.245414e-06
1.430443e+04	5.202635e-06
1.430941e+04	5.160172e-06
1.431439e+04	5.118023e-06
1.431936e+04	5.076186e-06
1.432434e+04	5.034659e-06
1.432932e+04	4.993440e-06
1.433430e+04	4.952526e-06
1.433928e+04	4.911917e-06
1.434426e+04	4.871609e-06
1.434924e+04	4.831602e-06
1.435422e+04	4.791892e-06
1.435920e+04	4.752479e-06
1.436417e+04	4.713360e-06
1.436915e+04	4.674533e-06
1.437413e+04	4.635996e-06
1.437911e+04	4.597748e-06
1.438409e+04	4.559786e-06
1.438907e+04	4.522109e-06
1.439405e+04	4.484714e-06
1.439903e+04	4.447600e-06
1.440401e+04	4.410766e-06
1.440898e+04	4.374209e-06
1.441396e+04	4.337926e-06
1.441894e+04	4.301918e-06
1.442392e+04	4.266181e-06
1.442890e+04	4.230714e-06
1.443388e+04	4.195516e-06
1.443886e+04	4.160583e-06
1.444384e+04	4.125915e-06
1.444882e+04	4.091510e-06
1.445380e+04	4.057366e-06
1.445877e+04	4.023481e-06
1.446375e+04	3.989854e-06
1.446873e+04	3.956483e-06
1.447371e+04	3.923366e-06
1.447869e+04	3.890501e-06
1.448367e+04	3.857887e-06
1.448865e+04	3.825522e-06
1.449363e+04	3.793404e-06
1.449861e+04	3.761532e-06
1.450358e+04	3.729904e-06
1.450856e+04	3.698518e-06
1.451354e+04	3.667373e-06
1.451852e+04	3.636468e-06
1.452350e+04	3.605799e-06
1.452848e+04	3.575367e-06
1.453346e+04	3.545169e-06
1.453844e+04	3.515203e-06
1.454342e+04	3.485468e-06
1.454839e+04	3.455963e-06
1.455337e+04	3.426686e-06
1.455835e+04	3.397636e-06
1.456333e+04	3.368810e-06
1.456831e+04	3.340207e-06
1.457329e+04	3.311826e-06
1.457827e+04	3.283666e-06
1.458325e+04	3.255724e-06
1.458823e+04	3.227999e-06
1.459320e+04	3.200490e-06
1.459818e+04	3.173195e-06
1.460316e+04	3.146113e-06
1.460814e+04	3.119242e-06
1.461312e+04	3.092581e-06
1.461810e+04	3.066128e-06
1.462308e+04	3.039882e-06
1.462806e+04	3.013842e-06
1.463304e+04	2.988006e-06
1.463802e+04	2.962372e-06
1.464299e+04	2.936939e-06
1.464797e+04	2.911707e-06
1.465295e+04	2.886672e-06
1.465793e+04	2.861835e-06
1.466291e+04	2.837193e-06
1.466789e+04	2.812746e-06
1.467287e+04	2.788491e-06
1.467785e+04	2.764428e-06
1.468283e+04	2.740555e-06
1.468780e+04	2.716871e-06
1.469278e+04	2.693375e-06
1.469776e+04	2.670064e-06
1.470274e+04	2.646939e-06
1.470772e+04	2.623997e-06
1.471270e+04	2.601238e-06
1.471768e+04	2.578659e-06
1.472266e+04	2.556260e-06
1.472764e+04	2.534039e-06
1.473261e+04	2.511996e-06
1.473759e+04	2.490129e-06
1.474257e+04	2.468436e-06
1.474755e+04	2.446916e-06
1.475253e+04	2.425569e-06
1.475751e+04	2.404393e-06
1.476249e+04	2.383386e-06
1.476747e+04	2.362548e-06
1.477245e+04	2.341877e-06
1.477742e+04	2.321372e-06
1.478240e+04	2.301032e-06
1.478738e+04	2.280855e-06
1.479236e+04	2.260841e-06
1.479734e+04	2.240989e-06
1.480232e+04	2.221297e-06
1.480730e+04	2.201763e-06
1.481228e+04	2.182388e-06
1.481726e+04	2.163169e-06
1.482224e+04	2.144106e-06
1.482721e+04	2.125197e-06
1.483219e+04	2.106442e-06
1.483717e+04	2.087839e-06
1.484215e+04	2.069387e-06
1.484713e+04	2.051085e-06
1.485211e+04	2.032932e-06
1.485709e+04	2.014926e-06
1.486207e+04	1.997068e-06
1.486705e+04	1.979355e-06
1.487202e+04	1.961786e-06
1.487700e+04	1.944362e-06
1.488198e+04	1.927079e-06
1.488696e+04	1.909939e-06
1.489194e+04	1.892938e-06
1.489692e+04	1.876077e-06
1.490190e+04	1.859354e-06
1.490688e+04	1.842769e-06
1.491186e+04	1.826320e-06
1.491683e+04	1.810006e-06
1.492181e+04	1.793827e-06
1.492679e+04	1.777780e-06
1.493177e+04	1.761867e-06
1.493675e+04	1.746084e-06
1.494173e+04	1.730432e-06
1.494671e+04	1.714909e-06
1.495169e+04	1.699514e-06
1.495667e+04	1.684248e-06
1.496164e+04	1.669107e-06
1.496662e+04	1.654092e-06
1.497160e+04	1.639202e-06
1.497658e+04	1.624435e-06
1.498156e+04	1.609792e-06
1.498654e+04	1.595270e-06
1.499152e+04	1.580869e-06
1.499650e+04	1.566588e-06
1.500148e+04	1.552426e-06
1.500645e+04	1.538382e-06
1.501143e+04	1.524456e-06
1.501641e+04	1.510646e-06
1.502139e+04	1.496951e-06
1.502637e+04	1.483372e-06
1.503135e+04	1.469906e-06
1.503633e+04	1.456553e-06
1.504131e+04	1.443312e-06
1.504629e+04	1.430183e-06
1.505127e+04	1.417164e-06
1.505624e+04	1.404254e-06
1.506122e+04	1.391453e-06
1.506620e+04	1.378760e-06
1.507118e+04	1.366174e-06
1.507616e+04	1.353695e-06
1.508114e+04	1.341321e-06
1.508612e+04	1.329051e-06
1.509110e+04	1.316886e-06
1.509608e+04	1.304823e-06
1.510105e+04	1.292863e-06
1.510603e+04	1.281004e-06
1.511101e+04	1.269246e-06
1.511599e+04	1.257587e-06
1.512097e+04	1.246028e-06
1.512595e+04	1.234568e-06
1.513093e+04	1.223204e-06
1.513591e+04	1.211938e-06
1.514089e+04	1.200768e-06
1.514586e+04	1.189693e-06
1.515084e+04	1.178713e-06
1.515582e+04	1.167827e-06
1.516080e+04	1.157034e-06
1.516578e+04	1.146333e-06
1.517076e+04	1.135724e-06
1.517574e+04	1.125206e-06
1.518072e+04	1.114779e-06
1.518570e+04	1.104441e-06
1.519067e+04	1.094192e-06
1.519565e+04	1.084031e-06
1.520063e+04	1.073957e-06
1.520561e+04	1.063971e-06
1.521059e+04	1.054070e-06
1.521557e+04	1.044255e-06
1.522055e+04	1.034525e-06
1.522553e+04	1.024879e-06
1.523051e+04	1.015317e-06
1.523549e+04	1.005837e-06
1.524046e+04	9.964394e-07
1.524544e+04	9.871233e-07
1.525042e+04	9.778882e-07
1.525540e+04	9.687332e-07
1.526038e+04	9.596578e-07
1.526536e+04	9.506614e-07
1.527034e+04	9.417434e-07
1.527532e+04	9.329030e-07
1.528030e+04	9.241397e-07
1.528527e+04	9.154530e-07
1.529025e+04	9.068421e-07
1.529523e+04	8.983064e-07
1.530021e+04	8.898455e-07
1.530519e+04	8.814586e-07
1.531017e+04	8.731452e-07
1.531515e+04	8.649047e-07
1.532013e+04	8.567365e-07
1.532511e+04	8.486401e-07
1.533008e+04	8.406148e-07
1.533506e+04	8.326601e-07
1.534004e+04	8.247754e-07
1.534502e+04	8.169601e-07
1.535000e+04	8.092138e-07
1.535498e+04	8.015358e-07
1.535996e+04	7.939256e-07
1.536494e+04	7.863826e-07
1.536992e+04	7.789064e-07
1.537489e+04	7.714963e-07
1.537987e+04	7.641518e-07
1.538485e+04	7.568724e-07
1.538983e+04	7.496576e-07
1.539481e+04	7.425068e-07
1.539979e+04	7.354196e-07
1.540477e+04	7.283954e-07
1.540975e+04	7.214336e-07
1.541473e+04	7.145338e-07
1.541971e+04	7.076956e-07
1.542468e+04	7.009183e-07
1.542966e+04	6.942014e-07
1.543464e+04	6.875446e-07
1.543962e+04	6.809472e-07
1.544460e+04	6.744089e-07
1.544958e+04	6.679291e-07
1.545456e+04	6.615073e-07
1.545954e+04	6.551431e-07
1.546452e+04	6.488360e-07
1.546949e+04	6.425855e-07
1.547447e+04	6.363912e-07
1.547945e+04	6.302526e-07
1.548443e+04	6.241692e-07
1.548941e+04	6.181405e-07
1.549439e+04	6.121663e-07
1.549937e+04	6.062458e-07
1.550435e+04	6.003789e-07
1.550933e+04	5.945649e-07
1.551430e+04	5.888034e-07
1.551928e+04	5.830941e-07
1.552426e+04	5.774365e-07
1.552924e+04	5.718301e-07
1.553422e+04	5.662745e-07
1.553920e+04	5.607693e-07
1.554418e+04	5.553141e-07
1.554916e+04	5.499085e-07
1.555414e+04	5.445520e-07
1.555911e+04	5.392443e-07
1.556409e+04	5.339849e-07
1.556907e+04	5.287734e-07
1.557405e+04	5.236095e-07
1.557903e+04	5.184926e-07
1.558401e+04	5.134225e-07
1.558899e+04	5.083988e-07
1.559397e+04	5.034210e-07
1.559895e+04	4.984887e-07
1.560392e+04	4.936017e-07
1.560890e+04	4.887594e-07
1.561388e+04	4.839615e-07
1.561886e+04	4.792077e-07
1.562384e+04	4.744976e-07
1.562882e+04	4.698308e-07
1.563380e+04	4.652069e-07
1.563878e+04	4.606255e-07
1.564376e+04	4.560864e-07
1.564874e+04	4.515892e-07
1.565371e+04	4.471334e-07
1.565869e+04	4.427188e-07
1.566367e+04	4.383449e-07
1.566865e+04	4.340115e-07
1.567363e+04	4.297183e-07
1.567861e+04	4.254647e-07
1.568359e+04	4.212506e-07
1.568857e+04	4.170756e-07
1.569355e+04	4.129393e-07
1.569852e+04	4.088414e-07
1.570350e+04	4.047817e-07
1.570848e+04	4.007597e-07
1.571346e+04	3.967751e-07
1.571844e+04	3.928276e-07
1.572342e+04	3.889169e-07
1.572840e+04	3.850427e-07
1.573338e+04	3.812047e-07
1.573836e+04	3.774025e-07
1.574333e+04	3.736359e-07
1.574831e+04	3.699045e-07
1.575329e+04	3.662080e-07
1.575827e+04	3.625461e-07
1.576325e+04	3.589186e-07
1.576823e+04	3.553251e-07
1.577321e+04	3.517654e-07
1.577819e+04	3.482391e-07
1.578317e+04	3.447459e-07
1.578814e+04	3.412857e-07
1.579312e+04	3.378580e-07
