# # p(y | x = 2.000000e-01)
# # y_val	p(y|x)
0.000000e+00	5.159069e-07
4.978917e+00	5.224651e-07
9.957833e+00	5.291012e-07
1.493675e+01	5.358161e-07
1.991567e+01	5.426108e-07
2.489458e+01	5.494859e-07
2.987350e+01	5.564425e-07
3.485242e+01	5.634814e-07
3.983133e+01	5.706035e-07
4.481025e+01	5.778098e-07
4.978917e+01	5.851010e-07
5.476808e+01	5.924782e-07
5.974700e+01	5.999423e-07
6.472592e+01	6.074942e-07
6.970483e+01	6.151349e-07
7.468375e+01	6.228654e-07
7.966267e+01	6.306865e-07
8.464158e+01	6.385993e-07
8.962050e+01	6.466048e-07
9.459942e+01	6.547039e-07
9.957833e+01	6.628978e-07
1.045573e+02	6.711873e-07
1.095362e+02	6.795735e-07
1.145151e+02	6.880575e-07
1.194940e+02	6.966402e-07
1.244729e+02	7.053229e-07
1.294518e+02	7.141064e-07
1.344308e+02	7.229919e-07
1.394097e+02	7.319806e-07
1.443886e+02	7.410734e-07
1.493675e+02	7.502714e-07
1.543464e+02	7.595759e-07
1.593253e+02	7.689879e-07
1.643043e+02	7.785086e-07
1.692832e+02	7.881391e-07
1.742621e+02	7.978806e-07
1.792410e+02	8.077342e-07
1.842199e+02	8.177012e-07
1.891988e+02	8.277827e-07
1.941778e+02	8.379799e-07
1.991567e+02	8.482941e-07
2.041356e+02	8.587264e-07
2.091145e+02	8.692782e-07
2.140934e+02	8.799506e-07
2.190723e+02	8.907449e-07
2.240513e+02	9.016625e-07
2.290302e+02	9.127045e-07
2.340091e+02	9.238723e-07
2.389880e+02	9.351672e-07
2.439669e+02	9.465905e-07
2.489458e+02	9.581436e-07
2.539248e+02	9.698277e-07
2.589037e+02	9.816444e-07
2.638826e+02	9.935948e-07
2.688615e+02	1.005680e-06
2.738404e+02	1.017903e-06
2.788193e+02	1.030263e-06
2.837983e+02	1.042763e-06
2.887772e+02	1.055403e-06
2.937561e+02	1.068186e-06
2.987350e+02	1.081113e-06
3.037139e+02	1.094184e-06
3.086928e+02	1.107403e-06
3.136718e+02	1.120770e-06
3.186507e+02	1.134287e-06
3.236296e+02	1.147954e-06
3.286085e+02	1.161775e-06
3.335874e+02	1.175750e-06
3.385663e+02	1.189881e-06
3.435453e+02	1.204170e-06
3.485242e+02	1.218618e-06
3.535031e+02	1.233226e-06
3.584820e+02	1.247997e-06
3.634609e+02	1.262932e-06
3.684398e+02	1.278032e-06
3.734188e+02	1.293300e-06
3.783977e+02	1.308737e-06
3.833766e+02	1.324344e-06
3.883555e+02	1.340124e-06
3.933344e+02	1.356078e-06
3.983133e+02	1.372208e-06
4.032923e+02	1.388516e-06
4.082712e+02	1.405003e-06
4.132501e+02	1.421672e-06
4.182290e+02	1.438523e-06
4.232079e+02	1.455559e-06
4.281868e+02	1.472783e-06
4.331658e+02	1.490194e-06
4.381447e+02	1.507796e-06
4.431236e+02	1.525591e-06
4.481025e+02	1.543579e-06
4.530814e+02	1.561764e-06
4.580603e+02	1.580147e-06
4.630393e+02	1.598729e-06
4.680182e+02	1.617514e-06
4.729971e+02	1.636503e-06
4.779760e+02	1.655698e-06
4.829549e+02	1.675101e-06
4.879338e+02	1.694714e-06
4.929128e+02	1.714539e-06
4.978917e+02	1.734578e-06
5.028706e+02	1.754834e-06
5.078495e+02	1.775307e-06
5.128284e+02	1.796002e-06
5.178073e+02	1.816919e-06
5.227863e+02	1.838061e-06
5.277652e+02	1.859430e-06
5.327441e+02	1.881028e-06
5.377230e+02	1.902857e-06
5.427019e+02	1.924921e-06
5.476808e+02	1.947220e-06
5.526598e+02	1.969757e-06
5.576387e+02	1.992535e-06
5.626176e+02	2.015556e-06
5.675965e+02	2.038821e-06
5.725754e+02	2.062334e-06
5.775543e+02	2.086098e-06
5.825333e+02	2.110113e-06
5.875122e+02	2.134383e-06
5.924911e+02	2.158910e-06
5.974700e+02	2.183696e-06
6.024489e+02	2.208745e-06
6.074278e+02	2.234058e-06
6.124068e+02	2.259638e-06
6.173857e+02	2.285488e-06
6.223646e+02	2.311609e-06
6.273435e+02	2.338006e-06
6.323224e+02	2.364679e-06
6.373013e+02	2.391633e-06
6.422803e+02	2.418869e-06
6.472592e+02	2.446390e-06
6.522381e+02	2.474199e-06
6.572170e+02	2.502299e-06
6.621959e+02	2.530691e-06
6.671748e+02	2.559380e-06
6.721538e+02	2.588368e-06
6.771327e+02	2.617657e-06
6.821116e+02	2.647250e-06
6.870905e+02	2.677151e-06
6.920694e+02	2.707362e-06
6.970483e+02	2.737886e-06
7.020273e+02	2.768725e-06
7.070062e+02	2.799884e-06
7.119851e+02	2.831364e-06
7.169640e+02	2.863168e-06
7.219429e+02	2.895301e-06
7.269218e+02	2.927764e-06
7.319008e+02	2.960561e-06
7.368797e+02	2.993694e-06
7.418586e+02	3.027168e-06
7.468375e+02	3.060984e-06
7.518164e+02	3.095147e-06
7.567953e+02	3.129659e-06
7.617743e+02	3.164523e-06
7.667532e+02	3.199743e-06
7.717321e+02	3.235322e-06
7.767110e+02	3.271263e-06
7.816899e+02	3.307570e-06
7.866688e+02	3.344245e-06
7.916478e+02	3.381293e-06
7.966267e+02	3.418716e-06
8.016056e+02	3.456518e-06
8.065845e+02	3.494702e-06
8.115634e+02	3.533272e-06
8.165423e+02	3.572231e-06
8.215213e+02	3.611582e-06
8.265002e+02	3.651330e-06
8.314791e+02	3.691478e-06
8.364580e+02	3.732029e-06
8.414369e+02	3.772986e-06
8.464158e+02	3.814355e-06
8.513948e+02	3.856137e-06
8.563737e+02	3.898337e-06
8.613526e+02	3.940959e-06
8.663315e+02	3.984006e-06
8.713104e+02	4.027483e-06
8.762893e+02	4.071392e-06
8.812683e+02	4.115737e-06
8.862472e+02	4.160523e-06
8.912261e+02	4.205754e-06
8.962050e+02	4.251433e-06
9.011839e+02	4.297564e-06
9.061628e+02	4.344151e-06
9.111418e+02	4.391198e-06
9.161207e+02	4.438710e-06
9.210996e+02	4.486689e-06
9.260785e+02	4.535141e-06
9.310574e+02	4.584070e-06
9.360363e+02	4.633478e-06
9.410153e+02	4.683372e-06
9.459942e+02	4.733754e-06
9.509731e+02	4.784630e-06
9.559520e+02	4.836003e-06
9.609309e+02	4.887877e-06
9.659098e+02	4.940258e-06
9.708888e+02	4.993148e-06
9.758677e+02	5.046554e-06
9.808466e+02	5.100478e-06
9.858255e+02	5.154926e-06
9.908044e+02	5.209902e-06
9.957833e+02	5.265411e-06
1.000762e+03	5.321456e-06
1.005741e+03	5.378044e-06
1.010720e+03	5.435177e-06
1.015699e+03	5.492861e-06
1.020678e+03	5.551101e-06
1.025657e+03	5.609901e-06
1.030636e+03	5.669265e-06
1.035615e+03	5.729200e-06
1.040594e+03	5.789708e-06
1.045573e+03	5.850796e-06
1.050551e+03	5.912469e-06
1.055530e+03	5.974730e-06
1.060509e+03	6.037585e-06
1.065488e+03	6.101039e-06
1.070467e+03	6.165097e-06
1.075446e+03	6.229764e-06
1.080425e+03	6.295044e-06
1.085404e+03	6.360944e-06
1.090383e+03	6.427468e-06
1.095362e+03	6.494622e-06
1.100341e+03	6.562410e-06
1.105320e+03	6.630837e-06
1.110298e+03	6.699910e-06
1.115277e+03	6.769633e-06
1.120256e+03	6.840012e-06
1.125235e+03	6.911052e-06
1.130214e+03	6.982758e-06
1.135193e+03	7.055136e-06
1.140172e+03	7.128192e-06
1.145151e+03	7.201930e-06
1.150130e+03	7.276357e-06
1.155109e+03	7.351478e-06
1.160088e+03	7.427298e-06
1.165067e+03	7.503824e-06
1.170045e+03	7.581061e-06
1.175024e+03	7.659014e-06
1.180003e+03	7.737690e-06
1.184982e+03	7.817094e-06
1.189961e+03	7.897233e-06
1.194940e+03	7.978111e-06
1.199919e+03	8.059736e-06
1.204898e+03	8.142112e-06
1.209877e+03	8.225246e-06
1.214856e+03	8.309144e-06
1.219835e+03	8.393812e-06
1.224814e+03	8.479256e-06
1.229792e+03	8.565483e-06
1.234771e+03	8.652497e-06
1.239750e+03	8.740307e-06
1.244729e+03	8.828917e-06
1.249708e+03	8.918335e-06
1.254687e+03	9.008566e-06
1.259666e+03	9.099617e-06
1.264645e+03	9.191494e-06
1.269624e+03	9.284204e-06
1.274603e+03	9.377753e-06
1.279582e+03	9.472148e-06
1.284561e+03	9.567396e-06
1.289539e+03	9.663503e-06
1.294518e+03	9.760475e-06
1.299497e+03	9.858319e-06
1.304476e+03	9.957043e-06
1.309455e+03	1.005665e-05
1.314434e+03	1.015715e-05
1.319413e+03	1.025856e-05
1.324392e+03	1.036086e-05
1.329371e+03	1.046409e-05
1.334350e+03	1.056823e-05
1.339329e+03	1.067330e-05
1.344308e+03	1.077930e-05
1.349286e+03	1.088625e-05
1.354265e+03	1.099414e-05
1.359244e+03	1.110299e-05
1.364223e+03	1.121280e-05
1.369202e+03	1.132359e-05
1.374181e+03	1.143535e-05
1.379160e+03	1.154809e-05
1.384139e+03	1.166183e-05
1.389118e+03	1.177657e-05
1.394097e+03	1.189232e-05
1.399076e+03	1.200908e-05
1.404055e+03	1.212686e-05
1.409033e+03	1.224567e-05
1.414012e+03	1.236552e-05
1.418991e+03	1.248642e-05
1.423970e+03	1.260837e-05
1.428949e+03	1.273138e-05
1.433928e+03	1.285546e-05
1.438907e+03	1.298061e-05
1.443886e+03	1.310685e-05
1.448865e+03	1.323419e-05
1.453844e+03	1.336262e-05
1.458823e+03	1.349216e-05
1.463802e+03	1.362282e-05
1.468780e+03	1.375460e-05
1.473759e+03	1.388752e-05
1.478738e+03	1.402157e-05
1.483717e+03	1.415678e-05
1.488696e+03	1.429314e-05
1.493675e+03	1.443067e-05
1.498654e+03	1.456938e-05
1.503633e+03	1.470926e-05
1.508612e+03	1.485034e-05
1.513591e+03	1.499262e-05
1.518570e+03	1.513611e-05
1.523549e+03	1.528081e-05
1.528527e+03	1.542674e-05
1.533506e+03	1.557391e-05
1.538485e+03	1.572231e-05
1.543464e+03	1.587197e-05
1.548443e+03	1.602289e-05
1.553422e+03	1.617508e-05
1.558401e+03	1.632855e-05
1.563380e+03	1.648331e-05
1.568359e+03	1.663936e-05
1.573338e+03	1.679672e-05
1.578317e+03	1.695539e-05
1.583296e+03	1.711539e-05
1.588274e+03	1.727672e-05
1.593253e+03	1.743939e-05
1.598232e+03	1.760342e-05
1.603211e+03	1.776880e-05
1.608190e+03	1.793556e-05
1.613169e+03	1.810370e-05
1.618148e+03	1.827322e-05
1.623127e+03	1.844415e-05
1.628106e+03	1.861648e-05
1.633085e+03	1.879023e-05
1.638064e+03	1.896541e-05
1.643043e+03	1.914203e-05
1.648021e+03	1.932009e-05
1.653000e+03	1.949961e-05
1.657979e+03	1.968060e-05
1.662958e+03	1.986307e-05
1.667937e+03	2.004702e-05
1.672916e+03	2.023247e-05
1.677895e+03	2.041943e-05
1.682874e+03	2.060790e-05
1.687853e+03	2.079790e-05
1.692832e+03	2.098943e-05
1.697811e+03	2.118252e-05
1.702790e+03	2.137716e-05
1.707768e+03	2.157337e-05
1.712747e+03	2.177116e-05
1.717726e+03	2.197054e-05
1.722705e+03	2.217151e-05
1.727684e+03	2.237410e-05
1.732663e+03	2.257831e-05
1.737642e+03	2.278415e-05
1.742621e+03	2.299163e-05
1.747600e+03	2.320076e-05
1.752579e+03	2.341155e-05
1.757558e+03	2.362402e-05
1.762537e+03	2.383817e-05
1.767515e+03	2.405402e-05
1.772494e+03	2.427158e-05
1.777473e+03	2.449085e-05
1.782452e+03	2.471185e-05
1.787431e+03	2.493459e-05
1.792410e+03	2.515908e-05
1.797389e+03	2.538533e-05
1.802368e+03	2.561336e-05
1.807347e+03	2.584317e-05
1.812326e+03	2.607477e-05
1.817305e+03	2.630818e-05
1.822284e+03	2.654341e-05
1.827262e+03	2.678047e-05
1.832241e+03	2.701937e-05
1.837220e+03	2.726013e-05
1.842199e+03	2.750274e-05
1.847178e+03	2.774724e-05
1.852157e+03	2.799362e-05
1.857136e+03	2.824190e-05
1.862115e+03	2.849209e-05
1.867094e+03	2.874420e-05
1.872073e+03	2.899825e-05
1.877052e+03	2.925424e-05
1.882031e+03	2.951219e-05
1.887009e+03	2.977211e-05
1.891988e+03	3.003402e-05
1.896967e+03	3.029792e-05
1.901946e+03	3.056382e-05
1.906925e+03	3.083175e-05
1.911904e+03	3.110170e-05
1.916883e+03	3.137370e-05
1.921862e+03	3.164775e-05
1.926841e+03	3.192387e-05
1.931820e+03	3.220207e-05
1.936799e+03	3.248236e-05
1.941778e+03	3.276476e-05
1.946756e+03	3.304928e-05
1.951735e+03	3.333592e-05
1.956714e+03	3.362471e-05
1.961693e+03	3.391565e-05
1.966672e+03	3.420876e-05
1.971651e+03	3.450405e-05
1.976630e+03	3.480154e-05
1.981609e+03	3.510123e-05
1.986588e+03	3.540314e-05
1.991567e+03	3.570728e-05
1.996546e+03	3.601366e-05
2.001525e+03	3.632231e-05
2.006503e+03	3.663322e-05
2.011482e+03	3.694642e-05
2.016461e+03	3.726192e-05
2.021440e+03	3.757972e-05
2.026419e+03	3.789985e-05
2.031398e+03	3.822231e-05
2.036377e+03	3.854713e-05
2.041356e+03	3.887431e-05
2.046335e+03	3.920386e-05
2.051314e+03	3.953580e-05
2.056293e+03	3.987015e-05
2.061272e+03	4.020691e-05
2.066250e+03	4.054611e-05
2.071229e+03	4.088774e-05
2.076208e+03	4.123184e-05
2.081187e+03	4.157840e-05
2.086166e+03	4.192745e-05
2.091145e+03	4.227900e-05
2.096124e+03	4.263306e-05
2.101103e+03	4.298964e-05
2.106082e+03	4.334877e-05
2.111061e+03	4.371045e-05
2.116040e+03	4.407469e-05
2.121019e+03	4.444152e-05
2.125997e+03	4.481094e-05
2.130976e+03	4.518297e-05
2.135955e+03	4.555762e-05
2.140934e+03	4.593491e-05
2.145913e+03	4.631486e-05
2.150892e+03	4.669746e-05
2.155871e+03	4.708275e-05
2.160850e+03	4.747073e-05
2.165829e+03	4.786142e-05
2.170808e+03	4.825483e-05
2.175787e+03	4.865098e-05
2.180766e+03	4.904988e-05
2.185744e+03	4.945154e-05
2.190723e+03	4.985598e-05
2.195702e+03	5.026322e-05
2.200681e+03	5.067327e-05
2.205660e+03	5.108613e-05
2.210639e+03	5.150184e-05
2.215618e+03	5.192040e-05
2.220597e+03	5.234182e-05
2.225576e+03	5.276613e-05
2.230555e+03	5.319333e-05
2.235534e+03	5.362345e-05
2.240513e+03	5.405649e-05
2.245491e+03	5.449246e-05
2.250470e+03	5.493140e-05
2.255449e+03	5.537330e-05
2.260428e+03	5.581819e-05
2.265407e+03	5.626608e-05
2.270386e+03	5.671698e-05
2.275365e+03	5.717091e-05
2.280344e+03	5.762788e-05
2.285323e+03	5.808792e-05
2.290302e+03	5.855102e-05
2.295281e+03	5.901722e-05
2.300260e+03	5.948652e-05
2.305238e+03	5.995894e-05
2.310217e+03	6.043449e-05
2.315196e+03	6.091320e-05
2.320175e+03	6.139506e-05
2.325154e+03	6.188011e-05
2.330133e+03	6.236835e-05
2.335112e+03	6.285980e-05
2.340091e+03	6.335448e-05
2.345070e+03	6.385240e-05
2.350049e+03	6.435357e-05
2.355028e+03	6.485801e-05
2.360007e+03	6.536574e-05
2.364985e+03	6.587677e-05
2.369964e+03	6.639112e-05
2.374943e+03	6.690880e-05
2.379922e+03	6.742983e-05
2.384901e+03	6.795422e-05
2.389880e+03	6.848198e-05
2.394859e+03	6.901315e-05
2.399838e+03	6.954772e-05
2.404817e+03	7.008571e-05
2.409796e+03	7.062715e-05
2.414775e+03	7.117204e-05
2.419754e+03	7.172040e-05
2.424732e+03	7.227225e-05
2.429711e+03	7.282760e-05
2.434690e+03	7.338646e-05
2.439669e+03	7.394886e-05
2.444648e+03	7.451481e-05
2.449627e+03	7.508432e-05
2.454606e+03	7.565742e-05
2.459585e+03	7.623410e-05
2.464564e+03	7.681440e-05
2.469543e+03	7.739832e-05
2.474522e+03	7.798589e-05
2.479501e+03	7.857711e-05
2.484479e+03	7.917201e-05
2.489458e+03	7.977059e-05
2.494437e+03	8.037288e-05
2.499416e+03	8.097889e-05
2.504395e+03	8.158864e-05
2.509374e+03	8.220213e-05
2.514353e+03	8.281939e-05
2.519332e+03	8.344044e-05
2.524311e+03	8.406528e-05
2.529290e+03	8.469394e-05
2.534269e+03	8.532642e-05
2.539248e+03	8.596275e-05
2.544226e+03	8.660294e-05
2.549205e+03	8.724701e-05
2.554184e+03	8.789497e-05
2.559163e+03	8.854683e-05
2.564142e+03	8.920262e-05
2.569121e+03	8.986234e-05
2.574100e+03	9.052603e-05
2.579079e+03	9.119368e-05
2.584058e+03	9.186531e-05
2.589037e+03	9.254095e-05
2.594016e+03	9.322060e-05
2.598995e+03	9.390428e-05
2.603973e+03	9.459202e-05
2.608952e+03	9.528381e-05
2.613931e+03	9.597969e-05
2.618910e+03	9.667965e-05
2.623889e+03	9.738373e-05
2.628868e+03	9.809193e-05
2.633847e+03	9.880427e-05
2.638826e+03	9.952077e-05
2.643805e+03	1.002414e-04
2.648784e+03	1.009663e-04
2.653763e+03	1.016954e-04
2.658742e+03	1.024286e-04
2.663720e+03	1.031661e-04
2.668699e+03	1.039079e-04
2.673678e+03	1.046539e-04
2.678657e+03	1.054042e-04
2.683636e+03	1.061588e-04
2.688615e+03	1.069177e-04
2.693594e+03	1.076810e-04
2.698573e+03	1.084485e-04
2.703552e+03	1.092204e-04
2.708531e+03	1.099967e-04
2.713510e+03	1.107774e-04
2.718489e+03	1.115625e-04
2.723467e+03	1.123520e-04
2.728446e+03	1.131459e-04
2.733425e+03	1.139443e-04
2.738404e+03	1.147471e-04
2.743383e+03	1.155544e-04
2.748362e+03	1.163662e-04
2.753341e+03	1.171825e-04
2.758320e+03	1.180034e-04
2.763299e+03	1.188287e-04
2.768278e+03	1.196586e-04
2.773257e+03	1.204931e-04
2.778236e+03	1.213322e-04
2.783214e+03	1.221758e-04
2.788193e+03	1.230241e-04
2.793172e+03	1.238769e-04
2.798151e+03	1.247345e-04
2.803130e+03	1.255966e-04
2.808109e+03	1.264635e-04
2.813088e+03	1.273350e-04
2.818067e+03	1.282112e-04
2.823046e+03	1.290921e-04
2.828025e+03	1.299778e-04
2.833004e+03	1.308682e-04
2.837983e+03	1.317633e-04
2.842961e+03	1.326632e-04
2.847940e+03	1.335679e-04
2.852919e+03	1.344774e-04
2.857898e+03	1.353917e-04
2.862877e+03	1.363108e-04
2.867856e+03	1.372348e-04
2.872835e+03	1.381636e-04
2.877814e+03	1.390972e-04
2.882793e+03	1.400358e-04
2.887772e+03	1.409792e-04
2.892751e+03	1.419276e-04
2.897730e+03	1.428808e-04
2.902708e+03	1.438390e-04
2.907687e+03	1.448022e-04
2.912666e+03	1.457703e-04
2.917645e+03	1.467433e-04
2.922624e+03	1.477214e-04
2.927603e+03	1.487045e-04
2.932582e+03	1.496925e-04
2.937561e+03	1.506856e-04
2.942540e+03	1.516838e-04
2.947519e+03	1.526870e-04
2.952498e+03	1.536952e-04
2.957477e+03	1.547085e-04
2.962455e+03	1.557270e-04
2.967434e+03	1.567505e-04
2.972413e+03	1.577791e-04
2.977392e+03	1.588129e-04
2.982371e+03	1.598518e-04
2.987350e+03	1.608958e-04
2.992329e+03	1.619450e-04
2.997308e+03	1.629994e-04
3.002287e+03	1.640590e-04
3.007266e+03	1.651238e-04
3.012245e+03	1.661938e-04
3.017224e+03	1.672690e-04
3.022202e+03	1.683495e-04
3.027181e+03	1.694352e-04
3.032160e+03	1.705261e-04
3.037139e+03	1.716223e-04
3.042118e+03	1.727239e-04
3.047097e+03	1.738307e-04
3.052076e+03	1.749428e-04
3.057055e+03	1.760602e-04
3.062034e+03	1.771830e-04
3.067013e+03	1.783110e-04
3.071992e+03	1.794445e-04
3.076971e+03	1.805833e-04
3.081949e+03	1.817274e-04
3.086928e+03	1.828770e-04
3.091907e+03	1.840319e-04
3.096886e+03	1.851923e-04
3.101865e+03	1.863580e-04
3.106844e+03	1.875292e-04
3.111823e+03	1.887058e-04
3.116802e+03	1.898878e-04
3.121781e+03	1.910753e-04
3.126760e+03	1.922683e-04
3.131739e+03	1.934667e-04
3.136718e+03	1.946706e-04
3.141696e+03	1.958800e-04
3.146675e+03	1.970949e-04
3.151654e+03	1.983153e-04
3.156633e+03	1.995413e-04
3.161612e+03	2.007727e-04
3.166591e+03	2.020097e-04
3.171570e+03	2.032522e-04
3.176549e+03	2.045003e-04
3.181528e+03	2.057540e-04
3.186507e+03	2.070132e-04
3.191486e+03	2.082780e-04
3.196465e+03	2.095484e-04
3.201443e+03	2.108243e-04
3.206422e+03	2.121059e-04
3.211401e+03	2.133931e-04
3.216380e+03	2.146859e-04
3.221359e+03	2.159843e-04
3.226338e+03	2.172884e-04
3.231317e+03	2.185981e-04
3.236296e+03	2.199134e-04
3.241275e+03	2.212344e-04
3.246254e+03	2.225611e-04
3.251233e+03	2.238934e-04
3.256212e+03	2.252314e-04
3.261190e+03	2.265751e-04
3.266169e+03	2.279244e-04
3.271148e+03	2.292795e-04
3.276127e+03	2.306402e-04
3.281106e+03	2.320067e-04
3.286085e+03	2.333789e-04
3.291064e+03	2.347568e-04
3.296043e+03	2.361404e-04
3.301022e+03	2.375297e-04
3.306001e+03	2.389248e-04
3.310980e+03	2.403256e-04
3.315959e+03	2.417322e-04
3.320937e+03	2.431445e-04
3.325916e+03	2.445625e-04
3.330895e+03	2.459863e-04
3.335874e+03	2.474159e-04
3.340853e+03	2.488512e-04
3.345832e+03	2.502923e-04
3.350811e+03	2.517392e-04
3.355790e+03	2.531918e-04
3.360769e+03	2.546503e-04
3.365748e+03	2.561145e-04
3.370727e+03	2.575845e-04
3.375706e+03	2.590603e-04
3.380684e+03	2.605419e-04
3.385663e+03	2.620292e-04
3.390642e+03	2.635224e-04
3.395621e+03	2.650214e-04
3.400600e+03	2.665262e-04
3.405579e+03	2.680368e-04
3.410558e+03	2.695532e-04
3.415537e+03	2.710754e-04
3.420516e+03	2.726034e-04
3.425495e+03	2.741372e-04
3.430474e+03	2.756768e-04
3.435453e+03	2.772223e-04
3.440431e+03	2.787735e-04
3.445410e+03	2.803306e-04
3.450389e+03	2.818935e-04
3.455368e+03	2.834622e-04
3.460347e+03	2.850367e-04
3.465326e+03	2.866171e-04
3.470305e+03	2.882032e-04
3.475284e+03	2.897952e-04
3.480263e+03	2.913930e-04
3.485242e+03	2.929966e-04
3.490221e+03	2.946060e-04
3.495200e+03	2.962213e-04
3.500178e+03	2.978423e-04
3.505157e+03	2.994692e-04
3.510136e+03	3.011018e-04
3.515115e+03	3.027403e-04
3.520094e+03	3.043846e-04
3.525073e+03	3.060347e-04
3.530052e+03	3.076906e-04
3.535031e+03	3.093522e-04
3.540010e+03	3.110197e-04
3.544989e+03	3.126930e-04
3.549968e+03	3.143720e-04
3.554947e+03	3.160569e-04
3.559925e+03	3.177475e-04
3.564904e+03	3.194439e-04
3.569883e+03	3.211461e-04
3.574862e+03	3.228540e-04
3.579841e+03	3.245678e-04
3.584820e+03	3.262872e-04
3.589799e+03	3.280125e-04
3.594778e+03	3.297434e-04
3.599757e+03	3.314802e-04
3.604736e+03	3.332227e-04
3.609715e+03	3.349709e-04
3.614694e+03	3.367248e-04
3.619672e+03	3.384845e-04
3.624651e+03	3.402499e-04
3.629630e+03	3.420210e-04
3.634609e+03	3.437978e-04
3.639588e+03	3.455803e-04
3.644567e+03	3.473685e-04
3.649546e+03	3.491623e-04
3.654525e+03	3.509619e-04
3.659504e+03	3.527671e-04
3.664483e+03	3.545780e-04
3.669462e+03	3.563945e-04
3.674441e+03	3.582167e-04
3.679419e+03	3.600446e-04
3.684398e+03	3.618780e-04
3.689377e+03	3.637171e-04
3.694356e+03	3.655618e-04
3.699335e+03	3.674120e-04
3.704314e+03	3.692679e-04
3.709293e+03	3.711294e-04
3.714272e+03	3.729964e-04
3.719251e+03	3.748690e-04
3.724230e+03	3.767471e-04
3.729209e+03	3.786308e-04
3.734188e+03	3.805200e-04
3.739166e+03	3.824147e-04
3.744145e+03	3.843149e-04
3.749124e+03	3.862207e-04
3.754103e+03	3.881319e-04
3.759082e+03	3.900486e-04
3.764061e+03	3.919707e-04
3.769040e+03	3.938983e-04
3.774019e+03	3.958313e-04
3.778998e+03	3.977698e-04
3.783977e+03	3.997136e-04
3.788956e+03	4.016628e-04
3.793935e+03	4.036175e-04
3.798913e+03	4.055775e-04
3.803892e+03	4.075428e-04
3.808871e+03	4.095135e-04
3.813850e+03	4.114895e-04
3.818829e+03	4.134708e-04
3.823808e+03	4.154574e-04
3.828787e+03	4.174493e-04
3.833766e+03	4.194465e-04
3.838745e+03	4.214489e-04
3.843724e+03	4.234565e-04
3.848703e+03	4.254693e-04
3.853682e+03	4.274874e-04
3.858660e+03	4.295106e-04
3.863639e+03	4.315390e-04
3.868618e+03	4.335725e-04
3.873597e+03	4.356112e-04
3.878576e+03	4.376550e-04
3.883555e+03	4.397039e-04
3.888534e+03	4.417578e-04
3.893513e+03	4.438169e-04
3.898492e+03	4.458809e-04
3.903471e+03	4.479500e-04
3.908450e+03	4.500241e-04
3.913429e+03	4.521031e-04
3.918407e+03	4.541872e-04
3.923386e+03	4.562761e-04
3.928365e+03	4.583700e-04
3.933344e+03	4.604688e-04
3.938323e+03	4.625725e-04
3.943302e+03	4.646810e-04
3.948281e+03	4.667944e-04
3.953260e+03	4.689126e-04
3.958239e+03	4.710356e-04
3.963218e+03	4.731634e-04
3.968197e+03	4.752959e-04
3.973176e+03	4.774332e-04
3.978154e+03	4.795752e-04
3.983133e+03	4.817218e-04
3.988112e+03	4.838731e-04
3.993091e+03	4.860291e-04
3.998070e+03	4.881897e-04
4.003049e+03	4.903549e-04
4.008028e+03	4.925246e-04
4.013007e+03	4.946989e-04
4.017986e+03	4.968777e-04
4.022965e+03	4.990610e-04
4.027944e+03	5.012488e-04
4.032923e+03	5.034410e-04
4.037901e+03	5.056376e-04
4.042880e+03	5.078386e-04
4.047859e+03	5.100441e-04
4.052838e+03	5.122538e-04
4.057817e+03	5.144679e-04
4.062796e+03	5.166862e-04
4.067775e+03	5.189088e-04
4.072754e+03	5.211357e-04
4.077733e+03	5.233667e-04
4.082712e+03	5.256019e-04
4.087691e+03	5.278413e-04
4.092670e+03	5.300848e-04
4.097648e+03	5.323324e-04
4.102627e+03	5.345841e-04
4.107606e+03	5.368398e-04
4.112585e+03	5.390995e-04
4.117564e+03	5.413632e-04
4.122543e+03	5.436309e-04
4.127522e+03	5.459025e-04
4.132501e+03	5.481779e-04
4.137480e+03	5.504572e-04
4.142459e+03	5.527404e-04
4.147438e+03	5.550273e-04
4.152417e+03	5.573180e-04
4.157395e+03	5.596125e-04
4.162374e+03	5.619106e-04
4.167353e+03	5.642124e-04
4.172332e+03	5.665179e-04
4.177311e+03	5.688269e-04
4.182290e+03	5.711396e-04
4.187269e+03	5.734557e-04
4.192248e+03	5.757754e-04
4.197227e+03	5.780986e-04
4.202206e+03	5.804252e-04
4.207185e+03	5.827552e-04
4.212164e+03	5.850886e-04
4.217142e+03	5.874253e-04
4.222121e+03	5.897654e-04
4.227100e+03	5.921087e-04
4.232079e+03	5.944552e-04
4.237058e+03	5.968049e-04
4.242037e+03	5.991578e-04
4.247016e+03	6.015139e-04
4.251995e+03	6.038730e-04
4.256974e+03	6.062352e-04
4.261953e+03	6.086004e-04
4.266932e+03	6.109686e-04
4.271911e+03	6.133397e-04
4.276889e+03	6.157137e-04
4.281868e+03	6.180906e-04
4.286847e+03	6.204704e-04
4.291826e+03	6.228529e-04
4.296805e+03	6.252382e-04
4.301784e+03	6.276263e-04
4.306763e+03	6.300170e-04
4.311742e+03	6.324103e-04
4.316721e+03	6.348063e-04
4.321700e+03	6.372048e-04
4.326679e+03	6.396058e-04
4.331658e+03	6.420094e-04
4.336636e+03	6.444153e-04
4.341615e+03	6.468237e-04
4.346594e+03	6.492345e-04
4.351573e+03	6.516476e-04
4.356552e+03	6.540629e-04
4.361531e+03	6.564805e-04
4.366510e+03	6.589003e-04
4.371489e+03	6.613223e-04
4.376468e+03	6.637464e-04
4.381447e+03	6.661725e-04
4.386426e+03	6.686007e-04
4.391405e+03	6.710309e-04
4.396383e+03	6.734631e-04
4.401362e+03	6.758971e-04
4.406341e+03	6.783330e-04
4.411320e+03	6.807708e-04
4.416299e+03	6.832103e-04
4.421278e+03	6.856515e-04
4.426257e+03	6.880945e-04
4.431236e+03	6.905390e-04
4.436215e+03	6.929852e-04
4.441194e+03	6.954330e-04
4.446173e+03	6.978822e-04
4.451152e+03	7.003330e-04
4.456130e+03	7.027851e-04
4.461109e+03	7.052386e-04
4.466088e+03	7.076935e-04
4.471067e+03	7.101497e-04
4.476046e+03	7.126071e-04
4.481025e+03	7.150656e-04
4.486004e+03	7.175254e-04
4.490983e+03	7.199862e-04
4.495962e+03	7.224481e-04
4.500941e+03	7.249110e-04
4.505920e+03	7.273749e-04
4.510899e+03	7.298397e-04
4.515877e+03	7.323053e-04
4.520856e+03	7.347718e-04
4.525835e+03	7.372391e-04
4.530814e+03	7.397070e-04
4.535793e+03	7.421757e-04
4.540772e+03	7.446450e-04
4.545751e+03	7.471148e-04
4.550730e+03	7.495852e-04
4.555709e+03	7.520561e-04
4.560688e+03	7.545274e-04
4.565667e+03	7.569991e-04
4.570646e+03	7.594711e-04
4.575624e+03	7.619434e-04
4.580603e+03	7.644159e-04
4.585582e+03	7.668887e-04
4.590561e+03	7.693615e-04
4.595540e+03	7.718345e-04
4.600519e+03	7.743075e-04
4.605498e+03	7.767805e-04
4.610477e+03	7.792534e-04
4.615456e+03	7.817262e-04
4.620435e+03	7.841988e-04
4.625414e+03	7.866712e-04
4.630393e+03	7.891433e-04
4.635371e+03	7.916151e-04
4.640350e+03	7.940866e-04
4.645329e+03	7.965576e-04
4.650308e+03	7.990281e-04
4.655287e+03	8.014982e-04
4.660266e+03	8.039676e-04
4.665245e+03	8.064364e-04
4.670224e+03	8.089045e-04
4.675203e+03	8.113719e-04
4.680182e+03	8.138384e-04
4.685161e+03	8.163042e-04
4.690140e+03	8.187690e-04
4.695118e+03	8.212329e-04
4.700097e+03	8.236958e-04
4.705076e+03	8.261576e-04
4.710055e+03	8.286183e-04
4.715034e+03	8.310779e-04
4.720013e+03	8.335362e-04
4.724992e+03	8.359933e-04
4.729971e+03	8.384490e-04
4.734950e+03	8.409034e-04
4.739929e+03	8.433563e-04
4.744908e+03	8.458077e-04
4.749887e+03	8.482576e-04
4.754865e+03	8.507059e-04
4.759844e+03	8.531526e-04
4.764823e+03	8.555975e-04
4.769802e+03	8.580407e-04
4.774781e+03	8.604820e-04
4.779760e+03	8.629215e-04
4.784739e+03	8.653591e-04
4.789718e+03	8.677946e-04
4.794697e+03	8.702282e-04
4.799676e+03	8.726596e-04
4.804655e+03	8.750889e-04
4.809634e+03	8.775160e-04
4.814612e+03	8.799408e-04
4.819591e+03	8.823633e-04
4.824570e+03	8.847834e-04
4.829549e+03	8.872011e-04
4.834528e+03	8.896163e-04
4.839507e+03	8.920290e-04
4.844486e+03	8.944391e-04
4.849465e+03	8.968465e-04
4.854444e+03	8.992512e-04
4.859423e+03	9.016532e-04
4.864402e+03	9.040523e-04
4.869381e+03	9.064485e-04
4.874359e+03	9.088418e-04
4.879338e+03	9.112321e-04
4.884317e+03	9.136194e-04
4.889296e+03	9.160035e-04
4.894275e+03	9.183845e-04
4.899254e+03	9.207623e-04
4.904233e+03	9.231368e-04
4.909212e+03	9.255079e-04
4.914191e+03	9.278757e-04
4.919170e+03	9.302400e-04
4.924149e+03	9.326008e-04
4.929128e+03	9.349581e-04
4.934106e+03	9.373117e-04
4.939085e+03	9.396616e-04
4.944064e+03	9.420078e-04
4.949043e+03	9.443502e-04
4.954022e+03	9.466888e-04
4.959001e+03	9.490235e-04
4.963980e+03	9.513542e-04
4.968959e+03	9.536808e-04
4.973938e+03	9.560034e-04
4.978917e+03	9.583219e-04
4.983896e+03	9.606361e-04
4.988875e+03	9.629461e-04
4.993853e+03	9.652518e-04
4.998832e+03	9.675531e-04
5.003811e+03	9.698500e-04
5.008790e+03	9.721424e-04
5.013769e+03	9.744303e-04
5.018748e+03	9.767136e-04
5.023727e+03	9.789922e-04
5.028706e+03	9.812661e-04
5.033685e+03	9.835353e-04
5.038664e+03	9.857996e-04
5.043643e+03	9.880590e-04
5.048622e+03	9.903135e-04
5.053600e+03	9.925630e-04
5.058579e+03	9.948074e-04
5.063558e+03	9.970468e-04
5.068537e+03	9.992809e-04
5.073516e+03	1.001510e-03
5.078495e+03	1.003733e-03
5.083474e+03	1.005952e-03
5.088453e+03	1.008165e-03
5.093432e+03	1.010372e-03
5.098411e+03	1.012574e-03
5.103390e+03	1.014770e-03
5.108369e+03	1.016961e-03
5.113347e+03	1.019146e-03
5.118326e+03	1.021325e-03
5.123305e+03	1.023499e-03
5.128284e+03	1.025666e-03
5.133263e+03	1.027828e-03
5.138242e+03	1.029984e-03
5.143221e+03	1.032134e-03
5.148200e+03	1.034277e-03
5.153179e+03	1.036415e-03
5.158158e+03	1.038546e-03
5.163137e+03	1.040671e-03
5.168116e+03	1.042790e-03
5.173094e+03	1.044902e-03
5.178073e+03	1.047008e-03
5.183052e+03	1.049108e-03
5.188031e+03	1.051200e-03
5.193010e+03	1.053287e-03
5.197989e+03	1.055367e-03
5.202968e+03	1.057440e-03
5.207947e+03	1.059506e-03
5.212926e+03	1.061565e-03
5.217905e+03	1.063618e-03
5.222884e+03	1.065663e-03
5.227863e+03	1.067702e-03
5.232841e+03	1.069734e-03
5.237820e+03	1.071758e-03
5.242799e+03	1.073776e-03
5.247778e+03	1.075786e-03
5.252757e+03	1.077789e-03
5.257736e+03	1.079784e-03
5.262715e+03	1.081773e-03
5.267694e+03	1.083754e-03
5.272673e+03	1.085727e-03
5.277652e+03	1.087693e-03
5.282631e+03	1.089651e-03
5.287610e+03	1.091602e-03
5.292588e+03	1.093545e-03
5.297567e+03	1.095480e-03
5.302546e+03	1.097408e-03
5.307525e+03	1.099327e-03
5.312504e+03	1.101239e-03
5.317483e+03	1.103143e-03
5.322462e+03	1.105039e-03
5.327441e+03	1.106926e-03
5.332420e+03	1.108806e-03
5.337399e+03	1.110677e-03
5.342378e+03	1.112541e-03
5.347357e+03	1.114396e-03
5.352335e+03	1.116242e-03
5.357314e+03	1.118080e-03
5.362293e+03	1.119910e-03
5.367272e+03	1.121732e-03
5.372251e+03	1.123545e-03
5.377230e+03	1.125349e-03
5.382209e+03	1.127145e-03
5.387188e+03	1.128932e-03
5.392167e+03	1.130710e-03
5.397146e+03	1.132480e-03
5.402125e+03	1.134240e-03
5.407104e+03	1.135992e-03
5.412082e+03	1.137735e-03
5.417061e+03	1.139469e-03
5.422040e+03	1.141194e-03
5.427019e+03	1.142910e-03
5.431998e+03	1.144616e-03
5.436977e+03	1.146314e-03
5.441956e+03	1.148002e-03
5.446935e+03	1.149681e-03
5.451914e+03	1.151351e-03
5.456893e+03	1.153012e-03
5.461872e+03	1.154663e-03
5.466851e+03	1.156304e-03
5.471829e+03	1.157936e-03
5.476808e+03	1.159559e-03
5.481787e+03	1.161172e-03
5.486766e+03	1.162775e-03
5.491745e+03	1.164369e-03
5.496724e+03	1.165952e-03
5.501703e+03	1.167526e-03
5.506682e+03	1.169091e-03
5.511661e+03	1.170645e-03
5.516640e+03	1.172190e-03
5.521619e+03	1.173724e-03
5.526598e+03	1.175249e-03
5.531576e+03	1.176763e-03
5.536555e+03	1.178268e-03
5.541534e+03	1.179762e-03
5.546513e+03	1.181246e-03
5.551492e+03	1.182720e-03
5.556471e+03	1.184183e-03
5.561450e+03	1.185637e-03
5.566429e+03	1.187080e-03
5.571408e+03	1.188512e-03
5.576387e+03	1.189934e-03
5.581366e+03	1.191346e-03
5.586345e+03	1.192747e-03
5.591323e+03	1.194137e-03
5.596302e+03	1.195517e-03
5.601281e+03	1.196887e-03
5.606260e+03	1.198245e-03
5.611239e+03	1.199593e-03
5.616218e+03	1.200931e-03
5.621197e+03	1.202257e-03
5.626176e+03	1.203573e-03
5.631155e+03	1.204877e-03
5.636134e+03	1.206171e-03
5.641113e+03	1.207454e-03
5.646092e+03	1.208726e-03
5.651070e+03	1.209986e-03
5.656049e+03	1.211236e-03
5.661028e+03	1.212475e-03
5.666007e+03	1.213702e-03
5.670986e+03	1.214919e-03
5.675965e+03	1.216124e-03
5.680944e+03	1.217318e-03
5.685923e+03	1.218500e-03
5.690902e+03	1.219671e-03
5.695881e+03	1.220831e-03
5.700860e+03	1.221980e-03
5.705839e+03	1.223117e-03
5.710817e+03	1.224243e-03
5.715796e+03	1.225357e-03
5.720775e+03	1.226459e-03
5.725754e+03	1.227551e-03
5.730733e+03	1.228630e-03
5.735712e+03	1.229698e-03
5.740691e+03	1.230754e-03
5.745670e+03	1.231799e-03
5.750649e+03	1.232832e-03
5.755628e+03	1.233853e-03
5.760607e+03	1.234862e-03
5.765586e+03	1.235860e-03
5.770564e+03	1.236845e-03
5.775543e+03	1.237819e-03
5.780522e+03	1.238781e-03
5.785501e+03	1.239731e-03
5.790480e+03	1.240669e-03
5.795459e+03	1.241595e-03
5.800438e+03	1.242509e-03
5.805417e+03	1.243411e-03
5.810396e+03	1.244301e-03
5.815375e+03	1.245179e-03
5.820354e+03	1.246045e-03
5.825333e+03	1.246899e-03
5.830311e+03	1.247740e-03
5.835290e+03	1.248569e-03
5.840269e+03	1.249386e-03
5.845248e+03	1.250191e-03
5.850227e+03	1.250984e-03
5.855206e+03	1.251764e-03
5.860185e+03	1.252532e-03
5.865164e+03	1.253288e-03
5.870143e+03	1.254031e-03
5.875122e+03	1.254762e-03
5.880101e+03	1.255480e-03
5.885080e+03	1.256186e-03
5.890058e+03	1.256880e-03
5.895037e+03	1.257561e-03
5.900016e+03	1.258230e-03
5.904995e+03	1.258886e-03
5.909974e+03	1.259529e-03
5.914953e+03	1.260160e-03
5.919932e+03	1.260779e-03
5.924911e+03	1.261385e-03
5.929890e+03	1.261978e-03
5.934869e+03	1.262559e-03
5.939848e+03	1.263127e-03
5.944827e+03	1.263682e-03
5.949805e+03	1.264225e-03
5.954784e+03	1.264755e-03
5.959763e+03	1.265272e-03
5.964742e+03	1.265776e-03
5.969721e+03	1.266268e-03
5.974700e+03	1.266747e-03
5.979679e+03	1.267214e-03
5.984658e+03	1.267667e-03
5.989637e+03	1.268108e-03
5.994616e+03	1.268536e-03
5.999595e+03	1.268951e-03
6.004574e+03	1.269353e-03
6.009552e+03	1.269742e-03
6.014531e+03	1.270119e-03
6.019510e+03	1.270483e-03
6.024489e+03	1.270833e-03
6.029468e+03	1.271171e-03
6.034447e+03	1.271496e-03
6.039426e+03	1.271808e-03
6.044405e+03	1.272107e-03
6.049384e+03	1.272394e-03
6.054363e+03	1.272667e-03
6.059342e+03	1.272927e-03
6.064321e+03	1.273174e-03
6.069299e+03	1.273409e-03
6.074278e+03	1.273630e-03
6.079257e+03	1.273839e-03
6.084236e+03	1.274034e-03
6.089215e+03	1.274217e-03
6.094194e+03	1.274386e-03
6.099173e+03	1.274542e-03
6.104152e+03	1.274686e-03
6.109131e+03	1.274816e-03
6.114110e+03	1.274934e-03
6.119089e+03	1.275038e-03
6.124068e+03	1.275129e-03
6.129046e+03	1.275208e-03
6.134025e+03	1.275273e-03
6.139004e+03	1.275325e-03
6.143983e+03	1.275365e-03
6.148962e+03	1.275391e-03
6.153941e+03	1.275404e-03
6.158920e+03	1.275404e-03
6.163899e+03	1.275391e-03
6.168878e+03	1.275365e-03
6.173857e+03	1.275326e-03
6.178836e+03	1.275274e-03
6.183815e+03	1.275209e-03
6.188793e+03	1.275131e-03
6.193772e+03	1.275040e-03
6.198751e+03	1.274936e-03
6.203730e+03	1.274819e-03
6.208709e+03	1.274689e-03
6.213688e+03	1.274546e-03
6.218667e+03	1.274390e-03
6.223646e+03	1.274220e-03
6.228625e+03	1.274038e-03
6.233604e+03	1.273843e-03
6.238583e+03	1.273635e-03
6.243562e+03	1.273414e-03
6.248540e+03	1.273180e-03
6.253519e+03	1.272933e-03
6.258498e+03	1.272673e-03
6.263477e+03	1.272400e-03
6.268456e+03	1.272114e-03
6.273435e+03	1.271815e-03
6.278414e+03	1.271503e-03
6.283393e+03	1.271179e-03
6.288372e+03	1.270841e-03
6.293351e+03	1.270491e-03
6.298330e+03	1.270127e-03
6.303309e+03	1.269751e-03
6.308287e+03	1.269362e-03
6.313266e+03	1.268960e-03
6.318245e+03	1.268545e-03
6.323224e+03	1.268118e-03
6.328203e+03	1.267677e-03
6.333182e+03	1.267224e-03
6.338161e+03	1.266758e-03
6.343140e+03	1.266279e-03
6.348119e+03	1.265788e-03
6.353098e+03	1.265283e-03
6.358077e+03	1.264766e-03
6.363056e+03	1.264237e-03
6.368034e+03	1.263694e-03
6.373013e+03	1.263139e-03
6.377992e+03	1.262572e-03
6.382971e+03	1.261991e-03
6.387950e+03	1.261398e-03
6.392929e+03	1.260793e-03
6.397908e+03	1.260174e-03
6.402887e+03	1.259544e-03
6.407866e+03	1.258900e-03
6.412845e+03	1.258244e-03
6.417824e+03	1.257576e-03
6.422803e+03	1.256895e-03
6.427781e+03	1.256202e-03
6.432760e+03	1.255496e-03
6.437739e+03	1.254778e-03
6.442718e+03	1.254047e-03
6.447697e+03	1.253304e-03
6.452676e+03	1.252549e-03
6.457655e+03	1.251781e-03
6.462634e+03	1.251001e-03
6.467613e+03	1.250209e-03
6.472592e+03	1.249405e-03
6.477571e+03	1.248588e-03
6.482550e+03	1.247759e-03
6.487528e+03	1.246918e-03
6.492507e+03	1.246064e-03
6.497486e+03	1.245199e-03
6.502465e+03	1.244321e-03
6.507444e+03	1.243431e-03
6.512423e+03	1.242530e-03
6.517402e+03	1.241616e-03
6.522381e+03	1.240690e-03
6.527360e+03	1.239752e-03
6.532339e+03	1.238803e-03
6.537318e+03	1.237841e-03
6.542297e+03	1.236867e-03
6.547275e+03	1.235882e-03
6.552254e+03	1.234885e-03
6.557233e+03	1.233876e-03
6.562212e+03	1.232855e-03
6.567191e+03	1.231822e-03
6.572170e+03	1.230778e-03
6.577149e+03	1.229722e-03
6.582128e+03	1.228654e-03
6.587107e+03	1.227575e-03
6.592086e+03	1.226484e-03
6.597065e+03	1.225382e-03
6.602044e+03	1.224268e-03
6.607022e+03	1.223142e-03
6.612001e+03	1.222006e-03
6.616980e+03	1.220857e-03
6.621959e+03	1.219698e-03
6.626938e+03	1.218527e-03
6.631917e+03	1.217344e-03
6.636896e+03	1.216151e-03
6.641875e+03	1.214946e-03
6.646854e+03	1.213730e-03
6.651833e+03	1.212502e-03
6.656812e+03	1.211264e-03
6.661791e+03	1.210015e-03
6.666769e+03	1.208754e-03
6.671748e+03	1.207482e-03
6.676727e+03	1.206200e-03
6.681706e+03	1.204906e-03
6.686685e+03	1.203602e-03
6.691664e+03	1.202287e-03
6.696643e+03	1.200960e-03
6.701622e+03	1.199624e-03
6.706601e+03	1.198276e-03
6.711580e+03	1.196917e-03
6.716559e+03	1.195548e-03
6.721538e+03	1.194169e-03
6.726516e+03	1.192778e-03
6.731495e+03	1.191377e-03
6.736474e+03	1.189966e-03
6.741453e+03	1.188544e-03
6.746432e+03	1.187112e-03
6.751411e+03	1.185669e-03
6.756390e+03	1.184216e-03
6.761369e+03	1.182753e-03
6.766348e+03	1.181279e-03
6.771327e+03	1.179795e-03
6.776306e+03	1.178301e-03
6.781285e+03	1.176797e-03
6.786263e+03	1.175283e-03
6.791242e+03	1.173758e-03
6.796221e+03	1.172224e-03
6.801200e+03	1.170680e-03
6.806179e+03	1.169126e-03
6.811158e+03	1.167562e-03
6.816137e+03	1.165988e-03
6.821116e+03	1.164404e-03
6.826095e+03	1.162811e-03
6.831074e+03	1.161208e-03
6.836053e+03	1.159595e-03
6.841032e+03	1.157973e-03
6.846010e+03	1.156341e-03
6.850989e+03	1.154700e-03
6.855968e+03	1.153049e-03
6.860947e+03	1.151389e-03
6.865926e+03	1.149719e-03
6.870905e+03	1.148040e-03
6.875884e+03	1.146352e-03
6.880863e+03	1.144655e-03
6.885842e+03	1.142948e-03
6.890821e+03	1.141232e-03
6.895800e+03	1.139508e-03
6.900779e+03	1.137774e-03
6.905757e+03	1.136031e-03
6.910736e+03	1.134280e-03
6.915715e+03	1.132519e-03
6.920694e+03	1.130750e-03
6.925673e+03	1.128972e-03
6.930652e+03	1.127185e-03
6.935631e+03	1.125389e-03
6.940610e+03	1.123585e-03
6.945589e+03	1.121773e-03
6.950568e+03	1.119951e-03
6.955547e+03	1.118122e-03
6.960526e+03	1.116284e-03
6.965504e+03	1.114437e-03
6.970483e+03	1.112582e-03
6.975462e+03	1.110719e-03
6.980441e+03	1.108848e-03
6.985420e+03	1.106969e-03
6.990399e+03	1.105081e-03
6.995378e+03	1.103185e-03
7.000357e+03	1.101282e-03
7.005336e+03	1.099370e-03
7.010315e+03	1.097451e-03
7.015294e+03	1.095524e-03
7.020273e+03	1.093588e-03
7.025251e+03	1.091646e-03
7.030230e+03	1.089695e-03
7.035209e+03	1.087737e-03
7.040188e+03	1.085771e-03
7.045167e+03	1.083798e-03
7.050146e+03	1.081817e-03
7.055125e+03	1.079829e-03
7.060104e+03	1.077834e-03
7.065083e+03	1.075831e-03
7.070062e+03	1.073821e-03
7.075041e+03	1.071804e-03
7.080020e+03	1.069779e-03
7.084998e+03	1.067748e-03
7.089977e+03	1.065709e-03
7.094956e+03	1.063664e-03
7.099935e+03	1.061611e-03
7.104914e+03	1.059552e-03
7.109893e+03	1.057486e-03
7.114872e+03	1.055413e-03
7.119851e+03	1.053334e-03
7.124830e+03	1.051247e-03
7.129809e+03	1.049155e-03
7.134788e+03	1.047055e-03
7.139767e+03	1.044949e-03
7.144745e+03	1.042837e-03
7.149724e+03	1.040719e-03
7.154703e+03	1.038594e-03
7.159682e+03	1.036463e-03
7.164661e+03	1.034325e-03
7.169640e+03	1.032182e-03
7.174619e+03	1.030032e-03
7.179598e+03	1.027877e-03
7.184577e+03	1.025715e-03
7.189556e+03	1.023548e-03
7.194535e+03	1.021374e-03
7.199514e+03	1.019195e-03
7.204492e+03	1.017010e-03
7.209471e+03	1.014820e-03
7.214450e+03	1.012623e-03
7.219429e+03	1.010422e-03
7.224408e+03	1.008214e-03
7.229387e+03	1.006001e-03
7.234366e+03	1.003783e-03
7.239345e+03	1.001560e-03
7.244324e+03	9.993310e-04
7.249303e+03	9.970970e-04
7.254282e+03	9.948578e-04
7.259261e+03	9.926135e-04
7.264239e+03	9.903641e-04
7.269218e+03	9.881097e-04
7.274197e+03	9.858504e-04
7.279176e+03	9.835862e-04
7.284155e+03	9.813171e-04
7.289134e+03	9.790433e-04
7.294113e+03	9.767648e-04
7.299092e+03	9.744816e-04
7.304071e+03	9.721939e-04
7.309050e+03	9.699016e-04
7.314029e+03	9.676048e-04
7.319008e+03	9.653035e-04
7.323986e+03	9.629979e-04
7.328965e+03	9.606880e-04
7.333944e+03	9.583739e-04
7.338923e+03	9.560555e-04
7.343902e+03	9.537330e-04
7.348881e+03	9.514064e-04
7.353860e+03	9.490758e-04
7.358839e+03	9.467413e-04
7.363818e+03	9.444028e-04
7.368797e+03	9.420605e-04
7.373776e+03	9.397143e-04
7.378755e+03	9.373645e-04
7.383733e+03	9.350110e-04
7.388712e+03	9.326538e-04
7.393691e+03	9.302931e-04
7.398670e+03	9.279288e-04
7.403649e+03	9.255611e-04
7.408628e+03	9.231901e-04
7.413607e+03	9.208157e-04
7.418586e+03	9.184380e-04
7.423565e+03	9.160570e-04
7.428544e+03	9.136730e-04
7.433523e+03	9.112858e-04
7.438502e+03	9.088955e-04
7.443480e+03	9.065023e-04
7.448459e+03	9.041061e-04
7.453438e+03	9.017071e-04
7.458417e+03	8.993052e-04
7.463396e+03	8.969005e-04
7.468375e+03	8.944932e-04
7.473354e+03	8.920832e-04
7.478333e+03	8.896705e-04
7.483312e+03	8.872554e-04
7.488291e+03	8.848377e-04
7.493270e+03	8.824177e-04
7.498249e+03	8.799952e-04
7.503227e+03	8.775704e-04
7.508206e+03	8.751434e-04
7.513185e+03	8.727142e-04
7.518164e+03	8.702828e-04
7.523143e+03	8.678493e-04
7.528122e+03	8.654138e-04
7.533101e+03	8.629763e-04
7.538080e+03	8.605368e-04
7.543059e+03	8.580955e-04
7.548038e+03	8.556524e-04
7.553017e+03	8.532075e-04
7.557996e+03	8.507609e-04
7.562974e+03	8.483126e-04
7.567953e+03	8.458628e-04
7.572932e+03	8.434114e-04
7.577911e+03	8.409585e-04
7.582890e+03	8.385042e-04
7.587869e+03	8.360485e-04
7.592848e+03	8.335914e-04
7.597827e+03	8.311331e-04
7.602806e+03	8.286736e-04
7.607785e+03	8.262129e-04
7.612764e+03	8.237511e-04
7.617743e+03	8.212882e-04
7.622721e+03	8.188244e-04
7.627700e+03	8.163595e-04
7.632679e+03	8.138938e-04
7.637658e+03	8.114273e-04
7.642637e+03	8.089599e-04
7.647616e+03	8.064918e-04
7.652595e+03	8.040230e-04
7.657574e+03	8.015536e-04
7.662553e+03	7.990836e-04
7.667532e+03	7.966131e-04
7.672511e+03	7.941421e-04
7.677490e+03	7.916706e-04
7.682468e+03	7.891988e-04
7.687447e+03	7.867267e-04
7.692426e+03	7.842543e-04
7.697405e+03	7.817817e-04
7.702384e+03	7.793089e-04
7.707363e+03	7.768360e-04
7.712342e+03	7.743630e-04
7.717321e+03	7.718900e-04
7.722300e+03	7.694171e-04
7.727279e+03	7.669442e-04
7.732258e+03	7.644715e-04
7.737237e+03	7.619989e-04
7.742215e+03	7.595266e-04
7.747194e+03	7.570546e-04
7.752173e+03	7.545829e-04
7.757152e+03	7.521116e-04
7.762131e+03	7.496407e-04
7.767110e+03	7.471703e-04
7.772089e+03	7.447004e-04
7.777068e+03	7.422311e-04
7.782047e+03	7.397625e-04
7.787026e+03	7.372945e-04
7.792005e+03	7.348272e-04
7.796984e+03	7.323607e-04
7.801962e+03	7.298950e-04
7.806941e+03	7.274302e-04
7.811920e+03	7.249663e-04
7.816899e+03	7.225034e-04
7.821878e+03	7.200415e-04
7.826857e+03	7.175806e-04
7.831836e+03	7.151209e-04
7.836815e+03	7.126623e-04
7.841794e+03	7.102048e-04
7.846773e+03	7.077487e-04
7.851752e+03	7.052938e-04
7.856731e+03	7.028402e-04
7.861709e+03	7.003880e-04
7.866688e+03	6.979373e-04
7.871667e+03	6.954880e-04
7.876646e+03	6.930402e-04
7.881625e+03	6.905940e-04
7.886604e+03	6.881493e-04
7.891583e+03	6.857064e-04
7.896562e+03	6.832651e-04
7.901541e+03	6.808255e-04
7.906520e+03	6.783877e-04
7.911499e+03	6.759518e-04
7.916478e+03	6.735177e-04
7.921456e+03	6.710855e-04
7.926435e+03	6.686553e-04
7.931414e+03	6.662270e-04
7.936393e+03	6.638008e-04
7.941372e+03	6.613767e-04
7.946351e+03	6.589547e-04
7.951330e+03	6.565348e-04
7.956309e+03	6.541172e-04
7.961288e+03	6.517018e-04
7.966267e+03	6.492886e-04
7.971246e+03	6.468778e-04
7.976225e+03	6.444694e-04
7.981203e+03	6.420634e-04
7.986182e+03	6.396598e-04
7.991161e+03	6.372587e-04
7.996140e+03	6.348601e-04
8.001119e+03	6.324641e-04
8.006098e+03	6.300707e-04
8.011077e+03	6.276799e-04
8.016056e+03	6.252918e-04
8.021035e+03	6.229065e-04
8.026014e+03	6.205239e-04
8.030993e+03	6.181440e-04
8.035972e+03	6.157671e-04
8.040950e+03	6.133930e-04
8.045929e+03	6.110218e-04
8.050908e+03	6.086535e-04
8.055887e+03	6.062882e-04
8.060866e+03	6.039260e-04
8.065845e+03	6.015668e-04
8.070824e+03	5.992107e-04
8.075803e+03	5.968577e-04
8.080782e+03	5.945079e-04
8.085761e+03	5.921613e-04
8.090740e+03	5.898179e-04
8.095719e+03	5.874778e-04
8.100697e+03	5.851410e-04
8.105676e+03	5.828076e-04
8.110655e+03	5.804775e-04
8.115634e+03	5.781508e-04
8.120613e+03	5.758276e-04
8.125592e+03	5.735078e-04
8.130571e+03	5.711915e-04
8.135550e+03	5.688788e-04
8.140529e+03	5.665697e-04
8.145508e+03	5.642641e-04
8.150487e+03	5.619622e-04
8.155466e+03	5.596640e-04
8.160444e+03	5.573695e-04
8.165423e+03	5.550787e-04
8.170402e+03	5.527917e-04
8.175381e+03	5.505084e-04
8.180360e+03	5.482290e-04
8.185339e+03	5.459535e-04
8.190318e+03	5.436819e-04
8.195297e+03	5.414141e-04
8.200276e+03	5.391503e-04
8.205255e+03	5.368905e-04
8.210234e+03	5.346347e-04
8.215213e+03	5.323830e-04
8.220191e+03	5.301353e-04
8.225170e+03	5.278917e-04
8.230149e+03	5.256522e-04
8.235128e+03	5.234169e-04
8.240107e+03	5.211857e-04
8.245086e+03	5.189588e-04
8.250065e+03	5.167361e-04
8.255044e+03	5.145176e-04
8.260023e+03	5.123035e-04
8.265002e+03	5.100936e-04
8.269981e+03	5.078881e-04
8.274960e+03	5.056870e-04
8.279938e+03	5.034903e-04
8.284917e+03	5.012979e-04
8.289896e+03	4.991101e-04
8.294875e+03	4.969267e-04
8.299854e+03	4.947478e-04
8.304833e+03	4.925734e-04
8.309812e+03	4.904035e-04
8.314791e+03	4.882382e-04
8.319770e+03	4.860776e-04
8.324749e+03	4.839215e-04
8.329728e+03	4.817701e-04
8.334707e+03	4.796233e-04
8.339685e+03	4.774812e-04
8.344664e+03	4.753439e-04
8.349643e+03	4.732112e-04
8.354622e+03	4.710834e-04
8.359601e+03	4.689602e-04
8.364580e+03	4.668419e-04
8.369559e+03	4.647284e-04
8.374538e+03	4.626198e-04
8.379517e+03	4.605160e-04
8.384496e+03	4.584171e-04
8.389475e+03	4.563231e-04
8.394454e+03	4.542340e-04
8.399432e+03	4.521499e-04
8.404411e+03	4.500707e-04
8.409390e+03	4.479965e-04
8.414369e+03	4.459273e-04
8.419348e+03	4.438632e-04
8.424327e+03	4.418040e-04
8.429306e+03	4.397500e-04
8.434285e+03	4.377010e-04
8.439264e+03	4.356571e-04
8.444243e+03	4.336183e-04
8.449222e+03	4.315846e-04
8.454201e+03	4.295561e-04
8.459179e+03	4.275328e-04
8.464158e+03	4.255146e-04
8.469137e+03	4.235016e-04
8.474116e+03	4.214939e-04
8.479095e+03	4.194914e-04
8.484074e+03	4.174941e-04
8.489053e+03	4.155021e-04
8.494032e+03	4.135154e-04
8.499011e+03	4.115339e-04
8.503990e+03	4.095578e-04
8.508969e+03	4.075870e-04
8.513948e+03	4.056215e-04
8.518926e+03	4.036614e-04
8.523905e+03	4.017067e-04
8.528884e+03	3.997573e-04
8.533863e+03	3.978133e-04
8.538842e+03	3.958748e-04
8.543821e+03	3.939416e-04
8.548800e+03	3.920139e-04
8.553779e+03	3.900917e-04
8.558758e+03	3.881749e-04
8.563737e+03	3.862635e-04
8.568716e+03	3.843577e-04
8.573695e+03	3.824573e-04
8.578673e+03	3.805625e-04
8.583652e+03	3.786731e-04
8.588631e+03	3.767893e-04
8.593610e+03	3.749111e-04
8.598589e+03	3.730384e-04
8.603568e+03	3.711712e-04
8.608547e+03	3.693096e-04
8.613526e+03	3.674536e-04
8.618505e+03	3.656032e-04
8.623484e+03	3.637584e-04
8.628463e+03	3.619192e-04
8.633442e+03	3.600857e-04
8.638420e+03	3.582577e-04
8.643399e+03	3.564354e-04
8.648378e+03	3.546187e-04
8.653357e+03	3.528077e-04
8.658336e+03	3.510024e-04
8.663315e+03	3.492027e-04
8.668294e+03	3.474087e-04
8.673273e+03	3.456204e-04
8.678252e+03	3.438377e-04
8.683231e+03	3.420608e-04
8.688210e+03	3.402896e-04
8.693189e+03	3.385241e-04
8.698167e+03	3.367643e-04
8.703146e+03	3.350102e-04
8.708125e+03	3.332619e-04
8.713104e+03	3.315192e-04
8.718083e+03	3.297824e-04
8.723062e+03	3.280513e-04
8.728041e+03	3.263259e-04
8.733020e+03	3.246063e-04
8.737999e+03	3.228925e-04
8.742978e+03	3.211844e-04
8.747957e+03	3.194821e-04
8.752936e+03	3.177855e-04
8.757914e+03	3.160948e-04
8.762893e+03	3.144098e-04
8.767872e+03	3.127306e-04
8.772851e+03	3.110572e-04
8.777830e+03	3.093896e-04
8.782809e+03	3.077278e-04
8.787788e+03	3.060718e-04
8.792767e+03	3.044216e-04
8.797746e+03	3.027772e-04
8.802725e+03	3.011386e-04
8.807704e+03	2.995058e-04
8.812683e+03	2.978788e-04
8.817661e+03	2.962576e-04
8.822640e+03	2.946422e-04
8.827619e+03	2.930327e-04
8.832598e+03	2.914290e-04
8.837577e+03	2.898310e-04
8.842556e+03	2.882389e-04
8.847535e+03	2.866526e-04
8.852514e+03	2.850722e-04
8.857493e+03	2.834975e-04
8.862472e+03	2.819287e-04
8.867451e+03	2.803656e-04
8.872430e+03	2.788084e-04
8.877408e+03	2.772570e-04
8.882387e+03	2.757115e-04
8.887366e+03	2.741717e-04
8.892345e+03	2.726377e-04
8.897324e+03	2.711096e-04
8.902303e+03	2.695873e-04
8.907282e+03	2.680707e-04
8.912261e+03	2.665600e-04
8.917240e+03	2.650551e-04
8.922219e+03	2.635560e-04
8.927198e+03	2.620627e-04
8.932177e+03	2.605752e-04
8.937156e+03	2.590935e-04
8.942134e+03	2.576176e-04
8.947113e+03	2.561474e-04
8.952092e+03	2.546831e-04
8.957071e+03	2.532245e-04
8.962050e+03	2.517718e-04
8.967029e+03	2.503247e-04
8.972008e+03	2.488835e-04
8.976987e+03	2.474481e-04
8.981966e+03	2.460184e-04
8.986945e+03	2.445944e-04
8.991924e+03	2.431762e-04
8.996903e+03	2.417638e-04
9.001881e+03	2.403571e-04
9.006860e+03	2.389562e-04
9.011839e+03	2.375610e-04
9.016818e+03	2.361715e-04
9.021797e+03	2.347878e-04
9.026776e+03	2.334098e-04
9.031755e+03	2.320375e-04
9.036734e+03	2.306709e-04
9.041713e+03	2.293100e-04
9.046692e+03	2.279548e-04
9.051671e+03	2.266053e-04
9.056650e+03	2.252615e-04
9.061628e+03	2.239234e-04
9.066607e+03	2.225909e-04
9.071586e+03	2.212641e-04
9.076565e+03	2.199430e-04
9.081544e+03	2.186275e-04
9.086523e+03	2.173177e-04
9.091502e+03	2.160135e-04
9.096481e+03	2.147150e-04
9.101460e+03	2.134220e-04
9.106439e+03	2.121347e-04
9.111418e+03	2.108530e-04
9.116397e+03	2.095769e-04
9.121375e+03	2.083064e-04
9.126354e+03	2.070415e-04
9.131333e+03	2.057822e-04
9.136312e+03	2.045284e-04
9.141291e+03	2.032802e-04
9.146270e+03	2.020375e-04
9.151249e+03	2.008004e-04
9.156228e+03	1.995689e-04
9.161207e+03	1.983428e-04
9.166186e+03	1.971223e-04
9.171165e+03	1.959073e-04
9.176144e+03	1.946977e-04
9.181122e+03	1.934937e-04
9.186101e+03	1.922951e-04
9.191080e+03	1.911021e-04
9.196059e+03	1.899144e-04
9.201038e+03	1.887323e-04
9.206017e+03	1.875556e-04
9.210996e+03	1.863843e-04
9.215975e+03	1.852184e-04
9.220954e+03	1.840579e-04
9.225933e+03	1.829029e-04
9.230912e+03	1.817532e-04
9.235891e+03	1.806089e-04
9.240869e+03	1.794700e-04
9.245848e+03	1.783364e-04
9.250827e+03	1.772082e-04
9.255806e+03	1.760854e-04
9.260785e+03	1.749678e-04
9.265764e+03	1.738556e-04
9.270743e+03	1.727487e-04
9.275722e+03	1.716470e-04
9.280701e+03	1.705507e-04
9.285680e+03	1.694596e-04
9.290659e+03	1.683738e-04
9.295638e+03	1.672932e-04
9.300616e+03	1.662179e-04
9.305595e+03	1.651478e-04
9.310574e+03	1.640829e-04
9.315553e+03	1.630232e-04
9.320532e+03	1.619687e-04
9.325511e+03	1.609193e-04
9.330490e+03	1.598752e-04
9.335469e+03	1.588361e-04
9.340448e+03	1.578023e-04
9.345427e+03	1.567735e-04
9.350406e+03	1.557499e-04
9.355385e+03	1.547314e-04
9.360363e+03	1.537179e-04
9.365342e+03	1.527095e-04
9.370321e+03	1.517062e-04
9.375300e+03	1.507080e-04
9.380279e+03	1.497148e-04
9.385258e+03	1.487266e-04
9.390237e+03	1.477434e-04
9.395216e+03	1.467653e-04
9.400195e+03	1.457921e-04
9.405174e+03	1.448239e-04
9.410153e+03	1.438606e-04
9.415132e+03	1.429023e-04
9.420110e+03	1.419489e-04
9.425089e+03	1.410005e-04
9.430068e+03	1.400569e-04
9.435047e+03	1.391183e-04
9.440026e+03	1.381845e-04
9.445005e+03	1.372556e-04
9.449984e+03	1.363315e-04
9.454963e+03	1.354123e-04
9.459942e+03	1.344979e-04
9.464921e+03	1.335883e-04
9.469900e+03	1.326835e-04
9.474879e+03	1.317835e-04
9.479857e+03	1.308882e-04
9.484836e+03	1.299977e-04
9.489815e+03	1.291120e-04
9.494794e+03	1.282309e-04
9.499773e+03	1.273546e-04
9.504752e+03	1.264830e-04
9.509731e+03	1.256161e-04
9.514710e+03	1.247538e-04
9.519689e+03	1.238962e-04
9.524668e+03	1.230432e-04
9.529647e+03	1.221948e-04
9.534626e+03	1.213511e-04
9.539604e+03	1.205119e-04
9.544583e+03	1.196773e-04
9.549562e+03	1.188473e-04
9.554541e+03	1.180218e-04
9.559520e+03	1.172009e-04
9.564499e+03	1.163845e-04
9.569478e+03	1.155726e-04
9.574457e+03	1.147652e-04
9.579436e+03	1.139623e-04
9.584415e+03	1.131638e-04
9.589394e+03	1.123698e-04
9.594373e+03	1.115802e-04
9.599351e+03	1.107950e-04
9.604330e+03	1.100142e-04
9.609309e+03	1.092378e-04
9.614288e+03	1.084658e-04
9.619267e+03	1.076981e-04
9.624246e+03	1.069348e-04
9.629225e+03	1.061758e-04
9.634204e+03	1.054211e-04
9.639183e+03	1.046707e-04
9.644162e+03	1.039246e-04
9.649141e+03	1.031828e-04
9.654120e+03	1.024451e-04
9.659098e+03	1.017118e-04
9.664077e+03	1.009826e-04
9.669056e+03	1.002577e-04
9.674035e+03	9.953691e-05
9.679014e+03	9.882032e-05
9.683993e+03	9.810788e-05
9.688972e+03	9.739959e-05
9.693951e+03	9.669542e-05
9.698930e+03	9.599536e-05
9.703909e+03	9.529939e-05
9.708888e+03	9.460751e-05
9.713867e+03	9.391968e-05
9.718845e+03	9.323591e-05
9.723824e+03	9.255616e-05
9.728803e+03	9.188044e-05
9.733782e+03	9.120871e-05
9.738761e+03	9.054097e-05
9.743740e+03	8.987720e-05
9.748719e+03	8.921739e-05
9.753698e+03	8.856151e-05
9.758677e+03	8.790956e-05
9.763656e+03	8.726151e-05
9.768635e+03	8.661736e-05
9.773614e+03	8.597708e-05
9.778592e+03	8.534067e-05
9.783571e+03	8.470810e-05
9.788550e+03	8.407935e-05
9.793529e+03	8.345443e-05
9.798508e+03	8.283330e-05
9.803487e+03	8.221595e-05
9.808466e+03	8.160237e-05
9.813445e+03	8.099254e-05
9.818424e+03	8.038645e-05
9.823403e+03	7.978408e-05
9.828382e+03	7.918541e-05
9.833361e+03	7.859043e-05
9.838339e+03	7.799912e-05
9.843318e+03	7.741148e-05
9.848297e+03	7.682747e-05
9.853276e+03	7.624709e-05
9.858255e+03	7.567033e-05
9.863234e+03	7.509715e-05
9.868213e+03	7.452756e-05
9.873192e+03	7.396153e-05
9.878171e+03	7.339905e-05
9.883150e+03	7.284011e-05
9.888129e+03	7.228468e-05
9.893108e+03	7.173275e-05
9.898086e+03	7.118431e-05
9.903065e+03	7.063934e-05
9.908044e+03	7.009783e-05
9.913023e+03	6.955976e-05
9.918002e+03	6.902511e-05
9.922981e+03	6.849387e-05
9.927960e+03	6.796603e-05
9.932939e+03	6.744157e-05
9.937918e+03	6.692046e-05
9.942897e+03	6.640271e-05
9.947876e+03	6.588829e-05
9.952855e+03	6.537718e-05
9.957833e+03	6.486938e-05
9.962812e+03	6.436486e-05
9.967791e+03	6.386362e-05
9.972770e+03	6.336563e-05
9.977749e+03	6.287088e-05
9.982728e+03	6.237935e-05
9.987707e+03	6.189104e-05
9.992686e+03	6.140592e-05
9.997665e+03	6.092398e-05
1.000264e+04	6.044521e-05
1.000762e+04	5.996958e-05
1.001260e+04	5.949709e-05
1.001758e+04	5.902772e-05
1.002256e+04	5.856146e-05
1.002754e+04	5.809828e-05
1.003252e+04	5.763818e-05
1.003750e+04	5.718114e-05
1.004248e+04	5.672714e-05
1.004745e+04	5.627617e-05
1.005243e+04	5.582821e-05
1.005741e+04	5.538326e-05
1.006239e+04	5.494129e-05
1.006737e+04	5.450229e-05
1.007235e+04	5.406624e-05
1.007733e+04	5.363314e-05
1.008231e+04	5.320296e-05
1.008729e+04	5.277569e-05
1.009226e+04	5.235132e-05
1.009724e+04	5.192983e-05
1.010222e+04	5.151121e-05
1.010720e+04	5.109544e-05
1.011218e+04	5.068251e-05
1.011716e+04	5.027240e-05
1.012214e+04	4.986510e-05
1.012712e+04	4.946059e-05
1.013210e+04	4.905886e-05
1.013707e+04	4.865990e-05
1.014205e+04	4.826370e-05
1.014703e+04	4.787022e-05
1.015201e+04	4.747947e-05
1.015699e+04	4.709143e-05
1.016197e+04	4.670609e-05
1.016695e+04	4.632342e-05
1.017193e+04	4.594342e-05
1.017691e+04	4.556607e-05
1.018188e+04	4.519135e-05
1.018686e+04	4.481926e-05
1.019184e+04	4.444978e-05
1.019682e+04	4.408290e-05
1.020180e+04	4.371860e-05
1.020678e+04	4.335686e-05
1.021176e+04	4.299768e-05
1.021674e+04	4.264104e-05
1.022172e+04	4.228692e-05
1.022669e+04	4.193532e-05
1.023167e+04	4.158621e-05
1.023665e+04	4.123959e-05
1.024163e+04	4.089544e-05
1.024661e+04	4.055375e-05
1.025159e+04	4.021450e-05
1.025657e+04	3.987769e-05
1.026155e+04	3.954328e-05
1.026653e+04	3.921129e-05
1.027151e+04	3.888168e-05
1.027648e+04	3.855445e-05
1.028146e+04	3.822958e-05
1.028644e+04	3.790706e-05
1.029142e+04	3.758688e-05
1.029640e+04	3.726903e-05
1.030138e+04	3.695348e-05
1.030636e+04	3.664023e-05
1.031134e+04	3.632926e-05
1.031632e+04	3.602057e-05
1.032129e+04	3.571413e-05
1.032627e+04	3.540994e-05
1.033125e+04	3.510798e-05
1.033623e+04	3.480824e-05
1.034121e+04	3.451071e-05
1.034619e+04	3.421537e-05
1.035117e+04	3.392221e-05
1.035615e+04	3.363122e-05
1.036113e+04	3.334238e-05
1.036610e+04	3.305569e-05
1.037108e+04	3.277113e-05
1.037606e+04	3.248868e-05
1.038104e+04	3.220834e-05
1.038602e+04	3.193010e-05
1.039100e+04	3.165393e-05
1.039598e+04	3.137983e-05
1.040096e+04	3.110779e-05
1.040594e+04	3.083779e-05
1.041091e+04	3.056982e-05
1.041589e+04	3.030387e-05
1.042087e+04	3.003992e-05
1.042585e+04	2.977797e-05
1.043083e+04	2.951801e-05
1.043581e+04	2.926001e-05
1.044079e+04	2.900397e-05
1.044577e+04	2.874988e-05
1.045075e+04	2.849773e-05
1.045573e+04	2.824749e-05
1.046070e+04	2.799917e-05
1.046568e+04	2.775275e-05
1.047066e+04	2.750821e-05
1.047564e+04	2.726555e-05
1.048062e+04	2.702476e-05
1.048560e+04	2.678582e-05
1.049058e+04	2.654872e-05
1.049556e+04	2.631345e-05
1.050054e+04	2.607999e-05
1.050551e+04	2.584835e-05
1.051049e+04	2.561850e-05
1.051547e+04	2.539043e-05
1.052045e+04	2.516414e-05
1.052543e+04	2.493961e-05
1.053041e+04	2.471683e-05
1.053539e+04	2.449579e-05
1.054037e+04	2.427648e-05
1.054535e+04	2.405889e-05
1.055032e+04	2.384300e-05
1.055530e+04	2.362881e-05
1.056028e+04	2.341630e-05
1.056526e+04	2.320547e-05
1.057024e+04	2.299630e-05
1.057522e+04	2.278879e-05
1.058020e+04	2.258291e-05
1.058518e+04	2.237867e-05
1.059016e+04	2.217605e-05
1.059513e+04	2.197503e-05
1.060011e+04	2.177562e-05
1.060509e+04	2.157780e-05
1.061007e+04	2.138155e-05
1.061505e+04	2.118687e-05
1.062003e+04	2.099375e-05
1.062501e+04	2.080218e-05
1.062999e+04	2.061215e-05
1.063497e+04	2.042364e-05
1.063995e+04	2.023665e-05
1.064492e+04	2.005117e-05
1.064990e+04	1.986718e-05
1.065488e+04	1.968468e-05
1.065986e+04	1.950366e-05
1.066484e+04	1.932411e-05
1.066982e+04	1.914601e-05
1.067480e+04	1.896936e-05
1.067978e+04	1.879415e-05
1.068476e+04	1.862037e-05
1.068973e+04	1.844800e-05
1.069471e+04	1.827704e-05
1.069969e+04	1.810749e-05
1.070467e+04	1.793932e-05
1.070965e+04	1.777253e-05
1.071463e+04	1.760712e-05
1.071961e+04	1.744306e-05
1.072459e+04	1.728036e-05
1.072957e+04	1.711900e-05
1.073454e+04	1.695897e-05
1.073952e+04	1.680027e-05
1.074450e+04	1.664288e-05
1.074948e+04	1.648680e-05
1.075446e+04	1.633201e-05
1.075944e+04	1.617851e-05
1.076442e+04	1.602630e-05
1.076940e+04	1.587535e-05
1.077438e+04	1.572566e-05
1.077935e+04	1.557722e-05
1.078433e+04	1.543003e-05
1.078931e+04	1.528407e-05
1.079429e+04	1.513934e-05
1.079927e+04	1.499583e-05
1.080425e+04	1.485352e-05
1.080923e+04	1.471242e-05
1.081421e+04	1.457250e-05
1.081919e+04	1.443377e-05
1.082416e+04	1.429622e-05
1.082914e+04	1.415983e-05
1.083412e+04	1.402460e-05
1.083910e+04	1.389051e-05
1.084408e+04	1.375757e-05
1.084906e+04	1.362576e-05
1.085404e+04	1.349508e-05
1.085902e+04	1.336551e-05
1.086400e+04	1.323706e-05
1.086898e+04	1.310970e-05
1.087395e+04	1.298344e-05
1.087893e+04	1.285826e-05
1.088391e+04	1.273415e-05
1.088889e+04	1.261112e-05
1.089387e+04	1.248915e-05
1.089885e+04	1.236823e-05
1.090383e+04	1.224835e-05
1.090881e+04	1.212952e-05
1.091379e+04	1.201171e-05
1.091876e+04	1.189493e-05
1.092374e+04	1.177916e-05
1.092872e+04	1.166440e-05
1.093370e+04	1.155064e-05
1.093868e+04	1.143787e-05
1.094366e+04	1.132609e-05
1.094864e+04	1.121528e-05
1.095362e+04	1.110545e-05
1.095860e+04	1.099657e-05
1.096357e+04	1.088866e-05
1.096855e+04	1.078169e-05
1.097353e+04	1.067567e-05
1.097851e+04	1.057058e-05
1.098349e+04	1.046641e-05
1.098847e+04	1.036317e-05
1.099345e+04	1.026084e-05
1.099843e+04	1.015942e-05
1.100341e+04	1.005890e-05
1.100838e+04	9.959270e-06
1.101336e+04	9.860527e-06
1.101834e+04	9.762662e-06
1.102332e+04	9.665671e-06
1.102830e+04	9.569545e-06
1.103328e+04	9.474278e-06
1.103826e+04	9.379864e-06
1.104324e+04	9.286295e-06
1.104822e+04	9.193566e-06
1.105320e+04	9.101671e-06
1.105817e+04	9.010601e-06
1.106315e+04	8.920352e-06
1.106813e+04	8.830916e-06
1.107311e+04	8.742288e-06
1.107809e+04	8.654460e-06
1.108307e+04	8.567428e-06
1.108805e+04	8.481184e-06
1.109303e+04	8.395722e-06
1.109801e+04	8.311037e-06
1.110298e+04	8.227121e-06
1.110796e+04	8.143970e-06
1.111294e+04	8.061577e-06
1.111792e+04	7.979936e-06
1.112290e+04	7.899041e-06
1.112788e+04	7.818886e-06
1.113286e+04	7.739465e-06
1.113784e+04	7.660773e-06
1.114282e+04	7.582803e-06
1.114779e+04	7.505550e-06
1.115277e+04	7.429009e-06
1.115775e+04	7.353172e-06
1.116273e+04	7.278036e-06
1.116771e+04	7.203594e-06
1.117269e+04	7.129840e-06
1.117767e+04	7.056769e-06
1.118265e+04	6.984376e-06
1.118763e+04	6.912655e-06
1.119260e+04	6.841600e-06
1.119758e+04	6.771206e-06
1.120256e+04	6.701469e-06
1.120754e+04	6.632381e-06
1.121252e+04	6.563939e-06
1.121750e+04	6.496137e-06
1.122248e+04	6.428969e-06
1.122746e+04	6.362431e-06
1.123244e+04	6.296517e-06
1.123742e+04	6.231223e-06
1.124239e+04	6.166542e-06
1.124737e+04	6.102471e-06
1.125235e+04	6.039003e-06
1.125733e+04	5.976135e-06
1.126231e+04	5.913860e-06
1.126729e+04	5.852175e-06
1.127227e+04	5.791074e-06
1.127725e+04	5.730552e-06
1.128223e+04	5.670605e-06
1.128720e+04	5.611227e-06
1.129218e+04	5.552415e-06
1.129716e+04	5.494163e-06
1.130214e+04	5.436466e-06
1.130712e+04	5.379321e-06
1.131210e+04	5.322721e-06
1.131708e+04	5.266664e-06
1.132206e+04	5.211143e-06
1.132704e+04	5.156155e-06
1.133201e+04	5.101695e-06
1.133699e+04	5.047759e-06
1.134197e+04	4.994342e-06
1.134695e+04	4.941440e-06
1.135193e+04	4.889048e-06
1.135691e+04	4.837162e-06
1.136189e+04	4.785778e-06
1.136687e+04	4.734891e-06
1.137185e+04	4.684498e-06
1.137682e+04	4.634593e-06
1.138180e+04	4.585174e-06
1.138678e+04	4.536235e-06
1.139176e+04	4.487772e-06
1.139674e+04	4.439782e-06
1.140172e+04	4.392260e-06
1.140670e+04	4.345202e-06
1.141168e+04	4.298605e-06
1.141666e+04	4.252464e-06
1.142163e+04	4.206775e-06
1.142661e+04	4.161534e-06
1.143159e+04	4.116738e-06
1.143657e+04	4.072383e-06
1.144155e+04	4.028464e-06
1.144653e+04	3.984978e-06
1.145151e+04	3.941921e-06
1.145649e+04	3.899290e-06
1.146147e+04	3.857080e-06
1.146645e+04	3.815288e-06
1.147142e+04	3.773911e-06
1.147640e+04	3.732944e-06
1.148138e+04	3.692384e-06
1.148636e+04	3.652227e-06
1.149134e+04	3.612470e-06
1.149632e+04	3.573110e-06
1.150130e+04	3.534142e-06
1.150628e+04	3.495564e-06
1.151126e+04	3.457371e-06
1.151623e+04	3.419560e-06
1.152121e+04	3.382129e-06
1.152619e+04	3.345073e-06
1.153117e+04	3.308389e-06
1.153615e+04	3.272074e-06
1.154113e+04	3.236125e-06
1.154611e+04	3.200538e-06
1.155109e+04	3.165310e-06
1.155607e+04	3.130438e-06
1.156104e+04	3.095918e-06
1.156602e+04	3.061747e-06
1.157100e+04	3.027923e-06
1.157598e+04	2.994442e-06
1.158096e+04	2.961301e-06
1.158594e+04	2.928497e-06
1.159092e+04	2.896026e-06
1.159590e+04	2.863886e-06
1.160088e+04	2.832074e-06
1.160585e+04	2.800587e-06
1.161083e+04	2.769421e-06
1.161581e+04	2.738575e-06
1.162079e+04	2.708044e-06
1.162577e+04	2.677826e-06
1.163075e+04	2.647919e-06
1.163573e+04	2.618318e-06
1.164071e+04	2.589022e-06
1.164569e+04	2.560028e-06
1.165067e+04	2.531332e-06
1.165564e+04	2.502933e-06
1.166062e+04	2.474827e-06
1.166560e+04	2.447011e-06
1.167058e+04	2.419484e-06
1.167556e+04	2.392241e-06
1.168054e+04	2.365282e-06
1.168552e+04	2.338602e-06
1.169050e+04	2.312199e-06
1.169548e+04	2.286071e-06
1.170045e+04	2.260216e-06
1.170543e+04	2.234630e-06
1.171041e+04	2.209311e-06
1.171539e+04	2.184256e-06
1.172037e+04	2.159464e-06
1.172535e+04	2.134931e-06
1.173033e+04	2.110655e-06
1.173531e+04	2.086634e-06
1.174029e+04	2.062865e-06
1.174526e+04	2.039347e-06
1.175024e+04	2.016075e-06
1.175522e+04	1.993049e-06
1.176020e+04	1.970266e-06
1.176518e+04	1.947723e-06
1.177016e+04	1.925419e-06
1.177514e+04	1.903350e-06
1.178012e+04	1.881516e-06
1.178510e+04	1.859912e-06
1.179007e+04	1.838538e-06
1.179505e+04	1.817391e-06
1.180003e+04	1.796469e-06
1.180501e+04	1.775770e-06
1.180999e+04	1.755291e-06
1.181497e+04	1.735031e-06
1.181995e+04	1.714986e-06
1.182493e+04	1.695157e-06
1.182991e+04	1.675539e-06
1.183489e+04	1.656131e-06
1.183986e+04	1.636932e-06
1.184484e+04	1.617938e-06
1.184982e+04	1.599149e-06
1.185480e+04	1.580562e-06
1.185978e+04	1.562174e-06
1.186476e+04	1.543985e-06
1.186974e+04	1.525992e-06
1.187472e+04	1.508194e-06
1.187970e+04	1.490587e-06
1.188467e+04	1.473171e-06
1.188965e+04	1.455944e-06
1.189463e+04	1.438904e-06
1.189961e+04	1.422048e-06
1.190459e+04	1.405376e-06
1.190957e+04	1.388884e-06
1.191455e+04	1.372573e-06
1.191953e+04	1.356439e-06
1.192451e+04	1.340481e-06
1.192948e+04	1.324697e-06
1.193446e+04	1.309085e-06
1.193944e+04	1.293645e-06
1.194442e+04	1.278373e-06
1.194940e+04	1.263269e-06
1.195438e+04	1.248330e-06
1.195936e+04	1.233556e-06
1.196434e+04	1.218944e-06
1.196932e+04	1.204493e-06
1.197429e+04	1.190200e-06
1.197927e+04	1.176066e-06
1.198425e+04	1.162087e-06
1.198923e+04	1.148263e-06
1.199421e+04	1.134592e-06
1.199919e+04	1.121072e-06
1.200417e+04	1.107702e-06
1.200915e+04	1.094480e-06
1.201413e+04	1.081405e-06
1.201910e+04	1.068475e-06
1.202408e+04	1.055689e-06
1.202906e+04	1.043045e-06
1.203404e+04	1.030542e-06
1.203902e+04	1.018179e-06
1.204400e+04	1.005953e-06
1.204898e+04	9.938647e-07
1.205396e+04	9.819112e-07
1.205894e+04	9.700916e-07
1.206392e+04	9.584045e-07
1.206889e+04	9.468485e-07
1.207387e+04	9.354223e-07
1.207885e+04	9.241245e-07
1.208383e+04	9.129539e-07
1.208881e+04	9.019090e-07
1.209379e+04	8.909887e-07
1.209877e+04	8.801916e-07
1.210375e+04	8.695165e-07
1.210873e+04	8.589620e-07
1.211370e+04	8.485270e-07
1.211868e+04	8.382102e-07
1.212366e+04	8.280104e-07
1.212864e+04	8.179263e-07
1.213362e+04	8.079568e-07
1.213860e+04	7.981006e-07
1.214358e+04	7.883566e-07
1.214856e+04	7.787236e-07
1.215354e+04	7.692005e-07
1.215851e+04	7.597861e-07
1.216349e+04	7.504792e-07
1.216847e+04	7.412787e-07
1.217345e+04	7.321836e-07
1.217843e+04	7.231926e-07
1.218341e+04	7.143048e-07
1.218839e+04	7.055190e-07
1.219337e+04	6.968341e-07
1.219835e+04	6.882491e-07
1.220332e+04	6.797629e-07
1.220830e+04	6.713745e-07
1.221328e+04	6.630828e-07
1.221826e+04	6.548869e-07
1.222324e+04	6.467856e-07
1.222822e+04	6.387781e-07
1.223320e+04	6.308632e-07
1.223818e+04	6.230400e-07
1.224316e+04	6.153075e-07
1.224814e+04	6.076648e-07
1.225311e+04	6.001109e-07
1.225809e+04	5.926449e-07
1.226307e+04	5.852657e-07
1.226805e+04	5.779725e-07
1.227303e+04	5.707644e-07
1.227801e+04	5.636404e-07
1.228299e+04	5.565997e-07
1.228797e+04	5.496412e-07
1.229295e+04	5.427642e-07
1.229792e+04	5.359678e-07
1.230290e+04	5.292511e-07
1.230788e+04	5.226132e-07
1.231286e+04	5.160533e-07
1.231784e+04	5.095705e-07
1.232282e+04	5.031640e-07
1.232780e+04	4.968330e-07
1.233278e+04	4.905766e-07
1.233776e+04	4.843941e-07
1.234273e+04	4.782846e-07
1.234771e+04	4.722473e-07
1.235269e+04	4.662815e-07
1.235767e+04	4.603863e-07
1.236265e+04	4.545610e-07
1.236763e+04	4.488048e-07
1.237261e+04	4.431170e-07
1.237759e+04	4.374968e-07
1.238257e+04	4.319435e-07
1.238754e+04	4.264563e-07
1.239252e+04	4.210345e-07
1.239750e+04	4.156774e-07
1.240248e+04	4.103843e-07
1.240746e+04	4.051544e-07
1.241244e+04	3.999871e-07
1.241742e+04	3.948816e-07
1.242240e+04	3.898373e-07
1.242738e+04	3.848536e-07
1.243236e+04	3.799296e-07
1.243733e+04	3.750649e-07
1.244231e+04	3.702586e-07
1.244729e+04	3.655102e-07
1.245227e+04	3.608190e-07
1.245725e+04	3.561844e-07
1.246223e+04	3.516057e-07
1.246721e+04	3.470823e-07
1.247219e+04	3.426136e-07
1.247717e+04	3.381990e-07
1.248214e+04	3.338379e-07
1.248712e+04	3.295296e-07
1.249210e+04	3.252736e-07
1.249708e+04	3.210693e-07
1.250206e+04	3.169161e-07
1.250704e+04	3.128134e-07
1.251202e+04	3.087607e-07
1.251700e+04	3.047573e-07
1.252198e+04	3.008028e-07
1.252695e+04	2.968966e-07
1.253193e+04	2.930381e-07
1.253691e+04	2.892268e-07
1.254189e+04	2.854622e-07
1.254687e+04	2.817437e-07
1.255185e+04	2.780707e-07
1.255683e+04	2.744429e-07
1.256181e+04	2.708596e-07
1.256679e+04	2.673204e-07
1.257176e+04	2.638247e-07
1.257674e+04	2.603720e-07
1.258172e+04	2.569620e-07
1.258670e+04	2.535940e-07
1.259168e+04	2.502675e-07
1.259666e+04	2.469822e-07
1.260164e+04	2.437376e-07
1.260662e+04	2.405331e-07
1.261160e+04	2.373683e-07
1.261657e+04	2.342427e-07
1.262155e+04	2.311559e-07
1.262653e+04	2.281075e-07
1.263151e+04	2.250970e-07
1.263649e+04	2.221240e-07
1.264147e+04	2.191879e-07
1.264645e+04	2.162885e-07
1.265143e+04	2.134252e-07
1.265641e+04	2.105977e-07
1.266139e+04	2.078056e-07
1.266636e+04	2.050483e-07
1.267134e+04	2.023256e-07
1.267632e+04	1.996370e-07
1.268130e+04	1.969821e-07
1.268628e+04	1.943605e-07
1.269126e+04	1.917719e-07
1.269624e+04	1.892158e-07
1.270122e+04	1.866918e-07
1.270620e+04	1.841997e-07
1.271117e+04	1.817389e-07
1.271615e+04	1.793092e-07
1.272113e+04	1.769102e-07
1.272611e+04	1.745415e-07
1.273109e+04	1.722027e-07
1.273607e+04	1.698935e-07
1.274105e+04	1.676136e-07
1.274603e+04	1.653626e-07
1.275101e+04	1.631402e-07
1.275598e+04	1.609460e-07
1.276096e+04	1.587796e-07
1.276594e+04	1.566409e-07
1.277092e+04	1.545293e-07
1.277590e+04	1.524447e-07
1.278088e+04	1.503867e-07
1.278586e+04	1.483549e-07
1.279084e+04	1.463490e-07
1.279582e+04	1.443689e-07
1.280079e+04	1.424140e-07
1.280577e+04	1.404842e-07
1.281075e+04	1.385791e-07
1.281573e+04	1.366985e-07
1.282071e+04	1.348420e-07
1.282569e+04	1.330094e-07
1.283067e+04	1.312003e-07
1.283565e+04	1.294145e-07
1.284063e+04	1.276517e-07
1.284561e+04	1.259116e-07
1.285058e+04	1.241940e-07
1.285556e+04	1.224986e-07
1.286054e+04	1.208251e-07
1.286552e+04	1.191732e-07
1.287050e+04	1.175427e-07
1.287548e+04	1.159333e-07
1.288046e+04	1.143448e-07
1.288544e+04	1.127769e-07
1.289042e+04	1.112294e-07
1.289539e+04	1.097020e-07
1.290037e+04	1.081944e-07
1.290535e+04	1.067065e-07
1.291033e+04	1.052380e-07
1.291531e+04	1.037886e-07
1.292029e+04	1.023581e-07
1.292527e+04	1.009463e-07
1.293025e+04	9.955299e-08
1.293523e+04	9.817789e-08
1.294020e+04	9.682079e-08
1.294518e+04	9.548147e-08
1.295016e+04	9.415972e-08
1.295514e+04	9.285532e-08
1.296012e+04	9.156805e-08
1.296510e+04	9.029770e-08
1.297008e+04	8.904407e-08
1.297506e+04	8.780694e-08
1.298004e+04	8.658612e-08
1.298501e+04	8.538140e-08
1.298999e+04	8.419258e-08
1.299497e+04	8.301947e-08
1.299995e+04	8.186186e-08
1.300493e+04	8.071957e-08
1.300991e+04	7.959241e-08
1.301489e+04	7.848018e-08
1.301987e+04	7.738271e-08
1.302485e+04	7.629980e-08
1.302983e+04	7.523128e-08
1.303480e+04	7.417696e-08
1.303978e+04	7.313667e-08
1.304476e+04	7.211024e-08
1.304974e+04	7.109748e-08
1.305472e+04	7.009823e-08
1.305970e+04	6.911232e-08
1.306468e+04	6.813958e-08
1.306966e+04	6.717984e-08
1.307464e+04	6.623295e-08
1.307961e+04	6.529873e-08
1.308459e+04	6.437703e-08
1.308957e+04	6.346770e-08
1.309455e+04	6.257057e-08
1.309953e+04	6.168549e-08
1.310451e+04	6.081230e-08
1.310949e+04	5.995087e-08
1.311447e+04	5.910103e-08
1.311945e+04	5.826265e-08
1.312442e+04	5.743557e-08
1.312940e+04	5.661965e-08
1.313438e+04	5.581476e-08
1.313936e+04	5.502074e-08
1.314434e+04	5.423747e-08
1.314932e+04	5.346480e-08
1.315430e+04	5.270259e-08
1.315928e+04	5.195073e-08
1.316426e+04	5.120906e-08
1.316923e+04	5.047747e-08
1.317421e+04	4.975583e-08
1.317919e+04	4.904399e-08
1.318417e+04	4.834185e-08
1.318915e+04	4.764927e-08
1.319413e+04	4.696614e-08
1.319911e+04	4.629233e-08
1.320409e+04	4.562771e-08
1.320907e+04	4.497218e-08
1.321404e+04	4.432562e-08
1.321902e+04	4.368790e-08
1.322400e+04	4.305892e-08
1.322898e+04	4.243856e-08
1.323396e+04	4.182671e-08
1.323894e+04	4.122326e-08
1.324392e+04	4.062810e-08
1.324890e+04	4.004112e-08
1.325388e+04	3.946222e-08
1.325886e+04	3.889130e-08
1.326383e+04	3.832824e-08
1.326881e+04	3.777295e-08
1.327379e+04	3.722532e-08
1.327877e+04	3.668525e-08
1.328375e+04	3.615266e-08
1.328873e+04	3.562743e-08
1.329371e+04	3.510947e-08
1.329869e+04	3.459869e-08
1.330367e+04	3.409499e-08
1.330864e+04	3.359828e-08
1.331362e+04	3.310847e-08
1.331860e+04	3.262547e-08
1.332358e+04	3.214918e-08
1.332856e+04	3.167952e-08
1.333354e+04	3.121641e-08
1.333852e+04	3.075975e-08
1.334350e+04	3.030946e-08
1.334848e+04	2.986546e-08
1.335345e+04	2.942766e-08
1.335843e+04	2.899598e-08
1.336341e+04	2.857035e-08
1.336839e+04	2.815067e-08
1.337337e+04	2.773688e-08
1.337835e+04	2.732888e-08
1.338333e+04	2.692662e-08
1.338831e+04	2.653000e-08
1.339329e+04	2.613896e-08
1.339826e+04	2.575342e-08
1.340324e+04	2.537331e-08
1.340822e+04	2.499855e-08
1.341320e+04	2.462907e-08
1.341818e+04	2.426481e-08
1.342316e+04	2.390569e-08
1.342814e+04	2.355165e-08
1.343312e+04	2.320261e-08
1.343810e+04	2.285851e-08
1.344308e+04	2.251928e-08
1.344805e+04	2.218487e-08
1.345303e+04	2.185519e-08
1.345801e+04	2.153019e-08
1.346299e+04	2.120981e-08
1.346797e+04	2.089398e-08
1.347295e+04	2.058265e-08
1.347793e+04	2.027575e-08
1.348291e+04	1.997322e-08
1.348789e+04	1.967500e-08
1.349286e+04	1.938104e-08
1.349784e+04	1.909127e-08
1.350282e+04	1.880564e-08
1.350780e+04	1.852410e-08
1.351278e+04	1.824659e-08
1.351776e+04	1.797305e-08
1.352274e+04	1.770343e-08
1.352772e+04	1.743768e-08
1.353270e+04	1.717574e-08
1.353767e+04	1.691756e-08
1.354265e+04	1.666309e-08
1.354763e+04	1.641228e-08
1.355261e+04	1.616509e-08
1.355759e+04	1.592145e-08
1.356257e+04	1.568132e-08
1.356755e+04	1.544466e-08
1.357253e+04	1.521142e-08
1.357751e+04	1.498154e-08
1.358248e+04	1.475499e-08
1.358746e+04	1.453171e-08
1.359244e+04	1.431167e-08
1.359742e+04	1.409482e-08
1.360240e+04	1.388110e-08
1.360738e+04	1.367049e-08
1.361236e+04	1.346294e-08
1.361734e+04	1.325840e-08
1.362232e+04	1.305684e-08
1.362730e+04	1.285821e-08
1.363227e+04	1.266247e-08
1.363725e+04	1.246959e-08
1.364223e+04	1.227952e-08
1.364721e+04	1.209222e-08
1.365219e+04	1.190765e-08
1.365717e+04	1.172579e-08
1.366215e+04	1.154658e-08
1.366713e+04	1.136999e-08
1.367211e+04	1.119600e-08
1.367708e+04	1.102455e-08
1.368206e+04	1.085561e-08
1.368704e+04	1.068916e-08
1.369202e+04	1.052515e-08
1.369700e+04	1.036355e-08
1.370198e+04	1.020433e-08
1.370696e+04	1.004745e-08
1.371194e+04	9.892882e-09
1.371692e+04	9.740592e-09
1.372189e+04	9.590549e-09
1.372687e+04	9.442721e-09
1.373185e+04	9.297076e-09
1.373683e+04	9.153584e-09
1.374181e+04	9.012214e-09
1.374679e+04	8.872937e-09
1.375177e+04	8.735724e-09
1.375675e+04	8.600544e-09
1.376173e+04	8.467370e-09
1.376670e+04	8.336172e-09
1.377168e+04	8.206924e-09
1.377666e+04	8.079596e-09
1.378164e+04	7.954163e-09
1.378662e+04	7.830598e-09
1.379160e+04	7.708873e-09
1.379658e+04	7.588962e-09
1.380156e+04	7.470841e-09
1.380654e+04	7.354483e-09
1.381151e+04	7.239863e-09
1.381649e+04	7.126957e-09
1.382147e+04	7.015740e-09
1.382645e+04	6.906187e-09
1.383143e+04	6.798276e-09
1.383641e+04	6.691983e-09
1.384139e+04	6.587284e-09
1.384637e+04	6.484157e-09
1.385135e+04	6.382580e-09
1.385633e+04	6.282529e-09
1.386130e+04	6.183984e-09
1.386628e+04	6.086922e-09
1.387126e+04	5.991322e-09
1.387624e+04	5.897164e-09
1.388122e+04	5.804426e-09
1.388620e+04	5.713088e-09
1.389118e+04	5.623130e-09
1.389616e+04	5.534531e-09
1.390114e+04	5.447273e-09
1.390611e+04	5.361336e-09
1.391109e+04	5.276701e-09
1.391607e+04	5.193349e-09
1.392105e+04	5.111261e-09
1.392603e+04	5.030419e-09
1.393101e+04	4.950806e-09
1.393599e+04	4.872402e-09
1.394097e+04	4.795191e-09
1.394595e+04	4.719156e-09
1.395092e+04	4.644279e-09
1.395590e+04	4.570543e-09
1.396088e+04	4.497931e-09
1.396586e+04	4.426428e-09
1.397084e+04	4.356018e-09
1.397582e+04	4.286683e-09
1.398080e+04	4.218409e-09
1.398578e+04	4.151180e-09
1.399076e+04	4.084980e-09
1.399573e+04	4.019795e-09
1.400071e+04	3.955610e-09
1.400569e+04	3.892410e-09
1.401067e+04	3.830181e-09
1.401565e+04	3.768908e-09
1.402063e+04	3.708577e-09
1.402561e+04	3.649175e-09
1.403059e+04	3.590687e-09
1.403557e+04	3.533101e-09
1.404055e+04	3.476403e-09
1.404552e+04	3.420580e-09
1.405050e+04	3.365619e-09
1.405548e+04	3.311507e-09
1.406046e+04	3.258231e-09
1.406544e+04	3.205780e-09
1.407042e+04	3.154142e-09
1.407540e+04	3.103303e-09
1.408038e+04	3.053252e-09
1.408536e+04	3.003978e-09
1.409033e+04	2.955469e-09
1.409531e+04	2.907714e-09
1.410029e+04	2.860701e-09
1.410527e+04	2.814419e-09
1.411025e+04	2.768858e-09
1.411523e+04	2.724007e-09
1.412021e+04	2.679854e-09
1.412519e+04	2.636391e-09
1.413017e+04	2.593606e-09
1.413514e+04	2.551489e-09
1.414012e+04	2.510030e-09
1.414510e+04	2.469220e-09
1.415008e+04	2.429048e-09
1.415506e+04	2.389506e-09
1.416004e+04	2.350583e-09
1.416502e+04	2.312271e-09
1.417000e+04	2.274560e-09
1.417498e+04	2.237441e-09
1.417995e+04	2.200905e-09
1.418493e+04	2.164944e-09
1.418991e+04	2.129549e-09
1.419489e+04	2.094711e-09
1.419987e+04	2.060421e-09
1.420485e+04	2.026673e-09
1.420983e+04	1.993457e-09
1.421481e+04	1.960765e-09
1.421979e+04	1.928589e-09
1.422477e+04	1.896922e-09
1.422974e+04	1.865756e-09
1.423472e+04	1.835084e-09
1.423970e+04	1.804897e-09
1.424468e+04	1.775188e-09
1.424966e+04	1.745951e-09
1.425464e+04	1.717178e-09
1.425962e+04	1.688862e-09
1.426460e+04	1.660995e-09
1.426958e+04	1.633572e-09
1.427455e+04	1.606585e-09
1.427953e+04	1.580028e-09
1.428451e+04	1.553893e-09
1.428949e+04	1.528176e-09
1.429447e+04	1.502869e-09
1.429945e+04	1.477965e-09
1.430443e+04	1.453460e-09
1.430941e+04	1.429346e-09
1.431439e+04	1.405618e-09
1.431936e+04	1.382270e-09
1.432434e+04	1.359296e-09
1.432932e+04	1.336690e-09
1.433430e+04	1.314446e-09
1.433928e+04	1.292559e-09
1.434426e+04	1.271024e-09
1.434924e+04	1.249835e-09
1.435422e+04	1.228986e-09
1.435920e+04	1.208473e-09
1.436417e+04	1.188290e-09
1.436915e+04	1.168433e-09
1.437413e+04	1.148895e-09
1.437911e+04	1.129673e-09
1.438409e+04	1.110760e-09
1.438907e+04	1.092154e-09
1.439405e+04	1.073848e-09
1.439903e+04	1.055838e-09
1.440401e+04	1.038119e-09
1.440898e+04	1.020688e-09
1.441396e+04	1.003538e-09
1.441894e+04	9.866672e-10
1.442392e+04	9.700698e-10
1.442890e+04	9.537418e-10
1.443388e+04	9.376791e-10
1.443886e+04	9.218775e-10
1.444384e+04	9.063329e-10
1.444882e+04	8.910413e-10
1.445380e+04	8.759987e-10
1.445877e+04	8.612014e-10
1.446375e+04	8.466453e-10
1.446873e+04	8.323267e-10
1.447371e+04	8.182419e-10
1.447869e+04	8.043873e-10
1.448367e+04	7.907591e-10
1.448865e+04	7.773539e-10
1.449363e+04	7.641682e-10
1.449861e+04	7.511984e-10
1.450358e+04	7.384412e-10
1.450856e+04	7.258933e-10
1.451354e+04	7.135512e-10
1.451852e+04	7.014119e-10
1.452350e+04	6.894720e-10
1.452848e+04	6.777284e-10
1.453346e+04	6.661781e-10
1.453844e+04	6.548179e-10
1.454342e+04	6.436449e-10
1.454839e+04	6.326560e-10
1.455337e+04	6.218484e-10
1.455835e+04	6.112192e-10
1.456333e+04	6.007655e-10
1.456831e+04	5.904846e-10
1.457329e+04	5.803737e-10
1.457827e+04	5.704301e-10
1.458325e+04	5.606511e-10
1.458823e+04	5.510341e-10
1.459320e+04	5.415766e-10
1.459818e+04	5.322759e-10
1.460316e+04	5.231296e-10
1.460814e+04	5.141352e-10
1.461312e+04	5.052903e-10
1.461810e+04	4.965925e-10
1.462308e+04	4.880395e-10
1.462806e+04	4.796288e-10
1.463304e+04	4.713583e-10
1.463802e+04	4.632256e-10
1.464299e+04	4.552286e-10
1.464797e+04	4.473651e-10
1.465295e+04	4.396329e-10
1.465793e+04	4.320300e-10
1.466291e+04	4.245542e-10
1.466789e+04	4.172035e-10
1.467287e+04	4.099759e-10
1.467785e+04	4.028694e-10
1.468283e+04	3.958820e-10
1.468780e+04	3.890118e-10
1.469278e+04	3.822570e-10
1.469776e+04	3.756156e-10
1.470274e+04	3.690858e-10
1.470772e+04	3.626658e-10
1.471270e+04	3.563539e-10
1.471768e+04	3.501482e-10
1.472266e+04	3.440471e-10
1.472764e+04	3.380488e-10
1.473261e+04	3.321517e-10
1.473759e+04	3.263542e-10
1.474257e+04	3.206545e-10
1.474755e+04	3.150512e-10
1.475253e+04	3.095427e-10
1.475751e+04	3.041273e-10
1.476249e+04	2.988037e-10
1.476747e+04	2.935702e-10
1.477245e+04	2.884254e-10
1.477742e+04	2.833679e-10
1.478240e+04	2.783963e-10
1.478738e+04	2.735091e-10
1.479236e+04	2.687049e-10
1.479734e+04	2.639824e-10
1.480232e+04	2.593403e-10
1.480730e+04	2.547771e-10
1.481228e+04	2.502918e-10
1.481726e+04	2.458828e-10
1.482224e+04	2.415491e-10
1.482721e+04	2.372893e-10
1.483219e+04	2.331023e-10
1.483717e+04	2.289868e-10
1.484215e+04	2.249417e-10
1.484713e+04	2.209657e-10
1.485211e+04	2.170579e-10
1.485709e+04	2.132169e-10
1.486207e+04	2.094418e-10
1.486705e+04	2.057314e-10
1.487202e+04	2.020847e-10
1.487700e+04	1.985006e-10
1.488198e+04	1.949781e-10
1.488696e+04	1.915161e-10
1.489194e+04	1.881137e-10
1.489692e+04	1.847698e-10
1.490190e+04	1.814835e-10
1.490688e+04	1.782539e-10
1.491186e+04	1.750799e-10
1.491683e+04	1.719607e-10
1.492181e+04	1.688953e-10
1.492679e+04	1.658829e-10
1.493177e+04	1.629226e-10
1.493675e+04	1.600134e-10
1.494173e+04	1.571546e-10
1.494671e+04	1.543453e-10
1.495169e+04	1.515846e-10
1.495667e+04	1.488718e-10
1.496164e+04	1.462061e-10
1.496662e+04	1.435866e-10
1.497160e+04	1.410126e-10
1.497658e+04	1.384834e-10
1.498156e+04	1.359981e-10
1.498654e+04	1.335560e-10
1.499152e+04	1.311565e-10
1.499650e+04	1.287988e-10
1.500148e+04	1.264821e-10
1.500645e+04	1.242059e-10
1.501143e+04	1.219693e-10
1.501641e+04	1.197719e-10
1.502139e+04	1.176128e-10
1.502637e+04	1.154914e-10
1.503135e+04	1.134072e-10
1.503633e+04	1.113594e-10
1.504131e+04	1.093475e-10
1.504629e+04	1.073708e-10
1.505127e+04	1.054288e-10
1.505624e+04	1.035209e-10
1.506122e+04	1.016464e-10
1.506620e+04	9.980489e-11
1.507118e+04	9.799572e-11
1.507616e+04	9.621837e-11
1.508114e+04	9.447228e-11
1.508612e+04	9.275693e-11
1.509110e+04	9.107180e-11
1.509608e+04	8.941637e-11
1.510105e+04	8.779013e-11
1.510603e+04	8.619258e-11
1.511101e+04	8.462325e-11
1.511599e+04	8.308163e-11
1.512097e+04	8.156727e-11
1.512595e+04	8.007969e-11
1.513093e+04	7.861844e-11
1.513591e+04	7.718307e-11
1.514089e+04	7.577312e-11
1.514586e+04	7.438818e-11
1.515084e+04	7.302779e-11
1.515582e+04	7.169156e-11
1.516080e+04	7.037905e-11
1.516578e+04	6.908987e-11
1.517076e+04	6.782361e-11
1.517574e+04	6.657988e-11
1.518072e+04	6.535829e-11
1.518570e+04	6.415845e-11
1.519067e+04	6.298000e-11
1.519565e+04	6.182256e-11
1.520063e+04	6.068577e-11
1.520561e+04	5.956927e-11
1.521059e+04	5.847272e-11
1.521557e+04	5.739577e-11
1.522055e+04	5.633808e-11
1.522553e+04	5.529931e-11
1.523051e+04	5.427915e-11
1.523549e+04	5.327725e-11
1.524046e+04	5.229332e-11
1.524544e+04	5.132703e-11
1.525042e+04	5.037809e-11
1.525540e+04	4.944618e-11
1.526038e+04	4.853102e-11
1.526536e+04	4.763230e-11
1.527034e+04	4.674976e-11
1.527532e+04	4.588309e-11
1.528030e+04	4.503203e-11
1.528527e+04	4.419631e-11
1.529025e+04	4.337565e-11
1.529523e+04	4.256979e-11
1.530021e+04	4.177848e-11
1.530519e+04	4.100146e-11
1.531017e+04	4.023848e-11
1.531515e+04	3.948930e-11
1.532013e+04	3.875367e-11
1.532511e+04	3.803135e-11
1.533008e+04	3.732211e-11
1.533506e+04	3.662573e-11
1.534004e+04	3.594197e-11
1.534502e+04	3.527062e-11
1.535000e+04	3.461145e-11
1.535498e+04	3.396426e-11
1.535996e+04	3.332882e-11
1.536494e+04	3.270494e-11
1.536992e+04	3.209242e-11
1.537489e+04	3.149104e-11
1.537987e+04	3.090061e-11
1.538485e+04	3.032095e-11
1.538983e+04	2.975185e-11
1.539481e+04	2.919314e-11
1.539979e+04	2.864462e-11
1.540477e+04	2.810613e-11
1.540975e+04	2.757748e-11
1.541473e+04	2.705849e-11
1.541971e+04	2.654900e-11
1.542468e+04	2.604884e-11
1.542966e+04	2.555783e-11
1.543464e+04	2.507583e-11
1.543962e+04	2.460267e-11
1.544460e+04	2.413819e-11
1.544958e+04	2.368223e-11
1.545456e+04	2.323465e-11
1.545954e+04	2.279530e-11
1.546452e+04	2.236402e-11
1.546949e+04	2.194068e-11
1.547447e+04	2.152513e-11
1.547945e+04	2.111724e-11
1.548443e+04	2.071687e-11
1.548941e+04	2.032388e-11
1.549439e+04	1.993814e-11
1.549937e+04	1.955952e-11
1.550435e+04	1.918790e-11
1.550933e+04	1.882314e-11
1.551430e+04	1.846513e-11
1.551928e+04	1.811374e-11
1.552426e+04	1.776886e-11
1.552924e+04	1.743037e-11
1.553422e+04	1.709815e-11
1.553920e+04	1.677209e-11
1.554418e+04	1.645208e-11
1.554916e+04	1.613801e-11
1.555414e+04	1.582978e-11
1.555911e+04	1.552727e-11
1.556409e+04	1.523039e-11
1.556907e+04	1.493903e-11
1.557405e+04	1.465310e-11
1.557903e+04	1.437249e-11
1.558401e+04	1.409711e-11
1.558899e+04	1.382687e-11
1.559397e+04	1.356167e-11
1.559895e+04	1.330142e-11
1.560392e+04	1.304603e-11
1.560890e+04	1.279541e-11
1.561388e+04	1.254948e-11
1.561886e+04	1.230815e-11
1.562384e+04	1.207134e-11
1.562882e+04	1.183896e-11
1.563380e+04	1.161094e-11
1.563878e+04	1.138719e-11
1.564376e+04	1.116764e-11
1.564874e+04	1.095222e-11
1.565371e+04	1.074083e-11
1.565869e+04	1.053342e-11
1.566367e+04	1.032991e-11
1.566865e+04	1.013023e-11
1.567363e+04	9.934308e-12
1.567861e+04	9.742074e-12
1.568359e+04	9.553463e-12
1.568857e+04	9.368407e-12
1.569355e+04	9.186842e-12
1.569852e+04	9.008703e-12
1.570350e+04	8.833929e-12
1.570848e+04	8.662457e-12
1.571346e+04	8.494226e-12
1.571844e+04	8.329177e-12
1.572342e+04	8.167252e-12
1.572840e+04	8.008393e-12
1.573338e+04	7.852544e-12
1.573836e+04	7.699649e-12
1.574333e+04	7.549654e-12
1.574831e+04	7.402505e-12
1.575329e+04	7.258150e-12
1.575827e+04	7.116537e-12
1.576325e+04	6.977616e-12
1.576823e+04	6.841337e-12
1.577321e+04	6.707651e-12
1.577819e+04	6.576510e-12
1.578317e+04	6.447868e-12
1.578814e+04	6.321677e-12
1.579312e+04	6.197892e-12
