# # p(y | x = 2.100000e-03)
# # y_val	p(y|x)
0.000000e+00	1.958360e-05
4.978917e+00	1.984075e-05
9.957833e+00	2.010089e-05
1.493675e+01	2.036406e-05
1.991567e+01	2.063028e-05
2.489458e+01	2.089959e-05
2.987350e+01	2.117200e-05
3.485242e+01	2.144757e-05
3.983133e+01	2.172630e-05
4.481025e+01	2.200824e-05
4.978917e+01	2.229342e-05
5.476808e+01	2.258186e-05
5.974700e+01	2.287360e-05
6.472592e+01	2.316867e-05
6.970483e+01	2.346710e-05
7.468375e+01	2.376892e-05
7.966267e+01	2.407417e-05
8.464158e+01	2.438288e-05
8.962050e+01	2.469507e-05
9.459942e+01	2.501079e-05
9.957833e+01	2.533006e-05
1.045573e+02	2.565292e-05
1.095362e+02	2.597940e-05
1.145151e+02	2.630954e-05
1.194940e+02	2.664336e-05
1.244729e+02	2.698091e-05
1.294518e+02	2.732222e-05
1.344308e+02	2.766732e-05
1.394097e+02	2.801625e-05
1.443886e+02	2.836904e-05
1.493675e+02	2.872572e-05
1.543464e+02	2.908634e-05
1.593253e+02	2.945092e-05
1.643043e+02	2.981951e-05
1.692832e+02	3.019214e-05
1.742621e+02	3.056885e-05
1.792410e+02	3.094966e-05
1.842199e+02	3.133463e-05
1.891988e+02	3.172378e-05
1.941778e+02	3.211716e-05
1.991567e+02	3.251479e-05
2.041356e+02	3.291673e-05
2.091145e+02	3.332300e-05
2.140934e+02	3.373364e-05
2.190723e+02	3.414870e-05
2.240513e+02	3.456820e-05
2.290302e+02	3.499220e-05
2.340091e+02	3.542072e-05
2.389880e+02	3.585381e-05
2.439669e+02	3.629150e-05
2.489458e+02	3.673384e-05
2.539248e+02	3.718087e-05
2.589037e+02	3.763262e-05
2.638826e+02	3.808914e-05
2.688615e+02	3.855046e-05
2.738404e+02	3.901663e-05
2.788193e+02	3.948769e-05
2.837983e+02	3.996367e-05
2.887772e+02	4.044463e-05
2.937561e+02	4.093060e-05
2.987350e+02	4.142161e-05
3.037139e+02	4.191773e-05
3.086928e+02	4.241898e-05
3.136718e+02	4.292540e-05
3.186507e+02	4.343705e-05
3.236296e+02	4.395397e-05
3.286085e+02	4.447619e-05
3.335874e+02	4.500376e-05
3.385663e+02	4.553672e-05
3.435453e+02	4.607512e-05
3.485242e+02	4.661900e-05
3.535031e+02	4.716840e-05
3.584820e+02	4.772338e-05
3.634609e+02	4.828396e-05
3.684398e+02	4.885021e-05
3.734188e+02	4.942215e-05
3.783977e+02	4.999984e-05
3.833766e+02	5.058333e-05
3.883555e+02	5.117265e-05
3.933344e+02	5.176785e-05
3.983133e+02	5.236899e-05
4.032923e+02	5.297609e-05
4.082712e+02	5.358922e-05
4.132501e+02	5.420842e-05
4.182290e+02	5.483372e-05
4.232079e+02	5.546519e-05
4.281868e+02	5.610287e-05
4.331658e+02	5.674679e-05
4.381447e+02	5.739702e-05
4.431236e+02	5.805360e-05
4.481025e+02	5.871657e-05
4.530814e+02	5.938599e-05
4.580603e+02	6.006190e-05
4.630393e+02	6.074434e-05
4.680182e+02	6.143338e-05
4.729971e+02	6.212905e-05
4.779760e+02	6.283140e-05
4.829549e+02	6.354049e-05
4.879338e+02	6.425636e-05
4.929128e+02	6.497906e-05
4.978917e+02	6.570864e-05
5.028706e+02	6.644516e-05
5.078495e+02	6.718865e-05
5.128284e+02	6.793917e-05
5.178073e+02	6.869677e-05
5.227863e+02	6.946150e-05
5.277652e+02	7.023340e-05
5.327441e+02	7.101254e-05
5.377230e+02	7.179896e-05
5.427019e+02	7.259271e-05
5.476808e+02	7.339384e-05
5.526598e+02	7.420240e-05
5.576387e+02	7.501844e-05
5.626176e+02	7.584202e-05
5.675965e+02	7.667319e-05
5.725754e+02	7.751199e-05
5.775543e+02	7.835848e-05
5.825333e+02	7.921271e-05
5.875122e+02	8.007473e-05
5.924911e+02	8.094460e-05
5.974700e+02	8.182236e-05
6.024489e+02	8.270807e-05
6.074278e+02	8.360177e-05
6.124068e+02	8.450354e-05
6.173857e+02	8.541340e-05
6.223646e+02	8.633143e-05
6.273435e+02	8.725766e-05
6.323224e+02	8.819215e-05
6.373013e+02	8.913497e-05
6.422803e+02	9.008615e-05
6.472592e+02	9.104575e-05
6.522381e+02	9.201382e-05
6.572170e+02	9.299043e-05
6.621959e+02	9.397561e-05
6.671748e+02	9.496943e-05
6.721538e+02	9.597193e-05
6.771327e+02	9.698318e-05
6.821116e+02	9.800322e-05
6.870905e+02	9.903211e-05
6.920694e+02	1.000699e-04
6.970483e+02	1.011166e-04
7.020273e+02	1.021724e-04
7.070062e+02	1.032372e-04
7.119851e+02	1.043111e-04
7.169640e+02	1.053942e-04
7.219429e+02	1.064866e-04
7.269218e+02	1.075882e-04
7.319008e+02	1.086991e-04
7.368797e+02	1.098194e-04
7.418586e+02	1.109492e-04
7.468375e+02	1.120885e-04
7.518164e+02	1.132373e-04
7.567953e+02	1.143957e-04
7.617743e+02	1.155637e-04
7.667532e+02	1.167415e-04
7.717321e+02	1.179290e-04
7.767110e+02	1.191264e-04
7.816899e+02	1.203336e-04
7.866688e+02	1.215508e-04
7.916478e+02	1.227779e-04
7.966267e+02	1.240151e-04
8.016056e+02	1.252623e-04
8.065845e+02	1.265197e-04
8.115634e+02	1.277873e-04
8.165423e+02	1.290651e-04
8.215213e+02	1.303533e-04
8.265002e+02	1.316518e-04
8.314791e+02	1.329607e-04
8.364580e+02	1.342800e-04
8.414369e+02	1.356099e-04
8.464158e+02	1.369504e-04
8.513948e+02	1.383015e-04
8.563737e+02	1.396632e-04
8.613526e+02	1.410357e-04
8.663315e+02	1.424190e-04
8.713104e+02	1.438131e-04
8.762893e+02	1.452181e-04
8.812683e+02	1.466340e-04
8.862472e+02	1.480610e-04
8.912261e+02	1.494989e-04
8.962050e+02	1.509480e-04
9.011839e+02	1.524082e-04
9.061628e+02	1.538797e-04
9.111418e+02	1.553624e-04
9.161207e+02	1.568564e-04
9.210996e+02	1.583617e-04
9.260785e+02	1.598785e-04
9.310574e+02	1.614067e-04
9.360363e+02	1.629465e-04
9.410153e+02	1.644978e-04
9.459942e+02	1.660607e-04
9.509731e+02	1.676353e-04
9.559520e+02	1.692216e-04
9.609309e+02	1.708197e-04
9.659098e+02	1.724295e-04
9.708888e+02	1.740513e-04
9.758677e+02	1.756850e-04
9.808466e+02	1.773306e-04
9.858255e+02	1.789883e-04
9.908044e+02	1.806580e-04
9.957833e+02	1.823398e-04
1.000762e+03	1.840338e-04
1.005741e+03	1.857400e-04
1.010720e+03	1.874585e-04
1.015699e+03	1.891893e-04
1.020678e+03	1.909324e-04
1.025657e+03	1.926879e-04
1.030636e+03	1.944559e-04
1.035615e+03	1.962364e-04
1.040594e+03	1.980294e-04
1.045573e+03	1.998350e-04
1.050551e+03	2.016532e-04
1.055530e+03	2.034841e-04
1.060509e+03	2.053278e-04
1.065488e+03	2.071842e-04
1.070467e+03	2.090534e-04
1.075446e+03	2.109355e-04
1.080425e+03	2.128305e-04
1.085404e+03	2.147384e-04
1.090383e+03	2.166593e-04
1.095362e+03	2.185933e-04
1.100341e+03	2.205403e-04
1.105320e+03	2.225005e-04
1.110298e+03	2.244738e-04
1.115277e+03	2.264603e-04
1.120256e+03	2.284600e-04
1.125235e+03	2.304730e-04
1.130214e+03	2.324994e-04
1.135193e+03	2.345391e-04
1.140172e+03	2.365922e-04
1.145151e+03	2.386588e-04
1.150130e+03	2.407388e-04
1.155109e+03	2.428324e-04
1.160088e+03	2.449395e-04
1.165067e+03	2.470602e-04
1.170045e+03	2.491945e-04
1.175024e+03	2.513425e-04
1.180003e+03	2.535042e-04
1.184982e+03	2.556796e-04
1.189961e+03	2.578688e-04
1.194940e+03	2.600718e-04
1.199919e+03	2.622886e-04
1.204898e+03	2.645194e-04
1.209877e+03	2.667640e-04
1.214856e+03	2.690226e-04
1.219835e+03	2.712951e-04
1.224814e+03	2.735816e-04
1.229792e+03	2.758822e-04
1.234771e+03	2.781968e-04
1.239750e+03	2.805256e-04
1.244729e+03	2.828684e-04
1.249708e+03	2.852254e-04
1.254687e+03	2.875966e-04
1.259666e+03	2.899819e-04
1.264645e+03	2.923816e-04
1.269624e+03	2.947954e-04
1.274603e+03	2.972236e-04
1.279582e+03	2.996660e-04
1.284561e+03	3.021228e-04
1.289539e+03	3.045940e-04
1.294518e+03	3.070795e-04
1.299497e+03	3.095795e-04
1.304476e+03	3.120938e-04
1.309455e+03	3.146227e-04
1.314434e+03	3.171659e-04
1.319413e+03	3.197237e-04
1.324392e+03	3.222960e-04
1.329371e+03	3.248828e-04
1.334350e+03	3.274841e-04
1.339329e+03	3.301000e-04
1.344308e+03	3.327305e-04
1.349286e+03	3.353756e-04
1.354265e+03	3.380353e-04
1.359244e+03	3.407096e-04
1.364223e+03	3.433985e-04
1.369202e+03	3.461021e-04
1.374181e+03	3.488203e-04
1.379160e+03	3.515533e-04
1.384139e+03	3.543009e-04
1.389118e+03	3.570632e-04
1.394097e+03	3.598402e-04
1.399076e+03	3.626319e-04
1.404055e+03	3.654383e-04
1.409033e+03	3.682595e-04
1.414012e+03	3.710954e-04
1.418991e+03	3.739460e-04
1.423970e+03	3.768114e-04
1.428949e+03	3.796915e-04
1.433928e+03	3.825864e-04
1.438907e+03	3.854960e-04
1.443886e+03	3.884203e-04
1.448865e+03	3.913595e-04
1.453844e+03	3.943133e-04
1.458823e+03	3.972820e-04
1.463802e+03	4.002653e-04
1.468780e+03	4.032634e-04
1.473759e+03	4.062763e-04
1.478738e+03	4.093039e-04
1.483717e+03	4.123462e-04
1.488696e+03	4.154033e-04
1.493675e+03	4.184751e-04
1.498654e+03	4.215615e-04
1.503633e+03	4.246627e-04
1.508612e+03	4.277786e-04
1.513591e+03	4.309091e-04
1.518570e+03	4.340544e-04
1.523549e+03	4.372142e-04
1.528527e+03	4.403887e-04
1.533506e+03	4.435779e-04
1.538485e+03	4.467816e-04
1.543464e+03	4.500000e-04
1.548443e+03	4.532329e-04
1.553422e+03	4.564804e-04
1.558401e+03	4.597424e-04
1.563380e+03	4.630189e-04
1.568359e+03	4.663099e-04
1.573338e+03	4.696154e-04
1.578317e+03	4.729354e-04
1.583296e+03	4.762698e-04
1.588274e+03	4.796185e-04
1.593253e+03	4.829817e-04
1.598232e+03	4.863592e-04
1.603211e+03	4.897510e-04
1.608190e+03	4.931571e-04
1.613169e+03	4.965775e-04
1.618148e+03	5.000121e-04
1.623127e+03	5.034609e-04
1.628106e+03	5.069238e-04
1.633085e+03	5.104009e-04
1.638064e+03	5.138921e-04
1.643043e+03	5.173973e-04
1.648021e+03	5.209165e-04
1.653000e+03	5.244497e-04
1.657979e+03	5.279969e-04
1.662958e+03	5.315580e-04
1.667937e+03	5.351329e-04
1.672916e+03	5.387216e-04
1.677895e+03	5.423241e-04
1.682874e+03	5.459403e-04
1.687853e+03	5.495702e-04
1.692832e+03	5.532137e-04
1.697811e+03	5.568708e-04
1.702790e+03	5.605414e-04
1.707768e+03	5.642255e-04
1.712747e+03	5.679231e-04
1.717726e+03	5.716340e-04
1.722705e+03	5.753582e-04
1.727684e+03	5.790957e-04
1.732663e+03	5.828464e-04
1.737642e+03	5.866103e-04
1.742621e+03	5.903873e-04
1.747600e+03	5.941773e-04
1.752579e+03	5.979802e-04
1.757558e+03	6.017961e-04
1.762537e+03	6.056248e-04
1.767515e+03	6.094664e-04
1.772494e+03	6.133206e-04
1.777473e+03	6.171875e-04
1.782452e+03	6.210670e-04
1.787431e+03	6.249590e-04
1.792410e+03	6.288634e-04
1.797389e+03	6.327802e-04
1.802368e+03	6.367094e-04
1.807347e+03	6.406507e-04
1.812326e+03	6.446042e-04
1.817305e+03	6.485698e-04
1.822284e+03	6.525474e-04
1.827262e+03	6.565370e-04
1.832241e+03	6.605383e-04
1.837220e+03	6.645515e-04
1.842199e+03	6.685763e-04
1.847178e+03	6.726127e-04
1.852157e+03	6.766607e-04
1.857136e+03	6.807201e-04
1.862115e+03	6.847908e-04
1.867094e+03	6.888728e-04
1.872073e+03	6.929660e-04
1.877052e+03	6.970702e-04
1.882031e+03	7.011854e-04
1.887009e+03	7.053116e-04
1.891988e+03	7.094485e-04
1.896967e+03	7.135962e-04
1.901946e+03	7.177545e-04
1.906925e+03	7.219233e-04
1.911904e+03	7.261025e-04
1.916883e+03	7.302921e-04
1.921862e+03	7.344919e-04
1.926841e+03	7.387018e-04
1.931820e+03	7.429217e-04
1.936799e+03	7.471516e-04
1.941778e+03	7.513912e-04
1.946756e+03	7.556406e-04
1.951735e+03	7.598996e-04
1.956714e+03	7.641680e-04
1.961693e+03	7.684459e-04
1.966672e+03	7.727330e-04
1.971651e+03	7.770293e-04
1.976630e+03	7.813346e-04
1.981609e+03	7.856489e-04
1.986588e+03	7.899720e-04
1.991567e+03	7.943038e-04
1.996546e+03	7.986442e-04
2.001525e+03	8.029930e-04
2.006503e+03	8.073502e-04
2.011482e+03	8.117157e-04
2.016461e+03	8.160892e-04
2.021440e+03	8.204707e-04
2.026419e+03	8.248601e-04
2.031398e+03	8.292572e-04
2.036377e+03	8.336619e-04
2.041356e+03	8.380741e-04
2.046335e+03	8.424937e-04
2.051314e+03	8.469205e-04
2.056293e+03	8.513544e-04
2.061272e+03	8.557952e-04
2.066250e+03	8.602429e-04
2.071229e+03	8.646972e-04
2.076208e+03	8.691581e-04
2.081187e+03	8.736255e-04
2.086166e+03	8.780991e-04
2.091145e+03	8.825789e-04
2.096124e+03	8.870647e-04
2.101103e+03	8.915563e-04
2.106082e+03	8.960537e-04
2.111061e+03	9.005567e-04
2.116040e+03	9.050651e-04
2.121019e+03	9.095788e-04
2.125997e+03	9.140977e-04
2.130976e+03	9.186215e-04
2.135955e+03	9.231502e-04
2.140934e+03	9.276837e-04
2.145913e+03	9.322217e-04
2.150892e+03	9.367641e-04
2.155871e+03	9.413107e-04
2.160850e+03	9.458615e-04
2.165829e+03	9.504162e-04
2.170808e+03	9.549747e-04
2.175787e+03	9.595369e-04
2.180766e+03	9.641025e-04
2.185744e+03	9.686715e-04
2.190723e+03	9.732437e-04
2.195702e+03	9.778188e-04
2.200681e+03	9.823968e-04
2.205660e+03	9.869775e-04
2.210639e+03	9.915608e-04
2.215618e+03	9.961464e-04
2.220597e+03	1.000734e-03
2.225576e+03	1.005324e-03
2.230555e+03	1.009916e-03
2.235534e+03	1.014509e-03
2.240513e+03	1.019104e-03
2.245491e+03	1.023700e-03
2.250470e+03	1.028298e-03
2.255449e+03	1.032897e-03
2.260428e+03	1.037496e-03
2.265407e+03	1.042096e-03
2.270386e+03	1.046697e-03
2.275365e+03	1.051298e-03
2.280344e+03	1.055899e-03
2.285323e+03	1.060500e-03
2.290302e+03	1.065101e-03
2.295281e+03	1.069702e-03
2.300260e+03	1.074302e-03
2.305238e+03	1.078901e-03
2.310217e+03	1.083500e-03
2.315196e+03	1.088097e-03
2.320175e+03	1.092693e-03
2.325154e+03	1.097288e-03
2.330133e+03	1.101881e-03
2.335112e+03	1.106473e-03
2.340091e+03	1.111062e-03
2.345070e+03	1.115649e-03
2.350049e+03	1.120234e-03
2.355028e+03	1.124817e-03
2.360007e+03	1.129397e-03
2.364985e+03	1.133973e-03
2.369964e+03	1.138547e-03
2.374943e+03	1.143118e-03
2.379922e+03	1.147685e-03
2.384901e+03	1.152248e-03
2.389880e+03	1.156808e-03
2.394859e+03	1.161363e-03
2.399838e+03	1.165915e-03
2.404817e+03	1.170462e-03
2.409796e+03	1.175004e-03
2.414775e+03	1.179542e-03
2.419754e+03	1.184074e-03
2.424732e+03	1.188602e-03
2.429711e+03	1.193124e-03
2.434690e+03	1.197641e-03
2.439669e+03	1.202152e-03
2.444648e+03	1.206657e-03
2.449627e+03	1.211156e-03
2.454606e+03	1.215648e-03
2.459585e+03	1.220134e-03
2.464564e+03	1.224614e-03
2.469543e+03	1.229086e-03
2.474522e+03	1.233552e-03
2.479501e+03	1.238010e-03
2.484479e+03	1.242460e-03
2.489458e+03	1.246903e-03
2.494437e+03	1.251338e-03
2.499416e+03	1.255765e-03
2.504395e+03	1.260184e-03
2.509374e+03	1.264594e-03
2.514353e+03	1.268996e-03
2.519332e+03	1.273388e-03
2.524311e+03	1.277772e-03
2.529290e+03	1.282147e-03
2.534269e+03	1.286511e-03
2.539248e+03	1.290867e-03
2.544226e+03	1.295212e-03
2.549205e+03	1.299548e-03
2.554184e+03	1.303873e-03
2.559163e+03	1.308187e-03
2.564142e+03	1.312492e-03
2.569121e+03	1.316785e-03
2.574100e+03	1.321067e-03
2.579079e+03	1.325338e-03
2.584058e+03	1.329597e-03
2.589037e+03	1.333845e-03
2.594016e+03	1.338081e-03
2.598995e+03	1.342305e-03
2.603973e+03	1.346517e-03
2.608952e+03	1.350716e-03
2.613931e+03	1.354903e-03
2.618910e+03	1.359077e-03
2.623889e+03	1.363237e-03
2.628868e+03	1.367385e-03
2.633847e+03	1.371519e-03
2.638826e+03	1.375640e-03
2.643805e+03	1.379746e-03
2.648784e+03	1.383839e-03
2.653763e+03	1.387918e-03
2.658742e+03	1.391982e-03
2.663720e+03	1.396031e-03
2.668699e+03	1.400066e-03
2.673678e+03	1.404085e-03
2.678657e+03	1.408090e-03
2.683636e+03	1.412079e-03
2.688615e+03	1.416052e-03
2.693594e+03	1.420010e-03
2.698573e+03	1.423952e-03
2.703552e+03	1.427877e-03
2.708531e+03	1.431786e-03
2.713510e+03	1.435679e-03
2.718489e+03	1.439555e-03
2.723467e+03	1.443414e-03
2.728446e+03	1.447255e-03
2.733425e+03	1.451080e-03
2.738404e+03	1.454887e-03
2.743383e+03	1.458676e-03
2.748362e+03	1.462447e-03
2.753341e+03	1.466200e-03
2.758320e+03	1.469935e-03
2.763299e+03	1.473652e-03
2.768278e+03	1.477349e-03
2.773257e+03	1.481028e-03
2.778236e+03	1.484688e-03
2.783214e+03	1.488329e-03
2.788193e+03	1.491950e-03
2.793172e+03	1.495552e-03
2.798151e+03	1.499134e-03
2.803130e+03	1.502696e-03
2.808109e+03	1.506237e-03
2.813088e+03	1.509759e-03
2.818067e+03	1.513260e-03
2.823046e+03	1.516740e-03
2.828025e+03	1.520200e-03
2.833004e+03	1.523638e-03
2.837983e+03	1.527055e-03
2.842961e+03	1.530451e-03
2.847940e+03	1.533825e-03
2.852919e+03	1.537178e-03
2.857898e+03	1.540508e-03
2.862877e+03	1.543817e-03
2.867856e+03	1.547103e-03
2.872835e+03	1.550366e-03
2.877814e+03	1.553607e-03
2.882793e+03	1.556826e-03
2.887772e+03	1.560021e-03
2.892751e+03	1.563193e-03
2.897730e+03	1.566342e-03
2.902708e+03	1.569468e-03
2.907687e+03	1.572569e-03
2.912666e+03	1.575648e-03
2.917645e+03	1.578702e-03
2.922624e+03	1.581732e-03
2.927603e+03	1.584737e-03
2.932582e+03	1.587718e-03
2.937561e+03	1.590675e-03
2.942540e+03	1.593607e-03
2.947519e+03	1.596514e-03
2.952498e+03	1.599396e-03
2.957477e+03	1.602253e-03
2.962455e+03	1.605084e-03
2.967434e+03	1.607890e-03
2.972413e+03	1.610670e-03
2.977392e+03	1.613424e-03
2.982371e+03	1.616152e-03
2.987350e+03	1.618854e-03
2.992329e+03	1.621530e-03
2.997308e+03	1.624180e-03
3.002287e+03	1.626803e-03
3.007266e+03	1.629399e-03
3.012245e+03	1.631968e-03
3.017224e+03	1.634511e-03
3.022202e+03	1.637026e-03
3.027181e+03	1.639514e-03
3.032160e+03	1.641974e-03
3.037139e+03	1.644407e-03
3.042118e+03	1.646813e-03
3.047097e+03	1.649190e-03
3.052076e+03	1.651540e-03
3.057055e+03	1.653861e-03
3.062034e+03	1.656155e-03
3.067013e+03	1.658420e-03
3.071992e+03	1.660657e-03
3.076971e+03	1.662865e-03
3.081949e+03	1.665044e-03
3.086928e+03	1.667195e-03
3.091907e+03	1.669316e-03
3.096886e+03	1.671409e-03
3.101865e+03	1.673472e-03
3.106844e+03	1.675507e-03
3.111823e+03	1.677511e-03
3.116802e+03	1.679487e-03
3.121781e+03	1.681432e-03
3.126760e+03	1.683348e-03
3.131739e+03	1.685235e-03
3.136718e+03	1.687091e-03
3.141696e+03	1.688917e-03
3.146675e+03	1.690713e-03
3.151654e+03	1.692479e-03
3.156633e+03	1.694215e-03
3.161612e+03	1.695920e-03
3.166591e+03	1.697594e-03
3.171570e+03	1.699238e-03
3.176549e+03	1.700852e-03
3.181528e+03	1.702434e-03
3.186507e+03	1.703986e-03
3.191486e+03	1.705506e-03
3.196465e+03	1.706996e-03
3.201443e+03	1.708454e-03
3.206422e+03	1.709882e-03
3.211401e+03	1.711278e-03
3.216380e+03	1.712642e-03
3.221359e+03	1.713975e-03
3.226338e+03	1.715277e-03
3.231317e+03	1.716546e-03
3.236296e+03	1.717785e-03
3.241275e+03	1.718991e-03
3.246254e+03	1.720166e-03
3.251233e+03	1.721309e-03
3.256212e+03	1.722419e-03
3.261190e+03	1.723498e-03
3.266169e+03	1.724545e-03
3.271148e+03	1.725560e-03
3.276127e+03	1.726542e-03
3.281106e+03	1.727492e-03
3.286085e+03	1.728410e-03
3.291064e+03	1.729296e-03
3.296043e+03	1.730149e-03
3.301022e+03	1.730969e-03
3.306001e+03	1.731758e-03
3.310980e+03	1.732513e-03
3.315959e+03	1.733236e-03
3.320937e+03	1.733927e-03
3.325916e+03	1.734584e-03
3.330895e+03	1.735209e-03
3.335874e+03	1.735802e-03
3.340853e+03	1.736361e-03
3.345832e+03	1.736888e-03
3.350811e+03	1.737382e-03
3.355790e+03	1.737843e-03
3.360769e+03	1.738271e-03
3.365748e+03	1.738666e-03
3.370727e+03	1.739029e-03
3.375706e+03	1.739358e-03
3.380684e+03	1.739655e-03
3.385663e+03	1.739918e-03
3.390642e+03	1.740148e-03
3.395621e+03	1.740346e-03
3.400600e+03	1.740510e-03
3.405579e+03	1.740641e-03
3.410558e+03	1.740740e-03
3.415537e+03	1.740805e-03
3.420516e+03	1.740837e-03
3.425495e+03	1.740836e-03
3.430474e+03	1.740802e-03
3.435453e+03	1.740735e-03
3.440431e+03	1.740635e-03
3.445410e+03	1.740502e-03
3.450389e+03	1.740336e-03
3.455368e+03	1.740137e-03
3.460347e+03	1.739904e-03
3.465326e+03	1.739639e-03
3.470305e+03	1.739341e-03
3.475284e+03	1.739010e-03
3.480263e+03	1.738646e-03
3.485242e+03	1.738249e-03
3.490221e+03	1.737819e-03
3.495200e+03	1.737356e-03
3.500178e+03	1.736860e-03
3.505157e+03	1.736332e-03
3.510136e+03	1.735770e-03
3.515115e+03	1.735176e-03
3.520094e+03	1.734549e-03
3.525073e+03	1.733890e-03
3.530052e+03	1.733198e-03
3.535031e+03	1.732473e-03
3.540010e+03	1.731715e-03
3.544989e+03	1.730925e-03
3.549968e+03	1.730103e-03
3.554947e+03	1.729248e-03
3.559925e+03	1.728361e-03
3.564904e+03	1.727441e-03
3.569883e+03	1.726489e-03
3.574862e+03	1.725505e-03
3.579841e+03	1.724489e-03
3.584820e+03	1.723440e-03
3.589799e+03	1.722360e-03
3.594778e+03	1.721247e-03
3.599757e+03	1.720103e-03
3.604736e+03	1.718926e-03
3.609715e+03	1.717718e-03
3.614694e+03	1.716478e-03
3.619672e+03	1.715206e-03
3.624651e+03	1.713903e-03
3.629630e+03	1.712568e-03
3.634609e+03	1.711202e-03
3.639588e+03	1.709805e-03
3.644567e+03	1.708376e-03
3.649546e+03	1.706915e-03
3.654525e+03	1.705424e-03
3.659504e+03	1.703902e-03
3.664483e+03	1.702349e-03
3.669462e+03	1.700764e-03
3.674441e+03	1.699149e-03
3.679419e+03	1.697504e-03
3.684398e+03	1.695828e-03
3.689377e+03	1.694121e-03
3.694356e+03	1.692384e-03
3.699335e+03	1.690616e-03
3.704314e+03	1.688818e-03
3.709293e+03	1.686990e-03
3.714272e+03	1.685132e-03
3.719251e+03	1.683245e-03
3.724230e+03	1.681327e-03
3.729209e+03	1.679380e-03
3.734188e+03	1.677403e-03
3.739166e+03	1.675396e-03
3.744145e+03	1.673361e-03
3.749124e+03	1.671295e-03
3.754103e+03	1.669201e-03
3.759082e+03	1.667078e-03
3.764061e+03	1.664926e-03
3.769040e+03	1.662745e-03
3.774019e+03	1.660535e-03
3.778998e+03	1.658297e-03
3.783977e+03	1.656030e-03
3.788956e+03	1.653735e-03
3.793935e+03	1.651412e-03
3.798913e+03	1.649061e-03
3.803892e+03	1.646682e-03
3.808871e+03	1.644275e-03
3.813850e+03	1.641841e-03
3.818829e+03	1.639379e-03
3.823808e+03	1.636889e-03
3.828787e+03	1.634372e-03
3.833766e+03	1.631829e-03
3.838745e+03	1.629258e-03
3.843724e+03	1.626660e-03
3.848703e+03	1.624036e-03
3.853682e+03	1.621385e-03
3.858660e+03	1.618708e-03
3.863639e+03	1.616004e-03
3.868618e+03	1.613274e-03
3.873597e+03	1.610519e-03
3.878576e+03	1.607737e-03
3.883555e+03	1.604930e-03
3.888534e+03	1.602097e-03
3.893513e+03	1.599239e-03
3.898492e+03	1.596356e-03
3.903471e+03	1.593448e-03
3.908450e+03	1.590514e-03
3.913429e+03	1.587556e-03
3.918407e+03	1.584574e-03
3.923386e+03	1.581567e-03
3.928365e+03	1.578535e-03
3.933344e+03	1.575480e-03
3.938323e+03	1.572401e-03
3.943302e+03	1.569298e-03
3.948281e+03	1.566171e-03
3.953260e+03	1.563021e-03
3.958239e+03	1.559847e-03
3.963218e+03	1.556651e-03
3.968197e+03	1.553431e-03
3.973176e+03	1.550189e-03
3.978154e+03	1.546924e-03
3.983133e+03	1.543637e-03
3.988112e+03	1.540327e-03
3.993091e+03	1.536995e-03
3.998070e+03	1.533642e-03
4.003049e+03	1.530266e-03
4.008028e+03	1.526869e-03
4.013007e+03	1.523451e-03
4.017986e+03	1.520011e-03
4.022965e+03	1.516551e-03
4.027944e+03	1.513069e-03
4.032923e+03	1.509567e-03
4.037901e+03	1.506045e-03
4.042880e+03	1.502502e-03
4.047859e+03	1.498939e-03
4.052838e+03	1.495356e-03
4.057817e+03	1.491753e-03
4.062796e+03	1.488131e-03
4.067775e+03	1.484489e-03
4.072754e+03	1.480828e-03
4.077733e+03	1.477148e-03
4.082712e+03	1.473449e-03
4.087691e+03	1.469732e-03
4.092670e+03	1.465996e-03
4.097648e+03	1.462242e-03
4.102627e+03	1.458469e-03
4.107606e+03	1.454679e-03
4.112585e+03	1.450871e-03
4.117564e+03	1.447046e-03
4.122543e+03	1.443203e-03
4.127522e+03	1.439343e-03
4.132501e+03	1.435467e-03
4.137480e+03	1.431573e-03
4.142459e+03	1.427663e-03
4.147438e+03	1.423737e-03
4.152417e+03	1.419794e-03
4.157395e+03	1.415836e-03
4.162374e+03	1.411861e-03
4.167353e+03	1.407872e-03
4.172332e+03	1.403866e-03
4.177311e+03	1.399846e-03
4.182290e+03	1.395810e-03
4.187269e+03	1.391760e-03
4.192248e+03	1.387695e-03
4.197227e+03	1.383616e-03
4.202206e+03	1.379523e-03
4.207185e+03	1.375415e-03
4.212164e+03	1.371294e-03
4.217142e+03	1.367159e-03
4.222121e+03	1.363011e-03
4.227100e+03	1.358849e-03
4.232079e+03	1.354675e-03
4.237058e+03	1.350487e-03
4.242037e+03	1.346287e-03
4.247016e+03	1.342075e-03
4.251995e+03	1.337850e-03
4.256974e+03	1.333614e-03
4.261953e+03	1.329365e-03
4.266932e+03	1.325105e-03
4.271911e+03	1.320833e-03
4.276889e+03	1.316551e-03
4.281868e+03	1.312257e-03
4.286847e+03	1.307952e-03
4.291826e+03	1.303637e-03
4.296805e+03	1.299311e-03
4.301784e+03	1.294975e-03
4.306763e+03	1.290629e-03
4.311742e+03	1.286273e-03
4.316721e+03	1.281908e-03
4.321700e+03	1.277533e-03
4.326679e+03	1.273149e-03
4.331658e+03	1.268756e-03
4.336636e+03	1.264354e-03
4.341615e+03	1.259943e-03
4.346594e+03	1.255524e-03
4.351573e+03	1.251096e-03
4.356552e+03	1.246661e-03
4.361531e+03	1.242217e-03
4.366510e+03	1.237766e-03
4.371489e+03	1.233308e-03
4.376468e+03	1.228842e-03
4.381447e+03	1.224369e-03
4.386426e+03	1.219890e-03
4.391405e+03	1.215403e-03
4.396383e+03	1.210910e-03
4.401362e+03	1.206411e-03
4.406341e+03	1.201906e-03
4.411320e+03	1.197394e-03
4.416299e+03	1.192877e-03
4.421278e+03	1.188355e-03
4.426257e+03	1.183827e-03
4.431236e+03	1.179294e-03
4.436215e+03	1.174756e-03
4.441194e+03	1.170214e-03
4.446173e+03	1.165666e-03
4.451152e+03	1.161115e-03
4.456130e+03	1.156559e-03
4.461109e+03	1.151999e-03
4.466088e+03	1.147435e-03
4.471067e+03	1.142868e-03
4.476046e+03	1.138298e-03
4.481025e+03	1.133724e-03
4.486004e+03	1.129147e-03
4.490983e+03	1.124567e-03
4.495962e+03	1.119984e-03
4.500941e+03	1.115399e-03
4.505920e+03	1.110812e-03
4.510899e+03	1.106222e-03
4.515877e+03	1.101631e-03
4.520856e+03	1.097037e-03
4.525835e+03	1.092442e-03
4.530814e+03	1.087846e-03
4.535793e+03	1.083249e-03
4.540772e+03	1.078650e-03
4.545751e+03	1.074051e-03
4.550730e+03	1.069451e-03
4.555709e+03	1.064850e-03
4.560688e+03	1.060249e-03
4.565667e+03	1.055648e-03
4.570646e+03	1.051047e-03
4.575624e+03	1.046446e-03
4.580603e+03	1.041845e-03
4.585582e+03	1.037245e-03
4.590561e+03	1.032645e-03
4.595540e+03	1.028047e-03
4.600519e+03	1.023449e-03
4.605498e+03	1.018853e-03
4.610477e+03	1.014258e-03
4.615456e+03	1.009665e-03
4.620435e+03	1.005073e-03
4.625414e+03	1.000484e-03
4.630393e+03	9.958960e-04
4.635371e+03	9.913105e-04
4.640350e+03	9.867274e-04
4.645329e+03	9.821468e-04
4.650308e+03	9.775690e-04
4.655287e+03	9.729940e-04
4.660266e+03	9.684220e-04
4.665245e+03	9.638532e-04
4.670224e+03	9.592878e-04
4.675203e+03	9.547258e-04
4.680182e+03	9.501675e-04
4.685161e+03	9.456130e-04
4.690140e+03	9.410624e-04
4.695118e+03	9.365160e-04
4.700097e+03	9.319738e-04
4.705076e+03	9.274361e-04
4.710055e+03	9.229029e-04
4.715034e+03	9.183744e-04
4.720013e+03	9.138508e-04
4.724992e+03	9.093322e-04
4.729971e+03	9.048188e-04
4.734950e+03	9.003107e-04
4.739929e+03	8.958080e-04
4.744908e+03	8.913110e-04
4.749887e+03	8.868196e-04
4.754865e+03	8.823342e-04
4.759844e+03	8.778547e-04
4.764823e+03	8.733814e-04
4.769802e+03	8.689144e-04
4.774781e+03	8.644539e-04
4.779760e+03	8.599999e-04
4.784739e+03	8.555526e-04
4.789718e+03	8.511121e-04
4.794697e+03	8.466786e-04
4.799676e+03	8.422522e-04
4.804655e+03	8.378331e-04
4.809634e+03	8.334213e-04
4.814612e+03	8.290170e-04
4.819591e+03	8.246203e-04
4.824570e+03	8.202313e-04
4.829549e+03	8.158502e-04
4.834528e+03	8.114771e-04
4.839507e+03	8.071121e-04
4.844486e+03	8.027554e-04
4.849465e+03	7.984070e-04
4.854444e+03	7.940671e-04
4.859423e+03	7.897358e-04
4.864402e+03	7.854132e-04
4.869381e+03	7.810994e-04
4.874359e+03	7.767945e-04
4.879338e+03	7.724987e-04
4.884317e+03	7.682121e-04
4.889296e+03	7.639348e-04
4.894275e+03	7.596668e-04
4.899254e+03	7.554084e-04
4.904233e+03	7.511595e-04
4.909212e+03	7.469204e-04
4.914191e+03	7.426911e-04
4.919170e+03	7.384717e-04
4.924149e+03	7.342624e-04
4.929128e+03	7.300631e-04
4.934106e+03	7.258741e-04
4.939085e+03	7.216955e-04
4.944064e+03	7.175272e-04
4.949043e+03	7.133695e-04
4.954022e+03	7.092224e-04
4.959001e+03	7.050861e-04
4.963980e+03	7.009605e-04
4.968959e+03	6.968459e-04
4.973938e+03	6.927422e-04
4.978917e+03	6.886497e-04
4.983896e+03	6.845683e-04
4.988875e+03	6.804982e-04
4.993853e+03	6.764394e-04
4.998832e+03	6.723921e-04
5.003811e+03	6.683563e-04
5.008790e+03	6.643321e-04
5.013769e+03	6.603196e-04
5.018748e+03	6.563189e-04
5.023727e+03	6.523300e-04
5.028706e+03	6.483530e-04
5.033685e+03	6.443881e-04
5.038664e+03	6.404352e-04
5.043643e+03	6.364945e-04
5.048622e+03	6.325661e-04
5.053600e+03	6.286499e-04
5.058579e+03	6.247462e-04
5.063558e+03	6.208549e-04
5.068537e+03	6.169761e-04
5.073516e+03	6.131099e-04
5.078495e+03	6.092563e-04
5.083474e+03	6.054155e-04
5.088453e+03	6.015875e-04
5.093432e+03	5.977723e-04
5.098411e+03	5.939700e-04
5.103390e+03	5.901807e-04
5.108369e+03	5.864045e-04
5.113347e+03	5.826413e-04
5.118326e+03	5.788913e-04
5.123305e+03	5.751546e-04
5.128284e+03	5.714311e-04
5.133263e+03	5.677209e-04
5.138242e+03	5.640241e-04
5.143221e+03	5.603407e-04
5.148200e+03	5.566708e-04
5.153179e+03	5.530144e-04
5.158158e+03	5.493717e-04
5.163137e+03	5.457425e-04
5.168116e+03	5.421271e-04
5.173094e+03	5.385253e-04
5.178073e+03	5.349373e-04
5.183052e+03	5.313632e-04
5.188031e+03	5.278029e-04
5.193010e+03	5.242565e-04
5.197989e+03	5.207240e-04
5.202968e+03	5.172056e-04
5.207947e+03	5.137011e-04
5.212926e+03	5.102107e-04
5.217905e+03	5.067344e-04
5.222884e+03	5.032722e-04
5.227863e+03	4.998242e-04
5.232841e+03	4.963904e-04
5.237820e+03	4.929708e-04
5.242799e+03	4.895655e-04
5.247778e+03	4.861744e-04
5.252757e+03	4.827977e-04
5.257736e+03	4.794354e-04
5.262715e+03	4.760874e-04
5.267694e+03	4.727538e-04
5.272673e+03	4.694346e-04
5.277652e+03	4.661299e-04
5.282631e+03	4.628397e-04
5.287610e+03	4.595639e-04
5.292588e+03	4.563027e-04
5.297567e+03	4.530560e-04
5.302546e+03	4.498239e-04
5.307525e+03	4.466063e-04
5.312504e+03	4.434034e-04
5.317483e+03	4.402151e-04
5.322462e+03	4.370413e-04
5.327441e+03	4.338823e-04
5.332420e+03	4.307379e-04
5.337399e+03	4.276081e-04
5.342378e+03	4.244930e-04
5.347357e+03	4.213927e-04
5.352335e+03	4.183070e-04
5.357314e+03	4.152360e-04
5.362293e+03	4.121798e-04
5.367272e+03	4.091382e-04
5.372251e+03	4.061115e-04
5.377230e+03	4.030994e-04
5.382209e+03	4.001021e-04
5.387188e+03	3.971195e-04
5.392167e+03	3.941517e-04
5.397146e+03	3.911986e-04
5.402125e+03	3.882603e-04
5.407104e+03	3.853368e-04
5.412082e+03	3.824279e-04
5.417061e+03	3.795339e-04
5.422040e+03	3.766546e-04
5.427019e+03	3.737900e-04
5.431998e+03	3.709402e-04
5.436977e+03	3.681051e-04
5.441956e+03	3.652847e-04
5.446935e+03	3.624791e-04
5.451914e+03	3.596882e-04
5.456893e+03	3.569120e-04
5.461872e+03	3.541505e-04
5.466851e+03	3.514037e-04
5.471829e+03	3.486716e-04
5.476808e+03	3.459541e-04
5.481787e+03	3.432513e-04
5.486766e+03	3.405632e-04
5.491745e+03	3.378897e-04
5.496724e+03	3.352308e-04
5.501703e+03	3.325865e-04
5.506682e+03	3.299568e-04
5.511661e+03	3.273417e-04
5.516640e+03	3.247412e-04
5.521619e+03	3.221552e-04
5.526598e+03	3.195837e-04
5.531576e+03	3.170267e-04
5.536555e+03	3.144842e-04
5.541534e+03	3.119562e-04
5.546513e+03	3.094426e-04
5.551492e+03	3.069435e-04
5.556471e+03	3.044587e-04
5.561450e+03	3.019884e-04
5.566429e+03	2.995323e-04
5.571408e+03	2.970907e-04
5.576387e+03	2.946633e-04
5.581366e+03	2.922502e-04
5.586345e+03	2.898514e-04
5.591323e+03	2.874668e-04
5.596302e+03	2.850964e-04
5.601281e+03	2.827401e-04
5.606260e+03	2.803981e-04
5.611239e+03	2.780701e-04
5.616218e+03	2.757562e-04
5.621197e+03	2.734564e-04
5.626176e+03	2.711707e-04
5.631155e+03	2.688989e-04
5.636134e+03	2.666411e-04
5.641113e+03	2.643972e-04
5.646092e+03	2.621673e-04
5.651070e+03	2.599512e-04
5.656049e+03	2.577489e-04
5.661028e+03	2.555605e-04
5.666007e+03	2.533858e-04
5.670986e+03	2.512249e-04
5.675965e+03	2.490776e-04
5.680944e+03	2.469440e-04
5.685923e+03	2.448241e-04
5.690902e+03	2.427177e-04
5.695881e+03	2.406249e-04
5.700860e+03	2.385456e-04
5.705839e+03	2.364798e-04
5.710817e+03	2.344274e-04
5.715796e+03	2.323884e-04
5.720775e+03	2.303628e-04
5.725754e+03	2.283505e-04
5.730733e+03	2.263515e-04
5.735712e+03	2.243657e-04
5.740691e+03	2.223931e-04
5.745670e+03	2.204337e-04
5.750649e+03	2.184874e-04
5.755628e+03	2.165541e-04
5.760607e+03	2.146339e-04
5.765586e+03	2.127267e-04
5.770564e+03	2.108324e-04
5.775543e+03	2.089510e-04
5.780522e+03	2.070825e-04
5.785501e+03	2.052268e-04
5.790480e+03	2.033839e-04
5.795459e+03	2.015536e-04
5.800438e+03	1.997361e-04
5.805417e+03	1.979312e-04
5.810396e+03	1.961388e-04
5.815375e+03	1.943591e-04
5.820354e+03	1.925918e-04
5.825333e+03	1.908369e-04
5.830311e+03	1.890945e-04
5.835290e+03	1.873644e-04
5.840269e+03	1.856466e-04
5.845248e+03	1.839410e-04
5.850227e+03	1.822477e-04
5.855206e+03	1.805665e-04
5.860185e+03	1.788975e-04
5.865164e+03	1.772405e-04
5.870143e+03	1.755955e-04
5.875122e+03	1.739625e-04
5.880101e+03	1.723413e-04
5.885080e+03	1.707321e-04
5.890058e+03	1.691347e-04
5.895037e+03	1.675490e-04
5.900016e+03	1.659751e-04
5.904995e+03	1.644128e-04
5.909974e+03	1.628621e-04
5.914953e+03	1.613230e-04
5.919932e+03	1.597954e-04
5.924911e+03	1.582792e-04
5.929890e+03	1.567745e-04
5.934869e+03	1.552811e-04
5.939848e+03	1.537991e-04
5.944827e+03	1.523282e-04
5.949805e+03	1.508686e-04
5.954784e+03	1.494201e-04
5.959763e+03	1.479828e-04
5.964742e+03	1.465564e-04
5.969721e+03	1.451411e-04
5.974700e+03	1.437367e-04
5.979679e+03	1.423432e-04
5.984658e+03	1.409605e-04
5.989637e+03	1.395886e-04
5.994616e+03	1.382274e-04
5.999595e+03	1.368769e-04
6.004574e+03	1.355371e-04
6.009552e+03	1.342077e-04
6.014531e+03	1.328890e-04
6.019510e+03	1.315806e-04
6.024489e+03	1.302827e-04
6.029468e+03	1.289951e-04
6.034447e+03	1.277178e-04
6.039426e+03	1.264508e-04
6.044405e+03	1.251940e-04
6.049384e+03	1.239473e-04
6.054363e+03	1.227106e-04
6.059342e+03	1.214841e-04
6.064321e+03	1.202675e-04
6.069299e+03	1.190608e-04
6.074278e+03	1.178640e-04
6.079257e+03	1.166770e-04
6.084236e+03	1.154997e-04
6.089215e+03	1.143322e-04
6.094194e+03	1.131743e-04
6.099173e+03	1.120260e-04
6.104152e+03	1.108873e-04
6.109131e+03	1.097580e-04
6.114110e+03	1.086382e-04
6.119089e+03	1.075278e-04
6.124068e+03	1.064267e-04
6.129046e+03	1.053349e-04
6.134025e+03	1.042523e-04
6.139004e+03	1.031788e-04
6.143983e+03	1.021145e-04
6.148962e+03	1.010593e-04
6.153941e+03	1.000130e-04
6.158920e+03	9.897571e-05
6.163899e+03	9.794730e-05
6.168878e+03	9.692775e-05
6.173857e+03	9.591698e-05
6.178836e+03	9.491495e-05
6.183815e+03	9.392160e-05
6.188793e+03	9.293689e-05
6.193772e+03	9.196075e-05
6.198751e+03	9.099314e-05
6.203730e+03	9.003400e-05
6.208709e+03	8.908328e-05
6.213688e+03	8.814092e-05
6.218667e+03	8.720688e-05
6.223646e+03	8.628110e-05
6.228625e+03	8.536352e-05
6.233604e+03	8.445410e-05
6.238583e+03	8.355278e-05
6.243562e+03	8.265951e-05
6.248540e+03	8.177423e-05
6.253519e+03	8.089690e-05
6.258498e+03	8.002747e-05
6.263477e+03	7.916587e-05
6.268456e+03	7.831207e-05
6.273435e+03	7.746600e-05
6.278414e+03	7.662762e-05
6.283393e+03	7.579687e-05
6.288372e+03	7.497370e-05
6.293351e+03	7.415807e-05
6.298330e+03	7.334991e-05
6.303309e+03	7.254919e-05
6.308287e+03	7.175584e-05
6.313266e+03	7.096982e-05
6.318245e+03	7.019108e-05
6.323224e+03	6.941956e-05
6.328203e+03	6.865523e-05
6.333182e+03	6.789801e-05
6.338161e+03	6.714788e-05
6.343140e+03	6.640477e-05
6.348119e+03	6.566864e-05
6.353098e+03	6.493943e-05
6.358077e+03	6.421710e-05
6.363056e+03	6.350160e-05
6.368034e+03	6.279288e-05
6.373013e+03	6.209090e-05
6.377992e+03	6.139559e-05
6.382971e+03	6.070692e-05
6.387950e+03	6.002483e-05
6.392929e+03	5.934928e-05
6.397908e+03	5.868021e-05
6.402887e+03	5.801759e-05
6.407866e+03	5.736136e-05
6.412845e+03	5.671148e-05
6.417824e+03	5.606789e-05
6.422803e+03	5.543056e-05
6.427781e+03	5.479943e-05
6.432760e+03	5.417446e-05
6.437739e+03	5.355559e-05
6.442718e+03	5.294280e-05
6.447697e+03	5.233602e-05
6.452676e+03	5.173521e-05
6.457655e+03	5.114033e-05
6.462634e+03	5.055132e-05
6.467613e+03	4.996816e-05
6.472592e+03	4.939078e-05
6.477571e+03	4.881915e-05
6.482550e+03	4.825321e-05
6.487528e+03	4.769294e-05
6.492507e+03	4.713827e-05
6.497486e+03	4.658917e-05
6.502465e+03	4.604559e-05
6.507444e+03	4.550748e-05
6.512423e+03	4.497482e-05
6.517402e+03	4.444754e-05
6.522381e+03	4.392561e-05
6.527360e+03	4.340899e-05
6.532339e+03	4.289762e-05
6.537318e+03	4.239148e-05
6.542297e+03	4.189051e-05
6.547275e+03	4.139468e-05
6.552254e+03	4.090394e-05
6.557233e+03	4.041824e-05
6.562212e+03	3.993756e-05
6.567191e+03	3.946185e-05
6.572170e+03	3.899106e-05
6.577149e+03	3.852515e-05
6.582128e+03	3.806409e-05
6.587107e+03	3.760784e-05
6.592086e+03	3.715634e-05
6.597065e+03	3.670957e-05
6.602044e+03	3.626749e-05
6.607022e+03	3.583004e-05
6.612001e+03	3.539721e-05
6.616980e+03	3.496893e-05
6.621959e+03	3.454518e-05
6.626938e+03	3.412592e-05
6.631917e+03	3.371111e-05
6.636896e+03	3.330071e-05
6.641875e+03	3.289467e-05
6.646854e+03	3.249298e-05
6.651833e+03	3.209557e-05
6.656812e+03	3.170243e-05
6.661791e+03	3.131351e-05
6.666769e+03	3.092877e-05
6.671748e+03	3.054818e-05
6.676727e+03	3.017170e-05
6.681706e+03	2.979929e-05
6.686685e+03	2.943092e-05
6.691664e+03	2.906655e-05
6.696643e+03	2.870615e-05
6.701622e+03	2.834968e-05
6.706601e+03	2.799710e-05
6.711580e+03	2.764838e-05
6.716559e+03	2.730349e-05
6.721538e+03	2.696239e-05
6.726516e+03	2.662504e-05
6.731495e+03	2.629142e-05
6.736474e+03	2.596148e-05
6.741453e+03	2.563520e-05
6.746432e+03	2.531254e-05
6.751411e+03	2.499346e-05
6.756390e+03	2.467794e-05
6.761369e+03	2.436593e-05
6.766348e+03	2.405742e-05
6.771327e+03	2.375236e-05
6.776306e+03	2.345072e-05
6.781285e+03	2.315248e-05
6.786263e+03	2.285759e-05
6.791242e+03	2.256603e-05
6.796221e+03	2.227777e-05
6.801200e+03	2.199277e-05
6.806179e+03	2.171100e-05
6.811158e+03	2.143244e-05
6.816137e+03	2.115705e-05
6.821116e+03	2.088480e-05
6.826095e+03	2.061567e-05
6.831074e+03	2.034961e-05
6.836053e+03	2.008661e-05
6.841032e+03	1.982663e-05
6.846010e+03	1.956965e-05
6.850989e+03	1.931562e-05
6.855968e+03	1.906454e-05
6.860947e+03	1.881636e-05
6.865926e+03	1.857105e-05
6.870905e+03	1.832860e-05
6.875884e+03	1.808897e-05
6.880863e+03	1.785214e-05
6.885842e+03	1.761806e-05
6.890821e+03	1.738673e-05
6.895800e+03	1.715811e-05
6.900779e+03	1.693218e-05
6.905757e+03	1.670890e-05
6.910736e+03	1.648826e-05
6.915715e+03	1.627021e-05
6.920694e+03	1.605475e-05
6.925673e+03	1.584184e-05
6.930652e+03	1.563146e-05
6.935631e+03	1.542357e-05
6.940610e+03	1.521817e-05
6.945589e+03	1.501521e-05
6.950568e+03	1.481468e-05
6.955547e+03	1.461655e-05
6.960526e+03	1.442079e-05
6.965504e+03	1.422739e-05
6.970483e+03	1.403631e-05
6.975462e+03	1.384754e-05
6.980441e+03	1.366105e-05
6.985420e+03	1.347681e-05
6.990399e+03	1.329481e-05
6.995378e+03	1.311501e-05
7.000357e+03	1.293740e-05
7.005336e+03	1.276195e-05
7.010315e+03	1.258864e-05
7.015294e+03	1.241745e-05
7.020273e+03	1.224836e-05
7.025251e+03	1.208134e-05
7.030230e+03	1.191637e-05
7.035209e+03	1.175343e-05
7.040188e+03	1.159250e-05
7.045167e+03	1.143355e-05
7.050146e+03	1.127657e-05
7.055125e+03	1.112153e-05
7.060104e+03	1.096842e-05
7.065083e+03	1.081721e-05
7.070062e+03	1.066788e-05
7.075041e+03	1.052041e-05
7.080020e+03	1.037478e-05
7.084998e+03	1.023098e-05
7.089977e+03	1.008898e-05
7.094956e+03	9.948757e-06
7.099935e+03	9.810299e-06
7.104914e+03	9.673584e-06
7.109893e+03	9.538593e-06
7.114872e+03	9.405308e-06
7.119851e+03	9.273708e-06
7.124830e+03	9.143777e-06
7.129809e+03	9.015494e-06
7.134788e+03	8.888843e-06
7.139767e+03	8.763804e-06
7.144745e+03	8.640360e-06
7.149724e+03	8.518494e-06
7.154703e+03	8.398186e-06
7.159682e+03	8.279421e-06
7.164661e+03	8.162180e-06
7.169640e+03	8.046446e-06
7.174619e+03	7.932203e-06
7.179598e+03	7.819433e-06
7.184577e+03	7.708121e-06
7.189556e+03	7.598248e-06
7.194535e+03	7.489800e-06
7.199514e+03	7.382759e-06
7.204492e+03	7.277109e-06
7.209471e+03	7.172836e-06
7.214450e+03	7.069922e-06
7.219429e+03	6.968352e-06
7.224408e+03	6.868111e-06
7.229387e+03	6.769184e-06
7.234366e+03	6.671555e-06
7.239345e+03	6.575209e-06
7.244324e+03	6.480131e-06
7.249303e+03	6.386307e-06
7.254282e+03	6.293722e-06
7.259261e+03	6.202362e-06
7.264239e+03	6.112211e-06
7.269218e+03	6.023257e-06
7.274197e+03	5.935484e-06
7.279176e+03	5.848879e-06
7.284155e+03	5.763429e-06
7.289134e+03	5.679119e-06
7.294113e+03	5.595936e-06
7.299092e+03	5.513867e-06
7.304071e+03	5.432898e-06
7.309050e+03	5.353017e-06
7.314029e+03	5.274209e-06
7.319008e+03	5.196464e-06
7.323986e+03	5.119767e-06
7.328965e+03	5.044107e-06
7.333944e+03	4.969470e-06
7.338923e+03	4.895845e-06
7.343902e+03	4.823218e-06
7.348881e+03	4.751579e-06
7.353860e+03	4.680916e-06
7.358839e+03	4.611215e-06
7.363818e+03	4.542466e-06
7.368797e+03	4.474657e-06
7.373776e+03	4.407777e-06
7.378755e+03	4.341814e-06
7.383733e+03	4.276756e-06
7.388712e+03	4.212594e-06
7.393691e+03	4.149315e-06
7.398670e+03	4.086909e-06
7.403649e+03	4.025366e-06
7.408628e+03	3.964674e-06
7.413607e+03	3.904823e-06
7.418586e+03	3.845802e-06
7.423565e+03	3.787601e-06
7.428544e+03	3.730211e-06
7.433523e+03	3.673620e-06
7.438502e+03	3.617819e-06
7.443480e+03	3.562798e-06
7.448459e+03	3.508547e-06
7.453438e+03	3.455057e-06
7.458417e+03	3.402317e-06
7.463396e+03	3.350319e-06
7.468375e+03	3.299053e-06
7.473354e+03	3.248510e-06
7.478333e+03	3.198680e-06
7.483312e+03	3.149555e-06
7.488291e+03	3.101126e-06
7.493270e+03	3.053383e-06
7.498249e+03	3.006318e-06
7.503227e+03	2.959922e-06
7.508206e+03	2.914187e-06
7.513185e+03	2.869105e-06
7.518164e+03	2.824666e-06
7.523143e+03	2.780862e-06
7.528122e+03	2.737686e-06
7.533101e+03	2.695129e-06
7.538080e+03	2.653183e-06
7.543059e+03	2.611840e-06
7.548038e+03	2.571093e-06
7.553017e+03	2.530934e-06
7.557996e+03	2.491354e-06
7.562974e+03	2.452347e-06
7.567953e+03	2.413904e-06
7.572932e+03	2.376020e-06
7.577911e+03	2.338685e-06
7.582890e+03	2.301893e-06
7.587869e+03	2.265637e-06
7.592848e+03	2.229910e-06
7.597827e+03	2.194704e-06
7.602806e+03	2.160014e-06
7.607785e+03	2.125831e-06
7.612764e+03	2.092149e-06
7.617743e+03	2.058962e-06
7.622721e+03	2.026263e-06
7.627700e+03	1.994045e-06
7.632679e+03	1.962303e-06
7.637658e+03	1.931029e-06
7.642637e+03	1.900217e-06
7.647616e+03	1.869862e-06
7.652595e+03	1.839956e-06
7.657574e+03	1.810495e-06
7.662553e+03	1.781471e-06
7.667532e+03	1.752879e-06
7.672511e+03	1.724713e-06
7.677490e+03	1.696968e-06
7.682468e+03	1.669638e-06
7.687447e+03	1.642716e-06
7.692426e+03	1.616198e-06
7.697405e+03	1.590077e-06
7.702384e+03	1.564349e-06
7.707363e+03	1.539009e-06
7.712342e+03	1.514049e-06
7.717321e+03	1.489467e-06
7.722300e+03	1.465256e-06
7.727279e+03	1.441410e-06
7.732258e+03	1.417926e-06
7.737237e+03	1.394798e-06
7.742215e+03	1.372022e-06
7.747194e+03	1.349591e-06
7.752173e+03	1.327502e-06
7.757152e+03	1.305750e-06
7.762131e+03	1.284330e-06
7.767110e+03	1.263237e-06
7.772089e+03	1.242468e-06
7.777068e+03	1.222016e-06
7.782047e+03	1.201878e-06
7.787026e+03	1.182050e-06
7.792005e+03	1.162526e-06
7.796984e+03	1.143304e-06
7.801962e+03	1.124378e-06
7.806941e+03	1.105744e-06
7.811920e+03	1.087398e-06
7.816899e+03	1.069337e-06
7.821878e+03	1.051555e-06
7.826857e+03	1.034050e-06
7.831836e+03	1.016816e-06
7.836815e+03	9.998511e-07
7.841794e+03	9.831503e-07
7.846773e+03	9.667101e-07
7.851752e+03	9.505268e-07
7.856731e+03	9.345967e-07
7.861709e+03	9.189161e-07
7.866688e+03	9.034814e-07
7.871667e+03	8.882891e-07
7.876646e+03	8.733357e-07
7.881625e+03	8.586177e-07
7.886604e+03	8.441317e-07
7.891583e+03	8.298743e-07
7.896562e+03	8.158423e-07
7.901541e+03	8.020323e-07
7.906520e+03	7.884410e-07
7.911499e+03	7.750654e-07
7.916478e+03	7.619022e-07
7.921456e+03	7.489484e-07
7.926435e+03	7.362008e-07
7.931414e+03	7.236565e-07
7.936393e+03	7.113124e-07
7.941372e+03	6.991655e-07
7.946351e+03	6.872131e-07
7.951330e+03	6.754521e-07
7.956309e+03	6.638799e-07
7.961288e+03	6.524935e-07
7.966267e+03	6.412902e-07
7.971246e+03	6.302673e-07
7.976225e+03	6.194221e-07
7.981203e+03	6.087519e-07
7.986182e+03	5.982543e-07
7.991161e+03	5.879264e-07
7.996140e+03	5.777659e-07
8.001119e+03	5.677702e-07
8.006098e+03	5.579369e-07
8.011077e+03	5.482634e-07
8.016056e+03	5.387474e-07
8.021035e+03	5.293866e-07
8.026014e+03	5.201785e-07
8.030993e+03	5.111208e-07
8.035972e+03	5.022114e-07
8.040950e+03	4.934478e-07
8.045929e+03	4.848280e-07
8.050908e+03	4.763497e-07
8.055887e+03	4.680108e-07
8.060866e+03	4.598092e-07
8.065845e+03	4.517427e-07
8.070824e+03	4.438092e-07
8.075803e+03	4.360069e-07
8.080782e+03	4.283335e-07
8.085761e+03	4.207872e-07
8.090740e+03	4.133660e-07
8.095719e+03	4.060680e-07
8.100697e+03	3.988913e-07
8.105676e+03	3.918339e-07
8.110655e+03	3.848941e-07
8.115634e+03	3.780701e-07
8.120613e+03	3.713600e-07
8.125592e+03	3.647620e-07
8.130571e+03	3.582745e-07
8.135550e+03	3.518956e-07
8.140529e+03	3.456238e-07
8.145508e+03	3.394573e-07
8.150487e+03	3.333945e-07
8.155466e+03	3.274338e-07
8.160444e+03	3.215735e-07
8.165423e+03	3.158121e-07
8.170402e+03	3.101481e-07
8.175381e+03	3.045798e-07
8.180360e+03	2.991059e-07
8.185339e+03	2.937247e-07
8.190318e+03	2.884349e-07
8.195297e+03	2.832349e-07
8.200276e+03	2.781235e-07
8.205255e+03	2.730991e-07
8.210234e+03	2.681603e-07
8.215213e+03	2.633059e-07
8.220191e+03	2.585344e-07
8.225170e+03	2.538446e-07
8.230149e+03	2.492352e-07
8.235128e+03	2.447047e-07
8.240107e+03	2.402521e-07
8.245086e+03	2.358760e-07
8.250065e+03	2.315752e-07
8.255044e+03	2.273486e-07
8.260023e+03	2.231948e-07
8.265002e+03	2.191128e-07
8.269981e+03	2.151013e-07
8.274960e+03	2.111592e-07
8.279938e+03	2.072855e-07
8.284917e+03	2.034790e-07
8.289896e+03	1.997386e-07
8.294875e+03	1.960632e-07
8.299854e+03	1.924518e-07
8.304833e+03	1.889033e-07
8.309812e+03	1.854167e-07
8.314791e+03	1.819910e-07
8.319770e+03	1.786253e-07
8.324749e+03	1.753184e-07
8.329728e+03	1.720695e-07
8.334707e+03	1.688776e-07
8.339685e+03	1.657418e-07
8.344664e+03	1.626611e-07
8.349643e+03	1.596346e-07
8.354622e+03	1.566614e-07
8.359601e+03	1.537408e-07
8.364580e+03	1.508717e-07
8.369559e+03	1.480533e-07
8.374538e+03	1.452848e-07
8.379517e+03	1.425654e-07
8.384496e+03	1.398942e-07
8.389475e+03	1.372705e-07
8.394454e+03	1.346934e-07
8.399432e+03	1.321622e-07
8.404411e+03	1.296761e-07
8.409390e+03	1.272344e-07
8.414369e+03	1.248362e-07
8.419348e+03	1.224810e-07
8.424327e+03	1.201678e-07
8.429306e+03	1.178962e-07
8.434285e+03	1.156652e-07
8.439264e+03	1.134744e-07
8.444243e+03	1.113229e-07
8.449222e+03	1.092101e-07
8.454201e+03	1.071354e-07
8.459179e+03	1.050982e-07
8.464158e+03	1.030977e-07
8.469137e+03	1.011333e-07
8.474116e+03	9.920454e-08
8.479095e+03	9.731068e-08
8.484074e+03	9.545116e-08
8.489053e+03	9.362540e-08
8.494032e+03	9.183282e-08
8.499011e+03	9.007285e-08
8.503990e+03	8.834493e-08
8.508969e+03	8.664852e-08
8.513948e+03	8.498306e-08
8.518926e+03	8.334803e-08
8.523905e+03	8.174291e-08
8.528884e+03	8.016718e-08
8.533863e+03	7.862033e-08
8.538842e+03	7.710186e-08
8.543821e+03	7.561129e-08
8.548800e+03	7.414812e-08
8.553779e+03	7.271188e-08
8.558758e+03	7.130211e-08
8.563737e+03	6.991835e-08
8.568716e+03	6.856014e-08
8.573695e+03	6.722704e-08
8.578673e+03	6.591860e-08
8.583652e+03	6.463441e-08
8.588631e+03	6.337403e-08
8.593610e+03	6.213705e-08
8.598589e+03	6.092305e-08
8.603568e+03	5.973164e-08
8.608547e+03	5.856242e-08
8.613526e+03	5.741499e-08
8.618505e+03	5.628897e-08
8.623484e+03	5.518400e-08
8.628463e+03	5.409968e-08
8.633442e+03	5.303566e-08
8.638420e+03	5.199159e-08
8.643399e+03	5.096710e-08
8.648378e+03	4.996184e-08
8.653357e+03	4.897549e-08
8.658336e+03	4.800769e-08
8.663315e+03	4.705813e-08
8.668294e+03	4.612647e-08
8.673273e+03	4.521240e-08
8.678252e+03	4.431560e-08
8.683231e+03	4.343577e-08
8.688210e+03	4.257259e-08
8.693189e+03	4.172578e-08
8.698167e+03	4.089503e-08
8.703146e+03	4.008006e-08
8.708125e+03	3.928059e-08
8.713104e+03	3.849633e-08
8.718083e+03	3.772702e-08
8.723062e+03	3.697237e-08
8.728041e+03	3.623214e-08
8.733020e+03	3.550605e-08
8.737999e+03	3.479385e-08
8.742978e+03	3.409528e-08
8.747957e+03	3.341011e-08
8.752936e+03	3.273809e-08
8.757914e+03	3.207897e-08
8.762893e+03	3.143253e-08
8.767872e+03	3.079853e-08
8.772851e+03	3.017674e-08
8.777830e+03	2.956695e-08
8.782809e+03	2.896893e-08
8.787788e+03	2.838246e-08
8.792767e+03	2.780734e-08
8.797746e+03	2.724336e-08
8.802725e+03	2.669030e-08
8.807704e+03	2.614798e-08
8.812683e+03	2.561619e-08
8.817661e+03	2.509474e-08
8.822640e+03	2.458344e-08
8.827619e+03	2.408210e-08
8.832598e+03	2.359053e-08
8.837577e+03	2.310856e-08
8.842556e+03	2.263601e-08
8.847535e+03	2.217270e-08
8.852514e+03	2.171846e-08
8.857493e+03	2.127312e-08
8.862472e+03	2.083652e-08
8.867451e+03	2.040849e-08
8.872430e+03	1.998887e-08
8.877408e+03	1.957751e-08
8.882387e+03	1.917425e-08
8.887366e+03	1.877894e-08
8.892345e+03	1.839144e-08
8.897324e+03	1.801158e-08
8.902303e+03	1.763924e-08
8.907282e+03	1.727426e-08
8.912261e+03	1.691652e-08
8.917240e+03	1.656587e-08
8.922219e+03	1.622218e-08
8.927198e+03	1.588532e-08
8.932177e+03	1.555516e-08
8.937156e+03	1.523157e-08
8.942134e+03	1.491443e-08
8.947113e+03	1.460362e-08
8.952092e+03	1.429901e-08
8.957071e+03	1.400049e-08
8.962050e+03	1.370794e-08
8.967029e+03	1.342125e-08
8.972008e+03	1.314030e-08
8.976987e+03	1.286500e-08
8.981966e+03	1.259522e-08
8.986945e+03	1.233086e-08
8.991924e+03	1.207183e-08
8.996903e+03	1.181801e-08
9.001881e+03	1.156930e-08
9.006860e+03	1.132562e-08
9.011839e+03	1.108686e-08
9.016818e+03	1.085293e-08
9.021797e+03	1.062373e-08
9.026776e+03	1.039917e-08
9.031755e+03	1.017917e-08
9.036734e+03	9.963628e-09
9.041713e+03	9.752468e-09
9.046692e+03	9.545602e-09
9.051671e+03	9.342947e-09
9.056650e+03	9.144421e-09
9.061628e+03	8.949943e-09
9.066607e+03	8.759435e-09
9.071586e+03	8.572819e-09
9.076565e+03	8.390019e-09
9.081544e+03	8.210962e-09
9.086523e+03	8.035573e-09
9.091502e+03	7.863781e-09
9.096481e+03	7.695516e-09
9.101460e+03	7.530709e-09
9.106439e+03	7.369291e-09
9.111418e+03	7.211195e-09
9.116397e+03	7.056358e-09
9.121375e+03	6.904714e-09
9.126354e+03	6.756201e-09
9.131333e+03	6.610756e-09
9.136312e+03	6.468320e-09
9.141291e+03	6.328833e-09
9.146270e+03	6.192236e-09
9.151249e+03	6.058472e-09
9.156228e+03	5.927485e-09
9.161207e+03	5.799220e-09
9.166186e+03	5.673622e-09
9.171165e+03	5.550640e-09
9.176144e+03	5.430220e-09
9.181122e+03	5.312312e-09
9.186101e+03	5.196865e-09
9.191080e+03	5.083831e-09
9.196059e+03	4.973160e-09
9.201038e+03	4.864807e-09
9.206017e+03	4.758724e-09
9.210996e+03	4.654866e-09
9.215975e+03	4.553188e-09
9.220954e+03	4.453646e-09
9.225933e+03	4.356198e-09
9.230912e+03	4.260801e-09
9.235891e+03	4.167414e-09
9.240869e+03	4.075997e-09
9.245848e+03	3.986509e-09
9.250827e+03	3.898912e-09
9.255806e+03	3.813167e-09
9.260785e+03	3.729237e-09
9.265764e+03	3.647086e-09
9.270743e+03	3.566676e-09
9.275722e+03	3.487973e-09
9.280701e+03	3.410941e-09
9.285680e+03	3.335548e-09
9.290659e+03	3.261759e-09
9.295638e+03	3.189542e-09
9.300616e+03	3.118865e-09
9.305595e+03	3.049696e-09
9.310574e+03	2.982004e-09
9.315553e+03	2.915759e-09
9.320532e+03	2.850932e-09
9.325511e+03	2.787493e-09
9.330490e+03	2.725414e-09
9.335469e+03	2.664667e-09
9.340448e+03	2.605225e-09
9.345427e+03	2.547060e-09
9.350406e+03	2.490147e-09
9.355385e+03	2.434459e-09
9.360363e+03	2.379971e-09
9.365342e+03	2.326658e-09
9.370321e+03	2.274497e-09
9.375300e+03	2.223463e-09
9.380279e+03	2.173532e-09
9.385258e+03	2.124683e-09
9.390237e+03	2.076892e-09
9.395216e+03	2.030137e-09
9.400195e+03	1.984397e-09
9.405174e+03	1.939651e-09
9.410153e+03	1.895878e-09
9.415132e+03	1.853058e-09
9.420110e+03	1.811170e-09
9.425089e+03	1.770195e-09
9.430068e+03	1.730115e-09
9.435047e+03	1.690910e-09
9.440026e+03	1.652562e-09
9.445005e+03	1.615053e-09
9.449984e+03	1.578366e-09
9.454963e+03	1.542482e-09
9.459942e+03	1.507386e-09
9.464921e+03	1.473060e-09
9.469900e+03	1.439489e-09
9.474879e+03	1.406656e-09
9.479857e+03	1.374545e-09
9.484836e+03	1.343143e-09
9.489815e+03	1.312433e-09
9.494794e+03	1.282400e-09
9.499773e+03	1.253031e-09
9.504752e+03	1.224311e-09
9.509731e+03	1.196227e-09
9.514710e+03	1.168765e-09
9.519689e+03	1.141912e-09
9.524668e+03	1.115655e-09
9.529647e+03	1.089980e-09
9.534626e+03	1.064876e-09
9.539604e+03	1.040331e-09
9.544583e+03	1.016332e-09
9.549562e+03	9.928678e-10
9.554541e+03	9.699269e-10
9.559520e+03	9.474981e-10
9.564499e+03	9.255704e-10
9.569478e+03	9.041330e-10
9.574457e+03	8.831753e-10
9.579436e+03	8.626871e-10
9.584415e+03	8.426581e-10
9.589394e+03	8.230785e-10
9.594373e+03	8.039386e-10
9.599351e+03	7.852289e-10
9.604330e+03	7.669400e-10
9.609309e+03	7.490629e-10
9.614288e+03	7.315885e-10
9.619267e+03	7.145083e-10
9.624246e+03	6.978136e-10
9.629225e+03	6.814960e-10
9.634204e+03	6.655473e-10
9.639183e+03	6.499596e-10
9.644162e+03	6.347248e-10
9.649141e+03	6.198354e-10
9.654120e+03	6.052838e-10
9.659098e+03	5.910626e-10
9.664077e+03	5.771645e-10
9.669056e+03	5.635825e-10
9.674035e+03	5.503097e-10
9.679014e+03	5.373393e-10
9.683993e+03	5.246646e-10
9.688972e+03	5.122792e-10
9.693951e+03	5.001766e-10
9.698930e+03	4.883507e-10
9.703909e+03	4.767953e-10
9.708888e+03	4.655046e-10
9.713867e+03	4.544725e-10
9.718845e+03	4.436935e-10
9.723824e+03	4.331619e-10
9.728803e+03	4.228723e-10
9.733782e+03	4.128192e-10
9.738761e+03	4.029975e-10
9.743740e+03	3.934020e-10
9.748719e+03	3.840277e-10
9.753698e+03	3.748696e-10
9.758677e+03	3.659230e-10
9.763656e+03	3.571831e-10
9.768635e+03	3.486454e-10
9.773614e+03	3.403052e-10
9.778592e+03	3.321583e-10
9.783571e+03	3.242002e-10
9.788550e+03	3.164268e-10
9.793529e+03	3.088340e-10
9.798508e+03	3.014176e-10
9.803487e+03	2.941737e-10
9.808466e+03	2.870984e-10
9.813445e+03	2.801880e-10
9.818424e+03	2.734387e-10
9.823403e+03	2.668470e-10
9.828382e+03	2.604092e-10
9.833361e+03	2.541219e-10
9.838339e+03	2.479817e-10
9.843318e+03	2.419852e-10
9.848297e+03	2.361293e-10
9.853276e+03	2.304107e-10
9.858255e+03	2.248263e-10
9.863234e+03	2.193731e-10
9.868213e+03	2.140481e-10
9.873192e+03	2.088484e-10
9.878171e+03	2.037712e-10
9.883150e+03	1.988136e-10
9.888129e+03	1.939729e-10
9.893108e+03	1.892465e-10
9.898086e+03	1.846318e-10
9.903065e+03	1.801261e-10
9.908044e+03	1.757271e-10
9.913023e+03	1.714323e-10
9.918002e+03	1.672392e-10
9.922981e+03	1.631456e-10
9.927960e+03	1.591492e-10
9.932939e+03	1.552478e-10
9.937918e+03	1.514391e-10
9.942897e+03	1.477210e-10
9.947876e+03	1.440915e-10
9.952855e+03	1.405485e-10
9.957833e+03	1.370900e-10
9.962812e+03	1.337141e-10
9.967791e+03	1.304188e-10
9.972770e+03	1.272023e-10
9.977749e+03	1.240628e-10
9.982728e+03	1.209985e-10
9.987707e+03	1.180076e-10
9.992686e+03	1.150885e-10
9.997665e+03	1.122394e-10
1.000264e+04	1.094588e-10
1.000762e+04	1.067451e-10
1.001260e+04	1.040967e-10
1.001758e+04	1.015120e-10
1.002256e+04	9.898965e-11
1.002754e+04	9.652814e-11
1.003252e+04	9.412604e-11
1.003750e+04	9.178198e-11
1.004248e+04	8.949460e-11
1.004745e+04	8.726256e-11
1.005243e+04	8.508457e-11
1.005741e+04	8.295937e-11
1.006239e+04	8.088572e-11
1.006737e+04	7.886240e-11
1.007235e+04	7.688824e-11
1.007733e+04	7.496207e-11
1.008231e+04	7.308276e-11
1.008729e+04	7.124922e-11
1.009226e+04	6.946036e-11
1.009724e+04	6.771513e-11
1.010222e+04	6.601249e-11
1.010720e+04	6.435144e-11
1.011218e+04	6.273100e-11
1.011716e+04	6.115020e-11
1.012214e+04	5.960810e-11
1.012712e+04	5.810379e-11
1.013210e+04	5.663637e-11
1.013707e+04	5.520496e-11
1.014205e+04	5.380871e-11
1.014703e+04	5.244677e-11
1.015201e+04	5.111833e-11
1.015699e+04	4.982260e-11
1.016197e+04	4.855879e-11
1.016695e+04	4.732613e-11
1.017193e+04	4.612390e-11
1.017691e+04	4.495135e-11
1.018188e+04	4.380777e-11
1.018686e+04	4.269248e-11
1.019184e+04	4.160479e-11
1.019682e+04	4.054404e-11
1.020180e+04	3.950959e-11
1.020678e+04	3.850080e-11
1.021176e+04	3.751706e-11
1.021674e+04	3.655775e-11
1.022172e+04	3.562230e-11
1.022669e+04	3.471013e-11
1.023167e+04	3.382067e-11
1.023665e+04	3.295338e-11
1.024163e+04	3.210772e-11
1.024661e+04	3.128316e-11
1.025159e+04	3.047921e-11
1.025657e+04	2.969535e-11
1.026155e+04	2.893110e-11
1.026653e+04	2.818598e-11
1.027151e+04	2.745954e-11
1.027648e+04	2.675131e-11
1.028146e+04	2.606085e-11
1.028644e+04	2.538773e-11
1.029142e+04	2.473152e-11
1.029640e+04	2.409182e-11
1.030138e+04	2.346822e-11
1.030636e+04	2.286033e-11
1.031134e+04	2.226776e-11
1.031632e+04	2.169013e-11
1.032129e+04	2.112709e-11
1.032627e+04	2.057828e-11
1.033125e+04	2.004334e-11
1.033623e+04	1.952194e-11
1.034121e+04	1.901374e-11
1.034619e+04	1.851841e-11
1.035117e+04	1.803565e-11
1.035615e+04	1.756514e-11
1.036113e+04	1.710658e-11
1.036610e+04	1.665968e-11
1.037108e+04	1.622414e-11
1.037606e+04	1.579969e-11
1.038104e+04	1.538605e-11
1.038602e+04	1.498295e-11
1.039100e+04	1.459014e-11
1.039598e+04	1.420736e-11
1.040096e+04	1.383435e-11
1.040594e+04	1.347089e-11
1.041091e+04	1.311672e-11
1.041589e+04	1.277162e-11
1.042087e+04	1.243537e-11
1.042585e+04	1.210774e-11
1.043083e+04	1.178852e-11
1.043581e+04	1.147749e-11
1.044079e+04	1.117446e-11
1.044577e+04	1.087923e-11
1.045075e+04	1.059159e-11
1.045573e+04	1.031136e-11
1.046070e+04	1.003836e-11
1.046568e+04	9.772396e-12
1.047066e+04	9.513300e-12
1.047564e+04	9.260897e-12
1.048062e+04	9.015020e-12
1.048560e+04	8.775505e-12
1.049058e+04	8.542190e-12
1.049556e+04	8.314921e-12
1.050054e+04	8.093545e-12
1.050551e+04	7.877913e-12
1.051049e+04	7.667880e-12
1.051547e+04	7.463306e-12
1.052045e+04	7.264051e-12
1.052543e+04	7.069982e-12
1.053041e+04	6.880967e-12
1.053539e+04	6.696878e-12
1.054037e+04	6.517590e-12
1.054535e+04	6.342982e-12
1.055032e+04	6.172935e-12
1.055530e+04	6.007332e-12
1.056028e+04	5.846060e-12
1.056526e+04	5.689010e-12
1.057024e+04	5.536074e-12
1.057522e+04	5.387147e-12
1.058020e+04	5.242127e-12
1.058518e+04	5.100914e-12
1.059016e+04	4.963410e-12
1.059513e+04	4.829522e-12
1.060011e+04	4.699156e-12
1.060509e+04	4.572222e-12
1.061007e+04	4.448632e-12
1.061505e+04	4.328301e-12
1.062003e+04	4.211145e-12
1.062501e+04	4.097082e-12
1.062999e+04	3.986033e-12
1.063497e+04	3.877920e-12
1.063995e+04	3.772668e-12
1.064492e+04	3.670203e-12
1.064990e+04	3.570453e-12
1.065488e+04	3.473348e-12
1.065986e+04	3.378820e-12
1.066484e+04	3.286802e-12
1.066982e+04	3.197229e-12
1.067480e+04	3.110039e-12
1.067978e+04	3.025168e-12
1.068476e+04	2.942558e-12
1.068973e+04	2.862149e-12
1.069471e+04	2.783885e-12
1.069969e+04	2.707710e-12
1.070467e+04	2.633568e-12
1.070965e+04	2.561409e-12
1.071463e+04	2.491179e-12
1.071961e+04	2.422828e-12
1.072459e+04	2.356309e-12
1.072957e+04	2.291572e-12
1.073454e+04	2.228571e-12
1.073952e+04	2.167261e-12
1.074450e+04	2.107598e-12
1.074948e+04	2.049539e-12
1.075446e+04	1.993041e-12
1.075944e+04	1.938063e-12
1.076442e+04	1.884567e-12
1.076940e+04	1.832512e-12
1.077438e+04	1.781861e-12
1.077935e+04	1.732578e-12
1.078433e+04	1.684625e-12
1.078931e+04	1.637969e-12
1.079429e+04	1.592574e-12
1.079927e+04	1.548408e-12
1.080425e+04	1.505439e-12
1.080923e+04	1.463634e-12
1.081421e+04	1.422962e-12
1.081919e+04	1.383395e-12
1.082416e+04	1.344903e-12
1.082914e+04	1.307456e-12
1.083412e+04	1.271029e-12
1.083910e+04	1.235592e-12
1.084408e+04	1.201121e-12
1.084906e+04	1.167589e-12
1.085404e+04	1.134972e-12
1.085902e+04	1.103245e-12
1.086400e+04	1.072385e-12
1.086898e+04	1.042368e-12
1.087395e+04	1.013172e-12
1.087893e+04	9.847750e-13
1.088391e+04	9.571558e-13
1.088889e+04	9.302936e-13
1.089387e+04	9.041680e-13
1.089885e+04	8.787595e-13
1.090383e+04	8.540487e-13
1.090881e+04	8.300171e-13
1.091379e+04	8.066464e-13
1.091876e+04	7.839188e-13
1.092374e+04	7.618171e-13
1.092872e+04	7.403245e-13
1.093370e+04	7.194246e-13
1.093868e+04	6.991014e-13
1.094366e+04	6.793394e-13
1.094864e+04	6.601236e-13
1.095362e+04	6.414390e-13
1.095860e+04	6.232716e-13
1.096357e+04	6.056071e-13
1.096855e+04	5.884322e-13
1.097353e+04	5.717334e-13
1.097851e+04	5.554980e-13
1.098349e+04	5.397134e-13
1.098847e+04	5.243673e-13
1.099345e+04	5.094479e-13
1.099843e+04	4.949436e-13
1.100341e+04	4.808431e-13
1.100838e+04	4.671355e-13
1.101336e+04	4.538100e-13
1.101834e+04	4.408563e-13
1.102332e+04	4.282641e-13
1.102830e+04	4.160238e-13
1.103328e+04	4.041256e-13
1.103826e+04	3.925603e-13
1.104324e+04	3.813187e-13
1.104822e+04	3.703919e-13
1.105320e+04	3.597715e-13
1.105817e+04	3.494489e-13
1.106315e+04	3.394161e-13
1.106813e+04	3.296651e-13
1.107311e+04	3.201881e-13
1.107809e+04	3.109776e-13
1.108307e+04	3.020264e-13
1.108805e+04	2.933272e-13
1.109303e+04	2.848732e-13
1.109801e+04	2.766576e-13
1.110298e+04	2.686738e-13
1.110796e+04	2.609155e-13
1.111294e+04	2.533764e-13
1.111792e+04	2.460504e-13
1.112290e+04	2.389318e-13
1.112788e+04	2.320146e-13
1.113286e+04	2.252935e-13
1.113784e+04	2.187629e-13
1.114282e+04	2.124176e-13
1.114779e+04	2.062524e-13
1.115277e+04	2.002623e-13
1.115775e+04	1.944425e-13
1.116273e+04	1.887883e-13
1.116771e+04	1.832950e-13
1.117269e+04	1.779582e-13
1.117767e+04	1.727734e-13
1.118265e+04	1.677366e-13
1.118763e+04	1.628434e-13
1.119260e+04	1.580901e-13
1.119758e+04	1.534725e-13
1.120256e+04	1.489870e-13
1.120754e+04	1.446299e-13
1.121252e+04	1.403975e-13
1.121750e+04	1.362864e-13
1.122248e+04	1.322931e-13
1.122746e+04	1.284144e-13
1.123244e+04	1.246471e-13
1.123742e+04	1.209880e-13
1.124239e+04	1.174340e-13
1.124737e+04	1.139823e-13
1.125235e+04	1.106300e-13
1.125733e+04	1.073742e-13
1.126231e+04	1.042123e-13
1.126729e+04	1.011415e-13
1.127227e+04	9.815938e-14
1.127725e+04	9.526336e-14
1.128223e+04	9.245103e-14
1.128720e+04	8.972002e-14
1.129218e+04	8.706803e-14
1.129716e+04	8.449282e-14
1.130214e+04	8.199223e-14
1.130712e+04	7.956413e-14
1.131210e+04	7.720647e-14
1.131708e+04	7.491725e-14
1.132206e+04	7.269452e-14
1.132704e+04	7.053640e-14
1.133201e+04	6.844106e-14
1.133699e+04	6.640669e-14
1.134197e+04	6.443157e-14
1.134695e+04	6.251401e-14
1.135193e+04	6.065237e-14
1.135691e+04	5.884505e-14
1.136189e+04	5.709049e-14
1.136687e+04	5.538721e-14
1.137185e+04	5.373371e-14
1.137682e+04	5.212859e-14
1.138180e+04	5.057046e-14
1.138678e+04	4.905797e-14
1.139176e+04	4.758981e-14
1.139674e+04	4.616472e-14
1.140172e+04	4.478145e-14
1.140670e+04	4.343880e-14
1.141168e+04	4.213560e-14
1.141666e+04	4.087073e-14
1.142163e+04	3.964307e-14
1.142661e+04	3.845156e-14
1.143159e+04	3.729516e-14
1.143657e+04	3.617284e-14
1.144155e+04	3.508364e-14
1.144653e+04	3.402658e-14
1.145151e+04	3.300075e-14
1.145649e+04	3.200523e-14
1.146147e+04	3.103916e-14
1.146645e+04	3.010167e-14
1.147142e+04	2.919195e-14
1.147640e+04	2.830918e-14
1.148138e+04	2.745259e-14
1.148636e+04	2.662141e-14
1.149134e+04	2.581490e-14
1.149632e+04	2.503235e-14
1.150130e+04	2.427307e-14
1.150628e+04	2.353637e-14
1.151126e+04	2.282159e-14
1.151623e+04	2.212810e-14
1.152121e+04	2.145528e-14
1.152619e+04	2.080252e-14
1.153117e+04	2.016923e-14
1.153615e+04	1.955486e-14
1.154113e+04	1.895883e-14
1.154611e+04	1.838063e-14
1.155109e+04	1.781972e-14
1.155607e+04	1.727560e-14
1.156104e+04	1.674778e-14
1.156602e+04	1.623577e-14
1.157100e+04	1.573912e-14
1.157598e+04	1.525737e-14
1.158096e+04	1.479009e-14
1.158594e+04	1.433684e-14
1.159092e+04	1.389722e-14
1.159590e+04	1.347083e-14
1.160088e+04	1.305727e-14
1.160585e+04	1.265617e-14
1.161083e+04	1.226715e-14
1.161581e+04	1.188987e-14
1.162079e+04	1.152397e-14
1.162577e+04	1.116912e-14
1.163075e+04	1.082499e-14
1.163573e+04	1.049126e-14
1.164071e+04	1.016763e-14
1.164569e+04	9.853798e-15
1.165067e+04	9.549469e-15
1.165564e+04	9.254363e-15
1.166062e+04	8.968207e-15
1.166560e+04	8.690734e-15
1.167058e+04	8.421685e-15
1.167556e+04	8.160812e-15
1.168054e+04	7.907868e-15
1.168552e+04	7.662620e-15
1.169050e+04	7.424836e-15
1.169548e+04	7.194294e-15
1.170045e+04	6.970779e-15
1.170543e+04	6.754079e-15
1.171041e+04	6.543992e-15
1.171539e+04	6.340319e-15
1.172037e+04	6.142869e-15
1.172535e+04	5.951454e-15
1.173033e+04	5.765895e-15
1.173531e+04	5.586015e-15
1.174029e+04	5.411644e-15
1.174526e+04	5.242616e-15
1.175024e+04	5.078772e-15
1.175522e+04	4.919954e-15
1.176020e+04	4.766013e-15
1.176518e+04	4.616800e-15
1.177016e+04	4.472174e-15
1.177514e+04	4.331997e-15
1.178012e+04	4.196133e-15
1.178510e+04	4.064453e-15
1.179007e+04	3.936831e-15
1.179505e+04	3.813144e-15
1.180003e+04	3.693273e-15
1.180501e+04	3.577102e-15
1.180999e+04	3.464519e-15
1.181497e+04	3.355416e-15
1.181995e+04	3.249687e-15
1.182493e+04	3.147230e-15
1.182991e+04	3.047945e-15
1.183489e+04	2.951736e-15
1.183986e+04	2.858510e-15
1.184484e+04	2.768176e-15
1.184982e+04	2.680645e-15
1.185480e+04	2.595833e-15
1.185978e+04	2.513657e-15
1.186476e+04	2.434035e-15
1.186974e+04	2.356891e-15
1.187472e+04	2.282149e-15
1.187970e+04	2.209735e-15
1.188467e+04	2.139578e-15
1.188965e+04	2.071610e-15
1.189463e+04	2.005762e-15
1.189961e+04	1.941970e-15
1.190459e+04	1.880172e-15
1.190957e+04	1.820305e-15
1.191455e+04	1.762312e-15
1.191953e+04	1.706133e-15
1.192451e+04	1.651714e-15
1.192948e+04	1.599001e-15
1.193446e+04	1.547940e-15
1.193944e+04	1.498482e-15
1.194442e+04	1.450576e-15
1.194940e+04	1.404175e-15
1.195438e+04	1.359232e-15
1.195936e+04	1.315703e-15
1.196434e+04	1.273544e-15
1.196932e+04	1.232712e-15
1.197429e+04	1.193167e-15
1.197927e+04	1.154868e-15
1.198425e+04	1.117778e-15
1.198923e+04	1.081858e-15
1.199421e+04	1.047072e-15
1.199919e+04	1.013386e-15
1.200417e+04	9.807650e-16
1.200915e+04	9.491760e-16
1.201413e+04	9.185870e-16
1.201910e+04	8.889668e-16
1.202408e+04	8.602855e-16
1.202906e+04	8.325137e-16
1.203404e+04	8.056231e-16
1.203902e+04	7.795864e-16
1.204400e+04	7.543767e-16
1.204898e+04	7.299684e-16
1.205396e+04	7.063365e-16
1.205894e+04	6.834566e-16
1.206392e+04	6.613053e-16
1.206889e+04	6.398598e-16
1.207387e+04	6.190980e-16
1.207885e+04	5.989984e-16
1.208383e+04	5.795405e-16
1.208881e+04	5.607039e-16
1.209379e+04	5.424693e-16
1.209877e+04	5.248177e-16
1.210375e+04	5.077309e-16
1.210873e+04	4.911910e-16
1.211370e+04	4.751809e-16
1.211868e+04	4.596839e-16
1.212366e+04	4.446839e-16
1.212864e+04	4.301652e-16
1.213362e+04	4.161126e-16
1.213860e+04	4.025114e-16
1.214358e+04	3.893474e-16
1.214856e+04	3.766068e-16
1.215354e+04	3.642762e-16
1.215851e+04	3.523426e-16
1.216349e+04	3.407935e-16
1.216847e+04	3.296167e-16
1.217345e+04	3.188003e-16
1.217843e+04	3.083331e-16
1.218341e+04	2.982039e-16
1.218839e+04	2.884019e-16
1.219337e+04	2.789169e-16
1.219835e+04	2.697387e-16
1.220332e+04	2.608575e-16
1.220830e+04	2.522640e-16
1.221328e+04	2.439489e-16
1.221826e+04	2.359034e-16
1.222324e+04	2.281190e-16
1.222822e+04	2.205872e-16
1.223320e+04	2.133001e-16
1.223818e+04	2.062497e-16
1.224316e+04	1.994287e-16
1.224814e+04	1.928295e-16
1.225311e+04	1.864452e-16
1.225809e+04	1.802688e-16
1.226307e+04	1.742937e-16
1.226805e+04	1.685135e-16
1.227303e+04	1.629219e-16
1.227801e+04	1.575128e-16
1.228299e+04	1.522804e-16
1.228797e+04	1.472190e-16
1.229295e+04	1.423232e-16
1.229792e+04	1.375875e-16
1.230290e+04	1.330069e-16
1.230788e+04	1.285764e-16
1.231286e+04	1.242911e-16
1.231784e+04	1.201463e-16
1.232282e+04	1.161375e-16
1.232780e+04	1.122604e-16
1.233278e+04	1.085106e-16
1.233776e+04	1.048841e-16
1.234273e+04	1.013769e-16
1.234771e+04	9.798507e-17
1.235269e+04	9.470494e-17
1.235767e+04	9.153288e-17
1.236265e+04	8.846538e-17
1.236763e+04	8.549906e-17
1.237261e+04	8.263063e-17
1.237759e+04	7.985692e-17
1.238257e+04	7.717485e-17
1.238754e+04	7.458145e-17
1.239252e+04	7.207382e-17
1.239750e+04	6.964919e-17
1.240248e+04	6.730484e-17
1.240746e+04	6.503817e-17
1.241244e+04	6.284664e-17
1.241742e+04	6.072781e-17
1.242240e+04	5.867929e-17
1.242738e+04	5.669880e-17
1.243236e+04	5.478412e-17
1.243733e+04	5.293308e-17
1.244231e+04	5.114362e-17
1.244729e+04	4.941371e-17
1.245227e+04	4.774142e-17
1.245725e+04	4.612484e-17
1.246223e+04	4.456215e-17
1.246721e+04	4.305159e-17
1.247219e+04	4.159144e-17
1.247717e+04	4.018005e-17
1.248214e+04	3.881582e-17
1.248712e+04	3.749720e-17
1.249210e+04	3.622269e-17
1.249708e+04	3.499083e-17
1.250206e+04	3.380022e-17
1.250704e+04	3.264951e-17
1.251202e+04	3.153737e-17
1.251700e+04	3.046253e-17
1.252198e+04	2.942377e-17
1.252695e+04	2.841989e-17
1.253193e+04	2.744974e-17
1.253691e+04	2.651220e-17
1.254189e+04	2.560620e-17
1.254687e+04	2.473069e-17
1.255185e+04	2.388466e-17
1.255683e+04	2.306714e-17
1.256181e+04	2.227717e-17
1.256679e+04	2.151385e-17
1.257176e+04	2.077629e-17
1.257674e+04	2.006363e-17
1.258172e+04	1.937506e-17
1.258670e+04	1.870975e-17
1.259168e+04	1.806695e-17
1.259666e+04	1.744591e-17
1.260164e+04	1.684589e-17
1.260662e+04	1.626620e-17
1.261160e+04	1.570616e-17
1.261657e+04	1.516511e-17
1.262155e+04	1.464242e-17
1.262653e+04	1.413748e-17
1.263151e+04	1.364970e-17
1.263649e+04	1.317849e-17
1.264147e+04	1.272331e-17
1.264645e+04	1.228361e-17
1.265143e+04	1.185889e-17
1.265641e+04	1.144864e-17
1.266139e+04	1.105236e-17
1.266636e+04	1.066960e-17
1.267134e+04	1.029991e-17
1.267632e+04	9.942827e-18
1.268130e+04	9.597946e-18
1.268628e+04	9.264852e-18
1.269126e+04	8.943148e-18
1.269624e+04	8.632450e-18
1.270122e+04	8.332388e-18
1.270620e+04	8.042604e-18
1.271117e+04	7.762751e-18
1.271615e+04	7.492493e-18
1.272113e+04	7.231506e-18
1.272611e+04	6.979478e-18
1.273109e+04	6.736106e-18
1.273607e+04	6.501096e-18
1.274105e+04	6.274167e-18
1.274603e+04	6.055043e-18
1.275101e+04	5.843462e-18
1.275598e+04	5.639167e-18
1.276096e+04	5.441911e-18
1.276594e+04	5.251455e-18
1.277092e+04	5.067568e-18
1.277590e+04	4.890028e-18
1.278088e+04	4.718618e-18
1.278586e+04	4.553130e-18
1.279084e+04	4.393362e-18
1.279582e+04	4.239120e-18
1.280079e+04	4.090216e-18
1.280577e+04	3.946467e-18
1.281075e+04	3.807698e-18
1.281573e+04	3.673738e-18
1.282071e+04	3.544424e-18
1.282569e+04	3.419597e-18
1.283067e+04	3.299104e-18
1.283565e+04	3.182795e-18
1.284063e+04	3.070529e-18
1.284561e+04	2.962167e-18
1.285058e+04	2.857574e-18
1.285556e+04	2.756622e-18
1.286054e+04	2.659187e-18
1.286552e+04	2.565146e-18
1.287050e+04	2.474384e-18
1.287548e+04	2.386788e-18
1.288046e+04	2.302250e-18
1.288544e+04	2.220663e-18
1.289042e+04	2.141928e-18
1.289539e+04	2.065944e-18
1.290037e+04	1.992618e-18
1.290535e+04	1.921858e-18
1.291033e+04	1.853576e-18
1.291531e+04	1.787686e-18
1.292029e+04	1.724105e-18
1.292527e+04	1.662755e-18
1.293025e+04	1.603556e-18
1.293523e+04	1.546436e-18
1.294020e+04	1.491323e-18
1.294518e+04	1.438146e-18
1.295016e+04	1.386839e-18
1.295514e+04	1.337337e-18
1.296012e+04	1.289577e-18
1.296510e+04	1.243500e-18
1.297008e+04	1.199046e-18
1.297506e+04	1.156159e-18
1.298004e+04	1.114785e-18
1.298501e+04	1.074872e-18
1.298999e+04	1.036367e-18
1.299497e+04	9.992233e-19
1.299995e+04	9.633922e-19
1.300493e+04	9.288284e-19
1.300991e+04	8.954877e-19
1.301489e+04	8.633273e-19
1.301987e+04	8.323061e-19
1.302485e+04	8.023844e-19
1.302983e+04	7.735236e-19
1.303480e+04	7.456868e-19
1.303978e+04	7.188381e-19
1.304476e+04	6.929429e-19
1.304974e+04	6.679679e-19
1.305472e+04	6.438808e-19
1.305970e+04	6.206505e-19
1.306468e+04	5.982470e-19
1.306966e+04	5.766412e-19
1.307464e+04	5.558051e-19
1.307961e+04	5.357118e-19
1.308459e+04	5.163351e-19
1.308957e+04	4.976497e-19
1.309455e+04	4.796315e-19
1.309953e+04	4.622568e-19
1.310451e+04	4.455031e-19
1.310949e+04	4.293485e-19
1.311447e+04	4.137718e-19
1.311945e+04	3.987526e-19
1.312442e+04	3.842713e-19
1.312940e+04	3.703089e-19
1.313438e+04	3.568470e-19
1.313936e+04	3.438680e-19
1.314434e+04	3.313547e-19
1.314932e+04	3.192908e-19
1.315430e+04	3.076602e-19
1.315928e+04	2.964477e-19
1.316426e+04	2.856383e-19
1.316923e+04	2.752179e-19
1.317421e+04	2.651726e-19
1.317919e+04	2.554891e-19
1.318417e+04	2.461545e-19
1.318915e+04	2.371565e-19
1.319413e+04	2.284831e-19
1.319911e+04	2.201226e-19
1.320409e+04	2.120641e-19
1.320907e+04	2.042967e-19
1.321404e+04	1.968101e-19
1.321902e+04	1.895942e-19
1.322400e+04	1.826395e-19
1.322898e+04	1.759365e-19
1.323396e+04	1.694762e-19
1.323894e+04	1.632501e-19
1.324392e+04	1.572498e-19
1.324890e+04	1.514671e-19
1.325388e+04	1.458943e-19
1.325886e+04	1.405239e-19
1.326383e+04	1.353485e-19
1.326881e+04	1.303614e-19
1.327379e+04	1.255555e-19
1.327877e+04	1.209246e-19
1.328375e+04	1.164622e-19
1.328873e+04	1.121624e-19
1.329371e+04	1.080193e-19
1.329869e+04	1.040273e-19
1.330367e+04	1.001809e-19
1.330864e+04	9.647484e-20
1.331362e+04	9.290414e-20
1.331860e+04	8.946391e-20
1.332358e+04	8.614943e-20
1.332856e+04	8.295617e-20
1.333354e+04	7.987976e-20
1.333852e+04	7.691598e-20
1.334350e+04	7.406075e-20
1.334848e+04	7.131016e-20
1.335345e+04	6.866043e-20
1.335843e+04	6.610789e-20
1.336341e+04	6.364904e-20
1.336839e+04	6.128048e-20
1.337337e+04	5.899895e-20
1.337835e+04	5.680128e-20
1.338333e+04	5.468443e-20
1.338831e+04	5.264547e-20
1.339329e+04	5.068157e-20
1.339826e+04	4.879001e-20
1.340324e+04	4.696816e-20
1.340822e+04	4.521347e-20
1.341320e+04	4.352351e-20
1.341818e+04	4.189593e-20
1.342316e+04	4.032844e-20
1.342814e+04	3.881886e-20
1.343312e+04	3.736507e-20
1.343810e+04	3.596505e-20
1.344308e+04	3.461683e-20
1.344805e+04	3.331852e-20
1.345303e+04	3.206829e-20
1.345801e+04	3.086439e-20
1.346299e+04	2.970512e-20
1.346797e+04	2.858885e-20
1.347295e+04	2.751401e-20
1.347793e+04	2.647907e-20
1.348291e+04	2.548258e-20
1.348789e+04	2.452312e-20
1.349286e+04	2.359934e-20
1.349784e+04	2.270993e-20
1.350282e+04	2.185362e-20
1.350780e+04	2.102920e-20
1.351278e+04	2.023550e-20
1.351776e+04	1.947139e-20
1.352274e+04	1.873577e-20
1.352772e+04	1.802760e-20
1.353270e+04	1.734587e-20
1.353767e+04	1.668960e-20
1.354265e+04	1.605786e-20
1.354763e+04	1.544974e-20
1.355261e+04	1.486436e-20
1.355759e+04	1.430090e-20
1.356257e+04	1.375853e-20
1.356755e+04	1.323647e-20
1.357253e+04	1.273399e-20
1.357751e+04	1.225035e-20
1.358248e+04	1.178485e-20
1.358746e+04	1.133683e-20
1.359244e+04	1.090563e-20
1.359742e+04	1.049063e-20
1.360240e+04	1.009124e-20
1.360738e+04	9.706864e-21
1.361236e+04	9.336952e-21
1.361734e+04	8.980967e-21
1.362232e+04	8.638390e-21
1.362730e+04	8.308723e-21
1.363227e+04	7.991485e-21
1.363725e+04	7.686214e-21
1.364223e+04	7.392464e-21
1.364721e+04	7.109805e-21
1.365219e+04	6.837824e-21
1.365717e+04	6.576123e-21
1.366215e+04	6.324317e-21
1.366713e+04	6.082038e-21
1.367211e+04	5.848930e-21
1.367708e+04	5.624649e-21
1.368206e+04	5.408865e-21
1.368704e+04	5.201261e-21
1.369202e+04	5.001530e-21
1.369700e+04	4.809378e-21
1.370198e+04	4.624520e-21
1.370696e+04	4.446683e-21
1.371194e+04	4.275604e-21
1.371692e+04	4.111029e-21
1.372189e+04	3.952713e-21
1.372687e+04	3.800422e-21
1.373185e+04	3.653929e-21
1.373683e+04	3.513016e-21
1.374181e+04	3.377473e-21
1.374679e+04	3.247098e-21
1.375177e+04	3.121697e-21
1.375675e+04	3.001081e-21
1.376173e+04	2.885071e-21
1.376670e+04	2.773493e-21
1.377168e+04	2.666180e-21
1.377666e+04	2.562970e-21
1.378164e+04	2.463708e-21
1.378662e+04	2.368246e-21
1.379160e+04	2.276440e-21
1.379658e+04	2.188151e-21
1.380156e+04	2.103246e-21
1.380654e+04	2.021597e-21
1.381151e+04	1.943081e-21
1.381649e+04	1.867579e-21
1.382147e+04	1.794977e-21
1.382645e+04	1.725164e-21
1.383143e+04	1.658035e-21
1.383641e+04	1.593488e-21
1.384139e+04	1.531425e-21
1.384637e+04	1.471751e-21
1.385135e+04	1.414375e-21
1.385633e+04	1.359211e-21
1.386130e+04	1.306173e-21
1.386628e+04	1.255181e-21
1.387126e+04	1.206156e-21
1.387624e+04	1.159025e-21
1.388122e+04	1.113714e-21
1.388620e+04	1.070154e-21
1.389118e+04	1.028278e-21
1.389616e+04	9.880223e-22
1.390114e+04	9.493243e-22
1.390611e+04	9.121248e-22
1.391109e+04	8.763662e-22
1.391607e+04	8.419936e-22
1.392105e+04	8.089537e-22
1.392603e+04	7.771956e-22
1.393101e+04	7.466700e-22
1.393599e+04	7.173298e-22
1.394097e+04	6.891294e-22
1.394595e+04	6.620250e-22
1.395092e+04	6.359747e-22
1.395590e+04	6.109378e-22
1.396088e+04	5.868754e-22
1.396586e+04	5.637500e-22
1.397084e+04	5.415256e-22
1.397582e+04	5.201674e-22
1.398080e+04	4.996422e-22
1.398578e+04	4.799177e-22
1.399076e+04	4.609631e-22
1.399573e+04	4.427488e-22
1.400071e+04	4.252461e-22
1.400569e+04	4.084275e-22
1.401067e+04	3.922667e-22
1.401565e+04	3.767382e-22
1.402063e+04	3.618175e-22
1.402561e+04	3.474812e-22
1.403059e+04	3.337066e-22
1.403557e+04	3.204719e-22
1.404055e+04	3.077563e-22
1.404552e+04	2.955396e-22
1.405050e+04	2.838024e-22
1.405548e+04	2.725262e-22
1.406046e+04	2.616931e-22
1.406544e+04	2.512858e-22
1.407042e+04	2.412879e-22
1.407540e+04	2.316833e-22
1.408038e+04	2.224568e-22
1.408536e+04	2.135937e-22
1.409033e+04	2.050798e-22
1.409531e+04	1.969016e-22
1.410029e+04	1.890459e-22
1.410527e+04	1.815001e-22
1.411025e+04	1.742523e-22
1.411523e+04	1.672907e-22
1.412021e+04	1.606041e-22
1.412519e+04	1.541819e-22
1.413017e+04	1.480137e-22
1.413514e+04	1.420896e-22
1.414012e+04	1.364000e-22
1.414510e+04	1.309357e-22
1.415008e+04	1.256879e-22
1.415506e+04	1.206482e-22
1.416004e+04	1.158083e-22
1.416502e+04	1.111605e-22
1.417000e+04	1.066972e-22
1.417498e+04	1.024112e-22
1.417995e+04	9.829547e-23
1.418493e+04	9.434335e-23
1.418991e+04	9.054842e-23
1.419489e+04	8.690448e-23
1.419987e+04	8.340560e-23
1.420485e+04	8.004607e-23
1.420983e+04	7.682040e-23
1.421481e+04	7.372332e-23
1.421979e+04	7.074976e-23
1.422477e+04	6.789484e-23
1.422974e+04	6.515389e-23
1.423472e+04	6.252240e-23
1.423970e+04	5.999606e-23
1.424468e+04	5.757071e-23
1.424966e+04	5.524235e-23
1.425464e+04	5.300715e-23
1.425962e+04	5.086143e-23
1.426460e+04	4.880164e-23
1.426958e+04	4.682438e-23
1.427455e+04	4.492637e-23
1.427953e+04	4.310449e-23
1.428451e+04	4.135569e-23
1.428949e+04	3.967710e-23
1.429447e+04	3.806592e-23
1.429945e+04	3.651946e-23
1.430443e+04	3.503517e-23
1.430941e+04	3.361057e-23
1.431439e+04	3.224328e-23
1.431936e+04	3.093103e-23
1.432434e+04	2.967162e-23
1.432932e+04	2.846295e-23
1.433430e+04	2.730299e-23
1.433928e+04	2.618981e-23
1.434426e+04	2.512154e-23
1.434924e+04	2.409639e-23
1.435422e+04	2.311263e-23
1.435920e+04	2.216861e-23
1.436417e+04	2.126275e-23
1.436915e+04	2.039351e-23
1.437413e+04	1.955944e-23
1.437911e+04	1.875913e-23
1.438409e+04	1.799121e-23
1.438907e+04	1.725441e-23
1.439405e+04	1.654747e-23
1.439903e+04	1.586919e-23
1.440401e+04	1.521842e-23
1.440898e+04	1.459407e-23
1.441396e+04	1.399506e-23
1.441894e+04	1.342038e-23
1.442392e+04	1.286906e-23
1.442890e+04	1.234015e-23
1.443388e+04	1.183276e-23
1.443886e+04	1.134601e-23
1.444384e+04	1.087908e-23
1.444882e+04	1.043117e-23
1.445380e+04	1.000150e-23
1.445877e+04	9.589357e-24
1.446375e+04	9.194020e-24
1.446873e+04	8.814814e-24
1.447371e+04	8.451088e-24
1.447869e+04	8.102217e-24
1.448367e+04	7.767599e-24
1.448865e+04	7.446660e-24
1.449363e+04	7.138846e-24
1.449861e+04	6.843626e-24
1.450358e+04	6.560489e-24
1.450856e+04	6.288947e-24
1.451354e+04	6.028530e-24
1.451852e+04	5.778787e-24
1.452350e+04	5.539285e-24
1.452848e+04	5.309608e-24
1.453346e+04	5.089357e-24
1.453844e+04	4.878150e-24
1.454342e+04	4.675620e-24
1.454839e+04	4.481413e-24
1.455337e+04	4.295191e-24
1.455835e+04	4.116629e-24
1.456333e+04	3.945415e-24
1.456831e+04	3.781251e-24
1.457329e+04	3.623848e-24
1.457827e+04	3.472932e-24
1.458325e+04	3.328238e-24
1.458823e+04	3.189511e-24
1.459320e+04	3.056509e-24
1.459818e+04	2.928997e-24
1.460316e+04	2.806751e-24
1.460814e+04	2.689557e-24
1.461312e+04	2.577207e-24
1.461810e+04	2.469503e-24
1.462308e+04	2.366256e-24
1.462806e+04	2.267281e-24
1.463304e+04	2.172406e-24
1.463802e+04	2.081461e-24
1.464299e+04	1.994286e-24
1.464797e+04	1.910725e-24
1.465295e+04	1.830631e-24
1.465793e+04	1.753861e-24
1.466291e+04	1.680278e-24
1.466789e+04	1.609752e-24
1.467287e+04	1.542157e-24
1.467785e+04	1.477372e-24
1.468283e+04	1.415282e-24
1.468780e+04	1.355776e-24
1.469278e+04	1.298747e-24
1.469776e+04	1.244093e-24
1.470274e+04	1.191716e-24
1.470772e+04	1.141523e-24
1.471270e+04	1.093423e-24
1.471768e+04	1.047330e-24
1.472266e+04	1.003161e-24
1.472764e+04	9.608368e-25
1.473261e+04	9.202805e-25
1.473759e+04	8.814194e-25
1.474257e+04	8.441832e-25
1.474755e+04	8.085048e-25
1.475253e+04	7.743195e-25
1.475751e+04	7.415656e-25
1.476249e+04	7.101838e-25
1.476747e+04	6.801170e-25
1.477245e+04	6.513108e-25
1.477742e+04	6.237128e-25
1.478240e+04	5.972729e-25
1.478738e+04	5.719429e-25
1.479236e+04	5.476768e-25
1.479734e+04	5.244303e-25
1.480232e+04	5.021609e-25
1.480730e+04	4.808281e-25
1.481228e+04	4.603927e-25
1.481726e+04	4.408175e-25
1.482224e+04	4.220667e-25
1.482721e+04	4.041057e-25
1.483219e+04	3.869017e-25
1.483717e+04	3.704231e-25
1.484215e+04	3.546396e-25
1.484713e+04	3.395222e-25
1.485211e+04	3.250430e-25
1.485709e+04	3.111754e-25
1.486207e+04	2.978938e-25
1.486705e+04	2.851737e-25
1.487202e+04	2.729915e-25
1.487700e+04	2.613248e-25
1.488198e+04	2.501519e-25
1.488696e+04	2.394521e-25
1.489194e+04	2.292057e-25
1.489692e+04	2.193936e-25
1.490190e+04	2.099975e-25
1.490688e+04	2.010000e-25
1.491186e+04	1.923844e-25
1.491683e+04	1.841345e-25
1.492181e+04	1.762351e-25
1.492679e+04	1.686714e-25
1.493177e+04	1.614292e-25
1.493675e+04	1.544951e-25
1.494173e+04	1.478560e-25
1.494671e+04	1.414995e-25
1.495169e+04	1.354137e-25
1.495667e+04	1.295872e-25
1.496164e+04	1.240090e-25
1.496662e+04	1.186688e-25
1.497160e+04	1.135563e-25
1.497658e+04	1.086620e-25
1.498156e+04	1.039767e-25
1.498654e+04	9.949148e-26
1.499152e+04	9.519797e-26
1.499650e+04	9.108801e-26
1.500148e+04	8.715383e-26
1.500645e+04	8.338799e-26
1.501143e+04	7.978335e-26
1.501641e+04	7.633308e-26
1.502139e+04	7.303064e-26
1.502637e+04	6.986974e-26
1.503135e+04	6.684438e-26
1.503633e+04	6.394881e-26
1.504131e+04	6.117750e-26
1.504629e+04	5.852518e-26
1.505127e+04	5.598679e-26
1.505624e+04	5.355748e-26
1.506122e+04	5.123261e-26
1.506620e+04	4.900772e-26
1.507118e+04	4.687857e-26
1.507616e+04	4.484106e-26
1.508114e+04	4.289130e-26
1.508612e+04	4.102554e-26
1.509110e+04	3.924019e-26
1.509608e+04	3.753182e-26
1.510105e+04	3.589715e-26
1.510603e+04	3.433303e-26
1.511101e+04	3.283643e-26
1.511599e+04	3.140447e-26
1.512097e+04	3.003439e-26
1.512595e+04	2.872354e-26
1.513093e+04	2.746938e-26
1.513591e+04	2.626947e-26
1.514089e+04	2.512151e-26
1.514586e+04	2.402325e-26
1.515084e+04	2.297258e-26
1.515582e+04	2.196743e-26
1.516080e+04	2.100587e-26
1.516578e+04	2.008602e-26
1.517076e+04	1.920608e-26
1.517574e+04	1.836434e-26
1.518072e+04	1.755916e-26
1.518570e+04	1.678896e-26
1.519067e+04	1.605224e-26
1.519565e+04	1.534756e-26
1.520063e+04	1.467353e-26
1.520561e+04	1.402884e-26
1.521059e+04	1.341222e-26
1.521557e+04	1.282246e-26
1.522055e+04	1.225840e-26
1.522553e+04	1.171893e-26
1.523051e+04	1.120299e-26
1.523549e+04	1.070956e-26
1.524046e+04	1.023766e-26
1.524544e+04	9.786379e-27
1.525042e+04	9.354810e-27
1.525540e+04	8.942102e-27
1.526038e+04	8.547440e-27
1.526536e+04	8.170041e-27
1.527034e+04	7.809157e-27
1.527532e+04	7.464072e-27
1.528030e+04	7.134101e-27
1.528527e+04	6.818588e-27
1.529025e+04	6.516905e-27
1.529523e+04	6.228452e-27
1.530021e+04	5.952653e-27
1.530519e+04	5.688958e-27
1.531017e+04	5.436842e-27
1.531515e+04	5.195800e-27
1.532013e+04	4.965350e-27
1.532511e+04	4.745031e-27
1.533008e+04	4.534402e-27
1.533506e+04	4.333040e-27
1.534004e+04	4.140542e-27
1.534502e+04	3.956521e-27
1.535000e+04	3.780606e-27
1.535498e+04	3.612444e-27
1.535996e+04	3.451697e-27
1.536494e+04	3.298039e-27
1.536992e+04	3.151163e-27
1.537489e+04	3.010770e-27
1.537987e+04	2.876577e-27
1.538485e+04	2.748314e-27
1.538983e+04	2.625719e-27
1.539481e+04	2.508546e-27
1.539979e+04	2.396556e-27
1.540477e+04	2.289522e-27
1.540975e+04	2.187227e-27
1.541473e+04	2.089462e-27
1.541971e+04	1.996030e-27
1.542468e+04	1.906739e-27
1.542966e+04	1.821409e-27
1.543464e+04	1.739863e-27
1.543962e+04	1.661937e-27
1.544460e+04	1.587472e-27
1.544958e+04	1.516313e-27
1.545456e+04	1.448317e-27
1.545954e+04	1.383344e-27
1.546452e+04	1.321261e-27
1.546949e+04	1.261940e-27
1.547447e+04	1.205259e-27
1.547945e+04	1.151102e-27
1.548443e+04	1.099358e-27
1.548941e+04	1.049920e-27
1.549439e+04	1.002686e-27
1.549937e+04	9.575594e-28
1.550435e+04	9.144459e-28
1.550933e+04	8.732570e-28
1.551430e+04	8.339076e-28
1.551928e+04	7.963161e-28
1.552426e+04	7.604047e-28
1.552924e+04	7.260991e-28
1.553422e+04	6.933280e-28
1.553920e+04	6.620234e-28
1.554418e+04	6.321202e-28
1.554916e+04	6.035562e-28
1.555414e+04	5.762721e-28
1.555911e+04	5.502109e-28
1.556409e+04	5.253183e-28
1.556907e+04	5.015424e-28
1.557405e+04	4.788335e-28
1.557903e+04	4.571441e-28
1.558401e+04	4.364288e-28
1.558899e+04	4.166444e-28
1.559397e+04	3.977493e-28
1.559895e+04	3.797039e-28
1.560392e+04	3.624703e-28
1.560890e+04	3.460123e-28
1.561388e+04	3.302953e-28
1.561886e+04	3.152863e-28
1.562384e+04	3.009535e-28
1.562882e+04	2.872669e-28
1.563380e+04	2.741975e-28
1.563878e+04	2.617177e-28
1.564376e+04	2.498012e-28
1.564874e+04	2.384227e-28
1.565371e+04	2.275582e-28
1.565869e+04	2.171847e-28
1.566367e+04	2.072801e-28
1.566865e+04	1.978235e-28
1.567363e+04	1.887947e-28
1.567861e+04	1.801745e-28
1.568359e+04	1.719447e-28
1.568857e+04	1.640877e-28
1.569355e+04	1.565867e-28
1.569852e+04	1.494258e-28
1.570350e+04	1.425896e-28
1.570848e+04	1.360637e-28
1.571346e+04	1.298339e-28
1.571844e+04	1.238870e-28
1.572342e+04	1.182103e-28
1.572840e+04	1.127915e-28
1.573338e+04	1.076191e-28
1.573836e+04	1.026819e-28
1.574333e+04	9.796942e-29
1.574831e+04	9.347139e-29
1.575329e+04	8.917820e-29
1.575827e+04	8.508057e-29
1.576325e+04	8.116968e-29
1.576823e+04	7.743710e-29
1.577321e+04	7.387475e-29
1.577819e+04	7.047495e-29
1.578317e+04	6.723033e-29
1.578814e+04	6.413387e-29
1.579312e+04	6.117887e-29
