# # p(y | x = 5.100000e-01)
# # y_val	p(y|x)
0.000000e+00	2.818920e-07
4.978917e+00	2.850329e-07
9.957833e+00	2.882066e-07
1.493675e+01	2.914136e-07
1.991567e+01	2.946540e-07
2.489458e+01	2.979282e-07
2.987350e+01	3.012366e-07
3.485242e+01	3.045794e-07
3.983133e+01	3.079571e-07
4.481025e+01	3.113699e-07
4.978917e+01	3.148182e-07
5.476808e+01	3.183023e-07
5.974700e+01	3.218225e-07
6.472592e+01	3.253793e-07
6.970483e+01	3.289729e-07
7.468375e+01	3.326038e-07
7.966267e+01	3.362722e-07
8.464158e+01	3.399785e-07
8.962050e+01	3.437232e-07
9.459942e+01	3.475065e-07
9.957833e+01	3.513288e-07
1.045573e+02	3.551905e-07
1.095362e+02	3.590920e-07
1.145151e+02	3.630337e-07
1.194940e+02	3.670159e-07
1.244729e+02	3.710390e-07
1.294518e+02	3.751035e-07
1.344308e+02	3.792096e-07
1.394097e+02	3.833578e-07
1.443886e+02	3.875486e-07
1.493675e+02	3.917822e-07
1.543464e+02	3.960591e-07
1.593253e+02	4.003797e-07
1.643043e+02	4.047445e-07
1.692832e+02	4.091538e-07
1.742621e+02	4.136081e-07
1.792410e+02	4.181077e-07
1.842199e+02	4.226532e-07
1.891988e+02	4.272448e-07
1.941778e+02	4.318832e-07
1.991567e+02	4.365687e-07
2.041356e+02	4.413017e-07
2.091145e+02	4.460827e-07
2.140934e+02	4.509121e-07
2.190723e+02	4.557905e-07
2.240513e+02	4.607182e-07
2.290302e+02	4.656957e-07
2.340091e+02	4.707235e-07
2.389880e+02	4.758020e-07
2.439669e+02	4.809317e-07
2.489458e+02	4.861132e-07
2.539248e+02	4.913467e-07
2.589037e+02	4.966330e-07
2.638826e+02	5.019724e-07
2.688615e+02	5.073654e-07
2.738404e+02	5.128125e-07
2.788193e+02	5.183143e-07
2.837983e+02	5.238712e-07
2.887772e+02	5.294837e-07
2.937561e+02	5.351524e-07
2.987350e+02	5.408778e-07
3.037139e+02	5.466603e-07
3.086928e+02	5.525006e-07
3.136718e+02	5.583990e-07
3.186507e+02	5.643563e-07
3.236296e+02	5.703729e-07
3.286085e+02	5.764493e-07
3.335874e+02	5.825861e-07
3.385663e+02	5.887839e-07
3.435453e+02	5.950432e-07
3.485242e+02	6.013646e-07
3.535031e+02	6.077486e-07
3.584820e+02	6.141958e-07
3.634609e+02	6.207067e-07
3.684398e+02	6.272821e-07
3.734188e+02	6.339223e-07
3.783977e+02	6.406281e-07
3.833766e+02	6.474000e-07
3.883555e+02	6.542387e-07
3.933344e+02	6.611446e-07
3.983133e+02	6.681185e-07
4.032923e+02	6.751609e-07
4.082712e+02	6.822725e-07
4.132501e+02	6.894538e-07
4.182290e+02	6.967056e-07
4.232079e+02	7.040284e-07
4.281868e+02	7.114229e-07
4.331658e+02	7.188897e-07
4.381447e+02	7.264294e-07
4.431236e+02	7.340428e-07
4.481025e+02	7.417304e-07
4.530814e+02	7.494930e-07
4.580603e+02	7.573312e-07
4.630393e+02	7.652457e-07
4.680182e+02	7.732371e-07
4.729971e+02	7.813062e-07
4.779760e+02	7.894536e-07
4.829549e+02	7.976800e-07
4.879338e+02	8.059862e-07
4.929128e+02	8.143727e-07
4.978917e+02	8.228405e-07
5.028706e+02	8.313901e-07
5.078495e+02	8.400222e-07
5.128284e+02	8.487377e-07
5.178073e+02	8.575373e-07
5.227863e+02	8.664216e-07
5.277652e+02	8.753915e-07
5.327441e+02	8.844476e-07
5.377230e+02	8.935908e-07
5.427019e+02	9.028218e-07
5.476808e+02	9.121413e-07
5.526598e+02	9.215502e-07
5.576387e+02	9.310493e-07
5.626176e+02	9.406392e-07
5.675965e+02	9.503209e-07
5.725754e+02	9.600951e-07
5.775543e+02	9.699626e-07
5.825333e+02	9.799242e-07
5.875122e+02	9.899807e-07
5.924911e+02	1.000133e-06
5.974700e+02	1.010382e-06
6.024489e+02	1.020728e-06
6.074278e+02	1.031173e-06
6.124068e+02	1.041717e-06
6.173857e+02	1.052360e-06
6.223646e+02	1.063105e-06
6.273435e+02	1.073951e-06
6.323224e+02	1.084900e-06
6.373013e+02	1.095952e-06
6.422803e+02	1.107109e-06
6.472592e+02	1.118371e-06
6.522381e+02	1.129739e-06
6.572170e+02	1.141214e-06
6.621959e+02	1.152798e-06
6.671748e+02	1.164490e-06
6.721538e+02	1.176292e-06
6.771327e+02	1.188204e-06
6.821116e+02	1.200229e-06
6.870905e+02	1.212366e-06
6.920694e+02	1.224616e-06
6.970483e+02	1.236982e-06
7.020273e+02	1.249463e-06
7.070062e+02	1.262060e-06
7.119851e+02	1.274775e-06
7.169640e+02	1.287608e-06
7.219429e+02	1.300561e-06
7.269218e+02	1.313635e-06
7.319008e+02	1.326830e-06
7.368797e+02	1.340147e-06
7.418586e+02	1.353589e-06
7.468375e+02	1.367154e-06
7.518164e+02	1.380846e-06
7.567953e+02	1.394664e-06
7.617743e+02	1.408610e-06
7.667532e+02	1.422685e-06
7.717321e+02	1.436890e-06
7.767110e+02	1.451226e-06
7.816899e+02	1.465694e-06
7.866688e+02	1.480295e-06
7.916478e+02	1.495031e-06
7.966267e+02	1.509902e-06
8.016056e+02	1.524910e-06
8.065845e+02	1.540055e-06
8.115634e+02	1.555339e-06
8.165423e+02	1.570764e-06
8.215213e+02	1.586329e-06
8.265002e+02	1.602037e-06
8.314791e+02	1.617888e-06
8.364580e+02	1.633884e-06
8.414369e+02	1.650026e-06
8.464158e+02	1.666314e-06
8.513948e+02	1.682752e-06
8.563737e+02	1.699338e-06
8.613526e+02	1.716076e-06
8.663315e+02	1.732965e-06
8.713104e+02	1.750007e-06
8.762893e+02	1.767204e-06
8.812683e+02	1.784557e-06
8.862472e+02	1.802067e-06
8.912261e+02	1.819735e-06
8.962050e+02	1.837562e-06
9.011839e+02	1.855551e-06
9.061628e+02	1.873701e-06
9.111418e+02	1.892015e-06
9.161207e+02	1.910494e-06
9.210996e+02	1.929139e-06
9.260785e+02	1.947951e-06
9.310574e+02	1.966932e-06
9.360363e+02	1.986084e-06
9.410153e+02	2.005407e-06
9.459942e+02	2.024903e-06
9.509731e+02	2.044573e-06
9.559520e+02	2.064419e-06
9.609309e+02	2.084442e-06
9.659098e+02	2.104643e-06
9.708888e+02	2.125025e-06
9.758677e+02	2.145588e-06
9.808466e+02	2.166334e-06
9.858255e+02	2.187264e-06
9.908044e+02	2.208380e-06
9.957833e+02	2.229683e-06
1.000762e+03	2.251175e-06
1.005741e+03	2.272857e-06
1.010720e+03	2.294731e-06
1.015699e+03	2.316799e-06
1.020678e+03	2.339061e-06
1.025657e+03	2.361519e-06
1.030636e+03	2.384176e-06
1.035615e+03	2.407031e-06
1.040594e+03	2.430088e-06
1.045573e+03	2.453348e-06
1.050551e+03	2.476811e-06
1.055530e+03	2.500481e-06
1.060509e+03	2.524358e-06
1.065488e+03	2.548444e-06
1.070467e+03	2.572740e-06
1.075446e+03	2.597249e-06
1.080425e+03	2.621972e-06
1.085404e+03	2.646911e-06
1.090383e+03	2.672066e-06
1.095362e+03	2.697441e-06
1.100341e+03	2.723037e-06
1.105320e+03	2.748855e-06
1.110298e+03	2.774897e-06
1.115277e+03	2.801165e-06
1.120256e+03	2.827661e-06
1.125235e+03	2.854386e-06
1.130214e+03	2.881342e-06
1.135193e+03	2.908531e-06
1.140172e+03	2.935955e-06
1.145151e+03	2.963615e-06
1.150130e+03	2.991514e-06
1.155109e+03	3.019653e-06
1.160088e+03	3.048034e-06
1.165067e+03	3.076659e-06
1.170045e+03	3.105529e-06
1.175024e+03	3.134647e-06
1.180003e+03	3.164015e-06
1.184982e+03	3.193634e-06
1.189961e+03	3.223506e-06
1.194940e+03	3.253633e-06
1.199919e+03	3.284018e-06
1.204898e+03	3.314662e-06
1.209877e+03	3.345567e-06
1.214856e+03	3.376734e-06
1.219835e+03	3.408167e-06
1.224814e+03	3.439867e-06
1.229792e+03	3.471836e-06
1.234771e+03	3.504076e-06
1.239750e+03	3.536588e-06
1.244729e+03	3.569377e-06
1.249708e+03	3.602442e-06
1.254687e+03	3.635786e-06
1.259666e+03	3.669412e-06
1.264645e+03	3.703321e-06
1.269624e+03	3.737516e-06
1.274603e+03	3.771999e-06
1.279582e+03	3.806771e-06
1.284561e+03	3.841835e-06
1.289539e+03	3.877194e-06
1.294518e+03	3.912849e-06
1.299497e+03	3.948802e-06
1.304476e+03	3.985056e-06
1.309455e+03	4.021613e-06
1.314434e+03	4.058475e-06
1.319413e+03	4.095644e-06
1.324392e+03	4.133124e-06
1.329371e+03	4.170915e-06
1.334350e+03	4.209020e-06
1.339329e+03	4.247442e-06
1.344308e+03	4.286183e-06
1.349286e+03	4.325245e-06
1.354265e+03	4.364630e-06
1.359244e+03	4.404341e-06
1.364223e+03	4.444381e-06
1.369202e+03	4.484751e-06
1.374181e+03	4.525454e-06
1.379160e+03	4.566493e-06
1.384139e+03	4.607870e-06
1.389118e+03	4.649586e-06
1.394097e+03	4.691646e-06
1.399076e+03	4.734051e-06
1.404055e+03	4.776804e-06
1.409033e+03	4.819907e-06
1.414012e+03	4.863362e-06
1.418991e+03	4.907173e-06
1.423970e+03	4.951342e-06
1.428949e+03	4.995871e-06
1.433928e+03	5.040763e-06
1.438907e+03	5.086021e-06
1.443886e+03	5.131647e-06
1.448865e+03	5.177644e-06
1.453844e+03	5.224014e-06
1.458823e+03	5.270760e-06
1.463802e+03	5.317885e-06
1.468780e+03	5.365391e-06
1.473759e+03	5.413282e-06
1.478738e+03	5.461559e-06
1.483717e+03	5.510226e-06
1.488696e+03	5.559285e-06
1.493675e+03	5.608739e-06
1.498654e+03	5.658591e-06
1.503633e+03	5.708844e-06
1.508612e+03	5.759500e-06
1.513591e+03	5.810562e-06
1.518570e+03	5.862034e-06
1.523549e+03	5.913917e-06
1.528527e+03	5.966216e-06
1.533506e+03	6.018932e-06
1.538485e+03	6.072068e-06
1.543464e+03	6.125628e-06
1.548443e+03	6.179615e-06
1.553422e+03	6.234031e-06
1.558401e+03	6.288880e-06
1.563380e+03	6.344163e-06
1.568359e+03	6.399886e-06
1.573338e+03	6.456049e-06
1.578317e+03	6.512657e-06
1.583296e+03	6.569713e-06
1.588274e+03	6.627219e-06
1.593253e+03	6.685178e-06
1.598232e+03	6.743595e-06
1.603211e+03	6.802471e-06
1.608190e+03	6.861810e-06
1.613169e+03	6.921616e-06
1.618148e+03	6.981891e-06
1.623127e+03	7.042638e-06
1.628106e+03	7.103861e-06
1.633085e+03	7.165563e-06
1.638064e+03	7.227747e-06
1.643043e+03	7.290416e-06
1.648021e+03	7.353574e-06
1.653000e+03	7.417224e-06
1.657979e+03	7.481369e-06
1.662958e+03	7.546013e-06
1.667937e+03	7.611159e-06
1.672916e+03	7.676811e-06
1.677895e+03	7.742970e-06
1.682874e+03	7.809642e-06
1.687853e+03	7.876830e-06
1.692832e+03	7.944536e-06
1.697811e+03	8.012765e-06
1.702790e+03	8.081520e-06
1.707768e+03	8.150804e-06
1.712747e+03	8.220621e-06
1.717726e+03	8.290974e-06
1.722705e+03	8.361867e-06
1.727684e+03	8.433303e-06
1.732663e+03	8.505287e-06
1.737642e+03	8.577821e-06
1.742621e+03	8.650909e-06
1.747600e+03	8.724555e-06
1.752579e+03	8.798763e-06
1.757558e+03	8.873536e-06
1.762537e+03	8.948878e-06
1.767515e+03	9.024792e-06
1.772494e+03	9.101283e-06
1.777473e+03	9.178353e-06
1.782452e+03	9.256008e-06
1.787431e+03	9.334250e-06
1.792410e+03	9.413083e-06
1.797389e+03	9.492512e-06
1.802368e+03	9.572539e-06
1.807347e+03	9.653170e-06
1.812326e+03	9.734407e-06
1.817305e+03	9.816255e-06
1.822284e+03	9.898717e-06
1.827262e+03	9.981798e-06
1.832241e+03	1.006550e-05
1.837220e+03	1.014983e-05
1.842199e+03	1.023479e-05
1.847178e+03	1.032039e-05
1.852157e+03	1.040662e-05
1.857136e+03	1.049349e-05
1.862115e+03	1.058102e-05
1.867094e+03	1.066919e-05
1.872073e+03	1.075802e-05
1.877052e+03	1.084750e-05
1.882031e+03	1.093765e-05
1.887009e+03	1.102847e-05
1.891988e+03	1.111995e-05
1.896967e+03	1.121212e-05
1.901946e+03	1.130496e-05
1.906925e+03	1.139849e-05
1.911904e+03	1.149270e-05
1.916883e+03	1.158761e-05
1.921862e+03	1.168322e-05
1.926841e+03	1.177952e-05
1.931820e+03	1.187653e-05
1.936799e+03	1.197425e-05
1.941778e+03	1.207269e-05
1.946756e+03	1.217184e-05
1.951735e+03	1.227172e-05
1.956714e+03	1.237232e-05
1.961693e+03	1.247366e-05
1.966672e+03	1.257573e-05
1.971651e+03	1.267855e-05
1.976630e+03	1.278211e-05
1.981609e+03	1.288642e-05
1.986588e+03	1.299148e-05
1.991567e+03	1.309730e-05
1.996546e+03	1.320389e-05
2.001525e+03	1.331125e-05
2.006503e+03	1.341938e-05
2.011482e+03	1.352828e-05
2.016461e+03	1.363797e-05
2.021440e+03	1.374845e-05
2.026419e+03	1.385971e-05
2.031398e+03	1.397178e-05
2.036377e+03	1.408464e-05
2.041356e+03	1.419831e-05
2.046335e+03	1.431280e-05
2.051314e+03	1.442810e-05
2.056293e+03	1.454421e-05
2.061272e+03	1.466116e-05
2.066250e+03	1.477893e-05
2.071229e+03	1.489754e-05
2.076208e+03	1.501699e-05
2.081187e+03	1.513729e-05
2.086166e+03	1.525843e-05
2.091145e+03	1.538043e-05
2.096124e+03	1.550330e-05
2.101103e+03	1.562702e-05
2.106082e+03	1.575162e-05
2.111061e+03	1.587709e-05
2.116040e+03	1.600344e-05
2.121019e+03	1.613068e-05
2.125997e+03	1.625881e-05
2.130976e+03	1.638783e-05
2.135955e+03	1.651776e-05
2.140934e+03	1.664859e-05
2.145913e+03	1.678033e-05
2.150892e+03	1.691299e-05
2.155871e+03	1.704657e-05
2.160850e+03	1.718108e-05
2.165829e+03	1.731652e-05
2.170808e+03	1.745290e-05
2.175787e+03	1.759022e-05
2.180766e+03	1.772849e-05
2.185744e+03	1.786772e-05
2.190723e+03	1.800790e-05
2.195702e+03	1.814905e-05
2.200681e+03	1.829117e-05
2.205660e+03	1.843426e-05
2.210639e+03	1.857834e-05
2.215618e+03	1.872340e-05
2.220597e+03	1.886946e-05
2.225576e+03	1.901651e-05
2.230555e+03	1.916457e-05
2.235534e+03	1.931363e-05
2.240513e+03	1.946372e-05
2.245491e+03	1.961482e-05
2.250470e+03	1.976694e-05
2.255449e+03	1.992010e-05
2.260428e+03	2.007430e-05
2.265407e+03	2.022954e-05
2.270386e+03	2.038582e-05
2.275365e+03	2.054317e-05
2.280344e+03	2.070157e-05
2.285323e+03	2.086104e-05
2.290302e+03	2.102158e-05
2.295281e+03	2.118320e-05
2.300260e+03	2.134590e-05
2.305238e+03	2.150969e-05
2.310217e+03	2.167458e-05
2.315196e+03	2.184057e-05
2.320175e+03	2.200767e-05
2.325154e+03	2.217588e-05
2.330133e+03	2.234521e-05
2.335112e+03	2.251566e-05
2.340091e+03	2.268725e-05
2.345070e+03	2.285998e-05
2.350049e+03	2.303384e-05
2.355028e+03	2.320886e-05
2.360007e+03	2.338504e-05
2.364985e+03	2.356237e-05
2.369964e+03	2.374088e-05
2.374943e+03	2.392056e-05
2.379922e+03	2.410141e-05
2.384901e+03	2.428346e-05
2.389880e+03	2.446670e-05
2.394859e+03	2.465114e-05
2.399838e+03	2.483678e-05
2.404817e+03	2.502364e-05
2.409796e+03	2.521171e-05
2.414775e+03	2.540101e-05
2.419754e+03	2.559154e-05
2.424732e+03	2.578331e-05
2.429711e+03	2.597632e-05
2.434690e+03	2.617058e-05
2.439669e+03	2.636610e-05
2.444648e+03	2.656288e-05
2.449627e+03	2.676093e-05
2.454606e+03	2.696025e-05
2.459585e+03	2.716086e-05
2.464564e+03	2.736276e-05
2.469543e+03	2.756595e-05
2.474522e+03	2.777045e-05
2.479501e+03	2.797625e-05
2.484479e+03	2.818338e-05
2.489458e+03	2.839182e-05
2.494437e+03	2.860159e-05
2.499416e+03	2.881270e-05
2.504395e+03	2.902515e-05
2.509374e+03	2.923895e-05
2.514353e+03	2.945410e-05
2.519332e+03	2.967062e-05
2.524311e+03	2.988850e-05
2.529290e+03	3.010776e-05
2.534269e+03	3.032841e-05
2.539248e+03	3.055044e-05
2.544226e+03	3.077388e-05
2.549205e+03	3.099871e-05
2.554184e+03	3.122496e-05
2.559163e+03	3.145262e-05
2.564142e+03	3.168171e-05
2.569121e+03	3.191222e-05
2.574100e+03	3.214418e-05
2.579079e+03	3.237758e-05
2.584058e+03	3.261243e-05
2.589037e+03	3.284875e-05
2.594016e+03	3.308653e-05
2.598995e+03	3.332578e-05
2.603973e+03	3.356651e-05
2.608952e+03	3.380873e-05
2.613931e+03	3.405245e-05
2.618910e+03	3.429766e-05
2.623889e+03	3.454439e-05
2.628868e+03	3.479263e-05
2.633847e+03	3.504239e-05
2.638826e+03	3.529369e-05
2.643805e+03	3.554652e-05
2.648784e+03	3.580090e-05
2.653763e+03	3.605683e-05
2.658742e+03	3.631432e-05
2.663720e+03	3.657337e-05
2.668699e+03	3.683400e-05
2.673678e+03	3.709621e-05
2.678657e+03	3.736001e-05
2.683636e+03	3.762541e-05
2.688615e+03	3.789241e-05
2.693594e+03	3.816102e-05
2.698573e+03	3.843125e-05
2.703552e+03	3.870310e-05
2.708531e+03	3.897659e-05
2.713510e+03	3.925172e-05
2.718489e+03	3.952849e-05
2.723467e+03	3.980692e-05
2.728446e+03	4.008702e-05
2.733425e+03	4.036878e-05
2.738404e+03	4.065223e-05
2.743383e+03	4.093735e-05
2.748362e+03	4.122418e-05
2.753341e+03	4.151270e-05
2.758320e+03	4.180293e-05
2.763299e+03	4.209488e-05
2.768278e+03	4.238855e-05
2.773257e+03	4.268395e-05
2.778236e+03	4.298109e-05
2.783214e+03	4.327998e-05
2.788193e+03	4.358062e-05
2.793172e+03	4.388302e-05
2.798151e+03	4.418719e-05
2.803130e+03	4.449315e-05
2.808109e+03	4.480088e-05
2.813088e+03	4.511041e-05
2.818067e+03	4.542174e-05
2.823046e+03	4.573488e-05
2.828025e+03	4.604983e-05
2.833004e+03	4.636661e-05
2.837983e+03	4.668522e-05
2.842961e+03	4.700567e-05
2.847940e+03	4.732796e-05
2.852919e+03	4.765212e-05
2.857898e+03	4.797813e-05
2.862877e+03	4.830602e-05
2.867856e+03	4.863578e-05
2.872835e+03	4.896744e-05
2.877814e+03	4.930099e-05
2.882793e+03	4.963644e-05
2.887772e+03	4.997380e-05
2.892751e+03	5.031308e-05
2.897730e+03	5.065428e-05
2.902708e+03	5.099742e-05
2.907687e+03	5.134251e-05
2.912666e+03	5.168954e-05
2.917645e+03	5.203853e-05
2.922624e+03	5.238949e-05
2.927603e+03	5.274243e-05
2.932582e+03	5.309734e-05
2.937561e+03	5.345425e-05
2.942540e+03	5.381316e-05
2.947519e+03	5.417407e-05
2.952498e+03	5.453700e-05
2.957477e+03	5.490195e-05
2.962455e+03	5.526893e-05
2.967434e+03	5.563795e-05
2.972413e+03	5.600902e-05
2.977392e+03	5.638214e-05
2.982371e+03	5.675733e-05
2.987350e+03	5.713459e-05
2.992329e+03	5.751392e-05
2.997308e+03	5.789535e-05
3.002287e+03	5.827887e-05
3.007266e+03	5.866450e-05
3.012245e+03	5.905224e-05
3.017224e+03	5.944210e-05
3.022202e+03	5.983409e-05
3.027181e+03	6.022821e-05
3.032160e+03	6.062448e-05
3.037139e+03	6.102290e-05
3.042118e+03	6.142349e-05
3.047097e+03	6.182624e-05
3.052076e+03	6.223118e-05
3.057055e+03	6.263830e-05
3.062034e+03	6.304761e-05
3.067013e+03	6.345913e-05
3.071992e+03	6.387285e-05
3.076971e+03	6.428880e-05
3.081949e+03	6.470697e-05
3.086928e+03	6.512738e-05
3.091907e+03	6.555003e-05
3.096886e+03	6.597494e-05
3.101865e+03	6.640210e-05
3.106844e+03	6.683154e-05
3.111823e+03	6.726325e-05
3.116802e+03	6.769724e-05
3.121781e+03	6.813353e-05
3.126760e+03	6.857212e-05
3.131739e+03	6.901303e-05
3.136718e+03	6.945624e-05
3.141696e+03	6.990179e-05
3.146675e+03	7.034967e-05
3.151654e+03	7.079989e-05
3.156633e+03	7.125247e-05
3.161612e+03	7.170740e-05
3.166591e+03	7.216471e-05
3.171570e+03	7.262438e-05
3.176549e+03	7.308645e-05
3.181528e+03	7.355090e-05
3.186507e+03	7.401776e-05
3.191486e+03	7.448702e-05
3.196465e+03	7.495871e-05
3.201443e+03	7.543282e-05
3.206422e+03	7.590936e-05
3.211401e+03	7.638834e-05
3.216380e+03	7.686978e-05
3.221359e+03	7.735367e-05
3.226338e+03	7.784004e-05
3.231317e+03	7.832887e-05
3.236296e+03	7.882019e-05
3.241275e+03	7.931401e-05
3.246254e+03	7.981032e-05
3.251233e+03	8.030914e-05
3.256212e+03	8.081048e-05
3.261190e+03	8.131434e-05
3.266169e+03	8.182074e-05
3.271148e+03	8.232967e-05
3.276127e+03	8.284116e-05
3.281106e+03	8.335520e-05
3.286085e+03	8.387181e-05
3.291064e+03	8.439099e-05
3.296043e+03	8.491276e-05
3.301022e+03	8.543712e-05
3.306001e+03	8.596407e-05
3.310980e+03	8.649363e-05
3.315959e+03	8.702581e-05
3.320937e+03	8.756061e-05
3.325916e+03	8.809804e-05
3.330895e+03	8.863811e-05
3.335874e+03	8.918083e-05
3.340853e+03	8.972620e-05
3.345832e+03	9.027423e-05
3.350811e+03	9.082494e-05
3.355790e+03	9.137833e-05
3.360769e+03	9.193441e-05
3.365748e+03	9.249318e-05
3.370727e+03	9.305465e-05
3.375706e+03	9.361884e-05
3.380684e+03	9.418575e-05
3.385663e+03	9.475538e-05
3.390642e+03	9.532776e-05
3.395621e+03	9.590287e-05
3.400600e+03	9.648074e-05
3.405579e+03	9.706137e-05
3.410558e+03	9.764476e-05
3.415537e+03	9.823094e-05
3.420516e+03	9.881989e-05
3.425495e+03	9.941164e-05
3.430474e+03	1.000062e-04
3.435453e+03	1.006035e-04
3.440431e+03	1.012037e-04
3.445410e+03	1.018067e-04
3.450389e+03	1.024125e-04
3.455368e+03	1.030212e-04
3.460347e+03	1.036327e-04
3.465326e+03	1.042471e-04
3.470305e+03	1.048643e-04
3.475284e+03	1.054844e-04
3.480263e+03	1.061074e-04
3.485242e+03	1.067332e-04
3.490221e+03	1.073620e-04
3.495200e+03	1.079936e-04
3.500178e+03	1.086282e-04
3.505157e+03	1.092656e-04
3.510136e+03	1.099060e-04
3.515115e+03	1.105494e-04
3.520094e+03	1.111956e-04
3.525073e+03	1.118449e-04
3.530052e+03	1.124970e-04
3.535031e+03	1.131522e-04
3.540010e+03	1.138102e-04
3.544989e+03	1.144713e-04
3.549968e+03	1.151354e-04
3.554947e+03	1.158024e-04
3.559925e+03	1.164725e-04
3.564904e+03	1.171455e-04
3.569883e+03	1.178216e-04
3.574862e+03	1.185007e-04
3.579841e+03	1.191828e-04
3.584820e+03	1.198679e-04
3.589799e+03	1.205561e-04
3.594778e+03	1.212474e-04
3.599757e+03	1.219417e-04
3.604736e+03	1.226390e-04
3.609715e+03	1.233394e-04
3.614694e+03	1.240429e-04
3.619672e+03	1.247495e-04
3.624651e+03	1.254592e-04
3.629630e+03	1.261720e-04
3.634609e+03	1.268879e-04
3.639588e+03	1.276069e-04
3.644567e+03	1.283290e-04
3.649546e+03	1.290542e-04
3.654525e+03	1.297826e-04
3.659504e+03	1.305141e-04
3.664483e+03	1.312488e-04
3.669462e+03	1.319866e-04
3.674441e+03	1.327276e-04
3.679419e+03	1.334718e-04
3.684398e+03	1.342191e-04
3.689377e+03	1.349696e-04
3.694356e+03	1.357233e-04
3.699335e+03	1.364801e-04
3.704314e+03	1.372402e-04
3.709293e+03	1.380035e-04
3.714272e+03	1.387700e-04
3.719251e+03	1.395397e-04
3.724230e+03	1.403127e-04
3.729209e+03	1.410889e-04
3.734188e+03	1.418683e-04
3.739166e+03	1.426509e-04
3.744145e+03	1.434368e-04
3.749124e+03	1.442260e-04
3.754103e+03	1.450184e-04
3.759082e+03	1.458141e-04
3.764061e+03	1.466131e-04
3.769040e+03	1.474154e-04
3.774019e+03	1.482209e-04
3.778998e+03	1.490298e-04
3.783977e+03	1.498419e-04
3.788956e+03	1.506573e-04
3.793935e+03	1.514761e-04
3.798913e+03	1.522982e-04
3.803892e+03	1.531236e-04
3.808871e+03	1.539523e-04
3.813850e+03	1.547843e-04
3.818829e+03	1.556197e-04
3.823808e+03	1.564585e-04
3.828787e+03	1.573005e-04
3.833766e+03	1.581460e-04
3.838745e+03	1.589948e-04
3.843724e+03	1.598470e-04
3.848703e+03	1.607025e-04
3.853682e+03	1.615614e-04
3.858660e+03	1.624237e-04
3.863639e+03	1.632894e-04
3.868618e+03	1.641585e-04
3.873597e+03	1.650310e-04
3.878576e+03	1.659069e-04
3.883555e+03	1.667862e-04
3.888534e+03	1.676689e-04
3.893513e+03	1.685550e-04
3.898492e+03	1.694446e-04
3.903471e+03	1.703375e-04
3.908450e+03	1.712339e-04
3.913429e+03	1.721338e-04
3.918407e+03	1.730371e-04
3.923386e+03	1.739438e-04
3.928365e+03	1.748540e-04
3.933344e+03	1.757676e-04
3.938323e+03	1.766847e-04
3.943302e+03	1.776053e-04
3.948281e+03	1.785293e-04
3.953260e+03	1.794568e-04
3.958239e+03	1.803878e-04
3.963218e+03	1.813222e-04
3.968197e+03	1.822602e-04
3.973176e+03	1.832016e-04
3.978154e+03	1.841466e-04
3.983133e+03	1.850950e-04
3.988112e+03	1.860469e-04
3.993091e+03	1.870023e-04
3.998070e+03	1.879613e-04
4.003049e+03	1.889237e-04
4.008028e+03	1.898897e-04
4.013007e+03	1.908592e-04
4.017986e+03	1.918322e-04
4.022965e+03	1.928087e-04
4.027944e+03	1.937888e-04
4.032923e+03	1.947724e-04
4.037901e+03	1.957595e-04
4.042880e+03	1.967502e-04
4.047859e+03	1.977444e-04
4.052838e+03	1.987421e-04
4.057817e+03	1.997435e-04
4.062796e+03	2.007483e-04
4.067775e+03	2.017567e-04
4.072754e+03	2.027687e-04
4.077733e+03	2.037842e-04
4.082712e+03	2.048033e-04
4.087691e+03	2.058260e-04
4.092670e+03	2.068522e-04
4.097648e+03	2.078820e-04
4.102627e+03	2.089154e-04
4.107606e+03	2.099523e-04
4.112585e+03	2.109928e-04
4.117564e+03	2.120369e-04
4.122543e+03	2.130846e-04
4.127522e+03	2.141359e-04
4.132501e+03	2.151908e-04
4.137480e+03	2.162492e-04
4.142459e+03	2.173112e-04
4.147438e+03	2.183768e-04
4.152417e+03	2.194461e-04
4.157395e+03	2.205189e-04
4.162374e+03	2.215953e-04
4.167353e+03	2.226753e-04
4.172332e+03	2.237589e-04
4.177311e+03	2.248461e-04
4.182290e+03	2.259369e-04
4.187269e+03	2.270313e-04
4.192248e+03	2.281293e-04
4.197227e+03	2.292309e-04
4.202206e+03	2.303362e-04
4.207185e+03	2.314450e-04
4.212164e+03	2.325574e-04
4.217142e+03	2.336735e-04
4.222121e+03	2.347931e-04
4.227100e+03	2.359164e-04
4.232079e+03	2.370433e-04
4.237058e+03	2.381738e-04
4.242037e+03	2.393079e-04
4.247016e+03	2.404456e-04
4.251995e+03	2.415869e-04
4.256974e+03	2.427318e-04
4.261953e+03	2.438804e-04
4.266932e+03	2.450325e-04
4.271911e+03	2.461883e-04
4.276889e+03	2.473477e-04
4.281868e+03	2.485107e-04
4.286847e+03	2.496773e-04
4.291826e+03	2.508475e-04
4.296805e+03	2.520213e-04
4.301784e+03	2.531988e-04
4.306763e+03	2.543798e-04
4.311742e+03	2.555645e-04
4.316721e+03	2.567527e-04
4.321700e+03	2.579446e-04
4.326679e+03	2.591401e-04
4.331658e+03	2.603391e-04
4.336636e+03	2.615418e-04
4.341615e+03	2.627481e-04
4.346594e+03	2.639580e-04
4.351573e+03	2.651715e-04
4.356552e+03	2.663885e-04
4.361531e+03	2.676092e-04
4.366510e+03	2.688335e-04
4.371489e+03	2.700613e-04
4.376468e+03	2.712928e-04
4.381447e+03	2.725278e-04
4.386426e+03	2.737664e-04
4.391405e+03	2.750086e-04
4.396383e+03	2.762544e-04
4.401362e+03	2.775038e-04
4.406341e+03	2.787567e-04
4.411320e+03	2.800132e-04
4.416299e+03	2.812733e-04
4.421278e+03	2.825370e-04
4.426257e+03	2.838042e-04
4.431236e+03	2.850750e-04
4.436215e+03	2.863493e-04
4.441194e+03	2.876272e-04
4.446173e+03	2.889087e-04
4.451152e+03	2.901937e-04
4.456130e+03	2.914822e-04
4.461109e+03	2.927743e-04
4.466088e+03	2.940700e-04
4.471067e+03	2.953691e-04
4.476046e+03	2.966718e-04
4.481025e+03	2.979781e-04
4.486004e+03	2.992878e-04
4.490983e+03	3.006011e-04
4.495962e+03	3.019179e-04
4.500941e+03	3.032382e-04
4.505920e+03	3.045620e-04
4.510899e+03	3.058894e-04
4.515877e+03	3.072202e-04
4.520856e+03	3.085545e-04
4.525835e+03	3.098923e-04
4.530814e+03	3.112336e-04
4.535793e+03	3.125784e-04
4.540772e+03	3.139266e-04
4.545751e+03	3.152783e-04
4.550730e+03	3.166335e-04
4.555709e+03	3.179922e-04
4.560688e+03	3.193543e-04
4.565667e+03	3.207198e-04
4.570646e+03	3.220888e-04
4.575624e+03	3.234612e-04
4.580603e+03	3.248371e-04
4.585582e+03	3.262164e-04
4.590561e+03	3.275991e-04
4.595540e+03	3.289852e-04
4.600519e+03	3.303747e-04
4.605498e+03	3.317676e-04
4.610477e+03	3.331639e-04
4.615456e+03	3.345637e-04
4.620435e+03	3.359667e-04
4.625414e+03	3.373732e-04
4.630393e+03	3.387830e-04
4.635371e+03	3.401962e-04
4.640350e+03	3.416128e-04
4.645329e+03	3.430327e-04
4.650308e+03	3.444559e-04
4.655287e+03	3.458825e-04
4.660266e+03	3.473123e-04
4.665245e+03	3.487456e-04
4.670224e+03	3.501821e-04
4.675203e+03	3.516219e-04
4.680182e+03	3.530650e-04
4.685161e+03	3.545114e-04
4.690140e+03	3.559611e-04
4.695118e+03	3.574140e-04
4.700097e+03	3.588702e-04
4.705076e+03	3.603297e-04
4.710055e+03	3.617924e-04
4.715034e+03	3.632583e-04
4.720013e+03	3.647275e-04
4.724992e+03	3.661998e-04
4.729971e+03	3.676754e-04
4.734950e+03	3.691542e-04
4.739929e+03	3.706362e-04
4.744908e+03	3.721214e-04
4.749887e+03	3.736097e-04
4.754865e+03	3.751012e-04
4.759844e+03	3.765958e-04
4.764823e+03	3.780936e-04
4.769802e+03	3.795946e-04
4.774781e+03	3.810986e-04
4.779760e+03	3.826058e-04
4.784739e+03	3.841160e-04
4.789718e+03	3.856294e-04
4.794697e+03	3.871458e-04
4.799676e+03	3.886653e-04
4.804655e+03	3.901879e-04
4.809634e+03	3.917135e-04
4.814612e+03	3.932422e-04
4.819591e+03	3.947739e-04
4.824570e+03	3.963086e-04
4.829549e+03	3.978463e-04
4.834528e+03	3.993870e-04
4.839507e+03	4.009307e-04
4.844486e+03	4.024774e-04
4.849465e+03	4.040270e-04
4.854444e+03	4.055796e-04
4.859423e+03	4.071352e-04
4.864402e+03	4.086936e-04
4.869381e+03	4.102550e-04
4.874359e+03	4.118192e-04
4.879338e+03	4.133864e-04
4.884317e+03	4.149564e-04
4.889296e+03	4.165293e-04
4.894275e+03	4.181050e-04
4.899254e+03	4.196836e-04
4.904233e+03	4.212650e-04
4.909212e+03	4.228492e-04
4.914191e+03	4.244363e-04
4.919170e+03	4.260261e-04
4.924149e+03	4.276187e-04
4.929128e+03	4.292140e-04
4.934106e+03	4.308121e-04
4.939085e+03	4.324129e-04
4.944064e+03	4.340165e-04
4.949043e+03	4.356227e-04
4.954022e+03	4.372317e-04
4.959001e+03	4.388433e-04
4.963980e+03	4.404576e-04
4.968959e+03	4.420745e-04
4.973938e+03	4.436941e-04
4.978917e+03	4.453163e-04
4.983896e+03	4.469411e-04
4.988875e+03	4.485685e-04
4.993853e+03	4.501984e-04
4.998832e+03	4.518310e-04
5.003811e+03	4.534660e-04
5.008790e+03	4.551036e-04
5.013769e+03	4.567438e-04
5.018748e+03	4.583864e-04
5.023727e+03	4.600315e-04
5.028706e+03	4.616791e-04
5.033685e+03	4.633291e-04
5.038664e+03	4.649816e-04
5.043643e+03	4.666365e-04
5.048622e+03	4.682938e-04
5.053600e+03	4.699535e-04
5.058579e+03	4.716155e-04
5.063558e+03	4.732800e-04
5.068537e+03	4.749467e-04
5.073516e+03	4.766158e-04
5.078495e+03	4.782872e-04
5.083474e+03	4.799609e-04
5.088453e+03	4.816369e-04
5.093432e+03	4.833151e-04
5.098411e+03	4.849955e-04
5.103390e+03	4.866782e-04
5.108369e+03	4.883631e-04
5.113347e+03	4.900502e-04
5.118326e+03	4.917394e-04
5.123305e+03	4.934308e-04
5.128284e+03	4.951244e-04
5.133263e+03	4.968200e-04
5.138242e+03	4.985178e-04
5.143221e+03	5.002176e-04
5.148200e+03	5.019195e-04
5.153179e+03	5.036234e-04
5.158158e+03	5.053294e-04
5.163137e+03	5.070373e-04
5.168116e+03	5.087473e-04
5.173094e+03	5.104592e-04
5.178073e+03	5.121731e-04
5.183052e+03	5.138889e-04
5.188031e+03	5.156066e-04
5.193010e+03	5.173262e-04
5.197989e+03	5.190477e-04
5.202968e+03	5.207711e-04
5.207947e+03	5.224963e-04
5.212926e+03	5.242232e-04
5.217905e+03	5.259520e-04
5.222884e+03	5.276826e-04
5.227863e+03	5.294149e-04
5.232841e+03	5.311490e-04
5.237820e+03	5.328848e-04
5.242799e+03	5.346222e-04
5.247778e+03	5.363614e-04
5.252757e+03	5.381022e-04
5.257736e+03	5.398446e-04
5.262715e+03	5.415886e-04
5.267694e+03	5.433343e-04
5.272673e+03	5.450815e-04
5.277652e+03	5.468303e-04
5.282631e+03	5.485805e-04
5.287610e+03	5.503323e-04
5.292588e+03	5.520856e-04
5.297567e+03	5.538404e-04
5.302546e+03	5.555966e-04
5.307525e+03	5.573542e-04
5.312504e+03	5.591132e-04
5.317483e+03	5.608736e-04
5.322462e+03	5.626354e-04
5.327441e+03	5.643985e-04
5.332420e+03	5.661629e-04
5.337399e+03	5.679286e-04
5.342378e+03	5.696956e-04
5.347357e+03	5.714638e-04
5.352335e+03	5.732332e-04
5.357314e+03	5.750039e-04
5.362293e+03	5.767757e-04
5.367272e+03	5.785487e-04
5.372251e+03	5.803228e-04
5.377230e+03	5.820980e-04
5.382209e+03	5.838743e-04
5.387188e+03	5.856517e-04
5.392167e+03	5.874301e-04
5.397146e+03	5.892095e-04
5.402125e+03	5.909899e-04
5.407104e+03	5.927713e-04
5.412082e+03	5.945537e-04
5.417061e+03	5.963369e-04
5.422040e+03	5.981211e-04
5.427019e+03	5.999061e-04
5.431998e+03	6.016920e-04
5.436977e+03	6.034787e-04
5.441956e+03	6.052662e-04
5.446935e+03	6.070545e-04
5.451914e+03	6.088436e-04
5.456893e+03	6.106334e-04
5.461872e+03	6.124239e-04
5.466851e+03	6.142150e-04
5.471829e+03	6.160069e-04
5.476808e+03	6.177993e-04
5.481787e+03	6.195924e-04
5.486766e+03	6.213860e-04
5.491745e+03	6.231802e-04
5.496724e+03	6.249750e-04
5.501703e+03	6.267702e-04
5.506682e+03	6.285660e-04
5.511661e+03	6.303621e-04
5.516640e+03	6.321587e-04
5.521619e+03	6.339558e-04
5.526598e+03	6.357532e-04
5.531576e+03	6.375509e-04
5.536555e+03	6.393490e-04
5.541534e+03	6.411474e-04
5.546513e+03	6.429460e-04
5.551492e+03	6.447449e-04
5.556471e+03	6.465440e-04
5.561450e+03	6.483434e-04
5.566429e+03	6.501429e-04
5.571408e+03	6.519425e-04
5.576387e+03	6.537423e-04
5.581366e+03	6.555421e-04
5.586345e+03	6.573420e-04
5.591323e+03	6.591420e-04
5.596302e+03	6.609419e-04
5.601281e+03	6.627419e-04
5.606260e+03	6.645418e-04
5.611239e+03	6.663417e-04
5.616218e+03	6.681414e-04
5.621197e+03	6.699410e-04
5.626176e+03	6.717405e-04
5.631155e+03	6.735398e-04
5.636134e+03	6.753389e-04
5.641113e+03	6.771378e-04
5.646092e+03	6.789364e-04
5.651070e+03	6.807347e-04
5.656049e+03	6.825327e-04
5.661028e+03	6.843304e-04
5.666007e+03	6.861277e-04
5.670986e+03	6.879245e-04
5.675965e+03	6.897210e-04
5.680944e+03	6.915170e-04
5.685923e+03	6.933126e-04
5.690902e+03	6.951076e-04
5.695881e+03	6.969021e-04
5.700860e+03	6.986960e-04
5.705839e+03	7.004894e-04
5.710817e+03	7.022821e-04
5.715796e+03	7.040742e-04
5.720775e+03	7.058655e-04
5.725754e+03	7.076562e-04
5.730733e+03	7.094462e-04
5.735712e+03	7.112354e-04
5.740691e+03	7.130238e-04
5.745670e+03	7.148113e-04
5.750649e+03	7.165981e-04
5.755628e+03	7.183839e-04
5.760607e+03	7.201688e-04
5.765586e+03	7.219529e-04
5.770564e+03	7.237359e-04
5.775543e+03	7.255179e-04
5.780522e+03	7.272990e-04
5.785501e+03	7.290789e-04
5.790480e+03	7.308578e-04
5.795459e+03	7.326356e-04
5.800438e+03	7.344123e-04
5.805417e+03	7.361877e-04
5.810396e+03	7.379620e-04
5.815375e+03	7.397351e-04
5.820354e+03	7.415069e-04
5.825333e+03	7.432774e-04
5.830311e+03	7.450466e-04
5.835290e+03	7.468144e-04
5.840269e+03	7.485809e-04
5.845248e+03	7.503460e-04
5.850227e+03	7.521096e-04
5.855206e+03	7.538718e-04
5.860185e+03	7.556325e-04
5.865164e+03	7.573917e-04
5.870143e+03	7.591493e-04
5.875122e+03	7.609053e-04
5.880101e+03	7.626598e-04
5.885080e+03	7.644125e-04
5.890058e+03	7.661637e-04
5.895037e+03	7.679131e-04
5.900016e+03	7.696608e-04
5.904995e+03	7.714067e-04
5.909974e+03	7.731508e-04
5.914953e+03	7.748931e-04
5.919932e+03	7.766336e-04
5.924911e+03	7.783721e-04
5.929890e+03	7.801088e-04
5.934869e+03	7.818435e-04
5.939848e+03	7.835763e-04
5.944827e+03	7.853070e-04
5.949805e+03	7.870358e-04
5.954784e+03	7.887624e-04
5.959763e+03	7.904870e-04
5.964742e+03	7.922094e-04
5.969721e+03	7.939297e-04
5.974700e+03	7.956478e-04
5.979679e+03	7.973637e-04
5.984658e+03	7.990774e-04
5.989637e+03	8.007888e-04
5.994616e+03	8.024978e-04
5.999595e+03	8.042046e-04
6.004574e+03	8.059090e-04
6.009552e+03	8.076109e-04
6.014531e+03	8.093105e-04
6.019510e+03	8.110076e-04
6.024489e+03	8.127022e-04
6.029468e+03	8.143943e-04
6.034447e+03	8.160838e-04
6.039426e+03	8.177708e-04
6.044405e+03	8.194552e-04
6.049384e+03	8.211369e-04
6.054363e+03	8.228159e-04
6.059342e+03	8.244923e-04
6.064321e+03	8.261659e-04
6.069299e+03	8.278368e-04
6.074278e+03	8.295049e-04
6.079257e+03	8.311701e-04
6.084236e+03	8.328325e-04
6.089215e+03	8.344920e-04
6.094194e+03	8.361486e-04
6.099173e+03	8.378023e-04
6.104152e+03	8.394530e-04
6.109131e+03	8.411006e-04
6.114110e+03	8.427453e-04
6.119089e+03	8.443869e-04
6.124068e+03	8.460253e-04
6.129046e+03	8.476607e-04
6.134025e+03	8.492929e-04
6.139004e+03	8.509219e-04
6.143983e+03	8.525477e-04
6.148962e+03	8.541703e-04
6.153941e+03	8.557895e-04
6.158920e+03	8.574055e-04
6.163899e+03	8.590181e-04
6.168878e+03	8.606274e-04
6.173857e+03	8.622332e-04
6.178836e+03	8.638357e-04
6.183815e+03	8.654346e-04
6.188793e+03	8.670301e-04
6.193772e+03	8.686221e-04
6.198751e+03	8.702105e-04
6.203730e+03	8.717953e-04
6.208709e+03	8.733765e-04
6.213688e+03	8.749541e-04
6.218667e+03	8.765280e-04
6.223646e+03	8.780982e-04
6.228625e+03	8.796647e-04
6.233604e+03	8.812274e-04
6.238583e+03	8.827863e-04
6.243562e+03	8.843414e-04
6.248540e+03	8.858927e-04
6.253519e+03	8.874401e-04
6.258498e+03	8.889835e-04
6.263477e+03	8.905230e-04
6.268456e+03	8.920586e-04
6.273435e+03	8.935901e-04
6.278414e+03	8.951177e-04
6.283393e+03	8.966411e-04
6.288372e+03	8.981605e-04
6.293351e+03	8.996758e-04
6.298330e+03	9.011869e-04
6.303309e+03	9.026938e-04
6.308287e+03	9.041966e-04
6.313266e+03	9.056950e-04
6.318245e+03	9.071893e-04
6.323224e+03	9.086792e-04
6.328203e+03	9.101648e-04
6.333182e+03	9.116461e-04
6.338161e+03	9.131230e-04
6.343140e+03	9.145954e-04
6.348119e+03	9.160635e-04
6.353098e+03	9.175270e-04
6.358077e+03	9.189861e-04
6.363056e+03	9.204406e-04
6.368034e+03	9.218906e-04
6.373013e+03	9.233360e-04
6.377992e+03	9.247768e-04
6.382971e+03	9.262129e-04
6.387950e+03	9.276444e-04
6.392929e+03	9.290712e-04
6.397908e+03	9.304932e-04
6.402887e+03	9.319105e-04
6.407866e+03	9.333230e-04
6.412845e+03	9.347307e-04
6.417824e+03	9.361335e-04
6.422803e+03	9.375315e-04
6.427781e+03	9.389246e-04
6.432760e+03	9.403128e-04
6.437739e+03	9.416960e-04
6.442718e+03	9.430742e-04
6.447697e+03	9.444474e-04
6.452676e+03	9.458156e-04
6.457655e+03	9.471787e-04
6.462634e+03	9.485368e-04
6.467613e+03	9.498897e-04
6.472592e+03	9.512375e-04
6.477571e+03	9.525800e-04
6.482550e+03	9.539174e-04
6.487528e+03	9.552496e-04
6.492507e+03	9.565765e-04
6.497486e+03	9.578981e-04
6.502465e+03	9.592145e-04
6.507444e+03	9.605254e-04
6.512423e+03	9.618311e-04
6.517402e+03	9.631313e-04
6.522381e+03	9.644261e-04
6.527360e+03	9.657155e-04
6.532339e+03	9.669994e-04
6.537318e+03	9.682778e-04
6.542297e+03	9.695506e-04
6.547275e+03	9.708180e-04
6.552254e+03	9.720797e-04
6.557233e+03	9.733359e-04
6.562212e+03	9.745864e-04
6.567191e+03	9.758313e-04
6.572170e+03	9.770705e-04
6.577149e+03	9.783040e-04
6.582128e+03	9.795318e-04
6.587107e+03	9.807538e-04
6.592086e+03	9.819700e-04
6.597065e+03	9.831805e-04
6.602044e+03	9.843851e-04
6.607022e+03	9.855838e-04
6.612001e+03	9.867767e-04
6.616980e+03	9.879636e-04
6.621959e+03	9.891446e-04
6.626938e+03	9.903197e-04
6.631917e+03	9.914888e-04
6.636896e+03	9.926519e-04
6.641875e+03	9.938090e-04
6.646854e+03	9.949600e-04
6.651833e+03	9.961049e-04
6.656812e+03	9.972437e-04
6.661791e+03	9.983764e-04
6.666769e+03	9.995030e-04
6.671748e+03	1.000623e-03
6.676727e+03	1.001738e-03
6.681706e+03	1.002846e-03
6.686685e+03	1.003947e-03
6.691664e+03	1.005043e-03
6.696643e+03	1.006132e-03
6.701622e+03	1.007215e-03
6.706601e+03	1.008291e-03
6.711580e+03	1.009361e-03
6.716559e+03	1.010425e-03
6.721538e+03	1.011483e-03
6.726516e+03	1.012534e-03
6.731495e+03	1.013578e-03
6.736474e+03	1.014616e-03
6.741453e+03	1.015648e-03
6.746432e+03	1.016673e-03
6.751411e+03	1.017691e-03
6.756390e+03	1.018703e-03
6.761369e+03	1.019709e-03
6.766348e+03	1.020707e-03
6.771327e+03	1.021700e-03
6.776306e+03	1.022685e-03
6.781285e+03	1.023664e-03
6.786263e+03	1.024636e-03
6.791242e+03	1.025601e-03
6.796221e+03	1.026560e-03
6.801200e+03	1.027512e-03
6.806179e+03	1.028457e-03
6.811158e+03	1.029396e-03
6.816137e+03	1.030327e-03
6.821116e+03	1.031252e-03
6.826095e+03	1.032170e-03
6.831074e+03	1.033081e-03
6.836053e+03	1.033985e-03
6.841032e+03	1.034883e-03
6.846010e+03	1.035773e-03
6.850989e+03	1.036656e-03
6.855968e+03	1.037533e-03
6.860947e+03	1.038402e-03
6.865926e+03	1.039265e-03
6.870905e+03	1.040120e-03
6.875884e+03	1.040969e-03
6.880863e+03	1.041810e-03
6.885842e+03	1.042644e-03
6.890821e+03	1.043471e-03
6.895800e+03	1.044291e-03
6.900779e+03	1.045104e-03
6.905757e+03	1.045910e-03
6.910736e+03	1.046709e-03
6.915715e+03	1.047500e-03
6.920694e+03	1.048284e-03
6.925673e+03	1.049061e-03
6.930652e+03	1.049831e-03
6.935631e+03	1.050594e-03
6.940610e+03	1.051349e-03
6.945589e+03	1.052097e-03
6.950568e+03	1.052838e-03
6.955547e+03	1.053571e-03
6.960526e+03	1.054297e-03
6.965504e+03	1.055016e-03
6.970483e+03	1.055727e-03
6.975462e+03	1.056431e-03
6.980441e+03	1.057127e-03
6.985420e+03	1.057817e-03
6.990399e+03	1.058498e-03
6.995378e+03	1.059173e-03
7.000357e+03	1.059839e-03
7.005336e+03	1.060499e-03
7.010315e+03	1.061151e-03
7.015294e+03	1.061795e-03
7.020273e+03	1.062432e-03
7.025251e+03	1.063061e-03
7.030230e+03	1.063683e-03
7.035209e+03	1.064297e-03
7.040188e+03	1.064904e-03
7.045167e+03	1.065503e-03
7.050146e+03	1.066094e-03
7.055125e+03	1.066678e-03
7.060104e+03	1.067255e-03
7.065083e+03	1.067823e-03
7.070062e+03	1.068384e-03
7.075041e+03	1.068938e-03
7.080020e+03	1.069483e-03
7.084998e+03	1.070021e-03
7.089977e+03	1.070552e-03
7.094956e+03	1.071074e-03
7.099935e+03	1.071589e-03
7.104914e+03	1.072096e-03
7.109893e+03	1.072596e-03
7.114872e+03	1.073087e-03
7.119851e+03	1.073571e-03
7.124830e+03	1.074047e-03
7.129809e+03	1.074516e-03
7.134788e+03	1.074976e-03
7.139767e+03	1.075429e-03
7.144745e+03	1.075874e-03
7.149724e+03	1.076311e-03
7.154703e+03	1.076740e-03
7.159682e+03	1.077162e-03
7.164661e+03	1.077575e-03
7.169640e+03	1.077981e-03
7.174619e+03	1.078379e-03
7.179598e+03	1.078769e-03
7.184577e+03	1.079151e-03
7.189556e+03	1.079525e-03
7.194535e+03	1.079892e-03
7.199514e+03	1.080250e-03
7.204492e+03	1.080600e-03
7.209471e+03	1.080943e-03
7.214450e+03	1.081278e-03
7.219429e+03	1.081604e-03
7.224408e+03	1.081923e-03
7.229387e+03	1.082234e-03
7.234366e+03	1.082537e-03
7.239345e+03	1.082831e-03
7.244324e+03	1.083118e-03
7.249303e+03	1.083397e-03
7.254282e+03	1.083668e-03
7.259261e+03	1.083931e-03
7.264239e+03	1.084186e-03
7.269218e+03	1.084433e-03
7.274197e+03	1.084672e-03
7.279176e+03	1.084902e-03
7.284155e+03	1.085125e-03
7.289134e+03	1.085340e-03
7.294113e+03	1.085547e-03
7.299092e+03	1.085746e-03
7.304071e+03	1.085936e-03
7.309050e+03	1.086119e-03
7.314029e+03	1.086293e-03
7.319008e+03	1.086460e-03
7.323986e+03	1.086618e-03
7.328965e+03	1.086769e-03
7.333944e+03	1.086911e-03
7.338923e+03	1.087046e-03
7.343902e+03	1.087172e-03
7.348881e+03	1.087290e-03
7.353860e+03	1.087400e-03
7.358839e+03	1.087502e-03
7.363818e+03	1.087596e-03
7.368797e+03	1.087682e-03
7.373776e+03	1.087759e-03
7.378755e+03	1.087829e-03
7.383733e+03	1.087891e-03
7.388712e+03	1.087944e-03
7.393691e+03	1.087990e-03
7.398670e+03	1.088027e-03
7.403649e+03	1.088056e-03
7.408628e+03	1.088077e-03
7.413607e+03	1.088090e-03
7.418586e+03	1.088095e-03
7.423565e+03	1.088092e-03
7.428544e+03	1.088081e-03
7.433523e+03	1.088061e-03
7.438502e+03	1.088034e-03
7.443480e+03	1.087998e-03
7.448459e+03	1.087955e-03
7.453438e+03	1.087903e-03
7.458417e+03	1.087843e-03
7.463396e+03	1.087775e-03
7.468375e+03	1.087699e-03
7.473354e+03	1.087615e-03
7.478333e+03	1.087523e-03
7.483312e+03	1.087423e-03
7.488291e+03	1.087314e-03
7.493270e+03	1.087198e-03
7.498249e+03	1.087074e-03
7.503227e+03	1.086941e-03
7.508206e+03	1.086800e-03
7.513185e+03	1.086652e-03
7.518164e+03	1.086495e-03
7.523143e+03	1.086330e-03
7.528122e+03	1.086157e-03
7.533101e+03	1.085977e-03
7.538080e+03	1.085788e-03
7.543059e+03	1.085591e-03
7.548038e+03	1.085386e-03
7.553017e+03	1.085173e-03
7.557996e+03	1.084951e-03
7.562974e+03	1.084722e-03
7.567953e+03	1.084485e-03
7.572932e+03	1.084240e-03
7.577911e+03	1.083987e-03
7.582890e+03	1.083726e-03
7.587869e+03	1.083457e-03
7.592848e+03	1.083179e-03
7.597827e+03	1.082894e-03
7.602806e+03	1.082601e-03
7.607785e+03	1.082300e-03
7.612764e+03	1.081991e-03
7.617743e+03	1.081674e-03
7.622721e+03	1.081349e-03
7.627700e+03	1.081016e-03
7.632679e+03	1.080676e-03
7.637658e+03	1.080327e-03
7.642637e+03	1.079970e-03
7.647616e+03	1.079605e-03
7.652595e+03	1.079233e-03
7.657574e+03	1.078853e-03
7.662553e+03	1.078464e-03
7.667532e+03	1.078068e-03
7.672511e+03	1.077664e-03
7.677490e+03	1.077252e-03
7.682468e+03	1.076833e-03
7.687447e+03	1.076405e-03
7.692426e+03	1.075970e-03
7.697405e+03	1.075526e-03
7.702384e+03	1.075075e-03
7.707363e+03	1.074616e-03
7.712342e+03	1.074150e-03
7.717321e+03	1.073675e-03
7.722300e+03	1.073193e-03
7.727279e+03	1.072703e-03
7.732258e+03	1.072205e-03
7.737237e+03	1.071700e-03
7.742215e+03	1.071187e-03
7.747194e+03	1.070666e-03
7.752173e+03	1.070137e-03
7.757152e+03	1.069601e-03
7.762131e+03	1.069057e-03
7.767110e+03	1.068505e-03
7.772089e+03	1.067946e-03
7.777068e+03	1.067379e-03
7.782047e+03	1.066804e-03
7.787026e+03	1.066222e-03
7.792005e+03	1.065632e-03
7.796984e+03	1.065035e-03
7.801962e+03	1.064430e-03
7.806941e+03	1.063817e-03
7.811920e+03	1.063197e-03
7.816899e+03	1.062569e-03
7.821878e+03	1.061934e-03
7.826857e+03	1.061291e-03
7.831836e+03	1.060641e-03
7.836815e+03	1.059983e-03
7.841794e+03	1.059318e-03
7.846773e+03	1.058645e-03
7.851752e+03	1.057965e-03
7.856731e+03	1.057278e-03
7.861709e+03	1.056583e-03
7.866688e+03	1.055880e-03
7.871667e+03	1.055171e-03
7.876646e+03	1.054454e-03
7.881625e+03	1.053729e-03
7.886604e+03	1.052997e-03
7.891583e+03	1.052258e-03
7.896562e+03	1.051512e-03
7.901541e+03	1.050758e-03
7.906520e+03	1.049997e-03
7.911499e+03	1.049229e-03
7.916478e+03	1.048454e-03
7.921456e+03	1.047671e-03
7.926435e+03	1.046881e-03
7.931414e+03	1.046084e-03
7.936393e+03	1.045280e-03
7.941372e+03	1.044468e-03
7.946351e+03	1.043650e-03
7.951330e+03	1.042824e-03
7.956309e+03	1.041992e-03
7.961288e+03	1.041152e-03
7.966267e+03	1.040305e-03
7.971246e+03	1.039451e-03
7.976225e+03	1.038590e-03
7.981203e+03	1.037722e-03
7.986182e+03	1.036847e-03
7.991161e+03	1.035965e-03
7.996140e+03	1.035077e-03
8.001119e+03	1.034181e-03
8.006098e+03	1.033278e-03
8.011077e+03	1.032369e-03
8.016056e+03	1.031452e-03
8.021035e+03	1.030529e-03
8.026014e+03	1.029599e-03
8.030993e+03	1.028662e-03
8.035972e+03	1.027718e-03
8.040950e+03	1.026768e-03
8.045929e+03	1.025810e-03
8.050908e+03	1.024846e-03
8.055887e+03	1.023876e-03
8.060866e+03	1.022898e-03
8.065845e+03	1.021914e-03
8.070824e+03	1.020923e-03
8.075803e+03	1.019926e-03
8.080782e+03	1.018922e-03
8.085761e+03	1.017912e-03
8.090740e+03	1.016895e-03
8.095719e+03	1.015871e-03
8.100697e+03	1.014841e-03
8.105676e+03	1.013804e-03
8.110655e+03	1.012761e-03
8.115634e+03	1.011711e-03
8.120613e+03	1.010655e-03
8.125592e+03	1.009593e-03
8.130571e+03	1.008524e-03
8.135550e+03	1.007449e-03
8.140529e+03	1.006368e-03
8.145508e+03	1.005280e-03
8.150487e+03	1.004186e-03
8.155466e+03	1.003085e-03
8.160444e+03	1.001979e-03
8.165423e+03	1.000866e-03
8.170402e+03	9.997469e-04
8.175381e+03	9.986217e-04
8.180360e+03	9.974903e-04
8.185339e+03	9.963528e-04
8.190318e+03	9.952092e-04
8.195297e+03	9.940595e-04
8.200276e+03	9.929037e-04
8.205255e+03	9.917420e-04
8.210234e+03	9.905742e-04
8.215213e+03	9.894004e-04
8.220191e+03	9.882207e-04
8.225170e+03	9.870350e-04
8.230149e+03	9.858434e-04
8.235128e+03	9.846459e-04
8.240107e+03	9.834426e-04
8.245086e+03	9.822334e-04
8.250065e+03	9.810185e-04
8.255044e+03	9.797977e-04
8.260023e+03	9.785712e-04
8.265002e+03	9.773389e-04
8.269981e+03	9.761010e-04
8.274960e+03	9.748573e-04
8.279938e+03	9.736080e-04
8.284917e+03	9.723531e-04
8.289896e+03	9.710925e-04
8.294875e+03	9.698264e-04
8.299854e+03	9.685547e-04
8.304833e+03	9.672775e-04
8.309812e+03	9.659948e-04
8.314791e+03	9.647066e-04
8.319770e+03	9.634130e-04
8.324749e+03	9.621139e-04
8.329728e+03	9.608095e-04
8.334707e+03	9.594997e-04
8.339685e+03	9.581845e-04
8.344664e+03	9.568640e-04
8.349643e+03	9.555383e-04
8.354622e+03	9.542072e-04
8.359601e+03	9.528710e-04
8.364580e+03	9.515295e-04
8.369559e+03	9.501829e-04
8.374538e+03	9.488311e-04
8.379517e+03	9.474742e-04
8.384496e+03	9.461121e-04
8.389475e+03	9.447450e-04
8.394454e+03	9.433729e-04
8.399432e+03	9.419958e-04
8.404411e+03	9.406136e-04
8.409390e+03	9.392266e-04
8.414369e+03	9.378345e-04
8.419348e+03	9.364376e-04
8.424327e+03	9.350358e-04
8.429306e+03	9.336292e-04
8.434285e+03	9.322177e-04
8.439264e+03	9.308014e-04
8.444243e+03	9.293804e-04
8.449222e+03	9.279547e-04
8.454201e+03	9.265242e-04
8.459179e+03	9.250891e-04
8.464158e+03	9.236493e-04
8.469137e+03	9.222049e-04
8.474116e+03	9.207559e-04
8.479095e+03	9.193024e-04
8.484074e+03	9.178443e-04
8.489053e+03	9.163817e-04
8.494032e+03	9.149147e-04
8.499011e+03	9.134432e-04
8.503990e+03	9.119672e-04
8.508969e+03	9.104869e-04
8.513948e+03	9.090023e-04
8.518926e+03	9.075133e-04
8.523905e+03	9.060200e-04
8.528884e+03	9.045224e-04
8.533863e+03	9.030206e-04
8.538842e+03	9.015146e-04
8.543821e+03	9.000043e-04
8.548800e+03	8.984900e-04
8.553779e+03	8.969715e-04
8.558758e+03	8.954489e-04
8.563737e+03	8.939223e-04
8.568716e+03	8.923916e-04
8.573695e+03	8.908569e-04
8.578673e+03	8.893182e-04
8.583652e+03	8.877756e-04
8.588631e+03	8.862291e-04
8.593610e+03	8.846787e-04
8.598589e+03	8.831244e-04
8.603568e+03	8.815663e-04
8.608547e+03	8.800044e-04
8.613526e+03	8.784388e-04
8.618505e+03	8.768694e-04
8.623484e+03	8.752963e-04
8.628463e+03	8.737195e-04
8.633442e+03	8.721391e-04
8.638420e+03	8.705550e-04
8.643399e+03	8.689674e-04
8.648378e+03	8.673762e-04
8.653357e+03	8.657815e-04
8.658336e+03	8.641833e-04
8.663315e+03	8.625816e-04
8.668294e+03	8.609765e-04
8.673273e+03	8.593679e-04
8.678252e+03	8.577561e-04
8.683231e+03	8.561408e-04
8.688210e+03	8.545223e-04
8.693189e+03	8.529004e-04
8.698167e+03	8.512753e-04
8.703146e+03	8.496470e-04
8.708125e+03	8.480155e-04
8.713104e+03	8.463808e-04
8.718083e+03	8.447430e-04
8.723062e+03	8.431021e-04
8.728041e+03	8.414581e-04
8.733020e+03	8.398111e-04
8.737999e+03	8.381611e-04
8.742978e+03	8.365080e-04
8.747957e+03	8.348521e-04
8.752936e+03	8.331932e-04
8.757914e+03	8.315314e-04
8.762893e+03	8.298668e-04
8.767872e+03	8.281993e-04
8.772851e+03	8.265291e-04
8.777830e+03	8.248561e-04
8.782809e+03	8.231803e-04
8.787788e+03	8.215018e-04
8.792767e+03	8.198207e-04
8.797746e+03	8.181369e-04
8.802725e+03	8.164505e-04
8.807704e+03	8.147615e-04
8.812683e+03	8.130700e-04
8.817661e+03	8.113759e-04
8.822640e+03	8.096793e-04
8.827619e+03	8.079803e-04
8.832598e+03	8.062788e-04
8.837577e+03	8.045750e-04
8.842556e+03	8.028688e-04
8.847535e+03	8.011602e-04
8.852514e+03	7.994493e-04
8.857493e+03	7.977361e-04
8.862472e+03	7.960207e-04
8.867451e+03	7.943031e-04
8.872430e+03	7.925833e-04
8.877408e+03	7.908613e-04
8.882387e+03	7.891372e-04
8.887366e+03	7.874110e-04
8.892345e+03	7.856827e-04
8.897324e+03	7.839524e-04
8.902303e+03	7.822201e-04
8.907282e+03	7.804858e-04
8.912261e+03	7.787495e-04
8.917240e+03	7.770114e-04
8.922219e+03	7.752713e-04
8.927198e+03	7.735294e-04
8.932177e+03	7.717857e-04
8.937156e+03	7.700401e-04
8.942134e+03	7.682928e-04
8.947113e+03	7.665438e-04
8.952092e+03	7.647930e-04
8.957071e+03	7.630406e-04
8.962050e+03	7.612865e-04
8.967029e+03	7.595309e-04
8.972008e+03	7.577736e-04
8.976987e+03	7.560147e-04
8.981966e+03	7.542544e-04
8.986945e+03	7.524925e-04
8.991924e+03	7.507292e-04
8.996903e+03	7.489644e-04
9.001881e+03	7.471982e-04
9.006860e+03	7.454307e-04
9.011839e+03	7.436618e-04
9.016818e+03	7.418915e-04
9.021797e+03	7.401200e-04
9.026776e+03	7.383472e-04
9.031755e+03	7.365732e-04
9.036734e+03	7.347980e-04
9.041713e+03	7.330216e-04
9.046692e+03	7.312441e-04
9.051671e+03	7.294654e-04
9.056650e+03	7.276857e-04
9.061628e+03	7.259049e-04
9.066607e+03	7.241230e-04
9.071586e+03	7.223402e-04
9.076565e+03	7.205564e-04
9.081544e+03	7.187717e-04
9.086523e+03	7.169860e-04
9.091502e+03	7.151995e-04
9.096481e+03	7.134121e-04
9.101460e+03	7.116239e-04
9.106439e+03	7.098349e-04
9.111418e+03	7.080451e-04
9.116397e+03	7.062546e-04
9.121375e+03	7.044633e-04
9.126354e+03	7.026714e-04
9.131333e+03	7.008788e-04
9.136312e+03	6.990856e-04
9.141291e+03	6.972918e-04
9.146270e+03	6.954974e-04
9.151249e+03	6.937025e-04
9.156228e+03	6.919071e-04
9.161207e+03	6.901112e-04
9.166186e+03	6.883148e-04
9.171165e+03	6.865180e-04
9.176144e+03	6.847208e-04
9.181122e+03	6.829232e-04
9.186101e+03	6.811253e-04
9.191080e+03	6.793270e-04
9.196059e+03	6.775285e-04
9.201038e+03	6.757296e-04
9.206017e+03	6.739306e-04
9.210996e+03	6.721313e-04
9.215975e+03	6.703319e-04
9.220954e+03	6.685323e-04
9.225933e+03	6.667326e-04
9.230912e+03	6.649328e-04
9.235891e+03	6.631329e-04
9.240869e+03	6.613329e-04
9.245848e+03	6.595329e-04
9.250827e+03	6.577330e-04
9.255806e+03	6.559331e-04
9.260785e+03	6.541332e-04
9.265764e+03	6.523334e-04
9.270743e+03	6.505337e-04
9.275722e+03	6.487342e-04
9.280701e+03	6.469348e-04
9.285680e+03	6.451357e-04
9.290659e+03	6.433367e-04
9.295638e+03	6.415380e-04
9.300616e+03	6.397396e-04
9.305595e+03	6.379414e-04
9.310574e+03	6.361436e-04
9.315553e+03	6.343461e-04
9.320532e+03	6.325490e-04
9.325511e+03	6.307523e-04
9.330490e+03	6.289561e-04
9.335469e+03	6.271602e-04
9.340448e+03	6.253649e-04
9.345427e+03	6.235700e-04
9.350406e+03	6.217757e-04
9.355385e+03	6.199819e-04
9.360363e+03	6.181887e-04
9.365342e+03	6.163961e-04
9.370321e+03	6.146042e-04
9.375300e+03	6.128129e-04
9.380279e+03	6.110222e-04
9.385258e+03	6.092323e-04
9.390237e+03	6.074431e-04
9.395216e+03	6.056546e-04
9.400195e+03	6.038669e-04
9.405174e+03	6.020800e-04
9.410153e+03	6.002939e-04
9.415132e+03	5.985087e-04
9.420110e+03	5.967244e-04
9.425089e+03	5.949409e-04
9.430068e+03	5.931584e-04
9.435047e+03	5.913768e-04
9.440026e+03	5.895961e-04
9.445005e+03	5.878165e-04
9.449984e+03	5.860378e-04
9.454963e+03	5.842602e-04
9.459942e+03	5.824837e-04
9.464921e+03	5.807083e-04
9.469900e+03	5.789339e-04
9.474879e+03	5.771607e-04
9.479857e+03	5.753886e-04
9.484836e+03	5.736177e-04
9.489815e+03	5.718480e-04
9.494794e+03	5.700795e-04
9.499773e+03	5.683123e-04
9.504752e+03	5.665463e-04
9.509731e+03	5.647816e-04
9.514710e+03	5.630182e-04
9.519689e+03	5.612562e-04
9.524668e+03	5.594955e-04
9.529647e+03	5.577362e-04
9.534626e+03	5.559782e-04
9.539604e+03	5.542217e-04
9.544583e+03	5.524667e-04
9.549562e+03	5.507130e-04
9.554541e+03	5.489609e-04
9.559520e+03	5.472103e-04
9.564499e+03	5.454612e-04
9.569478e+03	5.437137e-04
9.574457e+03	5.419677e-04
9.579436e+03	5.402233e-04
9.584415e+03	5.384805e-04
9.589394e+03	5.367393e-04
9.594373e+03	5.349998e-04
9.599351e+03	5.332620e-04
9.604330e+03	5.315259e-04
9.609309e+03	5.297914e-04
9.614288e+03	5.280587e-04
9.619267e+03	5.263278e-04
9.624246e+03	5.245986e-04
9.629225e+03	5.228712e-04
9.634204e+03	5.211456e-04
9.639183e+03	5.194219e-04
9.644162e+03	5.177000e-04
9.649141e+03	5.159800e-04
9.654120e+03	5.142618e-04
9.659098e+03	5.125456e-04
9.664077e+03	5.108313e-04
9.669056e+03	5.091190e-04
9.674035e+03	5.074086e-04
9.679014e+03	5.057002e-04
9.683993e+03	5.039938e-04
9.688972e+03	5.022894e-04
9.693951e+03	5.005871e-04
9.698930e+03	4.988868e-04
9.703909e+03	4.971886e-04
9.708888e+03	4.954925e-04
9.713867e+03	4.937985e-04
9.718845e+03	4.921066e-04
9.723824e+03	4.904169e-04
9.728803e+03	4.887294e-04
9.733782e+03	4.870440e-04
9.738761e+03	4.853608e-04
9.743740e+03	4.836799e-04
9.748719e+03	4.820012e-04
9.753698e+03	4.803247e-04
9.758677e+03	4.786506e-04
9.763656e+03	4.769787e-04
9.768635e+03	4.753091e-04
9.773614e+03	4.736418e-04
9.778592e+03	4.719769e-04
9.783571e+03	4.703143e-04
9.788550e+03	4.686541e-04
9.793529e+03	4.669963e-04
9.798508e+03	4.653408e-04
9.803487e+03	4.636878e-04
9.808466e+03	4.620373e-04
9.813445e+03	4.603892e-04
9.818424e+03	4.587435e-04
9.823403e+03	4.571003e-04
9.828382e+03	4.554597e-04
9.833361e+03	4.538215e-04
9.838339e+03	4.521859e-04
9.843318e+03	4.505528e-04
9.848297e+03	4.489223e-04
9.853276e+03	4.472943e-04
9.858255e+03	4.456690e-04
9.863234e+03	4.440462e-04
9.868213e+03	4.424261e-04
9.873192e+03	4.408086e-04
9.878171e+03	4.391937e-04
9.883150e+03	4.375815e-04
9.888129e+03	4.359720e-04
9.893108e+03	4.343651e-04
9.898086e+03	4.327610e-04
9.903065e+03	4.311596e-04
9.908044e+03	4.295609e-04
9.913023e+03	4.279649e-04
9.918002e+03	4.263718e-04
9.922981e+03	4.247813e-04
9.927960e+03	4.231937e-04
9.932939e+03	4.216089e-04
9.937918e+03	4.200269e-04
9.942897e+03	4.184477e-04
9.947876e+03	4.168713e-04
9.952855e+03	4.152978e-04
9.957833e+03	4.137271e-04
9.962812e+03	4.121594e-04
9.967791e+03	4.105945e-04
9.972770e+03	4.090325e-04
9.977749e+03	4.074734e-04
9.982728e+03	4.059172e-04
9.987707e+03	4.043640e-04
9.992686e+03	4.028138e-04
9.997665e+03	4.012664e-04
1.000264e+04	3.997221e-04
1.000762e+04	3.981807e-04
1.001260e+04	3.966424e-04
1.001758e+04	3.951070e-04
1.002256e+04	3.935746e-04
1.002754e+04	3.920453e-04
1.003252e+04	3.905190e-04
1.003750e+04	3.889958e-04
1.004248e+04	3.874756e-04
1.004745e+04	3.859585e-04
1.005243e+04	3.844445e-04
1.005741e+04	3.829335e-04
1.006239e+04	3.814257e-04
1.006737e+04	3.799210e-04
1.007235e+04	3.784194e-04
1.007733e+04	3.769209e-04
1.008231e+04	3.754256e-04
1.008729e+04	3.739334e-04
1.009226e+04	3.724444e-04
1.009724e+04	3.709585e-04
1.010222e+04	3.694758e-04
1.010720e+04	3.679964e-04
1.011218e+04	3.665201e-04
1.011716e+04	3.650470e-04
1.012214e+04	3.635771e-04
1.012712e+04	3.621105e-04
1.013210e+04	3.606471e-04
1.013707e+04	3.591869e-04
1.014205e+04	3.577300e-04
1.014703e+04	3.562764e-04
1.015201e+04	3.548260e-04
1.015699e+04	3.533789e-04
1.016197e+04	3.519351e-04
1.016695e+04	3.504945e-04
1.017193e+04	3.490573e-04
1.017691e+04	3.476234e-04
1.018188e+04	3.461928e-04
1.018686e+04	3.447655e-04
1.019184e+04	3.433415e-04
1.019682e+04	3.419209e-04
1.020180e+04	3.405036e-04
1.020678e+04	3.390897e-04
1.021176e+04	3.376791e-04
1.021674e+04	3.362719e-04
1.022172e+04	3.348681e-04
1.022669e+04	3.334677e-04
1.023167e+04	3.320706e-04
1.023665e+04	3.306770e-04
1.024163e+04	3.292867e-04
1.024661e+04	3.278998e-04
1.025159e+04	3.265164e-04
1.025657e+04	3.251364e-04
1.026155e+04	3.237598e-04
1.026653e+04	3.223866e-04
1.027151e+04	3.210169e-04
1.027648e+04	3.196506e-04
1.028146e+04	3.182877e-04
1.028644e+04	3.169283e-04
1.029142e+04	3.155724e-04
1.029640e+04	3.142199e-04
1.030138e+04	3.128709e-04
1.030636e+04	3.115254e-04
1.031134e+04	3.101833e-04
1.031632e+04	3.088448e-04
1.032129e+04	3.075097e-04
1.032627e+04	3.061781e-04
1.033125e+04	3.048500e-04
1.033623e+04	3.035255e-04
1.034121e+04	3.022044e-04
1.034619e+04	3.008868e-04
1.035117e+04	2.995728e-04
1.035615e+04	2.982623e-04
1.036113e+04	2.969553e-04
1.036610e+04	2.956518e-04
1.037108e+04	2.943518e-04
1.037606e+04	2.930554e-04
1.038104e+04	2.917626e-04
1.038602e+04	2.904733e-04
1.039100e+04	2.891875e-04
1.039598e+04	2.879052e-04
1.040096e+04	2.866266e-04
1.040594e+04	2.853515e-04
1.041091e+04	2.840799e-04
1.041589e+04	2.828119e-04
1.042087e+04	2.815475e-04
1.042585e+04	2.802866e-04
1.043083e+04	2.790293e-04
1.043581e+04	2.777756e-04
1.044079e+04	2.765255e-04
1.044577e+04	2.752789e-04
1.045075e+04	2.740359e-04
1.045573e+04	2.727965e-04
1.046070e+04	2.715607e-04
1.046568e+04	2.703285e-04
1.047066e+04	2.690999e-04
1.047564e+04	2.678748e-04
1.048062e+04	2.666534e-04
1.048560e+04	2.654355e-04
1.049058e+04	2.642212e-04
1.049556e+04	2.630106e-04
1.050054e+04	2.618035e-04
1.050551e+04	2.606001e-04
1.051049e+04	2.594002e-04
1.051547e+04	2.582040e-04
1.052045e+04	2.570113e-04
1.052543e+04	2.558223e-04
1.053041e+04	2.546368e-04
1.053539e+04	2.534550e-04
1.054037e+04	2.522768e-04
1.054535e+04	2.511022e-04
1.055032e+04	2.499312e-04
1.055530e+04	2.487638e-04
1.056028e+04	2.476000e-04
1.056526e+04	2.464398e-04
1.057024e+04	2.452833e-04
1.057522e+04	2.441303e-04
1.058020e+04	2.429810e-04
1.058518e+04	2.418353e-04
1.059016e+04	2.406932e-04
1.059513e+04	2.395547e-04
1.060011e+04	2.384198e-04
1.060509e+04	2.372885e-04
1.061007e+04	2.361609e-04
1.061505e+04	2.350368e-04
1.062003e+04	2.339164e-04
1.062501e+04	2.327995e-04
1.062999e+04	2.316863e-04
1.063497e+04	2.305767e-04
1.063995e+04	2.294707e-04
1.064492e+04	2.283683e-04
1.064990e+04	2.272695e-04
1.065488e+04	2.261743e-04
1.065986e+04	2.250827e-04
1.066484e+04	2.239947e-04
1.066982e+04	2.229103e-04
1.067480e+04	2.218296e-04
1.067978e+04	2.207524e-04
1.068476e+04	2.196788e-04
1.068973e+04	2.186088e-04
1.069471e+04	2.175424e-04
1.069969e+04	2.164796e-04
1.070467e+04	2.154203e-04
1.070965e+04	2.143647e-04
1.071463e+04	2.133127e-04
1.071961e+04	2.122642e-04
1.072459e+04	2.112193e-04
1.072957e+04	2.101780e-04
1.073454e+04	2.091403e-04
1.073952e+04	2.081062e-04
1.074450e+04	2.070756e-04
1.074948e+04	2.060486e-04
1.075446e+04	2.050251e-04
1.075944e+04	2.040053e-04
1.076442e+04	2.029890e-04
1.076940e+04	2.019762e-04
1.077438e+04	2.009670e-04
1.077935e+04	1.999614e-04
1.078433e+04	1.989593e-04
1.078931e+04	1.979608e-04
1.079429e+04	1.969658e-04
1.079927e+04	1.959744e-04
1.080425e+04	1.949865e-04
1.080923e+04	1.940021e-04
1.081421e+04	1.930213e-04
1.081919e+04	1.920440e-04
1.082416e+04	1.910702e-04
1.082914e+04	1.901000e-04
1.083412e+04	1.891332e-04
1.083910e+04	1.881700e-04
1.084408e+04	1.872103e-04
1.084906e+04	1.862541e-04
1.085404e+04	1.853014e-04
1.085902e+04	1.843523e-04
1.086400e+04	1.834066e-04
1.086898e+04	1.824644e-04
1.087395e+04	1.815257e-04
1.087893e+04	1.805905e-04
1.088391e+04	1.796587e-04
1.088889e+04	1.787305e-04
1.089387e+04	1.778057e-04
1.089885e+04	1.768844e-04
1.090383e+04	1.759665e-04
1.090881e+04	1.750521e-04
1.091379e+04	1.741412e-04
1.091876e+04	1.732337e-04
1.092374e+04	1.723297e-04
1.092872e+04	1.714291e-04
1.093370e+04	1.705319e-04
1.093868e+04	1.696382e-04
1.094366e+04	1.687479e-04
1.094864e+04	1.678611e-04
1.095362e+04	1.669776e-04
1.095860e+04	1.660976e-04
1.096357e+04	1.652210e-04
1.096855e+04	1.643477e-04
1.097353e+04	1.634779e-04
1.097851e+04	1.626115e-04
1.098349e+04	1.617484e-04
1.098847e+04	1.608888e-04
1.099345e+04	1.600325e-04
1.099843e+04	1.591796e-04
1.100341e+04	1.583301e-04
1.100838e+04	1.574839e-04
1.101336e+04	1.566411e-04
1.101834e+04	1.558016e-04
1.102332e+04	1.549655e-04
1.102830e+04	1.541327e-04
1.103328e+04	1.533033e-04
1.103826e+04	1.524772e-04
1.104324e+04	1.516544e-04
1.104822e+04	1.508349e-04
1.105320e+04	1.500187e-04
1.105817e+04	1.492059e-04
1.106315e+04	1.483963e-04
1.106813e+04	1.475901e-04
1.107311e+04	1.467871e-04
1.107809e+04	1.459874e-04
1.108307e+04	1.451910e-04
1.108805e+04	1.443979e-04
1.109303e+04	1.436080e-04
1.109801e+04	1.428214e-04
1.110298e+04	1.420380e-04
1.110796e+04	1.412579e-04
1.111294e+04	1.404810e-04
1.111792e+04	1.397073e-04
1.112290e+04	1.389369e-04
1.112788e+04	1.381697e-04
1.113286e+04	1.374057e-04
1.113784e+04	1.366450e-04
1.114282e+04	1.358874e-04
1.114779e+04	1.351330e-04
1.115277e+04	1.343818e-04
1.115775e+04	1.336338e-04
1.116273e+04	1.328890e-04
1.116771e+04	1.321473e-04
1.117269e+04	1.314088e-04
1.117767e+04	1.306734e-04
1.118265e+04	1.299412e-04
1.118763e+04	1.292122e-04
1.119260e+04	1.284863e-04
1.119758e+04	1.277635e-04
1.120256e+04	1.270438e-04
1.120754e+04	1.263272e-04
1.121252e+04	1.256138e-04
1.121750e+04	1.249034e-04
1.122248e+04	1.241962e-04
1.122746e+04	1.234920e-04
1.123244e+04	1.227909e-04
1.123742e+04	1.220929e-04
1.124239e+04	1.213979e-04
1.124737e+04	1.207060e-04
1.125235e+04	1.200172e-04
1.125733e+04	1.193313e-04
1.126231e+04	1.186486e-04
1.126729e+04	1.179688e-04
1.127227e+04	1.172921e-04
1.127725e+04	1.166184e-04
1.128223e+04	1.159477e-04
1.128720e+04	1.152800e-04
1.129218e+04	1.146153e-04
1.129716e+04	1.139536e-04
1.130214e+04	1.132948e-04
1.130712e+04	1.126391e-04
1.131210e+04	1.119863e-04
1.131708e+04	1.113364e-04
1.132206e+04	1.106895e-04
1.132704e+04	1.100455e-04
1.133201e+04	1.094045e-04
1.133699e+04	1.087664e-04
1.134197e+04	1.081312e-04
1.134695e+04	1.074989e-04
1.135193e+04	1.068695e-04
1.135691e+04	1.062430e-04
1.136189e+04	1.056194e-04
1.136687e+04	1.049987e-04
1.137185e+04	1.043809e-04
1.137682e+04	1.037659e-04
1.138180e+04	1.031538e-04
1.138678e+04	1.025445e-04
1.139176e+04	1.019380e-04
1.139674e+04	1.013344e-04
1.140172e+04	1.007337e-04
1.140670e+04	1.001357e-04
1.141168e+04	9.954054e-05
1.141666e+04	9.894818e-05
1.142163e+04	9.835862e-05
1.142661e+04	9.777185e-05
1.143159e+04	9.718785e-05
1.143657e+04	9.660662e-05
1.144155e+04	9.602815e-05
1.144653e+04	9.545244e-05
1.145151e+04	9.487947e-05
1.145649e+04	9.430924e-05
1.146147e+04	9.374175e-05
1.146645e+04	9.317697e-05
1.147142e+04	9.261490e-05
1.147640e+04	9.205554e-05
1.148138e+04	9.149888e-05
1.148636e+04	9.094491e-05
1.149134e+04	9.039362e-05
1.149632e+04	8.984501e-05
1.150130e+04	8.929906e-05
1.150628e+04	8.875576e-05
1.151126e+04	8.821512e-05
1.151623e+04	8.767712e-05
1.152121e+04	8.714175e-05
1.152619e+04	8.660900e-05
1.153117e+04	8.607887e-05
1.153615e+04	8.555135e-05
1.154113e+04	8.502643e-05
1.154611e+04	8.450410e-05
1.155109e+04	8.398436e-05
1.155607e+04	8.346719e-05
1.156104e+04	8.295259e-05
1.156602e+04	8.244055e-05
1.157100e+04	8.193106e-05
1.157598e+04	8.142412e-05
1.158096e+04	8.091970e-05
1.158594e+04	8.041782e-05
1.159092e+04	7.991845e-05
1.159590e+04	7.942160e-05
1.160088e+04	7.892724e-05
1.160585e+04	7.843538e-05
1.161083e+04	7.794600e-05
1.161581e+04	7.745910e-05
1.162079e+04	7.697467e-05
1.162577e+04	7.649271e-05
1.163075e+04	7.601319e-05
1.163573e+04	7.553612e-05
1.164071e+04	7.506148e-05
1.164569e+04	7.458927e-05
1.165067e+04	7.411948e-05
1.165564e+04	7.365210e-05
1.166062e+04	7.318712e-05
1.166560e+04	7.272454e-05
1.167058e+04	7.226435e-05
1.167556e+04	7.180653e-05
1.168054e+04	7.135108e-05
1.168552e+04	7.089800e-05
1.169050e+04	7.044726e-05
1.169548e+04	6.999887e-05
1.170045e+04	6.955282e-05
1.170543e+04	6.910910e-05
1.171041e+04	6.866769e-05
1.171539e+04	6.822860e-05
1.172037e+04	6.779181e-05
1.172535e+04	6.735732e-05
1.173033e+04	6.692511e-05
1.173531e+04	6.649519e-05
1.174029e+04	6.606753e-05
1.174526e+04	6.564213e-05
1.175024e+04	6.521899e-05
1.175522e+04	6.479810e-05
1.176020e+04	6.437944e-05
1.176518e+04	6.396301e-05
1.177016e+04	6.354880e-05
1.177514e+04	6.313681e-05
1.178012e+04	6.272701e-05
1.178510e+04	6.231942e-05
1.179007e+04	6.191401e-05
1.179505e+04	6.151079e-05
1.180003e+04	6.110973e-05
1.180501e+04	6.071084e-05
1.180999e+04	6.031410e-05
1.181497e+04	5.991951e-05
1.181995e+04	5.952706e-05
1.182493e+04	5.913674e-05
1.182991e+04	5.874854e-05
1.183489e+04	5.836245e-05
1.183986e+04	5.797848e-05
1.184484e+04	5.759659e-05
1.184982e+04	5.721680e-05
1.185480e+04	5.683909e-05
1.185978e+04	5.646346e-05
1.186476e+04	5.608989e-05
1.186974e+04	5.571837e-05
1.187472e+04	5.534891e-05
1.187970e+04	5.498148e-05
1.188467e+04	5.461609e-05
1.188965e+04	5.425273e-05
1.189463e+04	5.389138e-05
1.189961e+04	5.353204e-05
1.190459e+04	5.317470e-05
1.190957e+04	5.281935e-05
1.191455e+04	5.246598e-05
1.191953e+04	5.211460e-05
1.192451e+04	5.176518e-05
1.192948e+04	5.141772e-05
1.193446e+04	5.107221e-05
1.193944e+04	5.072865e-05
1.194442e+04	5.038702e-05
1.194940e+04	5.004733e-05
1.195438e+04	4.970955e-05
1.195936e+04	4.937368e-05
1.196434e+04	4.903972e-05
1.196932e+04	4.870766e-05
1.197429e+04	4.837749e-05
1.197927e+04	4.804919e-05
1.198425e+04	4.772277e-05
1.198923e+04	4.739821e-05
1.199421e+04	4.707551e-05
1.199919e+04	4.675466e-05
1.200417e+04	4.643566e-05
1.200915e+04	4.611848e-05
1.201413e+04	4.580313e-05
1.201910e+04	4.548960e-05
1.202408e+04	4.517788e-05
1.202906e+04	4.486796e-05
1.203404e+04	4.455983e-05
1.203902e+04	4.425350e-05
1.204400e+04	4.394894e-05
1.204898e+04	4.364615e-05
1.205396e+04	4.334513e-05
1.205894e+04	4.304586e-05
1.206392e+04	4.274834e-05
1.206889e+04	4.245256e-05
1.207387e+04	4.215852e-05
1.207885e+04	4.186620e-05
1.208383e+04	4.157559e-05
1.208881e+04	4.128670e-05
1.209379e+04	4.099951e-05
1.209877e+04	4.071401e-05
1.210375e+04	4.043020e-05
1.210873e+04	4.014808e-05
1.211370e+04	3.986762e-05
1.211868e+04	3.958883e-05
1.212366e+04	3.931169e-05
1.212864e+04	3.903621e-05
1.213362e+04	3.876236e-05
1.213860e+04	3.849016e-05
1.214358e+04	3.821958e-05
1.214856e+04	3.795061e-05
1.215354e+04	3.768327e-05
1.215851e+04	3.741752e-05
1.216349e+04	3.715338e-05
1.216847e+04	3.689082e-05
1.217345e+04	3.662985e-05
1.217843e+04	3.637045e-05
1.218341e+04	3.611262e-05
1.218839e+04	3.585635e-05
1.219337e+04	3.560164e-05
1.219835e+04	3.534847e-05
1.220332e+04	3.509684e-05
1.220830e+04	3.484675e-05
1.221328e+04	3.459818e-05
1.221826e+04	3.435112e-05
1.222324e+04	3.410558e-05
1.222822e+04	3.386154e-05
1.223320e+04	3.361900e-05
1.223818e+04	3.337794e-05
1.224316e+04	3.313837e-05
1.224814e+04	3.290027e-05
1.225311e+04	3.266364e-05
1.225809e+04	3.242847e-05
1.226307e+04	3.219475e-05
1.226805e+04	3.196248e-05
1.227303e+04	3.173165e-05
1.227801e+04	3.150226e-05
1.228299e+04	3.127429e-05
1.228797e+04	3.104773e-05
1.229295e+04	3.082259e-05
1.229792e+04	3.059886e-05
1.230290e+04	3.037652e-05
1.230788e+04	3.015557e-05
1.231286e+04	2.993601e-05
1.231784e+04	2.971783e-05
1.232282e+04	2.950101e-05
1.232780e+04	2.928556e-05
1.233278e+04	2.907147e-05
1.233776e+04	2.885873e-05
1.234273e+04	2.864733e-05
1.234771e+04	2.843727e-05
1.235269e+04	2.822854e-05
1.235767e+04	2.802113e-05
1.236265e+04	2.781504e-05
1.236763e+04	2.761026e-05
1.237261e+04	2.740678e-05
1.237759e+04	2.720460e-05
1.238257e+04	2.700372e-05
1.238754e+04	2.680411e-05
1.239252e+04	2.660579e-05
1.239750e+04	2.640873e-05
1.240248e+04	2.621294e-05
1.240746e+04	2.601841e-05
1.241244e+04	2.582512e-05
1.241742e+04	2.563309e-05
1.242240e+04	2.544229e-05
1.242738e+04	2.525272e-05
1.243236e+04	2.506438e-05
1.243733e+04	2.487726e-05
1.244231e+04	2.469136e-05
1.244729e+04	2.450666e-05
1.245227e+04	2.432316e-05
1.245725e+04	2.414085e-05
1.246223e+04	2.395974e-05
1.246721e+04	2.377980e-05
1.247219e+04	2.360104e-05
1.247717e+04	2.342346e-05
1.248214e+04	2.324703e-05
1.248712e+04	2.307176e-05
1.249210e+04	2.289764e-05
1.249708e+04	2.272467e-05
1.250206e+04	2.255284e-05
1.250704e+04	2.238214e-05
1.251202e+04	2.221256e-05
1.251700e+04	2.204411e-05
1.252198e+04	2.187677e-05
1.252695e+04	2.171054e-05
1.253193e+04	2.154541e-05
1.253691e+04	2.138138e-05
1.254189e+04	2.121845e-05
1.254687e+04	2.105659e-05
1.255185e+04	2.089582e-05
1.255683e+04	2.073612e-05
1.256181e+04	2.057748e-05
1.256679e+04	2.041991e-05
1.257176e+04	2.026339e-05
1.257674e+04	2.010793e-05
1.258172e+04	1.995350e-05
1.258670e+04	1.980012e-05
1.259168e+04	1.964777e-05
1.259666e+04	1.949645e-05
1.260164e+04	1.934615e-05
1.260662e+04	1.919686e-05
1.261160e+04	1.904859e-05
1.261657e+04	1.890131e-05
1.262155e+04	1.875504e-05
1.262653e+04	1.860976e-05
1.263151e+04	1.846547e-05
1.263649e+04	1.832217e-05
1.264147e+04	1.817984e-05
1.264645e+04	1.803848e-05
1.265143e+04	1.789808e-05
1.265641e+04	1.775865e-05
1.266139e+04	1.762017e-05
1.266636e+04	1.748265e-05
1.267134e+04	1.734606e-05
1.267632e+04	1.721042e-05
1.268130e+04	1.707571e-05
1.268628e+04	1.694192e-05
1.269126e+04	1.680907e-05
1.269624e+04	1.667712e-05
1.270122e+04	1.654610e-05
1.270620e+04	1.641597e-05
1.271117e+04	1.628675e-05
1.271615e+04	1.615843e-05
1.272113e+04	1.603100e-05
1.272611e+04	1.590446e-05
1.273109e+04	1.577880e-05
1.273607e+04	1.565401e-05
1.274105e+04	1.553010e-05
1.274603e+04	1.540705e-05
1.275101e+04	1.528486e-05
1.275598e+04	1.516353e-05
1.276096e+04	1.504305e-05
1.276594e+04	1.492342e-05
1.277092e+04	1.480462e-05
1.277590e+04	1.468667e-05
1.278088e+04	1.456954e-05
1.278586e+04	1.445325e-05
1.279084e+04	1.433777e-05
1.279582e+04	1.422311e-05
1.280079e+04	1.410926e-05
1.280577e+04	1.399622e-05
1.281075e+04	1.388399e-05
1.281573e+04	1.377255e-05
1.282071e+04	1.366190e-05
1.282569e+04	1.355204e-05
1.283067e+04	1.344296e-05
1.283565e+04	1.333467e-05
1.284063e+04	1.322714e-05
1.284561e+04	1.312039e-05
1.285058e+04	1.301440e-05
1.285556e+04	1.290917e-05
1.286054e+04	1.280470e-05
1.286552e+04	1.270098e-05
1.287050e+04	1.259800e-05
1.287548e+04	1.249577e-05
1.288046e+04	1.239427e-05
1.288544e+04	1.229351e-05
1.289042e+04	1.219347e-05
1.289539e+04	1.209416e-05
1.290037e+04	1.199557e-05
1.290535e+04	1.189770e-05
1.291033e+04	1.180053e-05
1.291531e+04	1.170407e-05
1.292029e+04	1.160832e-05
1.292527e+04	1.151326e-05
1.293025e+04	1.141889e-05
1.293523e+04	1.132522e-05
1.294020e+04	1.123223e-05
1.294518e+04	1.113992e-05
1.295016e+04	1.104828e-05
1.295514e+04	1.095732e-05
1.296012e+04	1.086703e-05
1.296510e+04	1.077740e-05
1.297008e+04	1.068843e-05
1.297506e+04	1.060011e-05
1.298004e+04	1.051245e-05
1.298501e+04	1.042543e-05
1.298999e+04	1.033906e-05
1.299497e+04	1.025333e-05
1.299995e+04	1.016823e-05
1.300493e+04	1.008376e-05
1.300991e+04	9.999926e-06
1.301489e+04	9.916710e-06
1.301987e+04	9.834114e-06
1.302485e+04	9.752133e-06
1.302983e+04	9.670763e-06
1.303480e+04	9.590001e-06
1.303978e+04	9.509843e-06
1.304476e+04	9.430285e-06
1.304974e+04	9.351322e-06
1.305472e+04	9.272952e-06
1.305970e+04	9.195171e-06
1.306468e+04	9.117973e-06
1.306966e+04	9.041357e-06
1.307464e+04	8.965318e-06
1.307961e+04	8.889852e-06
1.308459e+04	8.814956e-06
1.308957e+04	8.740626e-06
1.309455e+04	8.666858e-06
1.309953e+04	8.593649e-06
1.310451e+04	8.520995e-06
1.310949e+04	8.448892e-06
1.311447e+04	8.377337e-06
1.311945e+04	8.306326e-06
1.312442e+04	8.235856e-06
1.312940e+04	8.165923e-06
1.313438e+04	8.096523e-06
1.313936e+04	8.027654e-06
1.314434e+04	7.959311e-06
1.314932e+04	7.891492e-06
1.315430e+04	7.824192e-06
1.315928e+04	7.757408e-06
1.316426e+04	7.691137e-06
1.316923e+04	7.625376e-06
1.317421e+04	7.560121e-06
1.317919e+04	7.495368e-06
1.318417e+04	7.431115e-06
1.318915e+04	7.367357e-06
1.319413e+04	7.304093e-06
1.319911e+04	7.241317e-06
1.320409e+04	7.179028e-06
1.320907e+04	7.117222e-06
1.321404e+04	7.055895e-06
1.321902e+04	6.995045e-06
1.322400e+04	6.934668e-06
1.322898e+04	6.874761e-06
1.323396e+04	6.815320e-06
1.323894e+04	6.756344e-06
1.324392e+04	6.697828e-06
1.324890e+04	6.639769e-06
1.325388e+04	6.582165e-06
1.325886e+04	6.525012e-06
1.326383e+04	6.468307e-06
1.326881e+04	6.412047e-06
1.327379e+04	6.356229e-06
1.327877e+04	6.300850e-06
1.328375e+04	6.245908e-06
1.328873e+04	6.191398e-06
1.329371e+04	6.137318e-06
1.329869e+04	6.083666e-06
1.330367e+04	6.030437e-06
1.330864e+04	5.977630e-06
1.331362e+04	5.925241e-06
1.331860e+04	5.873268e-06
1.332358e+04	5.821707e-06
1.332856e+04	5.770556e-06
1.333354e+04	5.719812e-06
1.333852e+04	5.669472e-06
1.334350e+04	5.619533e-06
1.334848e+04	5.569993e-06
1.335345e+04	5.520848e-06
1.335843e+04	5.472096e-06
1.336341e+04	5.423735e-06
1.336839e+04	5.375760e-06
1.337337e+04	5.328171e-06
1.337835e+04	5.280963e-06
1.338333e+04	5.234135e-06
1.338831e+04	5.187684e-06
1.339329e+04	5.141606e-06
1.339826e+04	5.095900e-06
1.340324e+04	5.050562e-06
1.340822e+04	5.005591e-06
1.341320e+04	4.960983e-06
1.341818e+04	4.916736e-06
1.342316e+04	4.872848e-06
1.342814e+04	4.829315e-06
1.343312e+04	4.786136e-06
1.343810e+04	4.743307e-06
1.344308e+04	4.700827e-06
1.344805e+04	4.658693e-06
1.345303e+04	4.616902e-06
1.345801e+04	4.575451e-06
1.346299e+04	4.534340e-06
1.346797e+04	4.493564e-06
1.347295e+04	4.453121e-06
1.347793e+04	4.413010e-06
1.348291e+04	4.373228e-06
1.348789e+04	4.333772e-06
1.349286e+04	4.294640e-06
1.349784e+04	4.255829e-06
1.350282e+04	4.217338e-06
1.350780e+04	4.179165e-06
1.351278e+04	4.141305e-06
1.351776e+04	4.103759e-06
1.352274e+04	4.066522e-06
1.352772e+04	4.029593e-06
1.353270e+04	3.992970e-06
1.353767e+04	3.956651e-06
1.354265e+04	3.920632e-06
1.354763e+04	3.884913e-06
1.355261e+04	3.849490e-06
1.355759e+04	3.814362e-06
1.356257e+04	3.779527e-06
1.356755e+04	3.744981e-06
1.357253e+04	3.710724e-06
1.357751e+04	3.676753e-06
1.358248e+04	3.643066e-06
1.358746e+04	3.609661e-06
1.359244e+04	3.576535e-06
1.359742e+04	3.543687e-06
1.360240e+04	3.511114e-06
1.360738e+04	3.478815e-06
1.361236e+04	3.446788e-06
1.361734e+04	3.415030e-06
1.362232e+04	3.383539e-06
1.362730e+04	3.352314e-06
1.363227e+04	3.321352e-06
1.363725e+04	3.290652e-06
1.364223e+04	3.260211e-06
1.364721e+04	3.230028e-06
1.365219e+04	3.200101e-06
1.365717e+04	3.170427e-06
1.366215e+04	3.141005e-06
1.366713e+04	3.111833e-06
1.367211e+04	3.082909e-06
1.367708e+04	3.054231e-06
1.368206e+04	3.025797e-06
1.368704e+04	2.997606e-06
1.369202e+04	2.969655e-06
1.369700e+04	2.941943e-06
1.370198e+04	2.914468e-06
1.370696e+04	2.887228e-06
1.371194e+04	2.860221e-06
1.371692e+04	2.833446e-06
1.372189e+04	2.806901e-06
1.372687e+04	2.780583e-06
1.373185e+04	2.754492e-06
1.373683e+04	2.728626e-06
1.374181e+04	2.702982e-06
1.374679e+04	2.677559e-06
1.375177e+04	2.652356e-06
1.375675e+04	2.627370e-06
1.376173e+04	2.602601e-06
1.376670e+04	2.578046e-06
1.377168e+04	2.553703e-06
1.377666e+04	2.529571e-06
1.378164e+04	2.505649e-06
1.378662e+04	2.481935e-06
1.379160e+04	2.458427e-06
1.379658e+04	2.435123e-06
1.380156e+04	2.412022e-06
1.380654e+04	2.389123e-06
1.381151e+04	2.366423e-06
1.381649e+04	2.343922e-06
1.382147e+04	2.321617e-06
1.382645e+04	2.299508e-06
1.383143e+04	2.277592e-06
1.383641e+04	2.255868e-06
1.384139e+04	2.234335e-06
1.384637e+04	2.212991e-06
1.385135e+04	2.191835e-06
1.385633e+04	2.170864e-06
1.386130e+04	2.150078e-06
1.386628e+04	2.129476e-06
1.387126e+04	2.109055e-06
1.387624e+04	2.088814e-06
1.388122e+04	2.068753e-06
1.388620e+04	2.048868e-06
1.389118e+04	2.029160e-06
1.389616e+04	2.009627e-06
1.390114e+04	1.990266e-06
1.390611e+04	1.971078e-06
1.391109e+04	1.952060e-06
1.391607e+04	1.933211e-06
1.392105e+04	1.914530e-06
1.392603e+04	1.896015e-06
1.393101e+04	1.877665e-06
1.393599e+04	1.859479e-06
1.394097e+04	1.841456e-06
1.394595e+04	1.823593e-06
1.395092e+04	1.805891e-06
1.395590e+04	1.788347e-06
1.396088e+04	1.770960e-06
1.396586e+04	1.753730e-06
1.397084e+04	1.736654e-06
1.397582e+04	1.719731e-06
1.398080e+04	1.702961e-06
1.398578e+04	1.686342e-06
1.399076e+04	1.669872e-06
1.399573e+04	1.653551e-06
1.400071e+04	1.637377e-06
1.400569e+04	1.621350e-06
1.401067e+04	1.605467e-06
1.401565e+04	1.589729e-06
1.402063e+04	1.574132e-06
1.402561e+04	1.558678e-06
1.403059e+04	1.543363e-06
1.403557e+04	1.528188e-06
1.404055e+04	1.513150e-06
1.404552e+04	1.498250e-06
1.405050e+04	1.483485e-06
1.405548e+04	1.468854e-06
1.406046e+04	1.454357e-06
1.406544e+04	1.439993e-06
1.407042e+04	1.425760e-06
1.407540e+04	1.411656e-06
1.408038e+04	1.397682e-06
1.408536e+04	1.383837e-06
1.409033e+04	1.370118e-06
1.409531e+04	1.356525e-06
1.410029e+04	1.343056e-06
1.410527e+04	1.329712e-06
1.411025e+04	1.316490e-06
1.411523e+04	1.303391e-06
1.412021e+04	1.290412e-06
1.412519e+04	1.277552e-06
1.413017e+04	1.264812e-06
1.413514e+04	1.252189e-06
1.414012e+04	1.239683e-06
1.414510e+04	1.227292e-06
1.415008e+04	1.215017e-06
1.415506e+04	1.202855e-06
1.416004e+04	1.190807e-06
1.416502e+04	1.178870e-06
1.417000e+04	1.167044e-06
1.417498e+04	1.155328e-06
1.417995e+04	1.143721e-06
1.418493e+04	1.132223e-06
1.418991e+04	1.120831e-06
1.419489e+04	1.109546e-06
1.419987e+04	1.098367e-06
1.420485e+04	1.087292e-06
1.420983e+04	1.076321e-06
1.421481e+04	1.065452e-06
1.421979e+04	1.054686e-06
1.422477e+04	1.044020e-06
1.422974e+04	1.033455e-06
1.423472e+04	1.022989e-06
1.423970e+04	1.012621e-06
1.424468e+04	1.002351e-06
1.424966e+04	9.921777e-07
1.425464e+04	9.821004e-07
1.425962e+04	9.721182e-07
1.426460e+04	9.622304e-07
1.426958e+04	9.524360e-07
1.427455e+04	9.427343e-07
1.427953e+04	9.331245e-07
1.428451e+04	9.236058e-07
1.428949e+04	9.141774e-07
1.429447e+04	9.048385e-07
1.429945e+04	8.955883e-07
1.430443e+04	8.864261e-07
1.430941e+04	8.773511e-07
1.431439e+04	8.683626e-07
1.431936e+04	8.594598e-07
1.432434e+04	8.506419e-07
1.432932e+04	8.419082e-07
1.433430e+04	8.332580e-07
1.433928e+04	8.246905e-07
1.434426e+04	8.162051e-07
1.434924e+04	8.078009e-07
1.435422e+04	7.994773e-07
1.435920e+04	7.912336e-07
1.436417e+04	7.830691e-07
1.436915e+04	7.749831e-07
1.437413e+04	7.669749e-07
1.437911e+04	7.590438e-07
1.438409e+04	7.511891e-07
1.438907e+04	7.434101e-07
1.439405e+04	7.357062e-07
1.439903e+04	7.280768e-07
1.440401e+04	7.205211e-07
1.440898e+04	7.130385e-07
1.441396e+04	7.056284e-07
1.441894e+04	6.982901e-07
1.442392e+04	6.910230e-07
1.442890e+04	6.838264e-07
1.443388e+04	6.766997e-07
1.443886e+04	6.696423e-07
1.444384e+04	6.626536e-07
1.444882e+04	6.557329e-07
1.445380e+04	6.488797e-07
1.445877e+04	6.420934e-07
1.446375e+04	6.353733e-07
1.446873e+04	6.287188e-07
1.447371e+04	6.221294e-07
1.447869e+04	6.156045e-07
1.448367e+04	6.091435e-07
1.448865e+04	6.027459e-07
1.449363e+04	5.964110e-07
1.449861e+04	5.901382e-07
1.450358e+04	5.839271e-07
1.450856e+04	5.777771e-07
1.451354e+04	5.716876e-07
1.451852e+04	5.656581e-07
1.452350e+04	5.596880e-07
1.452848e+04	5.537768e-07
1.453346e+04	5.479239e-07
1.453844e+04	5.421289e-07
1.454342e+04	5.363912e-07
1.454839e+04	5.307102e-07
1.455337e+04	5.250855e-07
1.455835e+04	5.195166e-07
1.456333e+04	5.140029e-07
1.456831e+04	5.085439e-07
1.457329e+04	5.031392e-07
1.457827e+04	4.977882e-07
1.458325e+04	4.924905e-07
1.458823e+04	4.872455e-07
1.459320e+04	4.820527e-07
1.459818e+04	4.769118e-07
1.460316e+04	4.718222e-07
1.460814e+04	4.667835e-07
1.461312e+04	4.617951e-07
1.461810e+04	4.568566e-07
1.462308e+04	4.519676e-07
1.462806e+04	4.471275e-07
1.463304e+04	4.423360e-07
1.463802e+04	4.375926e-07
1.464299e+04	4.328969e-07
1.464797e+04	4.282483e-07
1.465295e+04	4.236465e-07
1.465793e+04	4.190911e-07
1.466291e+04	4.145815e-07
1.466789e+04	4.101175e-07
1.467287e+04	4.056984e-07
1.467785e+04	4.013240e-07
1.468283e+04	3.969938e-07
1.468780e+04	3.927075e-07
1.469278e+04	3.884645e-07
1.469776e+04	3.842645e-07
1.470274e+04	3.801070e-07
1.470772e+04	3.759918e-07
1.471270e+04	3.719183e-07
1.471768e+04	3.678863e-07
1.472266e+04	3.638952e-07
1.472764e+04	3.599448e-07
1.473261e+04	3.560346e-07
1.473759e+04	3.521642e-07
1.474257e+04	3.483334e-07
1.474755e+04	3.445416e-07
1.475253e+04	3.407886e-07
1.475751e+04	3.370740e-07
1.476249e+04	3.333973e-07
1.476747e+04	3.297584e-07
1.477245e+04	3.261567e-07
1.477742e+04	3.225919e-07
1.478240e+04	3.190638e-07
1.478738e+04	3.155719e-07
1.479236e+04	3.121158e-07
1.479734e+04	3.086954e-07
1.480232e+04	3.053101e-07
1.480730e+04	3.019597e-07
1.481228e+04	2.986439e-07
1.481726e+04	2.953623e-07
1.482224e+04	2.921145e-07
1.482721e+04	2.889004e-07
1.483219e+04	2.857194e-07
1.483717e+04	2.825714e-07
1.484215e+04	2.794560e-07
1.484713e+04	2.763729e-07
1.485211e+04	2.733218e-07
1.485709e+04	2.703023e-07
1.486207e+04	2.673142e-07
1.486705e+04	2.643572e-07
1.487202e+04	2.614310e-07
1.487700e+04	2.585352e-07
1.488198e+04	2.556696e-07
1.488696e+04	2.528338e-07
1.489194e+04	2.500277e-07
1.489692e+04	2.472509e-07
1.490190e+04	2.445030e-07
1.490688e+04	2.417840e-07
1.491186e+04	2.390934e-07
1.491683e+04	2.364309e-07
1.492181e+04	2.337964e-07
1.492679e+04	2.311895e-07
1.493177e+04	2.286100e-07
1.493675e+04	2.260576e-07
1.494173e+04	2.235320e-07
1.494671e+04	2.210330e-07
1.495169e+04	2.185603e-07
1.495667e+04	2.161136e-07
1.496164e+04	2.136928e-07
1.496662e+04	2.112975e-07
1.497160e+04	2.089275e-07
1.497658e+04	2.065825e-07
1.498156e+04	2.042624e-07
1.498654e+04	2.019668e-07
1.499152e+04	1.996955e-07
1.499650e+04	1.974482e-07
1.500148e+04	1.952249e-07
1.500645e+04	1.930251e-07
1.501143e+04	1.908487e-07
1.501641e+04	1.886954e-07
1.502139e+04	1.865650e-07
1.502637e+04	1.844573e-07
1.503135e+04	1.823721e-07
1.503633e+04	1.803091e-07
1.504131e+04	1.782681e-07
1.504629e+04	1.762489e-07
1.505127e+04	1.742513e-07
1.505624e+04	1.722750e-07
1.506122e+04	1.703199e-07
1.506620e+04	1.683857e-07
1.507118e+04	1.664723e-07
1.507616e+04	1.645793e-07
1.508114e+04	1.627067e-07
1.508612e+04	1.608542e-07
1.509110e+04	1.590216e-07
1.509608e+04	1.572087e-07
1.510105e+04	1.554153e-07
1.510603e+04	1.536412e-07
1.511101e+04	1.518863e-07
1.511599e+04	1.501503e-07
1.512097e+04	1.484330e-07
1.512595e+04	1.467343e-07
1.513093e+04	1.450539e-07
1.513591e+04	1.433917e-07
1.514089e+04	1.417475e-07
1.514586e+04	1.401211e-07
1.515084e+04	1.385124e-07
1.515582e+04	1.369211e-07
1.516080e+04	1.353470e-07
1.516578e+04	1.337901e-07
1.517076e+04	1.322501e-07
1.517574e+04	1.307268e-07
1.518072e+04	1.292202e-07
1.518570e+04	1.277299e-07
1.519067e+04	1.262559e-07
1.519565e+04	1.247980e-07
1.520063e+04	1.233560e-07
1.520561e+04	1.219297e-07
1.521059e+04	1.205191e-07
1.521557e+04	1.191239e-07
1.522055e+04	1.177439e-07
1.522553e+04	1.163791e-07
1.523051e+04	1.150292e-07
1.523549e+04	1.136942e-07
1.524046e+04	1.123738e-07
1.524544e+04	1.110679e-07
1.525042e+04	1.097764e-07
1.525540e+04	1.084991e-07
1.526038e+04	1.072358e-07
1.526536e+04	1.059865e-07
1.527034e+04	1.047509e-07
1.527532e+04	1.035290e-07
1.528030e+04	1.023206e-07
1.528527e+04	1.011255e-07
1.529025e+04	9.994364e-08
1.529523e+04	9.877486e-08
1.530021e+04	9.761902e-08
1.530519e+04	9.647599e-08
1.531017e+04	9.534563e-08
1.531515e+04	9.422781e-08
1.532013e+04	9.312241e-08
1.532511e+04	9.202929e-08
1.533008e+04	9.094833e-08
1.533506e+04	8.987939e-08
1.534004e+04	8.882236e-08
1.534502e+04	8.777710e-08
1.535000e+04	8.674350e-08
1.535498e+04	8.572144e-08
1.535996e+04	8.471078e-08
1.536494e+04	8.371142e-08
1.536992e+04	8.272324e-08
1.537489e+04	8.174611e-08
1.537987e+04	8.077992e-08
1.538485e+04	7.982456e-08
1.538983e+04	7.887991e-08
1.539481e+04	7.794586e-08
1.539979e+04	7.702229e-08
1.540477e+04	7.610911e-08
1.540975e+04	7.520619e-08
1.541473e+04	7.431343e-08
1.541971e+04	7.343072e-08
1.542468e+04	7.255795e-08
1.542966e+04	7.169503e-08
1.543464e+04	7.084184e-08
1.543962e+04	6.999829e-08
1.544460e+04	6.916426e-08
1.544958e+04	6.833967e-08
1.545456e+04	6.752440e-08
1.545954e+04	6.671836e-08
1.546452e+04	6.592146e-08
1.546949e+04	6.513358e-08
1.547447e+04	6.435465e-08
1.547945e+04	6.358456e-08
1.548443e+04	6.282321e-08
1.548941e+04	6.207052e-08
1.549439e+04	6.132639e-08
1.549937e+04	6.059074e-08
1.550435e+04	5.986346e-08
1.550933e+04	5.914447e-08
1.551430e+04	5.843368e-08
1.551928e+04	5.773100e-08
1.552426e+04	5.703635e-08
1.552924e+04	5.634964e-08
1.553422e+04	5.567079e-08
1.553920e+04	5.499970e-08
1.554418e+04	5.433630e-08
1.554916e+04	5.368050e-08
1.555414e+04	5.303222e-08
1.555911e+04	5.239138e-08
1.556409e+04	5.175790e-08
1.556907e+04	5.113170e-08
1.557405e+04	5.051270e-08
1.557903e+04	4.990082e-08
1.558401e+04	4.929598e-08
1.558899e+04	4.869812e-08
1.559397e+04	4.810715e-08
1.559895e+04	4.752299e-08
1.560392e+04	4.694558e-08
1.560890e+04	4.637485e-08
1.561388e+04	4.581070e-08
1.561886e+04	4.525309e-08
1.562384e+04	4.470193e-08
1.562882e+04	4.415715e-08
1.563380e+04	4.361869e-08
1.563878e+04	4.308648e-08
1.564376e+04	4.256044e-08
1.564874e+04	4.204051e-08
1.565371e+04	4.152663e-08
1.565869e+04	4.101872e-08
1.566367e+04	4.051672e-08
1.566865e+04	4.002057e-08
1.567363e+04	3.953019e-08
1.567861e+04	3.904554e-08
1.568359e+04	3.856654e-08
1.568857e+04	3.809314e-08
1.569355e+04	3.762526e-08
1.569852e+04	3.716286e-08
1.570350e+04	3.670587e-08
1.570848e+04	3.625422e-08
1.571346e+04	3.580787e-08
1.571844e+04	3.536675e-08
1.572342e+04	3.493080e-08
1.572840e+04	3.449997e-08
1.573338e+04	3.407420e-08
1.573836e+04	3.365344e-08
1.574333e+04	3.323762e-08
1.574831e+04	3.282670e-08
1.575329e+04	3.242062e-08
1.575827e+04	3.201932e-08
1.576325e+04	3.162275e-08
1.576823e+04	3.123087e-08
1.577321e+04	3.084361e-08
1.577819e+04	3.046092e-08
1.578317e+04	3.008276e-08
1.578814e+04	2.970907e-08
1.579312e+04	2.933981e-08
