# # p(y | x = 2.000000e+01)
# # y_val	p(y|x)
0.000000e+00	8.330672e-08
4.978917e+00	8.432025e-08
9.957833e+00	8.534546e-08
1.493675e+01	8.638247e-08
1.991567e+01	8.743140e-08
2.489458e+01	8.849239e-08
2.987350e+01	8.956557e-08
3.485242e+01	9.065106e-08
3.983133e+01	9.174900e-08
4.481025e+01	9.285952e-08
4.978917e+01	9.398276e-08
5.476808e+01	9.511885e-08
5.974700e+01	9.626793e-08
6.472592e+01	9.743015e-08
6.970483e+01	9.860564e-08
7.468375e+01	9.979453e-08
7.966267e+01	1.009970e-07
8.464158e+01	1.022131e-07
8.962050e+01	1.034432e-07
9.459942e+01	1.046872e-07
9.957833e+01	1.059453e-07
1.045573e+02	1.072177e-07
1.095362e+02	1.085046e-07
1.145151e+02	1.098061e-07
1.194940e+02	1.111223e-07
1.244729e+02	1.124535e-07
1.294518e+02	1.137997e-07
1.344308e+02	1.151612e-07
1.394097e+02	1.165380e-07
1.443886e+02	1.179304e-07
1.493675e+02	1.193385e-07
1.543464e+02	1.207625e-07
1.593253e+02	1.222025e-07
1.643043e+02	1.236588e-07
1.692832e+02	1.251314e-07
1.742621e+02	1.266206e-07
1.792410e+02	1.281266e-07
1.842199e+02	1.296494e-07
1.891988e+02	1.311894e-07
1.941778e+02	1.327466e-07
1.991567e+02	1.343212e-07
2.041356e+02	1.359135e-07
2.091145e+02	1.375236e-07
2.140934e+02	1.391518e-07
2.190723e+02	1.407981e-07
2.240513e+02	1.424627e-07
2.290302e+02	1.441460e-07
2.340091e+02	1.458480e-07
2.389880e+02	1.475690e-07
2.439669e+02	1.493091e-07
2.489458e+02	1.510686e-07
2.539248e+02	1.528477e-07
2.589037e+02	1.546465e-07
2.638826e+02	1.564652e-07
2.688615e+02	1.583042e-07
2.738404e+02	1.601635e-07
2.788193e+02	1.620434e-07
2.837983e+02	1.639441e-07
2.887772e+02	1.658658e-07
2.937561e+02	1.678088e-07
2.987350e+02	1.697732e-07
3.037139e+02	1.717593e-07
3.086928e+02	1.737673e-07
3.136718e+02	1.757974e-07
3.186507e+02	1.778498e-07
3.236296e+02	1.799248e-07
3.286085e+02	1.820226e-07
3.335874e+02	1.841435e-07
3.385663e+02	1.862877e-07
3.435453e+02	1.884553e-07
3.485242e+02	1.906467e-07
3.535031e+02	1.928621e-07
3.584820e+02	1.951018e-07
3.634609e+02	1.973659e-07
3.684398e+02	1.996548e-07
3.734188e+02	2.019687e-07
3.783977e+02	2.043078e-07
3.833766e+02	2.066724e-07
3.883555e+02	2.090627e-07
3.933344e+02	2.114791e-07
3.983133e+02	2.139217e-07
4.032923e+02	2.163909e-07
4.082712e+02	2.188870e-07
4.132501e+02	2.214101e-07
4.182290e+02	2.239605e-07
4.232079e+02	2.265386e-07
4.281868e+02	2.291446e-07
4.331658e+02	2.317788e-07
4.381447e+02	2.344415e-07
4.431236e+02	2.371329e-07
4.481025e+02	2.398534e-07
4.530814e+02	2.426032e-07
4.580603e+02	2.453827e-07
4.630393e+02	2.481921e-07
4.680182e+02	2.510317e-07
4.729971e+02	2.539018e-07
4.779760e+02	2.568028e-07
4.829549e+02	2.597349e-07
4.879338e+02	2.626985e-07
4.929128e+02	2.656939e-07
4.978917e+02	2.687213e-07
5.028706e+02	2.717812e-07
5.078495e+02	2.748737e-07
5.128284e+02	2.779993e-07
5.178073e+02	2.811583e-07
5.227863e+02	2.843510e-07
5.277652e+02	2.875777e-07
5.327441e+02	2.908388e-07
5.377230e+02	2.941347e-07
5.427019e+02	2.974655e-07
5.476808e+02	3.008318e-07
5.526598e+02	3.042338e-07
5.576387e+02	3.076720e-07
5.626176e+02	3.111465e-07
5.675965e+02	3.146579e-07
5.725754e+02	3.182065e-07
5.775543e+02	3.217926e-07
5.825333e+02	3.254167e-07
5.875122e+02	3.290789e-07
5.924911e+02	3.327799e-07
5.974700e+02	3.365199e-07
6.024489e+02	3.402993e-07
6.074278e+02	3.441184e-07
6.124068e+02	3.479778e-07
6.173857e+02	3.518777e-07
6.223646e+02	3.558187e-07
6.273435e+02	3.598009e-07
6.323224e+02	3.638250e-07
6.373013e+02	3.678912e-07
6.422803e+02	3.719999e-07
6.472592e+02	3.761517e-07
6.522381e+02	3.803469e-07
6.572170e+02	3.845859e-07
6.621959e+02	3.888691e-07
6.671748e+02	3.931971e-07
6.721538e+02	3.975701e-07
6.771327e+02	4.019886e-07
6.821116e+02	4.064532e-07
6.870905e+02	4.109641e-07
6.920694e+02	4.155220e-07
6.970483e+02	4.201271e-07
7.020273e+02	4.247800e-07
7.070062e+02	4.294811e-07
7.119851e+02	4.342309e-07
7.169640e+02	4.390299e-07
7.219429e+02	4.438784e-07
7.269218e+02	4.487771e-07
7.319008e+02	4.537263e-07
7.368797e+02	4.587265e-07
7.418586e+02	4.637783e-07
7.468375e+02	4.688822e-07
7.518164e+02	4.740385e-07
7.567953e+02	4.792478e-07
7.617743e+02	4.845107e-07
7.667532e+02	4.898275e-07
7.717321e+02	4.951989e-07
7.767110e+02	5.006254e-07
7.816899e+02	5.061074e-07
7.866688e+02	5.116455e-07
7.916478e+02	5.172402e-07
7.966267e+02	5.228921e-07
8.016056e+02	5.286016e-07
8.065845e+02	5.343694e-07
8.115634e+02	5.401959e-07
8.165423e+02	5.460818e-07
8.215213e+02	5.520275e-07
8.265002e+02	5.580337e-07
8.314791e+02	5.641009e-07
8.364580e+02	5.702296e-07
8.414369e+02	5.764205e-07
8.464158e+02	5.826742e-07
8.513948e+02	5.889911e-07
8.563737e+02	5.953719e-07
8.613526e+02	6.018172e-07
8.663315e+02	6.083276e-07
8.713104e+02	6.149037e-07
8.762893e+02	6.215461e-07
8.812683e+02	6.282554e-07
8.862472e+02	6.350322e-07
8.912261e+02	6.418772e-07
8.962050e+02	6.487910e-07
9.011839e+02	6.557742e-07
9.061628e+02	6.628274e-07
9.111418e+02	6.699514e-07
9.161207e+02	6.771466e-07
9.210996e+02	6.844139e-07
9.260785e+02	6.917539e-07
9.310574e+02	6.991672e-07
9.360363e+02	7.066545e-07
9.410153e+02	7.142164e-07
9.459942e+02	7.218537e-07
9.509731e+02	7.295671e-07
9.559520e+02	7.373572e-07
9.609309e+02	7.452247e-07
9.659098e+02	7.531704e-07
9.708888e+02	7.611950e-07
9.758677e+02	7.692991e-07
9.808466e+02	7.774835e-07
9.858255e+02	7.857489e-07
9.908044e+02	7.940960e-07
9.957833e+02	8.025257e-07
1.000762e+03	8.110386e-07
1.005741e+03	8.196355e-07
1.010720e+03	8.283171e-07
1.015699e+03	8.370842e-07
1.020678e+03	8.459376e-07
1.025657e+03	8.548780e-07
1.030636e+03	8.639063e-07
1.035615e+03	8.730232e-07
1.040594e+03	8.822295e-07
1.045573e+03	8.915261e-07
1.050551e+03	9.009136e-07
1.055530e+03	9.103930e-07
1.060509e+03	9.199650e-07
1.065488e+03	9.296305e-07
1.070467e+03	9.393903e-07
1.075446e+03	9.492453e-07
1.080425e+03	9.591963e-07
1.085404e+03	9.692441e-07
1.090383e+03	9.793896e-07
1.095362e+03	9.896337e-07
1.100341e+03	9.999772e-07
1.105320e+03	1.010421e-06
1.110298e+03	1.020966e-06
1.115277e+03	1.031613e-06
1.120256e+03	1.042364e-06
1.125235e+03	1.053218e-06
1.130214e+03	1.064177e-06
1.135193e+03	1.075241e-06
1.140172e+03	1.086412e-06
1.145151e+03	1.097691e-06
1.150130e+03	1.109079e-06
1.155109e+03	1.120576e-06
1.160088e+03	1.132183e-06
1.165067e+03	1.143902e-06
1.170045e+03	1.155733e-06
1.175024e+03	1.167678e-06
1.180003e+03	1.179737e-06
1.184982e+03	1.191911e-06
1.189961e+03	1.204202e-06
1.194940e+03	1.216610e-06
1.199919e+03	1.229136e-06
1.204898e+03	1.241782e-06
1.209877e+03	1.254549e-06
1.214856e+03	1.267436e-06
1.219835e+03	1.280447e-06
1.224814e+03	1.293580e-06
1.229792e+03	1.306839e-06
1.234771e+03	1.320223e-06
1.239750e+03	1.333734e-06
1.244729e+03	1.347373e-06
1.249708e+03	1.361141e-06
1.254687e+03	1.375039e-06
1.259666e+03	1.389068e-06
1.264645e+03	1.403230e-06
1.269624e+03	1.417525e-06
1.274603e+03	1.431954e-06
1.279582e+03	1.446519e-06
1.284561e+03	1.461222e-06
1.289539e+03	1.476062e-06
1.294518e+03	1.491041e-06
1.299497e+03	1.506161e-06
1.304476e+03	1.521423e-06
1.309455e+03	1.536827e-06
1.314434e+03	1.552375e-06
1.319413e+03	1.568069e-06
1.324392e+03	1.583909e-06
1.329371e+03	1.599896e-06
1.334350e+03	1.616033e-06
1.339329e+03	1.632320e-06
1.344308e+03	1.648758e-06
1.349286e+03	1.665349e-06
1.354265e+03	1.682094e-06
1.359244e+03	1.698994e-06
1.364223e+03	1.716050e-06
1.369202e+03	1.733265e-06
1.374181e+03	1.750639e-06
1.379160e+03	1.768173e-06
1.384139e+03	1.785869e-06
1.389118e+03	1.803729e-06
1.394097e+03	1.821753e-06
1.399076e+03	1.839942e-06
1.404055e+03	1.858300e-06
1.409033e+03	1.876825e-06
1.414012e+03	1.895521e-06
1.418991e+03	1.914389e-06
1.423970e+03	1.933429e-06
1.428949e+03	1.952644e-06
1.433928e+03	1.972034e-06
1.438907e+03	1.991602e-06
1.443886e+03	2.011348e-06
1.448865e+03	2.031275e-06
1.453844e+03	2.051383e-06
1.458823e+03	2.071674e-06
1.463802e+03	2.092149e-06
1.468780e+03	2.112811e-06
1.473759e+03	2.133661e-06
1.478738e+03	2.154699e-06
1.483717e+03	2.175928e-06
1.488696e+03	2.197350e-06
1.493675e+03	2.218965e-06
1.498654e+03	2.240776e-06
1.503633e+03	2.262783e-06
1.508612e+03	2.284989e-06
1.513591e+03	2.307396e-06
1.518570e+03	2.330004e-06
1.523549e+03	2.352815e-06
1.528527e+03	2.375831e-06
1.533506e+03	2.399054e-06
1.538485e+03	2.422486e-06
1.543464e+03	2.446127e-06
1.548443e+03	2.469980e-06
1.553422e+03	2.494047e-06
1.558401e+03	2.518328e-06
1.563380e+03	2.542827e-06
1.568359e+03	2.567544e-06
1.573338e+03	2.592481e-06
1.578317e+03	2.617640e-06
1.583296e+03	2.643023e-06
1.588274e+03	2.668632e-06
1.593253e+03	2.694467e-06
1.598232e+03	2.720533e-06
1.603211e+03	2.746829e-06
1.608190e+03	2.773358e-06
1.613169e+03	2.800121e-06
1.618148e+03	2.827121e-06
1.623127e+03	2.854359e-06
1.628106e+03	2.881838e-06
1.633085e+03	2.909559e-06
1.638064e+03	2.937523e-06
1.643043e+03	2.965734e-06
1.648021e+03	2.994193e-06
1.653000e+03	3.022901e-06
1.657979e+03	3.051861e-06
1.662958e+03	3.081075e-06
1.667937e+03	3.110544e-06
1.672916e+03	3.140271e-06
1.677895e+03	3.170258e-06
1.682874e+03	3.200506e-06
1.687853e+03	3.231018e-06
1.692832e+03	3.261796e-06
1.697811e+03	3.292842e-06
1.702790e+03	3.324157e-06
1.707768e+03	3.355745e-06
1.712747e+03	3.387606e-06
1.717726e+03	3.419744e-06
1.722705e+03	3.452160e-06
1.727684e+03	3.484857e-06
1.732663e+03	3.517836e-06
1.737642e+03	3.551099e-06
1.742621e+03	3.584650e-06
1.747600e+03	3.618490e-06
1.752579e+03	3.652621e-06
1.757558e+03	3.687045e-06
1.762537e+03	3.721766e-06
1.767515e+03	3.756784e-06
1.772494e+03	3.792103e-06
1.777473e+03	3.827724e-06
1.782452e+03	3.863650e-06
1.787431e+03	3.899883e-06
1.792410e+03	3.936426e-06
1.797389e+03	3.973280e-06
1.802368e+03	4.010449e-06
1.807347e+03	4.047934e-06
1.812326e+03	4.085738e-06
1.817305e+03	4.123863e-06
1.822284e+03	4.162312e-06
1.827262e+03	4.201087e-06
1.832241e+03	4.240190e-06
1.837220e+03	4.279625e-06
1.842199e+03	4.319393e-06
1.847178e+03	4.359497e-06
1.852157e+03	4.399939e-06
1.857136e+03	4.440722e-06
1.862115e+03	4.481849e-06
1.867094e+03	4.523322e-06
1.872073e+03	4.565144e-06
1.877052e+03	4.607316e-06
1.882031e+03	4.649843e-06
1.887009e+03	4.692725e-06
1.891988e+03	4.735967e-06
1.896967e+03	4.779571e-06
1.901946e+03	4.823538e-06
1.906925e+03	4.867873e-06
1.911904e+03	4.912577e-06
1.916883e+03	4.957654e-06
1.921862e+03	5.003105e-06
1.926841e+03	5.048935e-06
1.931820e+03	5.095145e-06
1.936799e+03	5.141738e-06
1.941778e+03	5.188717e-06
1.946756e+03	5.236086e-06
1.951735e+03	5.283846e-06
1.956714e+03	5.332000e-06
1.961693e+03	5.380552e-06
1.966672e+03	5.429505e-06
1.971651e+03	5.478860e-06
1.976630e+03	5.528621e-06
1.981609e+03	5.578792e-06
1.986588e+03	5.629374e-06
1.991567e+03	5.680371e-06
1.996546e+03	5.731786e-06
2.001525e+03	5.783622e-06
2.006503e+03	5.835881e-06
2.011482e+03	5.888568e-06
2.016461e+03	5.941684e-06
2.021440e+03	5.995233e-06
2.026419e+03	6.049218e-06
2.031398e+03	6.103643e-06
2.036377e+03	6.158509e-06
2.041356e+03	6.213821e-06
2.046335e+03	6.269581e-06
2.051314e+03	6.325793e-06
2.056293e+03	6.382460e-06
2.061272e+03	6.439585e-06
2.066250e+03	6.497170e-06
2.071229e+03	6.555221e-06
2.076208e+03	6.613739e-06
2.081187e+03	6.672728e-06
2.086166e+03	6.732191e-06
2.091145e+03	6.792132e-06
2.096124e+03	6.852554e-06
2.101103e+03	6.913460e-06
2.106082e+03	6.974853e-06
2.111061e+03	7.036738e-06
2.116040e+03	7.099117e-06
2.121019e+03	7.161993e-06
2.125997e+03	7.225371e-06
2.130976e+03	7.289254e-06
2.135955e+03	7.353645e-06
2.140934e+03	7.418547e-06
2.145913e+03	7.483964e-06
2.150892e+03	7.549901e-06
2.155871e+03	7.616359e-06
2.160850e+03	7.683343e-06
2.165829e+03	7.750857e-06
2.170808e+03	7.818903e-06
2.175787e+03	7.887487e-06
2.180766e+03	7.956610e-06
2.185744e+03	8.026278e-06
2.190723e+03	8.096493e-06
2.195702e+03	8.167259e-06
2.200681e+03	8.238580e-06
2.205660e+03	8.310460e-06
2.210639e+03	8.382903e-06
2.215618e+03	8.455912e-06
2.220597e+03	8.529491e-06
2.225576e+03	8.603644e-06
2.230555e+03	8.678375e-06
2.235534e+03	8.753688e-06
2.240513e+03	8.829586e-06
2.245491e+03	8.906074e-06
2.250470e+03	8.983154e-06
2.255449e+03	9.060833e-06
2.260428e+03	9.139112e-06
2.265407e+03	9.217997e-06
2.270386e+03	9.297491e-06
2.275365e+03	9.377598e-06
2.280344e+03	9.458323e-06
2.285323e+03	9.539669e-06
2.290302e+03	9.621640e-06
2.295281e+03	9.704241e-06
2.300260e+03	9.787476e-06
2.305238e+03	9.871348e-06
2.310217e+03	9.955863e-06
2.315196e+03	1.004102e-05
2.320175e+03	1.012684e-05
2.325154e+03	1.021330e-05
2.330133e+03	1.030043e-05
2.335112e+03	1.038821e-05
2.340091e+03	1.047667e-05
2.345070e+03	1.056580e-05
2.350049e+03	1.065560e-05
2.355028e+03	1.074608e-05
2.360007e+03	1.083725e-05
2.364985e+03	1.092911e-05
2.369964e+03	1.102166e-05
2.374943e+03	1.111491e-05
2.379922e+03	1.120886e-05
2.384901e+03	1.130352e-05
2.389880e+03	1.139889e-05
2.394859e+03	1.149498e-05
2.399838e+03	1.159179e-05
2.404817e+03	1.168932e-05
2.409796e+03	1.178758e-05
2.414775e+03	1.188658e-05
2.419754e+03	1.198632e-05
2.424732e+03	1.208680e-05
2.429711e+03	1.218802e-05
2.434690e+03	1.229001e-05
2.439669e+03	1.239274e-05
2.444648e+03	1.249625e-05
2.449627e+03	1.260052e-05
2.454606e+03	1.270556e-05
2.459585e+03	1.281137e-05
2.464564e+03	1.291797e-05
2.469543e+03	1.302536e-05
2.474522e+03	1.313354e-05
2.479501e+03	1.324251e-05
2.484479e+03	1.335229e-05
2.489458e+03	1.346287e-05
2.494437e+03	1.357426e-05
2.499416e+03	1.368647e-05
2.504395e+03	1.379950e-05
2.509374e+03	1.391336e-05
2.514353e+03	1.402805e-05
2.519332e+03	1.414357e-05
2.524311e+03	1.425994e-05
2.529290e+03	1.437715e-05
2.534269e+03	1.449522e-05
2.539248e+03	1.461414e-05
2.544226e+03	1.473392e-05
2.549205e+03	1.485457e-05
2.554184e+03	1.497609e-05
2.559163e+03	1.509849e-05
2.564142e+03	1.522178e-05
2.569121e+03	1.534595e-05
2.574100e+03	1.547102e-05
2.579079e+03	1.559698e-05
2.584058e+03	1.572385e-05
2.589037e+03	1.585163e-05
2.594016e+03	1.598033e-05
2.598995e+03	1.610994e-05
2.603973e+03	1.624049e-05
2.608952e+03	1.637196e-05
2.613931e+03	1.650437e-05
2.618910e+03	1.663772e-05
2.623889e+03	1.677202e-05
2.628868e+03	1.690728e-05
2.633847e+03	1.704349e-05
2.638826e+03	1.718067e-05
2.643805e+03	1.731882e-05
2.648784e+03	1.745795e-05
2.653763e+03	1.759806e-05
2.658742e+03	1.773916e-05
2.663720e+03	1.788125e-05
2.668699e+03	1.802434e-05
2.673678e+03	1.816843e-05
2.678657e+03	1.831354e-05
2.683636e+03	1.845966e-05
2.688615e+03	1.860680e-05
2.693594e+03	1.875498e-05
2.698573e+03	1.890418e-05
2.703552e+03	1.905443e-05
2.708531e+03	1.920572e-05
2.713510e+03	1.935807e-05
2.718489e+03	1.951147e-05
2.723467e+03	1.966594e-05
2.728446e+03	1.982148e-05
2.733425e+03	1.997809e-05
2.738404e+03	2.013579e-05
2.743383e+03	2.029457e-05
2.748362e+03	2.045445e-05
2.753341e+03	2.061543e-05
2.758320e+03	2.077752e-05
2.763299e+03	2.094072e-05
2.768278e+03	2.110504e-05
2.773257e+03	2.127048e-05
2.778236e+03	2.143706e-05
2.783214e+03	2.160477e-05
2.788193e+03	2.177363e-05
2.793172e+03	2.194364e-05
2.798151e+03	2.211481e-05
2.803130e+03	2.228714e-05
2.808109e+03	2.246064e-05
2.813088e+03	2.263531e-05
2.818067e+03	2.281117e-05
2.823046e+03	2.298822e-05
2.828025e+03	2.316646e-05
2.833004e+03	2.334591e-05
2.837983e+03	2.352656e-05
2.842961e+03	2.370843e-05
2.847940e+03	2.389152e-05
2.852919e+03	2.407584e-05
2.857898e+03	2.426140e-05
2.862877e+03	2.444819e-05
2.867856e+03	2.463624e-05
2.872835e+03	2.482554e-05
2.877814e+03	2.501610e-05
2.882793e+03	2.520793e-05
2.887772e+03	2.540103e-05
2.892751e+03	2.559542e-05
2.897730e+03	2.579110e-05
2.902708e+03	2.598807e-05
2.907687e+03	2.618634e-05
2.912666e+03	2.638593e-05
2.917645e+03	2.658683e-05
2.922624e+03	2.678905e-05
2.927603e+03	2.699260e-05
2.932582e+03	2.719750e-05
2.937561e+03	2.740373e-05
2.942540e+03	2.761132e-05
2.947519e+03	2.782026e-05
2.952498e+03	2.803057e-05
2.957477e+03	2.824225e-05
2.962455e+03	2.845531e-05
2.967434e+03	2.866976e-05
2.972413e+03	2.888560e-05
2.977392e+03	2.910284e-05
2.982371e+03	2.932149e-05
2.987350e+03	2.954155e-05
2.992329e+03	2.976304e-05
2.997308e+03	2.998595e-05
3.002287e+03	3.021031e-05
3.007266e+03	3.043610e-05
3.012245e+03	3.066335e-05
3.017224e+03	3.089206e-05
3.022202e+03	3.112223e-05
3.027181e+03	3.135388e-05
3.032160e+03	3.158700e-05
3.037139e+03	3.182162e-05
3.042118e+03	3.205773e-05
3.047097e+03	3.229534e-05
3.052076e+03	3.253447e-05
3.057055e+03	3.277511e-05
3.062034e+03	3.301728e-05
3.067013e+03	3.326098e-05
3.071992e+03	3.350622e-05
3.076971e+03	3.375301e-05
3.081949e+03	3.400136e-05
3.086928e+03	3.425126e-05
3.091907e+03	3.450274e-05
3.096886e+03	3.475580e-05
3.101865e+03	3.501045e-05
3.106844e+03	3.526668e-05
3.111823e+03	3.552452e-05
3.116802e+03	3.578397e-05
3.121781e+03	3.604504e-05
3.126760e+03	3.630773e-05
3.131739e+03	3.657205e-05
3.136718e+03	3.683802e-05
3.141696e+03	3.710563e-05
3.146675e+03	3.737490e-05
3.151654e+03	3.764583e-05
3.156633e+03	3.791844e-05
3.161612e+03	3.819272e-05
3.166591e+03	3.846869e-05
3.171570e+03	3.874636e-05
3.176549e+03	3.902573e-05
3.181528e+03	3.930681e-05
3.186507e+03	3.958962e-05
3.191486e+03	3.987414e-05
3.196465e+03	4.016041e-05
3.201443e+03	4.044842e-05
3.206422e+03	4.073818e-05
3.211401e+03	4.102970e-05
3.216380e+03	4.132298e-05
3.221359e+03	4.161805e-05
3.226338e+03	4.191489e-05
3.231317e+03	4.221353e-05
3.236296e+03	4.251397e-05
3.241275e+03	4.281622e-05
3.246254e+03	4.312028e-05
3.251233e+03	4.342617e-05
3.256212e+03	4.373389e-05
3.261190e+03	4.404345e-05
3.266169e+03	4.435486e-05
3.271148e+03	4.466813e-05
3.276127e+03	4.498327e-05
3.281106e+03	4.530028e-05
3.286085e+03	4.561917e-05
3.291064e+03	4.593995e-05
3.296043e+03	4.626263e-05
3.301022e+03	4.658722e-05
3.306001e+03	4.691373e-05
3.310980e+03	4.724216e-05
3.315959e+03	4.757252e-05
3.320937e+03	4.790482e-05
3.325916e+03	4.823908e-05
3.330895e+03	4.857529e-05
3.335874e+03	4.891346e-05
3.340853e+03	4.925362e-05
3.345832e+03	4.959575e-05
3.350811e+03	4.993988e-05
3.355790e+03	5.028601e-05
3.360769e+03	5.063414e-05
3.365748e+03	5.098429e-05
3.370727e+03	5.133647e-05
3.375706e+03	5.169069e-05
3.380684e+03	5.204694e-05
3.385663e+03	5.240525e-05
3.390642e+03	5.276562e-05
3.395621e+03	5.312806e-05
3.400600e+03	5.349257e-05
3.405579e+03	5.385917e-05
3.410558e+03	5.422787e-05
3.415537e+03	5.459867e-05
3.420516e+03	5.497158e-05
3.425495e+03	5.534661e-05
3.430474e+03	5.572377e-05
3.435453e+03	5.610306e-05
3.440431e+03	5.648451e-05
3.445410e+03	5.686811e-05
3.450389e+03	5.725387e-05
3.455368e+03	5.764180e-05
3.460347e+03	5.803192e-05
3.465326e+03	5.842423e-05
3.470305e+03	5.881873e-05
3.475284e+03	5.921545e-05
3.480263e+03	5.961438e-05
3.485242e+03	6.001553e-05
3.490221e+03	6.041892e-05
3.495200e+03	6.082455e-05
3.500178e+03	6.123244e-05
3.505157e+03	6.164258e-05
3.510136e+03	6.205499e-05
3.515115e+03	6.246968e-05
3.520094e+03	6.288666e-05
3.525073e+03	6.330593e-05
3.530052e+03	6.372751e-05
3.535031e+03	6.415140e-05
3.540010e+03	6.457761e-05
3.544989e+03	6.500615e-05
3.549968e+03	6.543703e-05
3.554947e+03	6.587026e-05
3.559925e+03	6.630585e-05
3.564904e+03	6.674380e-05
3.569883e+03	6.718413e-05
3.574862e+03	6.762684e-05
3.579841e+03	6.807195e-05
3.584820e+03	6.851946e-05
3.589799e+03	6.896937e-05
3.594778e+03	6.942171e-05
3.599757e+03	6.987647e-05
3.604736e+03	7.033368e-05
3.609715e+03	7.079332e-05
3.614694e+03	7.125543e-05
3.619672e+03	7.171999e-05
3.624651e+03	7.218703e-05
3.629630e+03	7.265655e-05
3.634609e+03	7.312856e-05
3.639588e+03	7.360307e-05
3.644567e+03	7.408009e-05
3.649546e+03	7.455963e-05
3.654525e+03	7.504169e-05
3.659504e+03	7.552628e-05
3.664483e+03	7.601342e-05
3.669462e+03	7.650312e-05
3.674441e+03	7.699537e-05
3.679419e+03	7.749019e-05
3.684398e+03	7.798760e-05
3.689377e+03	7.848759e-05
3.694356e+03	7.899017e-05
3.699335e+03	7.949537e-05
3.704314e+03	8.000318e-05
3.709293e+03	8.051361e-05
3.714272e+03	8.102667e-05
3.719251e+03	8.154237e-05
3.724230e+03	8.206073e-05
3.729209e+03	8.258174e-05
3.734188e+03	8.310542e-05
3.739166e+03	8.363178e-05
3.744145e+03	8.416082e-05
3.749124e+03	8.469256e-05
3.754103e+03	8.522700e-05
3.759082e+03	8.576415e-05
3.764061e+03	8.630402e-05
3.769040e+03	8.684662e-05
3.774019e+03	8.739196e-05
3.778998e+03	8.794005e-05
3.783977e+03	8.849089e-05
3.788956e+03	8.904449e-05
3.793935e+03	8.960087e-05
3.798913e+03	9.016003e-05
3.803892e+03	9.072198e-05
3.808871e+03	9.128673e-05
3.813850e+03	9.185429e-05
3.818829e+03	9.242466e-05
3.823808e+03	9.299786e-05
3.828787e+03	9.357389e-05
3.833766e+03	9.415276e-05
3.838745e+03	9.473449e-05
3.843724e+03	9.531908e-05
3.848703e+03	9.590653e-05
3.853682e+03	9.649686e-05
3.858660e+03	9.709008e-05
3.863639e+03	9.768619e-05
3.868618e+03	9.828520e-05
3.873597e+03	9.888712e-05
3.878576e+03	9.949197e-05
3.883555e+03	1.000997e-04
3.888534e+03	1.007104e-04
3.893513e+03	1.013241e-04
3.898492e+03	1.019407e-04
3.903471e+03	1.025603e-04
3.908450e+03	1.031828e-04
3.913429e+03	1.038083e-04
3.918407e+03	1.044368e-04
3.923386e+03	1.050683e-04
3.928365e+03	1.057029e-04
3.933344e+03	1.063404e-04
3.938323e+03	1.069809e-04
3.943302e+03	1.076245e-04
3.948281e+03	1.082711e-04
3.953260e+03	1.089207e-04
3.958239e+03	1.095734e-04
3.963218e+03	1.102292e-04
3.968197e+03	1.108880e-04
3.973176e+03	1.115500e-04
3.978154e+03	1.122150e-04
3.983133e+03	1.128831e-04
3.988112e+03	1.135542e-04
3.993091e+03	1.142286e-04
3.998070e+03	1.149060e-04
4.003049e+03	1.155865e-04
4.008028e+03	1.162702e-04
4.013007e+03	1.169571e-04
4.017986e+03	1.176470e-04
4.022965e+03	1.183402e-04
4.027944e+03	1.190365e-04
4.032923e+03	1.197360e-04
4.037901e+03	1.204386e-04
4.042880e+03	1.211445e-04
4.047859e+03	1.218535e-04
4.052838e+03	1.225658e-04
4.057817e+03	1.232813e-04
4.062796e+03	1.240000e-04
4.067775e+03	1.247219e-04
4.072754e+03	1.254470e-04
4.077733e+03	1.261754e-04
4.082712e+03	1.269071e-04
4.087691e+03	1.276420e-04
4.092670e+03	1.283802e-04
4.097648e+03	1.291216e-04
4.102627e+03	1.298664e-04
4.107606e+03	1.306144e-04
4.112585e+03	1.313657e-04
4.117564e+03	1.321203e-04
4.122543e+03	1.328783e-04
4.127522e+03	1.336395e-04
4.132501e+03	1.344041e-04
4.137480e+03	1.351720e-04
4.142459e+03	1.359433e-04
4.147438e+03	1.367179e-04
4.152417e+03	1.374958e-04
4.157395e+03	1.382771e-04
4.162374e+03	1.390618e-04
4.167353e+03	1.398499e-04
4.172332e+03	1.406413e-04
4.177311e+03	1.414361e-04
4.182290e+03	1.422343e-04
4.187269e+03	1.430360e-04
4.192248e+03	1.438410e-04
4.197227e+03	1.446495e-04
4.202206e+03	1.454613e-04
4.207185e+03	1.462766e-04
4.212164e+03	1.470954e-04
4.217142e+03	1.479176e-04
4.222121e+03	1.487432e-04
4.227100e+03	1.495723e-04
4.232079e+03	1.504048e-04
4.237058e+03	1.512409e-04
4.242037e+03	1.520803e-04
4.247016e+03	1.529233e-04
4.251995e+03	1.537698e-04
4.256974e+03	1.546197e-04
4.261953e+03	1.554732e-04
4.266932e+03	1.563302e-04
4.271911e+03	1.571906e-04
4.276889e+03	1.580546e-04
4.281868e+03	1.589222e-04
4.286847e+03	1.597932e-04
4.291826e+03	1.606678e-04
4.296805e+03	1.615459e-04
4.301784e+03	1.624276e-04
4.306763e+03	1.633128e-04
4.311742e+03	1.642016e-04
4.316721e+03	1.650940e-04
4.321700e+03	1.659899e-04
4.326679e+03	1.668894e-04
4.331658e+03	1.677925e-04
4.336636e+03	1.686991e-04
4.341615e+03	1.696094e-04
4.346594e+03	1.705232e-04
4.351573e+03	1.714407e-04
4.356552e+03	1.723618e-04
4.361531e+03	1.732865e-04
4.366510e+03	1.742148e-04
4.371489e+03	1.751467e-04
4.376468e+03	1.760822e-04
4.381447e+03	1.770214e-04
4.386426e+03	1.779642e-04
4.391405e+03	1.789107e-04
4.396383e+03	1.798608e-04
4.401362e+03	1.808146e-04
4.406341e+03	1.817720e-04
4.411320e+03	1.827331e-04
4.416299e+03	1.836978e-04
4.421278e+03	1.846662e-04
4.426257e+03	1.856383e-04
4.431236e+03	1.866141e-04
4.436215e+03	1.875936e-04
4.441194e+03	1.885767e-04
4.446173e+03	1.895635e-04
4.451152e+03	1.905541e-04
4.456130e+03	1.915483e-04
4.461109e+03	1.925462e-04
4.466088e+03	1.935479e-04
4.471067e+03	1.945532e-04
4.476046e+03	1.955623e-04
4.481025e+03	1.965751e-04
4.486004e+03	1.975916e-04
4.490983e+03	1.986119e-04
4.495962e+03	1.996358e-04
4.500941e+03	2.006635e-04
4.505920e+03	2.016950e-04
4.510899e+03	2.027301e-04
4.515877e+03	2.037691e-04
4.520856e+03	2.048117e-04
4.525835e+03	2.058581e-04
4.530814e+03	2.069083e-04
4.535793e+03	2.079622e-04
4.540772e+03	2.090199e-04
4.545751e+03	2.100813e-04
4.550730e+03	2.111465e-04
4.555709e+03	2.122155e-04
4.560688e+03	2.132882e-04
4.565667e+03	2.143647e-04
4.570646e+03	2.154450e-04
4.575624e+03	2.165291e-04
4.580603e+03	2.176169e-04
4.585582e+03	2.187085e-04
4.590561e+03	2.198039e-04
4.595540e+03	2.209031e-04
4.600519e+03	2.220061e-04
4.605498e+03	2.231128e-04
4.610477e+03	2.242234e-04
4.615456e+03	2.253377e-04
4.620435e+03	2.264558e-04
4.625414e+03	2.275777e-04
4.630393e+03	2.287035e-04
4.635371e+03	2.298330e-04
4.640350e+03	2.309663e-04
4.645329e+03	2.321034e-04
4.650308e+03	2.332443e-04
4.655287e+03	2.343890e-04
4.660266e+03	2.355375e-04
4.665245e+03	2.366899e-04
4.670224e+03	2.378460e-04
4.675203e+03	2.390059e-04
4.680182e+03	2.401697e-04
4.685161e+03	2.413372e-04
4.690140e+03	2.425086e-04
4.695118e+03	2.436837e-04
4.700097e+03	2.448627e-04
4.705076e+03	2.460455e-04
4.710055e+03	2.472321e-04
4.715034e+03	2.484224e-04
4.720013e+03	2.496166e-04
4.724992e+03	2.508147e-04
4.729971e+03	2.520165e-04
4.734950e+03	2.532221e-04
4.739929e+03	2.544315e-04
4.744908e+03	2.556448e-04
4.749887e+03	2.568618e-04
4.754865e+03	2.580827e-04
4.759844e+03	2.593073e-04
4.764823e+03	2.605358e-04
4.769802e+03	2.617680e-04
4.774781e+03	2.630041e-04
4.779760e+03	2.642439e-04
4.784739e+03	2.654876e-04
4.789718e+03	2.667351e-04
4.794697e+03	2.679863e-04
4.799676e+03	2.692414e-04
4.804655e+03	2.705002e-04
4.809634e+03	2.717629e-04
4.814612e+03	2.730293e-04
4.819591e+03	2.742995e-04
4.824570e+03	2.755735e-04
4.829549e+03	2.768513e-04
4.834528e+03	2.781328e-04
4.839507e+03	2.794182e-04
4.844486e+03	2.807073e-04
4.849465e+03	2.820002e-04
4.854444e+03	2.832969e-04
4.859423e+03	2.845973e-04
4.864402e+03	2.859015e-04
4.869381e+03	2.872095e-04
4.874359e+03	2.885212e-04
4.879338e+03	2.898367e-04
4.884317e+03	2.911559e-04
4.889296e+03	2.924789e-04
4.894275e+03	2.938056e-04
4.899254e+03	2.951361e-04
4.904233e+03	2.964703e-04
4.909212e+03	2.978083e-04
4.914191e+03	2.991500e-04
4.919170e+03	3.004954e-04
4.924149e+03	3.018446e-04
4.929128e+03	3.031974e-04
4.934106e+03	3.045540e-04
4.939085e+03	3.059143e-04
4.944064e+03	3.072783e-04
4.949043e+03	3.086460e-04
4.954022e+03	3.100174e-04
4.959001e+03	3.113925e-04
4.963980e+03	3.127713e-04
4.968959e+03	3.141538e-04
4.973938e+03	3.155399e-04
4.978917e+03	3.169298e-04
4.983896e+03	3.183232e-04
4.988875e+03	3.197204e-04
4.993853e+03	3.211212e-04
4.998832e+03	3.225257e-04
5.003811e+03	3.239338e-04
5.008790e+03	3.253456e-04
5.013769e+03	3.267610e-04
5.018748e+03	3.281800e-04
5.023727e+03	3.296026e-04
5.028706e+03	3.310289e-04
5.033685e+03	3.324587e-04
5.038664e+03	3.338922e-04
5.043643e+03	3.353293e-04
5.048622e+03	3.367699e-04
5.053600e+03	3.382142e-04
5.058579e+03	3.396620e-04
5.063558e+03	3.411134e-04
5.068537e+03	3.425683e-04
5.073516e+03	3.440268e-04
5.078495e+03	3.454889e-04
5.083474e+03	3.469545e-04
5.088453e+03	3.484236e-04
5.093432e+03	3.498962e-04
5.098411e+03	3.513724e-04
5.103390e+03	3.528521e-04
5.108369e+03	3.543353e-04
5.113347e+03	3.558219e-04
5.118326e+03	3.573121e-04
5.123305e+03	3.588057e-04
5.128284e+03	3.603028e-04
5.133263e+03	3.618033e-04
5.138242e+03	3.633073e-04
5.143221e+03	3.648148e-04
5.148200e+03	3.663257e-04
5.153179e+03	3.678400e-04
5.158158e+03	3.693577e-04
5.163137e+03	3.708788e-04
5.168116e+03	3.724033e-04
5.173094e+03	3.739312e-04
5.178073e+03	3.754625e-04
5.183052e+03	3.769971e-04
5.188031e+03	3.785351e-04
5.193010e+03	3.800764e-04
5.197989e+03	3.816211e-04
5.202968e+03	3.831691e-04
5.207947e+03	3.847204e-04
5.212926e+03	3.862750e-04
5.217905e+03	3.878329e-04
5.222884e+03	3.893941e-04
5.227863e+03	3.909586e-04
5.232841e+03	3.925263e-04
5.237820e+03	3.940973e-04
5.242799e+03	3.956715e-04
5.247778e+03	3.972490e-04
5.252757e+03	3.988296e-04
5.257736e+03	4.004135e-04
5.262715e+03	4.020005e-04
5.267694e+03	4.035908e-04
5.272673e+03	4.051842e-04
5.277652e+03	4.067807e-04
5.282631e+03	4.083804e-04
5.287610e+03	4.099833e-04
5.292588e+03	4.115892e-04
5.297567e+03	4.131983e-04
5.302546e+03	4.148104e-04
5.307525e+03	4.164257e-04
5.312504e+03	4.180440e-04
5.317483e+03	4.196653e-04
5.322462e+03	4.212897e-04
5.327441e+03	4.229172e-04
5.332420e+03	4.245476e-04
5.337399e+03	4.261811e-04
5.342378e+03	4.278175e-04
5.347357e+03	4.294569e-04
5.352335e+03	4.310993e-04
5.357314e+03	4.327446e-04
5.362293e+03	4.343928e-04
5.367272e+03	4.360440e-04
5.372251e+03	4.376981e-04
5.377230e+03	4.393550e-04
5.382209e+03	4.410149e-04
5.387188e+03	4.426775e-04
5.392167e+03	4.443431e-04
5.397146e+03	4.460114e-04
5.402125e+03	4.476826e-04
5.407104e+03	4.493566e-04
5.412082e+03	4.510334e-04
5.417061e+03	4.527129e-04
5.422040e+03	4.543952e-04
5.427019e+03	4.560802e-04
5.431998e+03	4.577680e-04
5.436977e+03	4.594584e-04
5.441956e+03	4.611515e-04
5.446935e+03	4.628473e-04
5.451914e+03	4.645458e-04
5.456893e+03	4.662469e-04
5.461872e+03	4.679507e-04
5.466851e+03	4.696570e-04
5.471829e+03	4.713659e-04
5.476808e+03	4.730774e-04
5.481787e+03	4.747915e-04
5.486766e+03	4.765081e-04
5.491745e+03	4.782272e-04
5.496724e+03	4.799488e-04
5.501703e+03	4.816729e-04
5.506682e+03	4.833995e-04
5.511661e+03	4.851285e-04
5.516640e+03	4.868599e-04
5.521619e+03	4.885938e-04
5.526598e+03	4.903301e-04
5.531576e+03	4.920687e-04
5.536555e+03	4.938097e-04
5.541534e+03	4.955531e-04
5.546513e+03	4.972988e-04
5.551492e+03	4.990467e-04
5.556471e+03	5.007970e-04
5.561450e+03	5.025495e-04
5.566429e+03	5.043043e-04
5.571408e+03	5.060613e-04
5.576387e+03	5.078205e-04
5.581366e+03	5.095819e-04
5.586345e+03	5.113454e-04
5.591323e+03	5.131112e-04
5.596302e+03	5.148790e-04
5.601281e+03	5.166490e-04
5.606260e+03	5.184210e-04
5.611239e+03	5.201951e-04
5.616218e+03	5.219713e-04
5.621197e+03	5.237495e-04
5.626176e+03	5.255297e-04
5.631155e+03	5.273119e-04
5.636134e+03	5.290960e-04
5.641113e+03	5.308821e-04
5.646092e+03	5.326701e-04
5.651070e+03	5.344601e-04
5.656049e+03	5.362519e-04
5.661028e+03	5.380455e-04
5.666007e+03	5.398411e-04
5.670986e+03	5.416384e-04
5.675965e+03	5.434375e-04
5.680944e+03	5.452384e-04
5.685923e+03	5.470411e-04
5.690902e+03	5.488454e-04
5.695881e+03	5.506515e-04
5.700860e+03	5.524593e-04
5.705839e+03	5.542688e-04
5.710817e+03	5.560798e-04
5.715796e+03	5.578925e-04
5.720775e+03	5.597068e-04
5.725754e+03	5.615227e-04
5.730733e+03	5.633401e-04
5.735712e+03	5.651591e-04
5.740691e+03	5.669795e-04
5.745670e+03	5.688015e-04
5.750649e+03	5.706249e-04
5.755628e+03	5.724497e-04
5.760607e+03	5.742759e-04
5.765586e+03	5.761036e-04
5.770564e+03	5.779325e-04
5.775543e+03	5.797629e-04
5.780522e+03	5.815945e-04
5.785501e+03	5.834274e-04
5.790480e+03	5.852616e-04
5.795459e+03	5.870971e-04
5.800438e+03	5.889337e-04
5.805417e+03	5.907716e-04
5.810396e+03	5.926106e-04
5.815375e+03	5.944508e-04
5.820354e+03	5.962921e-04
5.825333e+03	5.981344e-04
5.830311e+03	5.999779e-04
5.835290e+03	6.018224e-04
5.840269e+03	6.036679e-04
5.845248e+03	6.055144e-04
5.850227e+03	6.073619e-04
5.855206e+03	6.092103e-04
5.860185e+03	6.110596e-04
5.865164e+03	6.129098e-04
5.870143e+03	6.147609e-04
5.875122e+03	6.166128e-04
5.880101e+03	6.184656e-04
5.885080e+03	6.203191e-04
5.890058e+03	6.221734e-04
5.895037e+03	6.240284e-04
5.900016e+03	6.258841e-04
5.904995e+03	6.277406e-04
5.909974e+03	6.295976e-04
5.914953e+03	6.314553e-04
5.919932e+03	6.333136e-04
5.924911e+03	6.351725e-04
5.929890e+03	6.370319e-04
5.934869e+03	6.388918e-04
5.939848e+03	6.407523e-04
5.944827e+03	6.426131e-04
5.949805e+03	6.444745e-04
5.954784e+03	6.463362e-04
5.959763e+03	6.481984e-04
5.964742e+03	6.500608e-04
5.969721e+03	6.519236e-04
5.974700e+03	6.537868e-04
5.979679e+03	6.556501e-04
5.984658e+03	6.575138e-04
5.989637e+03	6.593776e-04
5.994616e+03	6.612416e-04
5.999595e+03	6.631058e-04
6.004574e+03	6.649702e-04
6.009552e+03	6.668346e-04
6.014531e+03	6.686991e-04
6.019510e+03	6.705636e-04
6.024489e+03	6.724282e-04
6.029468e+03	6.742928e-04
6.034447e+03	6.761573e-04
6.039426e+03	6.780217e-04
6.044405e+03	6.798861e-04
6.049384e+03	6.817503e-04
6.054363e+03	6.836143e-04
6.059342e+03	6.854782e-04
6.064321e+03	6.873419e-04
6.069299e+03	6.892053e-04
6.074278e+03	6.910685e-04
6.079257e+03	6.929313e-04
6.084236e+03	6.947938e-04
6.089215e+03	6.966560e-04
6.094194e+03	6.985177e-04
6.099173e+03	7.003791e-04
6.104152e+03	7.022399e-04
6.109131e+03	7.041003e-04
6.114110e+03	7.059602e-04
6.119089e+03	7.078196e-04
6.124068e+03	7.096784e-04
6.129046e+03	7.115365e-04
6.134025e+03	7.133941e-04
6.139004e+03	7.152510e-04
6.143983e+03	7.171072e-04
6.148962e+03	7.189626e-04
6.153941e+03	7.208173e-04
6.158920e+03	7.226713e-04
6.163899e+03	7.245244e-04
6.168878e+03	7.263767e-04
6.173857e+03	7.282281e-04
6.178836e+03	7.300785e-04
6.183815e+03	7.319281e-04
6.188793e+03	7.337767e-04
6.193772e+03	7.356242e-04
6.198751e+03	7.374708e-04
6.203730e+03	7.393163e-04
6.208709e+03	7.411607e-04
6.213688e+03	7.430040e-04
6.218667e+03	7.448461e-04
6.223646e+03	7.466870e-04
6.228625e+03	7.485267e-04
6.233604e+03	7.503652e-04
6.238583e+03	7.522024e-04
6.243562e+03	7.540382e-04
6.248540e+03	7.558728e-04
6.253519e+03	7.577059e-04
6.258498e+03	7.595376e-04
6.263477e+03	7.613680e-04
6.268456e+03	7.631968e-04
6.273435e+03	7.650241e-04
6.278414e+03	7.668499e-04
6.283393e+03	7.686741e-04
6.288372e+03	7.704968e-04
6.293351e+03	7.723178e-04
6.298330e+03	7.741371e-04
6.303309e+03	7.759548e-04
6.308287e+03	7.777707e-04
6.313266e+03	7.795849e-04
6.318245e+03	7.813973e-04
6.323224e+03	7.832078e-04
6.328203e+03	7.850165e-04
6.333182e+03	7.868233e-04
6.338161e+03	7.886282e-04
6.343140e+03	7.904312e-04
6.348119e+03	7.922321e-04
6.353098e+03	7.940311e-04
6.358077e+03	7.958280e-04
6.363056e+03	7.976228e-04
6.368034e+03	7.994155e-04
6.373013e+03	8.012061e-04
6.377992e+03	8.029945e-04
6.382971e+03	8.047807e-04
6.387950e+03	8.065646e-04
6.392929e+03	8.083463e-04
6.397908e+03	8.101256e-04
6.402887e+03	8.119026e-04
6.407866e+03	8.136773e-04
6.412845e+03	8.154495e-04
6.417824e+03	8.172193e-04
6.422803e+03	8.189866e-04
6.427781e+03	8.207515e-04
6.432760e+03	8.225138e-04
6.437739e+03	8.242735e-04
6.442718e+03	8.260306e-04
6.447697e+03	8.277851e-04
6.452676e+03	8.295369e-04
6.457655e+03	8.312861e-04
6.462634e+03	8.330325e-04
6.467613e+03	8.347761e-04
6.472592e+03	8.365169e-04
6.477571e+03	8.382549e-04
6.482550e+03	8.399901e-04
6.487528e+03	8.417224e-04
6.492507e+03	8.434517e-04
6.497486e+03	8.451780e-04
6.502465e+03	8.469014e-04
6.507444e+03	8.486218e-04
6.512423e+03	8.503391e-04
6.517402e+03	8.520533e-04
6.522381e+03	8.537643e-04
6.527360e+03	8.554723e-04
6.532339e+03	8.571770e-04
6.537318e+03	8.588785e-04
6.542297e+03	8.605768e-04
6.547275e+03	8.622717e-04
6.552254e+03	8.639634e-04
6.557233e+03	8.656517e-04
6.562212e+03	8.673366e-04
6.567191e+03	8.690181e-04
6.572170e+03	8.706962e-04
6.577149e+03	8.723707e-04
6.582128e+03	8.740418e-04
6.587107e+03	8.757093e-04
6.592086e+03	8.773732e-04
6.597065e+03	8.790335e-04
6.602044e+03	8.806902e-04
6.607022e+03	8.823432e-04
6.612001e+03	8.839925e-04
6.616980e+03	8.856380e-04
6.621959e+03	8.872798e-04
6.626938e+03	8.889178e-04
6.631917e+03	8.905519e-04
6.636896e+03	8.921821e-04
6.641875e+03	8.938085e-04
6.646854e+03	8.954309e-04
6.651833e+03	8.970494e-04
6.656812e+03	8.986638e-04
6.661791e+03	9.002742e-04
6.666769e+03	9.018806e-04
6.671748e+03	9.034828e-04
6.676727e+03	9.050810e-04
6.681706e+03	9.066749e-04
6.686685e+03	9.082647e-04
6.691664e+03	9.098503e-04
6.696643e+03	9.114316e-04
6.701622e+03	9.130086e-04
6.706601e+03	9.145813e-04
6.711580e+03	9.161496e-04
6.716559e+03	9.177136e-04
6.721538e+03	9.192731e-04
6.726516e+03	9.208282e-04
6.731495e+03	9.223789e-04
6.736474e+03	9.239250e-04
6.741453e+03	9.254665e-04
6.746432e+03	9.270036e-04
6.751411e+03	9.285360e-04
6.756390e+03	9.300637e-04
6.761369e+03	9.315868e-04
6.766348e+03	9.331052e-04
6.771327e+03	9.346189e-04
6.776306e+03	9.361279e-04
6.781285e+03	9.376320e-04
6.786263e+03	9.391313e-04
6.791242e+03	9.406258e-04
6.796221e+03	9.421153e-04
6.801200e+03	9.436000e-04
6.806179e+03	9.450797e-04
6.811158e+03	9.465545e-04
6.816137e+03	9.480243e-04
6.821116e+03	9.494890e-04
6.826095e+03	9.509486e-04
6.831074e+03	9.524032e-04
6.836053e+03	9.538526e-04
6.841032e+03	9.552969e-04
6.846010e+03	9.567360e-04
6.850989e+03	9.581699e-04
6.855968e+03	9.595985e-04
6.860947e+03	9.610218e-04
6.865926e+03	9.624399e-04
6.870905e+03	9.638526e-04
6.875884e+03	9.652600e-04
6.880863e+03	9.666619e-04
6.885842e+03	9.680584e-04
6.890821e+03	9.694495e-04
6.895800e+03	9.708351e-04
6.900779e+03	9.722152e-04
6.905757e+03	9.735898e-04
6.910736e+03	9.749587e-04
6.915715e+03	9.763221e-04
6.920694e+03	9.776799e-04
6.925673e+03	9.790320e-04
6.930652e+03	9.803784e-04
6.935631e+03	9.817191e-04
6.940610e+03	9.830540e-04
6.945589e+03	9.843832e-04
6.950568e+03	9.857066e-04
6.955547e+03	9.870242e-04
6.960526e+03	9.883359e-04
6.965504e+03	9.896417e-04
6.970483e+03	9.909416e-04
6.975462e+03	9.922356e-04
6.980441e+03	9.935236e-04
6.985420e+03	9.948056e-04
6.990399e+03	9.960816e-04
6.995378e+03	9.973516e-04
7.000357e+03	9.986154e-04
7.005336e+03	9.998732e-04
7.010315e+03	1.001125e-03
7.015294e+03	1.002370e-03
7.020273e+03	1.003610e-03
7.025251e+03	1.004843e-03
7.030230e+03	1.006070e-03
7.035209e+03	1.007290e-03
7.040188e+03	1.008504e-03
7.045167e+03	1.009712e-03
7.050146e+03	1.010914e-03
7.055125e+03	1.012109e-03
7.060104e+03	1.013298e-03
7.065083e+03	1.014481e-03
7.070062e+03	1.015657e-03
7.075041e+03	1.016826e-03
7.080020e+03	1.017989e-03
7.084998e+03	1.019146e-03
7.089977e+03	1.020296e-03
7.094956e+03	1.021439e-03
7.099935e+03	1.022576e-03
7.104914e+03	1.023706e-03
7.109893e+03	1.024830e-03
7.114872e+03	1.025946e-03
7.119851e+03	1.027056e-03
7.124830e+03	1.028160e-03
7.129809e+03	1.029257e-03
7.134788e+03	1.030347e-03
7.139767e+03	1.031430e-03
7.144745e+03	1.032506e-03
7.149724e+03	1.033575e-03
7.154703e+03	1.034638e-03
7.159682e+03	1.035694e-03
7.164661e+03	1.036742e-03
7.169640e+03	1.037784e-03
7.174619e+03	1.038819e-03
7.179598e+03	1.039847e-03
7.184577e+03	1.040868e-03
7.189556e+03	1.041882e-03
7.194535e+03	1.042889e-03
7.199514e+03	1.043889e-03
7.204492e+03	1.044881e-03
7.209471e+03	1.045867e-03
7.214450e+03	1.046845e-03
7.219429e+03	1.047817e-03
7.224408e+03	1.048781e-03
7.229387e+03	1.049738e-03
7.234366e+03	1.050687e-03
7.239345e+03	1.051630e-03
7.244324e+03	1.052565e-03
7.249303e+03	1.053493e-03
7.254282e+03	1.054413e-03
7.259261e+03	1.055326e-03
7.264239e+03	1.056232e-03
7.269218e+03	1.057131e-03
7.274197e+03	1.058022e-03
7.279176e+03	1.058906e-03
7.284155e+03	1.059782e-03
7.289134e+03	1.060651e-03
7.294113e+03	1.061512e-03
7.299092e+03	1.062366e-03
7.304071e+03	1.063212e-03
7.309050e+03	1.064051e-03
7.314029e+03	1.064883e-03
7.319008e+03	1.065706e-03
7.323986e+03	1.066523e-03
7.328965e+03	1.067331e-03
7.333944e+03	1.068132e-03
7.338923e+03	1.068925e-03
7.343902e+03	1.069711e-03
7.348881e+03	1.070489e-03
7.353860e+03	1.071259e-03
7.358839e+03	1.072022e-03
7.363818e+03	1.072777e-03
7.368797e+03	1.073524e-03
7.373776e+03	1.074263e-03
7.378755e+03	1.074995e-03
7.383733e+03	1.075719e-03
7.388712e+03	1.076435e-03
7.393691e+03	1.077143e-03
7.398670e+03	1.077843e-03
7.403649e+03	1.078536e-03
7.408628e+03	1.079220e-03
7.413607e+03	1.079897e-03
7.418586e+03	1.080566e-03
7.423565e+03	1.081227e-03
7.428544e+03	1.081880e-03
7.433523e+03	1.082525e-03
7.438502e+03	1.083162e-03
7.443480e+03	1.083791e-03
7.448459e+03	1.084412e-03
7.453438e+03	1.085025e-03
7.458417e+03	1.085630e-03
7.463396e+03	1.086227e-03
7.468375e+03	1.086816e-03
7.473354e+03	1.087397e-03
7.478333e+03	1.087970e-03
7.483312e+03	1.088535e-03
7.488291e+03	1.089091e-03
7.493270e+03	1.089640e-03
7.498249e+03	1.090180e-03
7.503227e+03	1.090713e-03
7.508206e+03	1.091237e-03
7.513185e+03	1.091753e-03
7.518164e+03	1.092261e-03
7.523143e+03	1.092760e-03
7.528122e+03	1.093252e-03
7.533101e+03	1.093735e-03
7.538080e+03	1.094210e-03
7.543059e+03	1.094677e-03
7.548038e+03	1.095135e-03
7.553017e+03	1.095586e-03
7.557996e+03	1.096028e-03
7.562974e+03	1.096461e-03
7.567953e+03	1.096887e-03
7.572932e+03	1.097304e-03
7.577911e+03	1.097713e-03
7.582890e+03	1.098114e-03
7.587869e+03	1.098506e-03
7.592848e+03	1.098890e-03
7.597827e+03	1.099265e-03
7.602806e+03	1.099633e-03
7.607785e+03	1.099992e-03
7.612764e+03	1.100342e-03
7.617743e+03	1.100684e-03
7.622721e+03	1.101018e-03
7.627700e+03	1.101344e-03
7.632679e+03	1.101661e-03
7.637658e+03	1.101969e-03
7.642637e+03	1.102269e-03
7.647616e+03	1.102561e-03
7.652595e+03	1.102845e-03
7.657574e+03	1.103119e-03
7.662553e+03	1.103386e-03
7.667532e+03	1.103644e-03
7.672511e+03	1.103894e-03
7.677490e+03	1.104135e-03
7.682468e+03	1.104368e-03
7.687447e+03	1.104592e-03
7.692426e+03	1.104808e-03
7.697405e+03	1.105015e-03
7.702384e+03	1.105214e-03
7.707363e+03	1.105404e-03
7.712342e+03	1.105586e-03
7.717321e+03	1.105759e-03
7.722300e+03	1.105924e-03
7.727279e+03	1.106081e-03
7.732258e+03	1.106229e-03
7.737237e+03	1.106368e-03
7.742215e+03	1.106499e-03
7.747194e+03	1.106621e-03
7.752173e+03	1.106735e-03
7.757152e+03	1.106840e-03
7.762131e+03	1.106937e-03
7.767110e+03	1.107025e-03
7.772089e+03	1.107105e-03
7.777068e+03	1.107176e-03
7.782047e+03	1.107239e-03
7.787026e+03	1.107293e-03
7.792005e+03	1.107339e-03
7.796984e+03	1.107376e-03
7.801962e+03	1.107405e-03
7.806941e+03	1.107425e-03
7.811920e+03	1.107436e-03
7.816899e+03	1.107439e-03
7.821878e+03	1.107434e-03
7.826857e+03	1.107420e-03
7.831836e+03	1.107397e-03
7.836815e+03	1.107366e-03
7.841794e+03	1.107326e-03
7.846773e+03	1.107278e-03
7.851752e+03	1.107221e-03
7.856731e+03	1.107156e-03
7.861709e+03	1.107082e-03
7.866688e+03	1.107000e-03
7.871667e+03	1.106909e-03
7.876646e+03	1.106810e-03
7.881625e+03	1.106702e-03
7.886604e+03	1.106585e-03
7.891583e+03	1.106460e-03
7.896562e+03	1.106327e-03
7.901541e+03	1.106185e-03
7.906520e+03	1.106035e-03
7.911499e+03	1.105876e-03
7.916478e+03	1.105708e-03
7.921456e+03	1.105532e-03
7.926435e+03	1.105348e-03
7.931414e+03	1.105155e-03
7.936393e+03	1.104954e-03
7.941372e+03	1.104744e-03
7.946351e+03	1.104525e-03
7.951330e+03	1.104299e-03
7.956309e+03	1.104063e-03
7.961288e+03	1.103820e-03
7.966267e+03	1.103567e-03
7.971246e+03	1.103307e-03
7.976225e+03	1.103038e-03
7.981203e+03	1.102760e-03
7.986182e+03	1.102474e-03
7.991161e+03	1.102180e-03
7.996140e+03	1.101877e-03
8.001119e+03	1.101566e-03
8.006098e+03	1.101247e-03
8.011077e+03	1.100919e-03
8.016056e+03	1.100582e-03
8.021035e+03	1.100238e-03
8.026014e+03	1.099885e-03
8.030993e+03	1.099523e-03
8.035972e+03	1.099153e-03
8.040950e+03	1.098775e-03
8.045929e+03	1.098389e-03
8.050908e+03	1.097994e-03
8.055887e+03	1.097591e-03
8.060866e+03	1.097180e-03
8.065845e+03	1.096760e-03
8.070824e+03	1.096332e-03
8.075803e+03	1.095896e-03
8.080782e+03	1.095451e-03
8.085761e+03	1.094998e-03
8.090740e+03	1.094537e-03
8.095719e+03	1.094068e-03
8.100697e+03	1.093591e-03
8.105676e+03	1.093105e-03
8.110655e+03	1.092611e-03
8.115634e+03	1.092109e-03
8.120613e+03	1.091599e-03
8.125592e+03	1.091080e-03
8.130571e+03	1.090554e-03
8.135550e+03	1.090019e-03
8.140529e+03	1.089476e-03
8.145508e+03	1.088925e-03
8.150487e+03	1.088366e-03
8.155466e+03	1.087799e-03
8.160444e+03	1.087223e-03
8.165423e+03	1.086640e-03
8.170402e+03	1.086049e-03
8.175381e+03	1.085449e-03
8.180360e+03	1.084842e-03
8.185339e+03	1.084226e-03
8.190318e+03	1.083603e-03
8.195297e+03	1.082971e-03
8.200276e+03	1.082332e-03
8.205255e+03	1.081684e-03
8.210234e+03	1.081029e-03
8.215213e+03	1.080366e-03
8.220191e+03	1.079694e-03
8.225170e+03	1.079015e-03
8.230149e+03	1.078328e-03
8.235128e+03	1.077633e-03
8.240107e+03	1.076931e-03
8.245086e+03	1.076220e-03
8.250065e+03	1.075502e-03
8.255044e+03	1.074776e-03
8.260023e+03	1.074042e-03
8.265002e+03	1.073300e-03
8.269981e+03	1.072551e-03
8.274960e+03	1.071793e-03
8.279938e+03	1.071029e-03
8.284917e+03	1.070256e-03
8.289896e+03	1.069476e-03
8.294875e+03	1.068688e-03
8.299854e+03	1.067892e-03
8.304833e+03	1.067089e-03
8.309812e+03	1.066278e-03
8.314791e+03	1.065459e-03
8.319770e+03	1.064633e-03
8.324749e+03	1.063800e-03
8.329728e+03	1.062959e-03
8.334707e+03	1.062110e-03
8.339685e+03	1.061254e-03
8.344664e+03	1.060390e-03
8.349643e+03	1.059519e-03
8.354622e+03	1.058641e-03
8.359601e+03	1.057755e-03
8.364580e+03	1.056861e-03
8.369559e+03	1.055961e-03
8.374538e+03	1.055053e-03
8.379517e+03	1.054137e-03
8.384496e+03	1.053214e-03
8.389475e+03	1.052284e-03
8.394454e+03	1.051347e-03
8.399432e+03	1.050402e-03
8.404411e+03	1.049451e-03
8.409390e+03	1.048491e-03
8.414369e+03	1.047525e-03
8.419348e+03	1.046552e-03
8.424327e+03	1.045571e-03
8.429306e+03	1.044584e-03
8.434285e+03	1.043589e-03
8.439264e+03	1.042587e-03
8.444243e+03	1.041578e-03
8.449222e+03	1.040562e-03
8.454201e+03	1.039539e-03
8.459179e+03	1.038509e-03
8.464158e+03	1.037472e-03
8.469137e+03	1.036428e-03
8.474116e+03	1.035377e-03
8.479095e+03	1.034319e-03
8.484074e+03	1.033255e-03
8.489053e+03	1.032183e-03
8.494032e+03	1.031105e-03
8.499011e+03	1.030020e-03
8.503990e+03	1.028928e-03
8.508969e+03	1.027829e-03
8.513948e+03	1.026723e-03
8.518926e+03	1.025611e-03
8.523905e+03	1.024492e-03
8.528884e+03	1.023367e-03
8.533863e+03	1.022235e-03
8.538842e+03	1.021096e-03
8.543821e+03	1.019951e-03
8.548800e+03	1.018799e-03
8.553779e+03	1.017640e-03
8.558758e+03	1.016475e-03
8.563737e+03	1.015304e-03
8.568716e+03	1.014126e-03
8.573695e+03	1.012941e-03
8.578673e+03	1.011751e-03
8.583652e+03	1.010553e-03
8.588631e+03	1.009350e-03
8.593610e+03	1.008140e-03
8.598589e+03	1.006924e-03
8.603568e+03	1.005701e-03
8.608547e+03	1.004473e-03
8.613526e+03	1.003238e-03
8.618505e+03	1.001996e-03
8.623484e+03	1.000749e-03
8.628463e+03	9.994957e-04
8.633442e+03	9.982360e-04
8.638420e+03	9.969703e-04
8.643399e+03	9.956986e-04
8.648378e+03	9.944208e-04
8.653357e+03	9.931370e-04
8.658336e+03	9.918471e-04
8.663315e+03	9.905514e-04
8.668294e+03	9.892497e-04
8.673273e+03	9.879421e-04
8.678252e+03	9.866286e-04
8.683231e+03	9.853093e-04
8.688210e+03	9.839842e-04
8.693189e+03	9.826532e-04
8.698167e+03	9.813166e-04
8.703146e+03	9.799741e-04
8.708125e+03	9.786260e-04
8.713104e+03	9.772722e-04
8.718083e+03	9.759128e-04
8.723062e+03	9.745477e-04
8.728041e+03	9.731770e-04
8.733020e+03	9.718008e-04
8.737999e+03	9.704191e-04
8.742978e+03	9.690318e-04
8.747957e+03	9.676391e-04
8.752936e+03	9.662409e-04
8.757914e+03	9.648374e-04
8.762893e+03	9.634284e-04
8.767872e+03	9.620141e-04
8.772851e+03	9.605944e-04
8.777830e+03	9.591695e-04
8.782809e+03	9.577393e-04
8.787788e+03	9.563038e-04
8.792767e+03	9.548632e-04
8.797746e+03	9.534173e-04
8.802725e+03	9.519664e-04
8.807704e+03	9.505103e-04
8.812683e+03	9.490491e-04
8.817661e+03	9.475829e-04
8.822640e+03	9.461116e-04
8.827619e+03	9.446353e-04
8.832598e+03	9.431541e-04
8.837577e+03	9.416680e-04
8.842556e+03	9.401769e-04
8.847535e+03	9.386810e-04
8.852514e+03	9.371802e-04
8.857493e+03	9.356747e-04
8.862472e+03	9.341643e-04
8.867451e+03	9.326492e-04
8.872430e+03	9.311294e-04
8.877408e+03	9.296049e-04
8.882387e+03	9.280757e-04
8.887366e+03	9.265419e-04
8.892345e+03	9.250035e-04
8.897324e+03	9.234606e-04
8.902303e+03	9.219131e-04
8.907282e+03	9.203611e-04
8.912261e+03	9.188047e-04
8.917240e+03	9.172438e-04
8.922219e+03	9.156785e-04
8.927198e+03	9.141089e-04
8.932177e+03	9.125349e-04
8.937156e+03	9.109566e-04
8.942134e+03	9.093740e-04
8.947113e+03	9.077871e-04
8.952092e+03	9.061961e-04
8.957071e+03	9.046009e-04
8.962050e+03	9.030015e-04
8.967029e+03	9.013980e-04
8.972008e+03	8.997904e-04
8.976987e+03	8.981788e-04
8.981966e+03	8.965631e-04
8.986945e+03	8.949435e-04
8.991924e+03	8.933199e-04
8.996903e+03	8.916924e-04
9.001881e+03	8.900609e-04
9.006860e+03	8.884257e-04
9.011839e+03	8.867866e-04
9.016818e+03	8.851436e-04
9.021797e+03	8.834970e-04
9.026776e+03	8.818466e-04
9.031755e+03	8.801925e-04
9.036734e+03	8.785347e-04
9.041713e+03	8.768733e-04
9.046692e+03	8.752083e-04
9.051671e+03	8.735397e-04
9.056650e+03	8.718676e-04
9.061628e+03	8.701920e-04
9.066607e+03	8.685129e-04
9.071586e+03	8.668303e-04
9.076565e+03	8.651444e-04
9.081544e+03	8.634551e-04
9.086523e+03	8.617624e-04
9.091502e+03	8.600665e-04
9.096481e+03	8.583672e-04
9.101460e+03	8.566648e-04
9.106439e+03	8.549591e-04
9.111418e+03	8.532502e-04
9.116397e+03	8.515382e-04
9.121375e+03	8.498230e-04
9.126354e+03	8.481048e-04
9.131333e+03	8.463836e-04
9.136312e+03	8.446593e-04
9.141291e+03	8.429320e-04
9.146270e+03	8.412018e-04
9.151249e+03	8.394687e-04
9.156228e+03	8.377327e-04
9.161207e+03	8.359938e-04
9.166186e+03	8.342521e-04
9.171165e+03	8.325076e-04
9.176144e+03	8.307604e-04
9.181122e+03	8.290105e-04
9.186101e+03	8.272578e-04
9.191080e+03	8.255026e-04
9.196059e+03	8.237446e-04
9.201038e+03	8.219841e-04
9.206017e+03	8.202211e-04
9.210996e+03	8.184555e-04
9.215975e+03	8.166874e-04
9.220954e+03	8.149169e-04
9.225933e+03	8.131439e-04
9.230912e+03	8.113686e-04
9.235891e+03	8.095908e-04
9.240869e+03	8.078108e-04
9.245848e+03	8.060284e-04
9.250827e+03	8.042438e-04
9.255806e+03	8.024570e-04
9.260785e+03	8.006679e-04
9.265764e+03	7.988767e-04
9.270743e+03	7.970834e-04
9.275722e+03	7.952879e-04
9.280701e+03	7.934904e-04
9.285680e+03	7.916908e-04
9.290659e+03	7.898893e-04
9.295638e+03	7.880857e-04
9.300616e+03	7.862803e-04
9.305595e+03	7.844729e-04
9.310574e+03	7.826636e-04
9.315553e+03	7.808525e-04
9.320532e+03	7.790396e-04
9.325511e+03	7.772249e-04
9.330490e+03	7.754084e-04
9.335469e+03	7.735903e-04
9.340448e+03	7.717704e-04
9.345427e+03	7.699489e-04
9.350406e+03	7.681258e-04
9.355385e+03	7.663011e-04
9.360363e+03	7.644748e-04
9.365342e+03	7.626471e-04
9.370321e+03	7.608178e-04
9.375300e+03	7.589870e-04
9.380279e+03	7.571549e-04
9.385258e+03	7.553213e-04
9.390237e+03	7.534864e-04
9.395216e+03	7.516501e-04
9.400195e+03	7.498125e-04
9.405174e+03	7.479737e-04
9.410153e+03	7.461336e-04
9.415132e+03	7.442923e-04
9.420110e+03	7.424498e-04
9.425089e+03	7.406062e-04
9.430068e+03	7.387615e-04
9.435047e+03	7.369157e-04
9.440026e+03	7.350688e-04
9.445005e+03	7.332209e-04
9.449984e+03	7.313721e-04
9.454963e+03	7.295222e-04
9.459942e+03	7.276715e-04
9.464921e+03	7.258198e-04
9.469900e+03	7.239673e-04
9.474879e+03	7.221139e-04
9.479857e+03	7.202597e-04
9.484836e+03	7.184048e-04
9.489815e+03	7.165491e-04
9.494794e+03	7.146927e-04
9.499773e+03	7.128356e-04
9.504752e+03	7.109779e-04
9.509731e+03	7.091195e-04
9.514710e+03	7.072606e-04
9.519689e+03	7.054011e-04
9.524668e+03	7.035410e-04
9.529647e+03	7.016805e-04
9.534626e+03	6.998194e-04
9.539604e+03	6.979580e-04
9.544583e+03	6.960961e-04
9.549562e+03	6.942338e-04
9.554541e+03	6.923712e-04
9.559520e+03	6.905083e-04
9.564499e+03	6.886450e-04
9.569478e+03	6.867815e-04
9.574457e+03	6.849178e-04
9.579436e+03	6.830539e-04
9.584415e+03	6.811898e-04
9.589394e+03	6.793255e-04
9.594373e+03	6.774611e-04
9.599351e+03	6.755967e-04
9.604330e+03	6.737321e-04
9.609309e+03	6.718676e-04
9.614288e+03	6.700030e-04
9.619267e+03	6.681385e-04
9.624246e+03	6.662740e-04
9.629225e+03	6.644096e-04
9.634204e+03	6.625453e-04
9.639183e+03	6.606812e-04
9.644162e+03	6.588172e-04
9.649141e+03	6.569534e-04
9.654120e+03	6.550898e-04
9.659098e+03	6.532265e-04
9.664077e+03	6.513635e-04
9.669056e+03	6.495008e-04
9.674035e+03	6.476384e-04
9.679014e+03	6.457764e-04
9.683993e+03	6.439148e-04
9.688972e+03	6.420536e-04
9.693951e+03	6.401928e-04
9.698930e+03	6.383325e-04
9.703909e+03	6.364727e-04
9.708888e+03	6.346135e-04
9.713867e+03	6.327548e-04
9.718845e+03	6.308967e-04
9.723824e+03	6.290392e-04
9.728803e+03	6.271823e-04
9.733782e+03	6.253261e-04
9.738761e+03	6.234706e-04
9.743740e+03	6.216158e-04
9.748719e+03	6.197617e-04
9.753698e+03	6.179084e-04
9.758677e+03	6.160559e-04
9.763656e+03	6.142042e-04
9.768635e+03	6.123534e-04
9.773614e+03	6.105035e-04
9.778592e+03	6.086544e-04
9.783571e+03	6.068063e-04
9.788550e+03	6.049591e-04
9.793529e+03	6.031129e-04
9.798508e+03	6.012677e-04
9.803487e+03	5.994235e-04
9.808466e+03	5.975804e-04
9.813445e+03	5.957383e-04
9.818424e+03	5.938974e-04
9.823403e+03	5.920575e-04
9.828382e+03	5.902189e-04
9.833361e+03	5.883814e-04
9.838339e+03	5.865451e-04
9.843318e+03	5.847100e-04
9.848297e+03	5.828762e-04
9.853276e+03	5.810436e-04
9.858255e+03	5.792124e-04
9.863234e+03	5.773825e-04
9.868213e+03	5.755539e-04
9.873192e+03	5.737267e-04
9.878171e+03	5.719009e-04
9.883150e+03	5.700765e-04
9.888129e+03	5.682535e-04
9.893108e+03	5.664320e-04
9.898086e+03	5.646120e-04
9.903065e+03	5.627935e-04
9.908044e+03	5.609766e-04
9.913023e+03	5.591612e-04
9.918002e+03	5.573473e-04
9.922981e+03	5.555351e-04
9.927960e+03	5.537245e-04
9.932939e+03	5.519156e-04
9.937918e+03	5.501083e-04
9.942897e+03	5.483027e-04
9.947876e+03	5.464989e-04
9.952855e+03	5.446967e-04
9.957833e+03	5.428964e-04
9.962812e+03	5.410978e-04
9.967791e+03	5.393010e-04
9.972770e+03	5.375060e-04
9.977749e+03	5.357129e-04
9.982728e+03	5.339217e-04
9.987707e+03	5.321323e-04
9.992686e+03	5.303449e-04
9.997665e+03	5.285593e-04
1.000264e+04	5.267758e-04
1.000762e+04	5.249942e-04
1.001260e+04	5.232146e-04
1.001758e+04	5.214370e-04
1.002256e+04	5.196615e-04
1.002754e+04	5.178880e-04
1.003252e+04	5.161166e-04
1.003750e+04	5.143472e-04
1.004248e+04	5.125800e-04
1.004745e+04	5.108150e-04
1.005243e+04	5.090520e-04
1.005741e+04	5.072913e-04
1.006239e+04	5.055328e-04
1.006737e+04	5.037764e-04
1.007235e+04	5.020223e-04
1.007733e+04	5.002705e-04
1.008231e+04	4.985209e-04
1.008729e+04	4.967736e-04
1.009226e+04	4.950287e-04
1.009724e+04	4.932860e-04
1.010222e+04	4.915457e-04
1.010720e+04	4.898078e-04
1.011218e+04	4.880722e-04
1.011716e+04	4.863391e-04
1.012214e+04	4.846084e-04
1.012712e+04	4.828801e-04
1.013210e+04	4.811542e-04
1.013707e+04	4.794309e-04
1.014205e+04	4.777100e-04
1.014703e+04	4.759917e-04
1.015201e+04	4.742758e-04
1.015699e+04	4.725625e-04
1.016197e+04	4.708518e-04
1.016695e+04	4.691437e-04
1.017193e+04	4.674381e-04
1.017691e+04	4.657352e-04
1.018188e+04	4.640348e-04
1.018686e+04	4.623372e-04
1.019184e+04	4.606422e-04
1.019682e+04	4.589498e-04
1.020180e+04	4.572602e-04
1.020678e+04	4.555733e-04
1.021176e+04	4.538891e-04
1.021674e+04	4.522076e-04
1.022172e+04	4.505289e-04
1.022669e+04	4.488530e-04
1.023167e+04	4.471798e-04
1.023665e+04	4.455095e-04
1.024163e+04	4.438420e-04
1.024661e+04	4.421773e-04
1.025159e+04	4.405155e-04
1.025657e+04	4.388565e-04
1.026155e+04	4.372004e-04
1.026653e+04	4.355472e-04
1.027151e+04	4.338969e-04
1.027648e+04	4.322496e-04
1.028146e+04	4.306051e-04
1.028644e+04	4.289636e-04
1.029142e+04	4.273251e-04
1.029640e+04	4.256896e-04
1.030138e+04	4.240570e-04
1.030636e+04	4.224275e-04
1.031134e+04	4.208010e-04
1.031632e+04	4.191775e-04
1.032129e+04	4.175571e-04
1.032627e+04	4.159397e-04
1.033125e+04	4.143254e-04
1.033623e+04	4.127141e-04
1.034121e+04	4.111060e-04
1.034619e+04	4.095010e-04
1.035117e+04	4.078991e-04
1.035615e+04	4.063003e-04
1.036113e+04	4.047047e-04
1.036610e+04	4.031123e-04
1.037108e+04	4.015230e-04
1.037606e+04	3.999369e-04
1.038104e+04	3.983540e-04
1.038602e+04	3.967743e-04
1.039100e+04	3.951978e-04
1.039598e+04	3.936246e-04
1.040096e+04	3.920546e-04
1.040594e+04	3.904879e-04
1.041091e+04	3.889244e-04
1.041589e+04	3.873642e-04
1.042087e+04	3.858072e-04
1.042585e+04	3.842536e-04
1.043083e+04	3.827033e-04
1.043581e+04	3.811563e-04
1.044079e+04	3.796126e-04
1.044577e+04	3.780723e-04
1.045075e+04	3.765353e-04
1.045573e+04	3.750017e-04
1.046070e+04	3.734714e-04
1.046568e+04	3.719446e-04
1.047066e+04	3.704211e-04
1.047564e+04	3.689010e-04
1.048062e+04	3.673843e-04
1.048560e+04	3.658710e-04
1.049058e+04	3.643612e-04
1.049556e+04	3.628548e-04
1.050054e+04	3.613518e-04
1.050551e+04	3.598523e-04
1.051049e+04	3.583562e-04
1.051547e+04	3.568637e-04
1.052045e+04	3.553745e-04
1.052543e+04	3.538889e-04
1.053041e+04	3.524068e-04
1.053539e+04	3.509282e-04
1.054037e+04	3.494531e-04
1.054535e+04	3.479815e-04
1.055032e+04	3.465134e-04
1.055530e+04	3.450489e-04
1.056028e+04	3.435879e-04
1.056526e+04	3.421305e-04
1.057024e+04	3.406766e-04
1.057522e+04	3.392263e-04
1.058020e+04	3.377795e-04
1.058518e+04	3.363364e-04
1.059016e+04	3.348968e-04
1.059513e+04	3.334608e-04
1.060011e+04	3.320284e-04
1.060509e+04	3.305996e-04
1.061007e+04	3.291745e-04
1.061505e+04	3.277529e-04
1.062003e+04	3.263350e-04
1.062501e+04	3.249207e-04
1.062999e+04	3.235100e-04
1.063497e+04	3.221030e-04
1.063995e+04	3.206996e-04
1.064492e+04	3.192999e-04
1.064990e+04	3.179039e-04
1.065488e+04	3.165115e-04
1.065986e+04	3.151228e-04
1.066484e+04	3.137377e-04
1.066982e+04	3.123563e-04
1.067480e+04	3.109787e-04
1.067978e+04	3.096047e-04
1.068476e+04	3.082344e-04
1.068973e+04	3.068678e-04
1.069471e+04	3.055049e-04
1.069969e+04	3.041457e-04
1.070467e+04	3.027903e-04
1.070965e+04	3.014385e-04
1.071463e+04	3.000905e-04
1.071961e+04	2.987462e-04
1.072459e+04	2.974056e-04
1.072957e+04	2.960688e-04
1.073454e+04	2.947357e-04
1.073952e+04	2.934063e-04
1.074450e+04	2.920807e-04
1.074948e+04	2.907589e-04
1.075446e+04	2.894407e-04
1.075944e+04	2.881264e-04
1.076442e+04	2.868158e-04
1.076940e+04	2.855090e-04
1.077438e+04	2.842059e-04
1.077935e+04	2.829066e-04
1.078433e+04	2.816111e-04
1.078931e+04	2.803193e-04
1.079429e+04	2.790313e-04
1.079927e+04	2.777471e-04
1.080425e+04	2.764667e-04
1.080923e+04	2.751900e-04
1.081421e+04	2.739172e-04
1.081919e+04	2.726481e-04
1.082416e+04	2.713828e-04
1.082914e+04	2.701213e-04
1.083412e+04	2.688636e-04
1.083910e+04	2.676097e-04
1.084408e+04	2.663596e-04
1.084906e+04	2.651133e-04
1.085404e+04	2.638707e-04
1.085902e+04	2.626320e-04
1.086400e+04	2.613971e-04
1.086898e+04	2.601660e-04
1.087395e+04	2.589387e-04
1.087893e+04	2.577152e-04
1.088391e+04	2.564955e-04
1.088889e+04	2.552796e-04
1.089387e+04	2.540675e-04
1.089885e+04	2.528592e-04
1.090383e+04	2.516547e-04
1.090881e+04	2.504540e-04
1.091379e+04	2.492572e-04
1.091876e+04	2.480641e-04
1.092374e+04	2.468749e-04
1.092872e+04	2.456894e-04
1.093370e+04	2.445078e-04
1.093868e+04	2.433300e-04
1.094366e+04	2.421560e-04
1.094864e+04	2.409858e-04
1.095362e+04	2.398194e-04
1.095860e+04	2.386568e-04
1.096357e+04	2.374980e-04
1.096855e+04	2.363430e-04
1.097353e+04	2.351918e-04
1.097851e+04	2.340444e-04
1.098349e+04	2.329009e-04
1.098847e+04	2.317611e-04
1.099345e+04	2.306251e-04
1.099843e+04	2.294929e-04
1.100341e+04	2.283646e-04
1.100838e+04	2.272400e-04
1.101336e+04	2.261192e-04
1.101834e+04	2.250022e-04
1.102332e+04	2.238890e-04
1.102830e+04	2.227796e-04
1.103328e+04	2.216740e-04
1.103826e+04	2.205722e-04
1.104324e+04	2.194742e-04
1.104822e+04	2.183799e-04
1.105320e+04	2.172894e-04
1.105817e+04	2.162027e-04
1.106315e+04	2.151198e-04
1.106813e+04	2.140407e-04
1.107311e+04	2.129653e-04
1.107809e+04	2.118937e-04
1.108307e+04	2.108259e-04
1.108805e+04	2.097618e-04
1.109303e+04	2.087015e-04
1.109801e+04	2.076449e-04
1.110298e+04	2.065921e-04
1.110796e+04	2.055431e-04
1.111294e+04	2.044978e-04
1.111792e+04	2.034563e-04
1.112290e+04	2.024185e-04
1.112788e+04	2.013844e-04
1.113286e+04	2.003541e-04
1.113784e+04	1.993275e-04
1.114282e+04	1.983047e-04
1.114779e+04	1.972856e-04
1.115277e+04	1.962702e-04
1.115775e+04	1.952585e-04
1.116273e+04	1.942506e-04
1.116771e+04	1.932463e-04
1.117269e+04	1.922458e-04
1.117767e+04	1.912490e-04
1.118265e+04	1.902559e-04
1.118763e+04	1.892664e-04
1.119260e+04	1.882807e-04
1.119758e+04	1.872987e-04
1.120256e+04	1.863203e-04
1.120754e+04	1.853457e-04
1.121252e+04	1.843747e-04
1.121750e+04	1.834074e-04
1.122248e+04	1.824437e-04
1.122746e+04	1.814837e-04
1.123244e+04	1.805274e-04
1.123742e+04	1.795747e-04
1.124239e+04	1.786257e-04
1.124737e+04	1.776804e-04
1.125235e+04	1.767386e-04
1.125733e+04	1.758005e-04
1.126231e+04	1.748661e-04
1.126729e+04	1.739353e-04
1.127227e+04	1.730080e-04
1.127725e+04	1.720844e-04
1.128223e+04	1.711645e-04
1.128720e+04	1.702481e-04
1.129218e+04	1.693353e-04
1.129716e+04	1.684261e-04
1.130214e+04	1.675205e-04
1.130712e+04	1.666185e-04
1.131210e+04	1.657201e-04
1.131708e+04	1.648253e-04
1.132206e+04	1.639340e-04
1.132704e+04	1.630463e-04
1.133201e+04	1.621621e-04
1.133699e+04	1.612815e-04
1.134197e+04	1.604044e-04
1.134695e+04	1.595309e-04
1.135193e+04	1.586609e-04
1.135691e+04	1.577945e-04
1.136189e+04	1.569315e-04
1.136687e+04	1.560721e-04
1.137185e+04	1.552162e-04
1.137682e+04	1.543638e-04
1.138180e+04	1.535149e-04
1.138678e+04	1.526695e-04
1.139176e+04	1.518276e-04
1.139674e+04	1.509891e-04
1.140172e+04	1.501541e-04
1.140670e+04	1.493226e-04
1.141168e+04	1.484946e-04
1.141666e+04	1.476700e-04
1.142163e+04	1.468488e-04
1.142661e+04	1.460311e-04
1.143159e+04	1.452169e-04
1.143657e+04	1.444060e-04
1.144155e+04	1.435986e-04
1.144653e+04	1.427946e-04
1.145151e+04	1.419940e-04
1.145649e+04	1.411968e-04
1.146147e+04	1.404030e-04
1.146645e+04	1.396126e-04
1.147142e+04	1.388255e-04
1.147640e+04	1.380418e-04
1.148138e+04	1.372615e-04
1.148636e+04	1.364846e-04
1.149134e+04	1.357110e-04
1.149632e+04	1.349408e-04
1.150130e+04	1.341739e-04
1.150628e+04	1.334103e-04
1.151126e+04	1.326500e-04
1.151623e+04	1.318931e-04
1.152121e+04	1.311395e-04
1.152619e+04	1.303891e-04
1.153117e+04	1.296421e-04
1.153615e+04	1.288984e-04
1.154113e+04	1.281579e-04
1.154611e+04	1.274207e-04
1.155109e+04	1.266868e-04
1.155607e+04	1.259561e-04
1.156104e+04	1.252287e-04
1.156602e+04	1.245045e-04
1.157100e+04	1.237835e-04
1.157598e+04	1.230658e-04
1.158096e+04	1.223513e-04
1.158594e+04	1.216400e-04
1.159092e+04	1.209319e-04
1.159590e+04	1.202270e-04
1.160088e+04	1.195253e-04
1.160585e+04	1.188268e-04
1.161083e+04	1.181314e-04
1.161581e+04	1.174392e-04
1.162079e+04	1.167502e-04
1.162577e+04	1.160643e-04
1.163075e+04	1.153816e-04
1.163573e+04	1.147020e-04
1.164071e+04	1.140255e-04
1.164569e+04	1.133521e-04
1.165067e+04	1.126818e-04
1.165564e+04	1.120147e-04
1.166062e+04	1.113506e-04
1.166560e+04	1.106896e-04
1.167058e+04	1.100317e-04
1.167556e+04	1.093769e-04
1.168054e+04	1.087251e-04
1.168552e+04	1.080763e-04
1.169050e+04	1.074307e-04
1.169548e+04	1.067880e-04
1.170045e+04	1.061484e-04
1.170543e+04	1.055118e-04
1.171041e+04	1.048782e-04
1.171539e+04	1.042476e-04
1.172037e+04	1.036199e-04
1.172535e+04	1.029953e-04
1.173033e+04	1.023737e-04
1.173531e+04	1.017550e-04
1.174029e+04	1.011393e-04
1.174526e+04	1.005265e-04
1.175024e+04	9.991669e-05
1.175522e+04	9.930980e-05
1.176020e+04	9.870583e-05
1.176518e+04	9.810478e-05
1.177016e+04	9.750664e-05
1.177514e+04	9.691141e-05
1.178012e+04	9.631906e-05
1.178510e+04	9.572959e-05
1.179007e+04	9.514300e-05
1.179505e+04	9.455928e-05
1.180003e+04	9.397841e-05
1.180501e+04	9.340039e-05
1.180999e+04	9.282521e-05
1.181497e+04	9.225286e-05
1.181995e+04	9.168334e-05
1.182493e+04	9.111663e-05
1.182991e+04	9.055272e-05
1.183489e+04	8.999161e-05
1.183986e+04	8.943329e-05
1.184484e+04	8.887774e-05
1.184982e+04	8.832497e-05
1.185480e+04	8.777496e-05
1.185978e+04	8.722770e-05
1.186476e+04	8.668319e-05
1.186974e+04	8.614141e-05
1.187472e+04	8.560235e-05
1.187970e+04	8.506602e-05
1.188467e+04	8.453239e-05
1.188965e+04	8.400147e-05
1.189463e+04	8.347323e-05
1.189961e+04	8.294768e-05
1.190459e+04	8.242480e-05
1.190957e+04	8.190459e-05
1.191455e+04	8.138704e-05
1.191953e+04	8.087213e-05
1.192451e+04	8.035985e-05
1.192948e+04	7.985021e-05
1.193446e+04	7.934319e-05
1.193944e+04	7.883878e-05
1.194442e+04	7.833698e-05
1.194940e+04	7.783777e-05
1.195438e+04	7.734114e-05
1.195936e+04	7.684709e-05
1.196434e+04	7.635561e-05
1.196932e+04	7.586668e-05
1.197429e+04	7.538031e-05
1.197927e+04	7.489648e-05
1.198425e+04	7.441518e-05
1.198923e+04	7.393640e-05
1.199421e+04	7.346014e-05
1.199919e+04	7.298638e-05
1.200417e+04	7.251512e-05
1.200915e+04	7.204634e-05
1.201413e+04	7.158005e-05
1.201910e+04	7.111622e-05
1.202408e+04	7.065486e-05
1.202906e+04	7.019595e-05
1.203404e+04	6.973948e-05
1.203902e+04	6.928545e-05
1.204400e+04	6.883384e-05
1.204898e+04	6.838465e-05
1.205396e+04	6.793786e-05
1.205894e+04	6.749348e-05
1.206392e+04	6.705148e-05
1.206889e+04	6.661187e-05
1.207387e+04	6.617463e-05
1.207885e+04	6.573975e-05
1.208383e+04	6.530723e-05
1.208881e+04	6.487705e-05
1.209379e+04	6.444921e-05
1.209877e+04	6.402370e-05
1.210375e+04	6.360051e-05
1.210873e+04	6.317962e-05
1.211370e+04	6.276104e-05
1.211868e+04	6.234475e-05
1.212366e+04	6.193075e-05
1.212864e+04	6.151902e-05
1.213362e+04	6.110956e-05
1.213860e+04	6.070235e-05
1.214358e+04	6.029740e-05
1.214856e+04	5.989468e-05
1.215354e+04	5.949420e-05
1.215851e+04	5.909593e-05
1.216349e+04	5.869988e-05
1.216847e+04	5.830604e-05
1.217345e+04	5.791439e-05
1.217843e+04	5.752493e-05
1.218341e+04	5.713765e-05
1.218839e+04	5.675254e-05
1.219337e+04	5.636959e-05
1.219835e+04	5.598879e-05
1.220332e+04	5.561014e-05
1.220830e+04	5.523362e-05
1.221328e+04	5.485923e-05
1.221826e+04	5.448695e-05
1.222324e+04	5.411679e-05
1.222822e+04	5.374872e-05
1.223320e+04	5.338275e-05
1.223818e+04	5.301886e-05
1.224316e+04	5.265705e-05
1.224814e+04	5.229730e-05
1.225311e+04	5.193961e-05
1.225809e+04	5.158397e-05
1.226307e+04	5.123037e-05
1.226805e+04	5.087880e-05
1.227303e+04	5.052925e-05
1.227801e+04	5.018172e-05
1.228299e+04	4.983620e-05
1.228797e+04	4.949267e-05
1.229295e+04	4.915113e-05
1.229792e+04	4.881157e-05
1.230290e+04	4.847399e-05
1.230788e+04	4.813837e-05
1.231286e+04	4.780470e-05
1.231784e+04	4.747298e-05
1.232282e+04	4.714320e-05
1.232780e+04	4.681535e-05
1.233278e+04	4.648942e-05
1.233776e+04	4.616541e-05
1.234273e+04	4.584330e-05
1.234771e+04	4.552309e-05
1.235269e+04	4.520476e-05
1.235767e+04	4.488832e-05
1.236265e+04	4.457374e-05
1.236763e+04	4.426103e-05
1.237261e+04	4.395018e-05
1.237759e+04	4.364117e-05
1.238257e+04	4.333400e-05
1.238754e+04	4.302866e-05
1.239252e+04	4.272515e-05
1.239750e+04	4.242344e-05
1.240248e+04	4.212355e-05
1.240746e+04	4.182545e-05
1.241244e+04	4.152914e-05
1.241742e+04	4.123461e-05
1.242240e+04	4.094186e-05
1.242738e+04	4.065087e-05
1.243236e+04	4.036164e-05
1.243733e+04	4.007415e-05
1.244231e+04	3.978841e-05
1.244729e+04	3.950440e-05
1.245227e+04	3.922212e-05
1.245725e+04	3.894155e-05
1.246223e+04	3.866269e-05
1.246721e+04	3.838554e-05
1.247219e+04	3.811007e-05
1.247717e+04	3.783630e-05
1.248214e+04	3.756419e-05
1.248712e+04	3.729376e-05
1.249210e+04	3.702499e-05
1.249708e+04	3.675788e-05
1.250206e+04	3.649241e-05
1.250704e+04	3.622857e-05
1.251202e+04	3.596637e-05
1.251700e+04	3.570579e-05
1.252198e+04	3.544683e-05
1.252695e+04	3.518947e-05
1.253193e+04	3.493371e-05
1.253691e+04	3.467955e-05
1.254189e+04	3.442696e-05
1.254687e+04	3.417596e-05
1.255185e+04	3.392652e-05
1.255683e+04	3.367864e-05
1.256181e+04	3.343232e-05
1.256679e+04	3.318754e-05
1.257176e+04	3.294430e-05
1.257674e+04	3.270259e-05
1.258172e+04	3.246241e-05
1.258670e+04	3.222374e-05
1.259168e+04	3.198658e-05
1.259666e+04	3.175092e-05
1.260164e+04	3.151675e-05
1.260662e+04	3.128407e-05
1.261160e+04	3.105287e-05
1.261657e+04	3.082314e-05
1.262155e+04	3.059487e-05
1.262653e+04	3.036806e-05
1.263151e+04	3.014270e-05
1.263649e+04	2.991878e-05
1.264147e+04	2.969629e-05
1.264645e+04	2.947523e-05
1.265143e+04	2.925560e-05
1.265641e+04	2.903737e-05
1.266139e+04	2.882055e-05
1.266636e+04	2.860513e-05
1.267134e+04	2.839110e-05
1.267632e+04	2.817846e-05
1.268130e+04	2.796719e-05
1.268628e+04	2.775729e-05
1.269126e+04	2.754876e-05
1.269624e+04	2.734158e-05
1.270122e+04	2.713575e-05
1.270620e+04	2.693126e-05
1.271117e+04	2.672811e-05
1.271615e+04	2.652628e-05
1.272113e+04	2.632578e-05
1.272611e+04	2.612659e-05
1.273109e+04	2.592871e-05
1.273607e+04	2.573213e-05
1.274105e+04	2.553684e-05
1.274603e+04	2.534284e-05
1.275101e+04	2.515012e-05
1.275598e+04	2.495867e-05
1.276096e+04	2.476849e-05
1.276594e+04	2.457956e-05
1.277092e+04	2.439190e-05
1.277590e+04	2.420547e-05
1.278088e+04	2.402029e-05
1.278586e+04	2.383634e-05
1.279084e+04	2.365362e-05
1.279582e+04	2.347212e-05
1.280079e+04	2.329183e-05
1.280577e+04	2.311274e-05
1.281075e+04	2.293486e-05
1.281573e+04	2.275817e-05
1.282071e+04	2.258267e-05
1.282569e+04	2.240835e-05
1.283067e+04	2.223520e-05
1.283565e+04	2.206322e-05
1.284063e+04	2.189240e-05
1.284561e+04	2.172274e-05
1.285058e+04	2.155423e-05
1.285556e+04	2.138685e-05
1.286054e+04	2.122062e-05
1.286552e+04	2.105551e-05
1.287050e+04	2.089153e-05
1.287548e+04	2.072867e-05
1.288046e+04	2.056691e-05
1.288544e+04	2.040626e-05
1.289042e+04	2.024672e-05
1.289539e+04	2.008826e-05
1.290037e+04	1.993089e-05
1.290535e+04	1.977460e-05
1.291033e+04	1.961938e-05
1.291531e+04	1.946524e-05
1.292029e+04	1.931215e-05
1.292527e+04	1.916012e-05
1.293025e+04	1.900914e-05
1.293523e+04	1.885921e-05
1.294020e+04	1.871031e-05
1.294518e+04	1.856245e-05
1.295016e+04	1.841562e-05
1.295514e+04	1.826980e-05
1.296012e+04	1.812500e-05
1.296510e+04	1.798121e-05
1.297008e+04	1.783842e-05
1.297506e+04	1.769663e-05
1.298004e+04	1.755583e-05
1.298501e+04	1.741602e-05
1.298999e+04	1.727718e-05
1.299497e+04	1.713933e-05
1.299995e+04	1.700244e-05
1.300493e+04	1.686651e-05
1.300991e+04	1.673154e-05
1.301489e+04	1.659753e-05
1.301987e+04	1.646446e-05
1.302485e+04	1.633233e-05
1.302983e+04	1.620114e-05
1.303480e+04	1.607087e-05
1.303978e+04	1.594154e-05
1.304476e+04	1.581312e-05
1.304974e+04	1.568561e-05
1.305472e+04	1.555901e-05
1.305970e+04	1.543332e-05
1.306468e+04	1.530852e-05
1.306966e+04	1.518462e-05
1.307464e+04	1.506160e-05
1.307961e+04	1.493946e-05
1.308459e+04	1.481820e-05
1.308957e+04	1.469781e-05
1.309455e+04	1.457829e-05
1.309953e+04	1.445963e-05
1.310451e+04	1.434182e-05
1.310949e+04	1.422486e-05
1.311447e+04	1.410875e-05
1.311945e+04	1.399348e-05
1.312442e+04	1.387904e-05
1.312940e+04	1.376543e-05
1.313438e+04	1.365265e-05
1.313936e+04	1.354068e-05
1.314434e+04	1.342954e-05
1.314932e+04	1.331920e-05
1.315430e+04	1.320966e-05
1.315928e+04	1.310093e-05
1.316426e+04	1.299299e-05
1.316923e+04	1.288584e-05
1.317421e+04	1.277948e-05
1.317919e+04	1.267389e-05
1.318417e+04	1.256908e-05
1.318915e+04	1.246505e-05
1.319413e+04	1.236177e-05
1.319911e+04	1.225926e-05
1.320409e+04	1.215751e-05
1.320907e+04	1.205651e-05
1.321404e+04	1.195625e-05
1.321902e+04	1.185674e-05
1.322400e+04	1.175796e-05
1.322898e+04	1.165992e-05
1.323396e+04	1.156260e-05
1.323894e+04	1.146601e-05
1.324392e+04	1.137014e-05
1.324890e+04	1.127499e-05
1.325388e+04	1.118054e-05
1.325886e+04	1.108680e-05
1.326383e+04	1.099376e-05
1.326881e+04	1.090142e-05
1.327379e+04	1.080977e-05
1.327877e+04	1.071880e-05
1.328375e+04	1.062853e-05
1.328873e+04	1.053893e-05
1.329371e+04	1.045000e-05
1.329869e+04	1.036175e-05
1.330367e+04	1.027416e-05
1.330864e+04	1.018723e-05
1.331362e+04	1.010096e-05
1.331860e+04	1.001535e-05
1.332358e+04	9.930384e-06
1.332856e+04	9.846062e-06
1.333354e+04	9.762382e-06
1.333852e+04	9.679338e-06
1.334350e+04	9.596927e-06
1.334848e+04	9.515144e-06
1.335345e+04	9.433985e-06
1.335843e+04	9.353447e-06
1.336341e+04	9.273524e-06
1.336839e+04	9.194214e-06
1.337337e+04	9.115512e-06
1.337835e+04	9.037414e-06
1.338333e+04	8.959915e-06
1.338831e+04	8.883013e-06
1.339329e+04	8.806703e-06
1.339826e+04	8.730982e-06
1.340324e+04	8.655844e-06
1.340822e+04	8.581288e-06
1.341320e+04	8.507308e-06
1.341818e+04	8.433900e-06
1.342316e+04	8.361062e-06
1.342814e+04	8.288789e-06
1.343312e+04	8.217077e-06
1.343810e+04	8.145923e-06
1.344308e+04	8.075323e-06
1.344805e+04	8.005273e-06
1.345303e+04	7.935769e-06
1.345801e+04	7.866809e-06
1.346299e+04	7.798387e-06
1.346797e+04	7.730501e-06
1.347295e+04	7.663147e-06
1.347793e+04	7.596321e-06
1.348291e+04	7.530020e-06
1.348789e+04	7.464240e-06
1.349286e+04	7.398978e-06
1.349784e+04	7.334230e-06
1.350282e+04	7.269992e-06
1.350780e+04	7.206262e-06
1.351278e+04	7.143035e-06
1.351776e+04	7.080309e-06
1.352274e+04	7.018079e-06
1.352772e+04	6.956342e-06
1.353270e+04	6.895096e-06
1.353767e+04	6.834336e-06
1.354265e+04	6.774059e-06
1.354763e+04	6.714262e-06
1.355261e+04	6.654941e-06
1.355759e+04	6.596094e-06
1.356257e+04	6.537717e-06
1.356755e+04	6.479807e-06
1.357253e+04	6.422360e-06
1.357751e+04	6.365373e-06
1.358248e+04	6.308844e-06
1.358746e+04	6.252768e-06
1.359244e+04	6.197143e-06
1.359742e+04	6.141965e-06
1.360240e+04	6.087232e-06
1.360738e+04	6.032940e-06
1.361236e+04	5.979087e-06
1.361734e+04	5.925668e-06
1.362232e+04	5.872681e-06
1.362730e+04	5.820123e-06
1.363227e+04	5.767992e-06
1.363725e+04	5.716283e-06
1.364223e+04	5.664994e-06
1.364721e+04	5.614121e-06
1.365219e+04	5.563663e-06
1.365717e+04	5.513616e-06
1.366215e+04	5.463977e-06
1.366713e+04	5.414743e-06
1.367211e+04	5.365912e-06
1.367708e+04	5.317480e-06
1.368206e+04	5.269444e-06
1.368704e+04	5.221802e-06
1.369202e+04	5.174551e-06
1.369700e+04	5.127688e-06
1.370198e+04	5.081210e-06
1.370696e+04	5.035115e-06
1.371194e+04	4.989399e-06
1.371692e+04	4.944061e-06
1.372189e+04	4.899096e-06
1.372687e+04	4.854504e-06
1.373185e+04	4.810280e-06
1.373683e+04	4.766422e-06
1.374181e+04	4.722927e-06
1.374679e+04	4.679794e-06
1.375177e+04	4.637019e-06
1.375675e+04	4.594599e-06
1.376173e+04	4.552532e-06
1.376670e+04	4.510816e-06
1.377168e+04	4.469447e-06
1.377666e+04	4.428424e-06
1.378164e+04	4.387743e-06
1.378662e+04	4.347403e-06
1.379160e+04	4.307400e-06
1.379658e+04	4.267733e-06
1.380156e+04	4.228398e-06
1.380654e+04	4.189393e-06
1.381151e+04	4.150717e-06
1.381649e+04	4.112365e-06
1.382147e+04	4.074337e-06
1.382645e+04	4.036629e-06
1.383143e+04	3.999240e-06
1.383641e+04	3.962166e-06
1.384139e+04	3.925405e-06
1.384637e+04	3.888956e-06
1.385135e+04	3.852816e-06
1.385633e+04	3.816981e-06
1.386130e+04	3.781451e-06
1.386628e+04	3.746223e-06
1.387126e+04	3.711295e-06
1.387624e+04	3.676664e-06
1.388122e+04	3.642328e-06
1.388620e+04	3.608284e-06
1.389118e+04	3.574532e-06
1.389616e+04	3.541068e-06
1.390114e+04	3.507890e-06
1.390611e+04	3.474996e-06
1.391109e+04	3.442384e-06
1.391607e+04	3.410052e-06
1.392105e+04	3.377997e-06
1.392603e+04	3.346218e-06
1.393101e+04	3.314713e-06
1.393599e+04	3.283479e-06
1.394097e+04	3.252514e-06
1.394595e+04	3.221816e-06
1.395092e+04	3.191383e-06
1.395590e+04	3.161214e-06
1.396088e+04	3.131305e-06
1.396586e+04	3.101656e-06
1.397084e+04	3.072264e-06
1.397582e+04	3.043127e-06
1.398080e+04	3.014242e-06
1.398578e+04	2.985609e-06
1.399076e+04	2.957226e-06
1.399573e+04	2.929089e-06
1.400071e+04	2.901198e-06
1.400569e+04	2.873550e-06
1.401067e+04	2.846144e-06
1.401565e+04	2.818978e-06
1.402063e+04	2.792049e-06
1.402561e+04	2.765356e-06
1.403059e+04	2.738898e-06
1.403557e+04	2.712671e-06
1.404055e+04	2.686675e-06
1.404552e+04	2.660908e-06
1.405050e+04	2.635367e-06
1.405548e+04	2.610052e-06
1.406046e+04	2.584959e-06
1.406544e+04	2.560089e-06
1.407042e+04	2.535438e-06
1.407540e+04	2.511005e-06
1.408038e+04	2.486788e-06
1.408536e+04	2.462786e-06
1.409033e+04	2.438997e-06
1.409531e+04	2.415418e-06
1.410029e+04	2.392050e-06
1.410527e+04	2.368889e-06
1.411025e+04	2.345935e-06
1.411523e+04	2.323185e-06
1.412021e+04	2.300637e-06
1.412519e+04	2.278292e-06
1.413017e+04	2.256145e-06
1.413514e+04	2.234197e-06
1.414012e+04	2.212445e-06
1.414510e+04	2.190889e-06
1.415008e+04	2.169525e-06
1.415506e+04	2.148353e-06
1.416004e+04	2.127372e-06
1.416502e+04	2.106579e-06
1.417000e+04	2.085973e-06
1.417498e+04	2.065553e-06
1.417995e+04	2.045317e-06
1.418493e+04	2.025264e-06
1.418991e+04	2.005392e-06
1.419489e+04	1.985700e-06
1.419987e+04	1.966185e-06
1.420485e+04	1.946848e-06
1.420983e+04	1.927686e-06
1.421481e+04	1.908698e-06
1.421979e+04	1.889882e-06
1.422477e+04	1.871237e-06
1.422974e+04	1.852762e-06
1.423472e+04	1.834456e-06
1.423970e+04	1.816316e-06
1.424468e+04	1.798341e-06
1.424966e+04	1.780531e-06
1.425464e+04	1.762884e-06
1.425962e+04	1.745398e-06
1.426460e+04	1.728072e-06
1.426958e+04	1.710905e-06
1.427455e+04	1.693896e-06
1.427953e+04	1.677042e-06
1.428451e+04	1.660344e-06
1.428949e+04	1.643799e-06
1.429447e+04	1.627407e-06
1.429945e+04	1.611165e-06
1.430443e+04	1.595074e-06
1.430941e+04	1.579131e-06
1.431439e+04	1.563335e-06
1.431936e+04	1.547685e-06
1.432434e+04	1.532180e-06
1.432932e+04	1.516819e-06
1.433430e+04	1.501600e-06
1.433928e+04	1.486523e-06
1.434426e+04	1.471585e-06
1.434924e+04	1.456787e-06
1.435422e+04	1.442126e-06
1.435920e+04	1.427601e-06
1.436417e+04	1.413212e-06
1.436915e+04	1.398958e-06
1.437413e+04	1.384836e-06
1.437911e+04	1.370846e-06
1.438409e+04	1.356988e-06
1.438907e+04	1.343259e-06
1.439405e+04	1.329658e-06
1.439903e+04	1.316186e-06
1.440401e+04	1.302839e-06
1.440898e+04	1.289618e-06
1.441396e+04	1.276522e-06
1.441894e+04	1.263548e-06
1.442392e+04	1.250697e-06
1.442890e+04	1.237967e-06
1.443388e+04	1.225358e-06
1.443886e+04	1.212867e-06
1.444384e+04	1.200494e-06
1.444882e+04	1.188239e-06
1.445380e+04	1.176099e-06
1.445877e+04	1.164075e-06
1.446375e+04	1.152164e-06
1.446873e+04	1.140367e-06
1.447371e+04	1.128682e-06
1.447869e+04	1.117107e-06
1.448367e+04	1.105643e-06
1.448865e+04	1.094289e-06
1.449363e+04	1.083042e-06
1.449861e+04	1.071903e-06
1.450358e+04	1.060870e-06
1.450856e+04	1.049943e-06
1.451354e+04	1.039120e-06
1.451852e+04	1.028401e-06
1.452350e+04	1.017785e-06
1.452848e+04	1.007270e-06
1.453346e+04	9.968567e-07
1.453844e+04	9.865431e-07
1.454342e+04	9.763288e-07
1.454839e+04	9.662127e-07
1.455337e+04	9.561941e-07
1.455835e+04	9.462721e-07
1.456333e+04	9.364458e-07
1.456831e+04	9.267144e-07
1.457329e+04	9.170771e-07
1.457827e+04	9.075330e-07
1.458325e+04	8.980814e-07
1.458823e+04	8.887213e-07
1.459320e+04	8.794519e-07
1.459818e+04	8.702726e-07
1.460316e+04	8.611824e-07
1.460814e+04	8.521806e-07
1.461312e+04	8.432665e-07
1.461810e+04	8.344391e-07
1.462308e+04	8.256977e-07
1.462806e+04	8.170417e-07
1.463304e+04	8.084702e-07
1.463802e+04	7.999824e-07
1.464299e+04	7.915776e-07
1.464797e+04	7.832551e-07
1.465295e+04	7.750141e-07
1.465793e+04	7.668539e-07
1.466291e+04	7.587738e-07
1.466789e+04	7.507731e-07
1.467287e+04	7.428510e-07
1.467785e+04	7.350068e-07
1.468283e+04	7.272398e-07
1.468780e+04	7.195494e-07
1.469278e+04	7.119348e-07
1.469776e+04	7.043954e-07
1.470274e+04	6.969304e-07
1.470772e+04	6.895392e-07
1.471270e+04	6.822212e-07
1.471768e+04	6.749756e-07
1.472266e+04	6.678019e-07
1.472764e+04	6.606993e-07
1.473261e+04	6.536671e-07
1.473759e+04	6.467049e-07
1.474257e+04	6.398119e-07
1.474755e+04	6.329875e-07
1.475253e+04	6.262310e-07
1.475751e+04	6.195419e-07
1.476249e+04	6.129195e-07
1.476747e+04	6.063632e-07
1.477245e+04	5.998724e-07
1.477742e+04	5.934466e-07
1.478240e+04	5.870850e-07
1.478738e+04	5.807872e-07
1.479236e+04	5.745525e-07
1.479734e+04	5.683804e-07
1.480232e+04	5.622702e-07
1.480730e+04	5.562214e-07
1.481228e+04	5.502335e-07
1.481726e+04	5.443058e-07
1.482224e+04	5.384378e-07
1.482721e+04	5.326290e-07
1.483219e+04	5.268788e-07
1.483717e+04	5.211866e-07
1.484215e+04	5.155520e-07
1.484713e+04	5.099744e-07
1.485211e+04	5.044532e-07
1.485709e+04	4.989880e-07
1.486207e+04	4.935781e-07
1.486705e+04	4.882232e-07
1.487202e+04	4.829226e-07
1.487700e+04	4.776759e-07
1.488198e+04	4.724825e-07
1.488696e+04	4.673420e-07
1.489194e+04	4.622539e-07
1.489692e+04	4.572177e-07
1.490190e+04	4.522328e-07
1.490688e+04	4.472989e-07
1.491186e+04	4.424153e-07
1.491683e+04	4.375817e-07
1.492181e+04	4.327976e-07
1.492679e+04	4.280625e-07
1.493177e+04	4.233759e-07
1.493675e+04	4.187374e-07
1.494173e+04	4.141466e-07
1.494671e+04	4.096029e-07
1.495169e+04	4.051059e-07
1.495667e+04	4.006553e-07
1.496164e+04	3.962504e-07
1.496662e+04	3.918910e-07
1.497160e+04	3.875766e-07
1.497658e+04	3.833067e-07
1.498156e+04	3.790809e-07
1.498654e+04	3.748988e-07
1.499152e+04	3.707600e-07
1.499650e+04	3.666641e-07
1.500148e+04	3.626106e-07
1.500645e+04	3.585992e-07
1.501143e+04	3.546294e-07
1.501641e+04	3.507008e-07
1.502139e+04	3.468131e-07
1.502637e+04	3.429659e-07
1.503135e+04	3.391587e-07
1.503633e+04	3.353912e-07
1.504131e+04	3.316630e-07
1.504629e+04	3.279737e-07
1.505127e+04	3.243230e-07
1.505624e+04	3.207104e-07
1.506122e+04	3.171356e-07
1.506620e+04	3.135982e-07
1.507118e+04	3.100980e-07
1.507616e+04	3.066344e-07
1.508114e+04	3.032071e-07
1.508612e+04	2.998159e-07
1.509110e+04	2.964603e-07
1.509608e+04	2.931400e-07
1.510105e+04	2.898547e-07
1.510603e+04	2.866039e-07
1.511101e+04	2.833875e-07
1.511599e+04	2.802050e-07
1.512097e+04	2.770560e-07
1.512595e+04	2.739404e-07
1.513093e+04	2.708577e-07
1.513591e+04	2.678076e-07
1.514089e+04	2.647899e-07
1.514586e+04	2.618041e-07
1.515084e+04	2.588500e-07
1.515582e+04	2.559273e-07
1.516080e+04	2.530356e-07
1.516578e+04	2.501747e-07
1.517076e+04	2.473442e-07
1.517574e+04	2.445438e-07
1.518072e+04	2.417733e-07
1.518570e+04	2.390323e-07
1.519067e+04	2.363206e-07
1.519565e+04	2.336379e-07
1.520063e+04	2.309838e-07
1.520561e+04	2.283581e-07
1.521059e+04	2.257605e-07
1.521557e+04	2.231908e-07
1.522055e+04	2.206486e-07
1.522553e+04	2.181336e-07
1.523051e+04	2.156457e-07
1.523549e+04	2.131845e-07
1.524046e+04	2.107498e-07
1.524544e+04	2.083413e-07
1.525042e+04	2.059587e-07
1.525540e+04	2.036018e-07
1.526038e+04	2.012703e-07
1.526536e+04	1.989640e-07
1.527034e+04	1.966826e-07
1.527532e+04	1.944258e-07
1.528030e+04	1.921935e-07
1.528527e+04	1.899853e-07
1.529025e+04	1.878011e-07
1.529523e+04	1.856405e-07
1.530021e+04	1.835034e-07
1.530519e+04	1.813895e-07
1.531017e+04	1.792985e-07
1.531515e+04	1.772303e-07
1.532013e+04	1.751846e-07
1.532511e+04	1.731612e-07
1.533008e+04	1.711598e-07
1.533506e+04	1.691803e-07
1.534004e+04	1.672223e-07
1.534502e+04	1.652858e-07
1.535000e+04	1.633704e-07
1.535498e+04	1.614760e-07
1.535996e+04	1.596023e-07
1.536494e+04	1.577491e-07
1.536992e+04	1.559163e-07
1.537489e+04	1.541035e-07
1.537987e+04	1.523107e-07
1.538485e+04	1.505375e-07
1.538983e+04	1.487839e-07
1.539481e+04	1.470495e-07
1.539979e+04	1.453343e-07
1.540477e+04	1.436379e-07
1.540975e+04	1.419603e-07
1.541473e+04	1.403011e-07
1.541971e+04	1.386603e-07
1.542468e+04	1.370376e-07
1.542966e+04	1.354329e-07
1.543464e+04	1.338459e-07
1.543962e+04	1.322765e-07
1.544460e+04	1.307245e-07
1.544958e+04	1.291897e-07
1.545456e+04	1.276720e-07
1.545954e+04	1.261711e-07
1.546452e+04	1.246869e-07
1.546949e+04	1.232192e-07
1.547447e+04	1.217678e-07
1.547945e+04	1.203326e-07
1.548443e+04	1.189134e-07
1.548941e+04	1.175101e-07
1.549439e+04	1.161224e-07
1.549937e+04	1.147502e-07
1.550435e+04	1.133933e-07
1.550933e+04	1.120517e-07
1.551430e+04	1.107250e-07
1.551928e+04	1.094132e-07
1.552426e+04	1.081161e-07
1.552924e+04	1.068336e-07
1.553422e+04	1.055655e-07
1.553920e+04	1.043116e-07
1.554418e+04	1.030719e-07
1.554916e+04	1.018460e-07
1.555414e+04	1.006340e-07
1.555911e+04	9.943564e-08
1.556409e+04	9.825079e-08
1.556907e+04	9.707931e-08
1.557405e+04	9.592105e-08
1.557903e+04	9.477589e-08
1.558401e+04	9.364368e-08
1.558899e+04	9.252428e-08
1.559397e+04	9.141755e-08
1.559895e+04	9.032337e-08
1.560392e+04	8.924160e-08
1.560890e+04	8.817210e-08
1.561388e+04	8.711475e-08
1.561886e+04	8.606941e-08
1.562384e+04	8.503597e-08
1.562882e+04	8.401428e-08
1.563380e+04	8.300423e-08
1.563878e+04	8.200570e-08
1.564376e+04	8.101855e-08
1.564874e+04	8.004266e-08
1.565371e+04	7.907792e-08
1.565869e+04	7.812421e-08
1.566367e+04	7.718141e-08
1.566865e+04	7.624939e-08
1.567363e+04	7.532805e-08
1.567861e+04	7.441727e-08
1.568359e+04	7.351693e-08
1.568857e+04	7.262693e-08
1.569355e+04	7.174715e-08
1.569852e+04	7.087748e-08
1.570350e+04	7.001781e-08
1.570848e+04	6.916804e-08
1.571346e+04	6.832805e-08
1.571844e+04	6.749774e-08
1.572342e+04	6.667701e-08
1.572840e+04	6.586576e-08
1.573338e+04	6.506387e-08
1.573836e+04	6.427124e-08
1.574333e+04	6.348779e-08
1.574831e+04	6.271340e-08
1.575329e+04	6.194798e-08
1.575827e+04	6.119143e-08
1.576325e+04	6.044366e-08
1.576823e+04	5.970456e-08
1.577321e+04	5.897404e-08
1.577819e+04	5.825202e-08
1.578317e+04	5.753839e-08
1.578814e+04	5.683306e-08
1.579312e+04	5.613595e-08
