# # p(y | x = 8.200000e-02)
# # y_val	p(y|x)
0.000000e+00	1.073579e-05
4.978917e+00	1.083683e-05
9.957833e+00	1.093872e-05
1.493675e+01	1.104147e-05
1.991567e+01	1.114507e-05
2.489458e+01	1.124954e-05
2.987350e+01	1.135489e-05
3.485242e+01	1.146112e-05
3.983133e+01	1.156823e-05
4.481025e+01	1.167624e-05
4.978917e+01	1.178515e-05
5.476808e+01	1.189496e-05
5.974700e+01	1.200568e-05
6.472592e+01	1.211732e-05
6.970483e+01	1.222989e-05
7.468375e+01	1.234338e-05
7.966267e+01	1.245782e-05
8.464158e+01	1.257320e-05
8.962050e+01	1.268953e-05
9.459942e+01	1.280681e-05
9.957833e+01	1.292506e-05
1.045573e+02	1.304429e-05
1.095362e+02	1.316449e-05
1.145151e+02	1.328567e-05
1.194940e+02	1.340784e-05
1.244729e+02	1.353101e-05
1.294518e+02	1.365519e-05
1.344308e+02	1.378038e-05
1.394097e+02	1.390659e-05
1.443886e+02	1.403382e-05
1.493675e+02	1.416209e-05
1.543464e+02	1.429139e-05
1.593253e+02	1.442174e-05
1.643043e+02	1.455315e-05
1.692832e+02	1.468561e-05
1.742621e+02	1.481915e-05
1.792410e+02	1.495376e-05
1.842199e+02	1.508945e-05
1.891988e+02	1.522623e-05
1.941778e+02	1.536411e-05
1.991567e+02	1.550310e-05
2.041356e+02	1.564320e-05
2.091145e+02	1.578441e-05
2.140934e+02	1.592675e-05
2.190723e+02	1.607023e-05
2.240513e+02	1.621485e-05
2.290302e+02	1.636062e-05
2.340091e+02	1.650755e-05
2.389880e+02	1.665564e-05
2.439669e+02	1.680490e-05
2.489458e+02	1.695534e-05
2.539248e+02	1.710698e-05
2.589037e+02	1.725980e-05
2.638826e+02	1.741383e-05
2.688615e+02	1.756908e-05
2.738404e+02	1.772554e-05
2.788193e+02	1.788323e-05
2.837983e+02	1.804215e-05
2.887772e+02	1.820232e-05
2.937561e+02	1.836374e-05
2.987350e+02	1.852642e-05
3.037139e+02	1.869037e-05
3.086928e+02	1.885559e-05
3.136718e+02	1.902209e-05
3.186507e+02	1.918989e-05
3.236296e+02	1.935899e-05
3.286085e+02	1.952940e-05
3.335874e+02	1.970112e-05
3.385663e+02	1.987417e-05
3.435453e+02	2.004856e-05
3.485242e+02	2.022428e-05
3.535031e+02	2.040136e-05
3.584820e+02	2.057980e-05
3.634609e+02	2.075960e-05
3.684398e+02	2.094078e-05
3.734188e+02	2.112335e-05
3.783977e+02	2.130731e-05
3.833766e+02	2.149267e-05
3.883555e+02	2.167945e-05
3.933344e+02	2.186764e-05
3.983133e+02	2.205726e-05
4.032923e+02	2.224832e-05
4.082712e+02	2.244083e-05
4.132501e+02	2.263479e-05
4.182290e+02	2.283022e-05
4.232079e+02	2.302712e-05
4.281868e+02	2.322551e-05
4.331658e+02	2.342538e-05
4.381447e+02	2.362676e-05
4.431236e+02	2.382964e-05
4.481025e+02	2.403405e-05
4.530814e+02	2.423998e-05
4.580603e+02	2.444745e-05
4.630393e+02	2.465647e-05
4.680182e+02	2.486704e-05
4.729971e+02	2.507918e-05
4.779760e+02	2.529289e-05
4.829549e+02	2.550819e-05
4.879338e+02	2.572508e-05
4.929128e+02	2.594358e-05
4.978917e+02	2.616369e-05
5.028706e+02	2.638542e-05
5.078495e+02	2.660878e-05
5.128284e+02	2.683379e-05
5.178073e+02	2.706044e-05
5.227863e+02	2.728876e-05
5.277652e+02	2.751875e-05
5.327441e+02	2.775042e-05
5.377230e+02	2.798378e-05
5.427019e+02	2.821883e-05
5.476808e+02	2.845560e-05
5.526598e+02	2.869409e-05
5.576387e+02	2.893431e-05
5.626176e+02	2.917628e-05
5.675965e+02	2.941999e-05
5.725754e+02	2.966546e-05
5.775543e+02	2.991270e-05
5.825333e+02	3.016172e-05
5.875122e+02	3.041253e-05
5.924911e+02	3.066515e-05
5.974700e+02	3.091957e-05
6.024489e+02	3.117582e-05
6.074278e+02	3.143390e-05
6.124068e+02	3.169382e-05
6.173857e+02	3.195559e-05
6.223646e+02	3.221922e-05
6.273435e+02	3.248473e-05
6.323224e+02	3.275213e-05
6.373013e+02	3.302141e-05
6.422803e+02	3.329261e-05
6.472592e+02	3.356571e-05
6.522381e+02	3.384075e-05
6.572170e+02	3.411772e-05
6.621959e+02	3.439664e-05
6.671748e+02	3.467752e-05
6.721538e+02	3.496036e-05
6.771327e+02	3.524519e-05
6.821116e+02	3.553200e-05
6.870905e+02	3.582082e-05
6.920694e+02	3.611165e-05
6.970483e+02	3.640451e-05
7.020273e+02	3.669939e-05
7.070062e+02	3.699633e-05
7.119851e+02	3.729531e-05
7.169640e+02	3.759637e-05
7.219429e+02	3.789951e-05
7.269218e+02	3.820473e-05
7.319008e+02	3.851205e-05
7.368797e+02	3.882149e-05
7.418586e+02	3.913305e-05
7.468375e+02	3.944674e-05
7.518164e+02	3.976258e-05
7.567953e+02	4.008058e-05
7.617743e+02	4.040074e-05
7.667532e+02	4.072309e-05
7.717321e+02	4.104762e-05
7.767110e+02	4.137436e-05
7.816899e+02	4.170330e-05
7.866688e+02	4.203448e-05
7.916478e+02	4.236789e-05
7.966267e+02	4.270355e-05
8.016056e+02	4.304147e-05
8.065845e+02	4.338166e-05
8.115634e+02	4.372413e-05
8.165423e+02	4.406890e-05
8.215213e+02	4.441597e-05
8.265002e+02	4.476537e-05
8.314791e+02	4.511709e-05
8.364580e+02	4.547115e-05
8.414369e+02	4.582756e-05
8.464158e+02	4.618635e-05
8.513948e+02	4.654750e-05
8.563737e+02	4.691105e-05
8.613526e+02	4.727699e-05
8.663315e+02	4.764535e-05
8.713104e+02	4.801614e-05
8.762893e+02	4.838935e-05
8.812683e+02	4.876502e-05
8.862472e+02	4.914315e-05
8.912261e+02	4.952375e-05
8.962050e+02	4.990683e-05
9.011839e+02	5.029241e-05
9.061628e+02	5.068050e-05
9.111418e+02	5.107111e-05
9.161207e+02	5.146425e-05
9.210996e+02	5.185994e-05
9.260785e+02	5.225818e-05
9.310574e+02	5.265900e-05
9.360363e+02	5.306239e-05
9.410153e+02	5.346838e-05
9.459942e+02	5.387698e-05
9.509731e+02	5.428819e-05
9.559520e+02	5.470203e-05
9.609309e+02	5.511852e-05
9.659098e+02	5.553766e-05
9.708888e+02	5.595947e-05
9.758677e+02	5.638396e-05
9.808466e+02	5.681114e-05
9.858255e+02	5.724103e-05
9.908044e+02	5.767364e-05
9.957833e+02	5.810897e-05
1.000762e+03	5.854705e-05
1.005741e+03	5.898788e-05
1.010720e+03	5.943148e-05
1.015699e+03	5.987786e-05
1.020678e+03	6.032704e-05
1.025657e+03	6.077902e-05
1.030636e+03	6.123381e-05
1.035615e+03	6.169144e-05
1.040594e+03	6.215191e-05
1.045573e+03	6.261523e-05
1.050551e+03	6.308142e-05
1.055530e+03	6.355050e-05
1.060509e+03	6.402247e-05
1.065488e+03	6.449734e-05
1.070467e+03	6.497513e-05
1.075446e+03	6.545586e-05
1.080425e+03	6.593953e-05
1.085404e+03	6.642615e-05
1.090383e+03	6.691575e-05
1.095362e+03	6.740833e-05
1.100341e+03	6.790391e-05
1.105320e+03	6.840249e-05
1.110298e+03	6.890409e-05
1.115277e+03	6.940873e-05
1.120256e+03	6.991642e-05
1.125235e+03	7.042716e-05
1.130214e+03	7.094098e-05
1.135193e+03	7.145788e-05
1.140172e+03	7.197788e-05
1.145151e+03	7.250099e-05
1.150130e+03	7.302723e-05
1.155109e+03	7.355660e-05
1.160088e+03	7.408912e-05
1.165067e+03	7.462480e-05
1.170045e+03	7.516366e-05
1.175024e+03	7.570571e-05
1.180003e+03	7.625096e-05
1.184982e+03	7.679942e-05
1.189961e+03	7.735111e-05
1.194940e+03	7.790604e-05
1.199919e+03	7.846422e-05
1.204898e+03	7.902567e-05
1.209877e+03	7.959039e-05
1.214856e+03	8.015841e-05
1.219835e+03	8.072973e-05
1.224814e+03	8.130437e-05
1.229792e+03	8.188234e-05
1.234771e+03	8.246365e-05
1.239750e+03	8.304832e-05
1.244729e+03	8.363635e-05
1.249708e+03	8.422777e-05
1.254687e+03	8.482258e-05
1.259666e+03	8.542080e-05
1.264645e+03	8.602244e-05
1.269624e+03	8.662752e-05
1.274603e+03	8.723604e-05
1.279582e+03	8.784801e-05
1.284561e+03	8.846347e-05
1.289539e+03	8.908240e-05
1.294518e+03	8.970483e-05
1.299497e+03	9.033078e-05
1.304476e+03	9.096024e-05
1.309455e+03	9.159324e-05
1.314434e+03	9.222980e-05
1.319413e+03	9.286991e-05
1.324392e+03	9.351360e-05
1.329371e+03	9.416087e-05
1.334350e+03	9.481174e-05
1.339329e+03	9.546623e-05
1.344308e+03	9.612434e-05
1.349286e+03	9.678610e-05
1.354265e+03	9.745150e-05
1.359244e+03	9.812056e-05
1.364223e+03	9.879331e-05
1.369202e+03	9.946974e-05
1.374181e+03	1.001499e-04
1.379160e+03	1.008337e-04
1.384139e+03	1.015213e-04
1.389118e+03	1.022126e-04
1.394097e+03	1.029077e-04
1.399076e+03	1.036065e-04
1.404055e+03	1.043091e-04
1.409033e+03	1.050155e-04
1.414012e+03	1.057257e-04
1.418991e+03	1.064397e-04
1.423970e+03	1.071576e-04
1.428949e+03	1.078792e-04
1.433928e+03	1.086048e-04
1.438907e+03	1.093342e-04
1.443886e+03	1.100674e-04
1.448865e+03	1.108046e-04
1.453844e+03	1.115457e-04
1.458823e+03	1.122906e-04
1.463802e+03	1.130396e-04
1.468780e+03	1.137924e-04
1.473759e+03	1.145492e-04
1.478738e+03	1.153099e-04
1.483717e+03	1.160747e-04
1.488696e+03	1.168434e-04
1.493675e+03	1.176161e-04
1.498654e+03	1.183928e-04
1.503633e+03	1.191736e-04
1.508612e+03	1.199584e-04
1.513591e+03	1.207472e-04
1.518570e+03	1.215401e-04
1.523549e+03	1.223371e-04
1.528527e+03	1.231381e-04
1.533506e+03	1.239432e-04
1.538485e+03	1.247525e-04
1.543464e+03	1.255658e-04
1.548443e+03	1.263833e-04
1.553422e+03	1.272050e-04
1.558401e+03	1.280308e-04
1.563380e+03	1.288607e-04
1.568359e+03	1.296948e-04
1.573338e+03	1.305332e-04
1.578317e+03	1.313757e-04
1.583296e+03	1.322224e-04
1.588274e+03	1.330733e-04
1.593253e+03	1.339285e-04
1.598232e+03	1.347879e-04
1.603211e+03	1.356516e-04
1.608190e+03	1.365196e-04
1.613169e+03	1.373918e-04
1.618148e+03	1.382683e-04
1.623127e+03	1.391491e-04
1.628106e+03	1.400342e-04
1.633085e+03	1.409237e-04
1.638064e+03	1.418175e-04
1.643043e+03	1.427156e-04
1.648021e+03	1.436180e-04
1.653000e+03	1.445249e-04
1.657979e+03	1.454361e-04
1.662958e+03	1.463517e-04
1.667937e+03	1.472717e-04
1.672916e+03	1.481961e-04
1.677895e+03	1.491249e-04
1.682874e+03	1.500582e-04
1.687853e+03	1.509959e-04
1.692832e+03	1.519380e-04
1.697811e+03	1.528846e-04
1.702790e+03	1.538357e-04
1.707768e+03	1.547912e-04
1.712747e+03	1.557513e-04
1.717726e+03	1.567158e-04
1.722705e+03	1.576849e-04
1.727684e+03	1.586584e-04
1.732663e+03	1.596365e-04
1.737642e+03	1.606192e-04
1.742621e+03	1.616063e-04
1.747600e+03	1.625981e-04
1.752579e+03	1.635944e-04
1.757558e+03	1.645953e-04
1.762537e+03	1.656007e-04
1.767515e+03	1.666108e-04
1.772494e+03	1.676255e-04
1.777473e+03	1.686447e-04
1.782452e+03	1.696686e-04
1.787431e+03	1.706972e-04
1.792410e+03	1.717304e-04
1.797389e+03	1.727682e-04
1.802368e+03	1.738107e-04
1.807347e+03	1.748578e-04
1.812326e+03	1.759096e-04
1.817305e+03	1.769662e-04
1.822284e+03	1.780274e-04
1.827262e+03	1.790933e-04
1.832241e+03	1.801639e-04
1.837220e+03	1.812392e-04
1.842199e+03	1.823193e-04
1.847178e+03	1.834041e-04
1.852157e+03	1.844936e-04
1.857136e+03	1.855879e-04
1.862115e+03	1.866869e-04
1.867094e+03	1.877907e-04
1.872073e+03	1.888993e-04
1.877052e+03	1.900126e-04
1.882031e+03	1.911308e-04
1.887009e+03	1.922537e-04
1.891988e+03	1.933815e-04
1.896967e+03	1.945140e-04
1.901946e+03	1.956514e-04
1.906925e+03	1.967936e-04
1.911904e+03	1.979406e-04
1.916883e+03	1.990924e-04
1.921862e+03	2.002491e-04
1.926841e+03	2.014107e-04
1.931820e+03	2.025771e-04
1.936799e+03	2.037484e-04
1.941778e+03	2.049245e-04
1.946756e+03	2.061055e-04
1.951735e+03	2.072914e-04
1.956714e+03	2.084822e-04
1.961693e+03	2.096779e-04
1.966672e+03	2.108785e-04
1.971651e+03	2.120840e-04
1.976630e+03	2.132944e-04
1.981609e+03	2.145097e-04
1.986588e+03	2.157299e-04
1.991567e+03	2.169551e-04
1.996546e+03	2.181852e-04
2.001525e+03	2.194202e-04
2.006503e+03	2.206602e-04
2.011482e+03	2.219051e-04
2.016461e+03	2.231549e-04
2.021440e+03	2.244098e-04
2.026419e+03	2.256696e-04
2.031398e+03	2.269343e-04
2.036377e+03	2.282040e-04
2.041356e+03	2.294787e-04
2.046335e+03	2.307584e-04
2.051314e+03	2.320431e-04
2.056293e+03	2.333327e-04
2.061272e+03	2.346273e-04
2.066250e+03	2.359270e-04
2.071229e+03	2.372316e-04
2.076208e+03	2.385412e-04
2.081187e+03	2.398558e-04
2.086166e+03	2.411755e-04
2.091145e+03	2.425001e-04
2.096124e+03	2.438297e-04
2.101103e+03	2.451644e-04
2.106082e+03	2.465041e-04
2.111061e+03	2.478488e-04
2.116040e+03	2.491985e-04
2.121019e+03	2.505533e-04
2.125997e+03	2.519130e-04
2.130976e+03	2.532778e-04
2.135955e+03	2.546477e-04
2.140934e+03	2.560225e-04
2.145913e+03	2.574024e-04
2.150892e+03	2.587873e-04
2.155871e+03	2.601773e-04
2.160850e+03	2.615723e-04
2.165829e+03	2.629723e-04
2.170808e+03	2.643774e-04
2.175787e+03	2.657875e-04
2.180766e+03	2.672027e-04
2.185744e+03	2.686229e-04
2.190723e+03	2.700481e-04
2.195702e+03	2.714784e-04
2.200681e+03	2.729138e-04
2.205660e+03	2.743541e-04
2.210639e+03	2.757995e-04
2.215618e+03	2.772500e-04
2.220597e+03	2.787055e-04
2.225576e+03	2.801660e-04
2.230555e+03	2.816316e-04
2.235534e+03	2.831022e-04
2.240513e+03	2.845778e-04
2.245491e+03	2.860585e-04
2.250470e+03	2.875442e-04
2.255449e+03	2.890350e-04
2.260428e+03	2.905307e-04
2.265407e+03	2.920315e-04
2.270386e+03	2.935374e-04
2.275365e+03	2.950482e-04
2.280344e+03	2.965641e-04
2.285323e+03	2.980850e-04
2.290302e+03	2.996109e-04
2.295281e+03	3.011419e-04
2.300260e+03	3.026778e-04
2.305238e+03	3.042188e-04
2.310217e+03	3.057648e-04
2.315196e+03	3.073157e-04
2.320175e+03	3.088717e-04
2.325154e+03	3.104327e-04
2.330133e+03	3.119986e-04
2.335112e+03	3.135696e-04
2.340091e+03	3.151455e-04
2.345070e+03	3.167264e-04
2.350049e+03	3.183123e-04
2.355028e+03	3.199031e-04
2.360007e+03	3.214990e-04
2.364985e+03	3.230997e-04
2.369964e+03	3.247055e-04
2.374943e+03	3.263162e-04
2.379922e+03	3.279318e-04
2.384901e+03	3.295524e-04
2.389880e+03	3.311779e-04
2.394859e+03	3.328083e-04
2.399838e+03	3.344437e-04
2.404817e+03	3.360839e-04
2.409796e+03	3.377291e-04
2.414775e+03	3.393792e-04
2.419754e+03	3.410342e-04
2.424732e+03	3.426940e-04
2.429711e+03	3.443588e-04
2.434690e+03	3.460284e-04
2.439669e+03	3.477029e-04
2.444648e+03	3.493823e-04
2.449627e+03	3.510665e-04
2.454606e+03	3.527555e-04
2.459585e+03	3.544494e-04
2.464564e+03	3.561481e-04
2.469543e+03	3.578516e-04
2.474522e+03	3.595600e-04
2.479501e+03	3.612731e-04
2.484479e+03	3.629910e-04
2.489458e+03	3.647137e-04
2.494437e+03	3.664412e-04
2.499416e+03	3.681735e-04
2.504395e+03	3.699105e-04
2.509374e+03	3.716522e-04
2.514353e+03	3.733987e-04
2.519332e+03	3.751499e-04
2.524311e+03	3.769059e-04
2.529290e+03	3.786665e-04
2.534269e+03	3.804318e-04
2.539248e+03	3.822018e-04
2.544226e+03	3.839765e-04
2.549205e+03	3.857558e-04
2.554184e+03	3.875398e-04
2.559163e+03	3.893284e-04
2.564142e+03	3.911216e-04
2.569121e+03	3.929195e-04
2.574100e+03	3.947219e-04
2.579079e+03	3.965290e-04
2.584058e+03	3.983406e-04
2.589037e+03	4.001567e-04
2.594016e+03	4.019775e-04
2.598995e+03	4.038027e-04
2.603973e+03	4.056325e-04
2.608952e+03	4.074668e-04
2.613931e+03	4.093055e-04
2.618910e+03	4.111488e-04
2.623889e+03	4.129965e-04
2.628868e+03	4.148487e-04
2.633847e+03	4.167053e-04
2.638826e+03	4.185664e-04
2.643805e+03	4.204318e-04
2.648784e+03	4.223016e-04
2.653763e+03	4.241759e-04
2.658742e+03	4.260544e-04
2.663720e+03	4.279374e-04
2.668699e+03	4.298246e-04
2.673678e+03	4.317162e-04
2.678657e+03	4.336121e-04
2.683636e+03	4.355122e-04
2.688615e+03	4.374166e-04
2.693594e+03	4.393253e-04
2.698573e+03	4.412382e-04
2.703552e+03	4.431553e-04
2.708531e+03	4.450766e-04
2.713510e+03	4.470021e-04
2.718489e+03	4.489318e-04
2.723467e+03	4.508656e-04
2.728446e+03	4.528035e-04
2.733425e+03	4.547455e-04
2.738404e+03	4.566917e-04
2.743383e+03	4.586418e-04
2.748362e+03	4.605961e-04
2.753341e+03	4.625544e-04
2.758320e+03	4.645167e-04
2.763299e+03	4.664829e-04
2.768278e+03	4.684532e-04
2.773257e+03	4.704274e-04
2.778236e+03	4.724055e-04
2.783214e+03	4.743876e-04
2.788193e+03	4.763736e-04
2.793172e+03	4.783634e-04
2.798151e+03	4.803571e-04
2.803130e+03	4.823546e-04
2.808109e+03	4.843559e-04
2.813088e+03	4.863610e-04
2.818067e+03	4.883698e-04
2.823046e+03	4.903825e-04
2.828025e+03	4.923988e-04
2.833004e+03	4.944188e-04
2.837983e+03	4.964426e-04
2.842961e+03	4.984699e-04
2.847940e+03	5.005009e-04
2.852919e+03	5.025355e-04
2.857898e+03	5.045737e-04
2.862877e+03	5.066155e-04
2.867856e+03	5.086608e-04
2.872835e+03	5.107096e-04
2.877814e+03	5.127619e-04
2.882793e+03	5.148177e-04
2.887772e+03	5.168769e-04
2.892751e+03	5.189396e-04
2.897730e+03	5.210056e-04
2.902708e+03	5.230750e-04
2.907687e+03	5.251478e-04
2.912666e+03	5.272238e-04
2.917645e+03	5.293032e-04
2.922624e+03	5.313858e-04
2.927603e+03	5.334717e-04
2.932582e+03	5.355608e-04
2.937561e+03	5.376530e-04
2.942540e+03	5.397485e-04
2.947519e+03	5.418471e-04
2.952498e+03	5.439487e-04
2.957477e+03	5.460535e-04
2.962455e+03	5.481613e-04
2.967434e+03	5.502722e-04
2.972413e+03	5.523860e-04
2.977392e+03	5.545028e-04
2.982371e+03	5.566226e-04
2.987350e+03	5.587453e-04
2.992329e+03	5.608708e-04
2.997308e+03	5.629993e-04
3.002287e+03	5.651305e-04
3.007266e+03	5.672646e-04
3.012245e+03	5.694014e-04
3.017224e+03	5.715410e-04
3.022202e+03	5.736832e-04
3.027181e+03	5.758282e-04
3.032160e+03	5.779758e-04
3.037139e+03	5.801261e-04
3.042118e+03	5.822789e-04
3.047097e+03	5.844343e-04
3.052076e+03	5.865923e-04
3.057055e+03	5.887527e-04
3.062034e+03	5.909156e-04
3.067013e+03	5.930809e-04
3.071992e+03	5.952487e-04
3.076971e+03	5.974188e-04
3.081949e+03	5.995913e-04
3.086928e+03	6.017661e-04
3.091907e+03	6.039432e-04
3.096886e+03	6.061225e-04
3.101865e+03	6.083040e-04
3.106844e+03	6.104878e-04
3.111823e+03	6.126736e-04
3.116802e+03	6.148616e-04
3.121781e+03	6.170517e-04
3.126760e+03	6.192438e-04
3.131739e+03	6.214380e-04
3.136718e+03	6.236341e-04
3.141696e+03	6.258322e-04
3.146675e+03	6.280322e-04
3.151654e+03	6.302340e-04
3.156633e+03	6.324378e-04
3.161612e+03	6.346433e-04
3.166591e+03	6.368506e-04
3.171570e+03	6.390597e-04
3.176549e+03	6.412705e-04
3.181528e+03	6.434829e-04
3.186507e+03	6.456970e-04
3.191486e+03	6.479127e-04
3.196465e+03	6.501299e-04
3.201443e+03	6.523487e-04
3.206422e+03	6.545690e-04
3.211401e+03	6.567907e-04
3.216380e+03	6.590139e-04
3.221359e+03	6.612384e-04
3.226338e+03	6.634643e-04
3.231317e+03	6.656916e-04
3.236296e+03	6.679200e-04
3.241275e+03	6.701498e-04
3.246254e+03	6.723807e-04
3.251233e+03	6.746128e-04
3.256212e+03	6.768460e-04
3.261190e+03	6.790803e-04
3.266169e+03	6.813156e-04
3.271148e+03	6.835520e-04
3.276127e+03	6.857894e-04
3.281106e+03	6.880276e-04
3.286085e+03	6.902668e-04
3.291064e+03	6.925068e-04
3.296043e+03	6.947477e-04
3.301022e+03	6.969893e-04
3.306001e+03	6.992317e-04
3.310980e+03	7.014747e-04
3.315959e+03	7.037185e-04
3.320937e+03	7.059628e-04
3.325916e+03	7.082078e-04
3.330895e+03	7.104532e-04
3.335874e+03	7.126992e-04
3.340853e+03	7.149457e-04
3.345832e+03	7.171925e-04
3.350811e+03	7.194398e-04
3.355790e+03	7.216874e-04
3.360769e+03	7.239353e-04
3.365748e+03	7.261834e-04
3.370727e+03	7.284318e-04
3.375706e+03	7.306803e-04
3.380684e+03	7.329290e-04
3.385663e+03	7.351778e-04
3.390642e+03	7.374266e-04
3.395621e+03	7.396755e-04
3.400600e+03	7.419243e-04
3.405579e+03	7.441730e-04
3.410558e+03	7.464216e-04
3.415537e+03	7.486701e-04
3.420516e+03	7.509184e-04
3.425495e+03	7.531664e-04
3.430474e+03	7.554142e-04
3.435453e+03	7.576616e-04
3.440431e+03	7.599086e-04
3.445410e+03	7.621553e-04
3.450389e+03	7.644014e-04
3.455368e+03	7.666471e-04
3.460347e+03	7.688923e-04
3.465326e+03	7.711368e-04
3.470305e+03	7.733808e-04
3.475284e+03	7.756240e-04
3.480263e+03	7.778666e-04
3.485242e+03	7.801084e-04
3.490221e+03	7.823494e-04
3.495200e+03	7.845895e-04
3.500178e+03	7.868287e-04
3.505157e+03	7.890671e-04
3.510136e+03	7.913044e-04
3.515115e+03	7.935407e-04
3.520094e+03	7.957760e-04
3.525073e+03	7.980101e-04
3.530052e+03	8.002431e-04
3.535031e+03	8.024748e-04
3.540010e+03	8.047053e-04
3.544989e+03	8.069346e-04
3.549968e+03	8.091625e-04
3.554947e+03	8.113890e-04
3.559925e+03	8.136141e-04
3.564904e+03	8.158377e-04
3.569883e+03	8.180598e-04
3.574862e+03	8.202803e-04
3.579841e+03	8.224992e-04
3.584820e+03	8.247165e-04
3.589799e+03	8.269321e-04
3.594778e+03	8.291459e-04
3.599757e+03	8.313579e-04
3.604736e+03	8.335681e-04
3.609715e+03	8.357764e-04
3.614694e+03	8.379828e-04
3.619672e+03	8.401872e-04
3.624651e+03	8.423896e-04
3.629630e+03	8.445899e-04
3.634609e+03	8.467881e-04
3.639588e+03	8.489841e-04
3.644567e+03	8.511780e-04
3.649546e+03	8.533695e-04
3.654525e+03	8.555588e-04
3.659504e+03	8.577457e-04
3.664483e+03	8.599303e-04
3.669462e+03	8.621124e-04
3.674441e+03	8.642920e-04
3.679419e+03	8.664691e-04
3.684398e+03	8.686436e-04
3.689377e+03	8.708154e-04
3.694356e+03	8.729846e-04
3.699335e+03	8.751511e-04
3.704314e+03	8.773148e-04
3.709293e+03	8.794757e-04
3.714272e+03	8.816337e-04
3.719251e+03	8.837888e-04
3.724230e+03	8.859409e-04
3.729209e+03	8.880901e-04
3.734188e+03	8.902362e-04
3.739166e+03	8.923792e-04
3.744145e+03	8.945191e-04
3.749124e+03	8.966557e-04
3.754103e+03	8.987891e-04
3.759082e+03	9.009193e-04
3.764061e+03	9.030461e-04
3.769040e+03	9.051695e-04
3.774019e+03	9.072894e-04
3.778998e+03	9.094060e-04
3.783977e+03	9.115189e-04
3.788956e+03	9.136283e-04
3.793935e+03	9.157341e-04
3.798913e+03	9.178362e-04
3.803892e+03	9.199346e-04
3.808871e+03	9.220293e-04
3.813850e+03	9.241201e-04
3.818829e+03	9.262071e-04
3.823808e+03	9.282901e-04
3.828787e+03	9.303693e-04
3.833766e+03	9.324444e-04
3.838745e+03	9.345154e-04
3.843724e+03	9.365824e-04
3.848703e+03	9.386452e-04
3.853682e+03	9.407039e-04
3.858660e+03	9.427583e-04
3.863639e+03	9.448084e-04
3.868618e+03	9.468541e-04
3.873597e+03	9.488955e-04
3.878576e+03	9.509325e-04
3.883555e+03	9.529650e-04
3.888534e+03	9.549930e-04
3.893513e+03	9.570164e-04
3.898492e+03	9.590352e-04
3.903471e+03	9.610493e-04
3.908450e+03	9.630587e-04
3.913429e+03	9.650634e-04
3.918407e+03	9.670632e-04
3.923386e+03	9.690582e-04
3.928365e+03	9.710483e-04
3.933344e+03	9.730335e-04
3.938323e+03	9.750136e-04
3.943302e+03	9.769887e-04
3.948281e+03	9.789588e-04
3.953260e+03	9.809237e-04
3.958239e+03	9.828834e-04
3.963218e+03	9.848379e-04
3.968197e+03	9.867871e-04
3.973176e+03	9.887310e-04
3.978154e+03	9.906695e-04
3.983133e+03	9.926026e-04
3.988112e+03	9.945302e-04
3.993091e+03	9.964524e-04
3.998070e+03	9.983689e-04
4.003049e+03	1.000280e-03
4.008028e+03	1.002185e-03
4.013007e+03	1.004085e-03
4.017986e+03	1.005979e-03
4.022965e+03	1.007867e-03
4.027944e+03	1.009749e-03
4.032923e+03	1.011626e-03
4.037901e+03	1.013496e-03
4.042880e+03	1.015361e-03
4.047859e+03	1.017219e-03
4.052838e+03	1.019072e-03
4.057817e+03	1.020918e-03
4.062796e+03	1.022758e-03
4.067775e+03	1.024592e-03
4.072754e+03	1.026420e-03
4.077733e+03	1.028241e-03
4.082712e+03	1.030056e-03
4.087691e+03	1.031865e-03
4.092670e+03	1.033668e-03
4.097648e+03	1.035463e-03
4.102627e+03	1.037253e-03
4.107606e+03	1.039036e-03
4.112585e+03	1.040812e-03
4.117564e+03	1.042581e-03
4.122543e+03	1.044344e-03
4.127522e+03	1.046100e-03
4.132501e+03	1.047850e-03
4.137480e+03	1.049592e-03
4.142459e+03	1.051328e-03
4.147438e+03	1.053057e-03
4.152417e+03	1.054779e-03
4.157395e+03	1.056493e-03
4.162374e+03	1.058201e-03
4.167353e+03	1.059902e-03
4.172332e+03	1.061596e-03
4.177311e+03	1.063282e-03
4.182290e+03	1.064961e-03
4.187269e+03	1.066633e-03
4.192248e+03	1.068298e-03
4.197227e+03	1.069955e-03
4.202206e+03	1.071605e-03
4.207185e+03	1.073248e-03
4.212164e+03	1.074883e-03
4.217142e+03	1.076510e-03
4.222121e+03	1.078130e-03
4.227100e+03	1.079743e-03
4.232079e+03	1.081348e-03
4.237058e+03	1.082945e-03
4.242037e+03	1.084534e-03
4.247016e+03	1.086116e-03
4.251995e+03	1.087690e-03
4.256974e+03	1.089256e-03
4.261953e+03	1.090814e-03
4.266932e+03	1.092365e-03
4.271911e+03	1.093907e-03
4.276889e+03	1.095441e-03
4.281868e+03	1.096968e-03
4.286847e+03	1.098486e-03
4.291826e+03	1.099996e-03
4.296805e+03	1.101498e-03
4.301784e+03	1.102992e-03
4.306763e+03	1.104477e-03
4.311742e+03	1.105954e-03
4.316721e+03	1.107423e-03
4.321700e+03	1.108884e-03
4.326679e+03	1.110336e-03
4.331658e+03	1.111780e-03
4.336636e+03	1.113216e-03
4.341615e+03	1.114642e-03
4.346594e+03	1.116061e-03
4.351573e+03	1.117471e-03
4.356552e+03	1.118872e-03
4.361531e+03	1.120264e-03
4.366510e+03	1.121648e-03
4.371489e+03	1.123023e-03
4.376468e+03	1.124390e-03
4.381447e+03	1.125747e-03
4.386426e+03	1.127096e-03
4.391405e+03	1.128436e-03
4.396383e+03	1.129767e-03
4.401362e+03	1.131089e-03
4.406341e+03	1.132402e-03
4.411320e+03	1.133706e-03
4.416299e+03	1.135001e-03
4.421278e+03	1.136287e-03
4.426257e+03	1.137564e-03
4.431236e+03	1.138832e-03
4.436215e+03	1.140091e-03
4.441194e+03	1.141340e-03
4.446173e+03	1.142580e-03
4.451152e+03	1.143811e-03
4.456130e+03	1.145033e-03
4.461109e+03	1.146245e-03
4.466088e+03	1.147448e-03
4.471067e+03	1.148641e-03
4.476046e+03	1.149825e-03
4.481025e+03	1.151000e-03
4.486004e+03	1.152165e-03
4.490983e+03	1.153320e-03
4.495962e+03	1.154466e-03
4.500941e+03	1.155603e-03
4.505920e+03	1.156729e-03
4.510899e+03	1.157847e-03
4.515877e+03	1.158954e-03
4.520856e+03	1.160052e-03
4.525835e+03	1.161140e-03
4.530814e+03	1.162218e-03
4.535793e+03	1.163286e-03
4.540772e+03	1.164345e-03
4.545751e+03	1.165394e-03
4.550730e+03	1.166433e-03
4.555709e+03	1.167461e-03
4.560688e+03	1.168480e-03
4.565667e+03	1.169489e-03
4.570646e+03	1.170488e-03
4.575624e+03	1.171477e-03
4.580603e+03	1.172456e-03
4.585582e+03	1.173425e-03
4.590561e+03	1.174384e-03
4.595540e+03	1.175333e-03
4.600519e+03	1.176271e-03
4.605498e+03	1.177200e-03
4.610477e+03	1.178118e-03
4.615456e+03	1.179026e-03
4.620435e+03	1.179923e-03
4.625414e+03	1.180810e-03
4.630393e+03	1.181688e-03
4.635371e+03	1.182554e-03
4.640350e+03	1.183411e-03
4.645329e+03	1.184257e-03
4.650308e+03	1.185092e-03
4.655287e+03	1.185917e-03
4.660266e+03	1.186732e-03
4.665245e+03	1.187536e-03
4.670224e+03	1.188330e-03
4.675203e+03	1.189113e-03
4.680182e+03	1.189886e-03
4.685161e+03	1.190648e-03
4.690140e+03	1.191400e-03
4.695118e+03	1.192141e-03
4.700097e+03	1.192871e-03
4.705076e+03	1.193591e-03
4.710055e+03	1.194300e-03
4.715034e+03	1.194999e-03
4.720013e+03	1.195686e-03
4.724992e+03	1.196363e-03
4.729971e+03	1.197030e-03
4.734950e+03	1.197685e-03
4.739929e+03	1.198330e-03
4.744908e+03	1.198964e-03
4.749887e+03	1.199587e-03
4.754865e+03	1.200200e-03
4.759844e+03	1.200801e-03
4.764823e+03	1.201392e-03
4.769802e+03	1.201972e-03
4.774781e+03	1.202541e-03
4.779760e+03	1.203099e-03
4.784739e+03	1.203646e-03
4.789718e+03	1.204182e-03
4.794697e+03	1.204707e-03
4.799676e+03	1.205221e-03
4.804655e+03	1.205725e-03
4.809634e+03	1.206217e-03
4.814612e+03	1.206698e-03
4.819591e+03	1.207169e-03
4.824570e+03	1.207628e-03
4.829549e+03	1.208076e-03
4.834528e+03	1.208513e-03
4.839507e+03	1.208940e-03
4.844486e+03	1.209355e-03
4.849465e+03	1.209758e-03
4.854444e+03	1.210151e-03
4.859423e+03	1.210533e-03
4.864402e+03	1.210904e-03
4.869381e+03	1.211263e-03
4.874359e+03	1.211612e-03
4.879338e+03	1.211949e-03
4.884317e+03	1.212275e-03
4.889296e+03	1.212590e-03
4.894275e+03	1.212893e-03
4.899254e+03	1.213186e-03
4.904233e+03	1.213467e-03
4.909212e+03	1.213737e-03
4.914191e+03	1.213996e-03
4.919170e+03	1.214244e-03
4.924149e+03	1.214480e-03
4.929128e+03	1.214705e-03
4.934106e+03	1.214919e-03
4.939085e+03	1.215122e-03
4.944064e+03	1.215313e-03
4.949043e+03	1.215494e-03
4.954022e+03	1.215663e-03
4.959001e+03	1.215820e-03
4.963980e+03	1.215967e-03
4.968959e+03	1.216102e-03
4.973938e+03	1.216226e-03
4.978917e+03	1.216338e-03
4.983896e+03	1.216440e-03
4.988875e+03	1.216530e-03
4.993853e+03	1.216609e-03
4.998832e+03	1.216676e-03
5.003811e+03	1.216732e-03
5.008790e+03	1.216777e-03
5.013769e+03	1.216811e-03
5.018748e+03	1.216833e-03
5.023727e+03	1.216844e-03
5.028706e+03	1.216843e-03
5.033685e+03	1.216832e-03
5.038664e+03	1.216809e-03
5.043643e+03	1.216775e-03
5.048622e+03	1.216729e-03
5.053600e+03	1.216672e-03
5.058579e+03	1.216604e-03
5.063558e+03	1.216525e-03
5.068537e+03	1.216434e-03
5.073516e+03	1.216332e-03
5.078495e+03	1.216219e-03
5.083474e+03	1.216094e-03
5.088453e+03	1.215959e-03
5.093432e+03	1.215812e-03
5.098411e+03	1.215653e-03
5.103390e+03	1.215484e-03
5.108369e+03	1.215303e-03
5.113347e+03	1.215111e-03
5.118326e+03	1.214907e-03
5.123305e+03	1.214693e-03
5.128284e+03	1.214467e-03
5.133263e+03	1.214230e-03
5.138242e+03	1.213981e-03
5.143221e+03	1.213722e-03
5.148200e+03	1.213451e-03
5.153179e+03	1.213169e-03
5.158158e+03	1.212876e-03
5.163137e+03	1.212572e-03
5.168116e+03	1.212256e-03
5.173094e+03	1.211930e-03
5.178073e+03	1.211592e-03
5.183052e+03	1.211243e-03
5.188031e+03	1.210883e-03
5.193010e+03	1.210511e-03
5.197989e+03	1.210129e-03
5.202968e+03	1.209736e-03
5.207947e+03	1.209331e-03
5.212926e+03	1.208915e-03
5.217905e+03	1.208489e-03
5.222884e+03	1.208051e-03
5.227863e+03	1.207602e-03
5.232841e+03	1.207142e-03
5.237820e+03	1.206671e-03
5.242799e+03	1.206189e-03
5.247778e+03	1.205696e-03
5.252757e+03	1.205192e-03
5.257736e+03	1.204677e-03
5.262715e+03	1.204151e-03
5.267694e+03	1.203615e-03
5.272673e+03	1.203067e-03
5.277652e+03	1.202508e-03
5.282631e+03	1.201939e-03
5.287610e+03	1.201358e-03
5.292588e+03	1.200767e-03
5.297567e+03	1.200165e-03
5.302546e+03	1.199552e-03
5.307525e+03	1.198928e-03
5.312504e+03	1.198293e-03
5.317483e+03	1.197648e-03
5.322462e+03	1.196992e-03
5.327441e+03	1.196325e-03
5.332420e+03	1.195647e-03
5.337399e+03	1.194959e-03
5.342378e+03	1.194260e-03
5.347357e+03	1.193550e-03
5.352335e+03	1.192830e-03
5.357314e+03	1.192099e-03
5.362293e+03	1.191357e-03
5.367272e+03	1.190605e-03
5.372251e+03	1.189842e-03
5.377230e+03	1.189069e-03
5.382209e+03	1.188285e-03
5.387188e+03	1.187490e-03
5.392167e+03	1.186686e-03
5.397146e+03	1.185870e-03
5.402125e+03	1.185044e-03
5.407104e+03	1.184208e-03
5.412082e+03	1.183362e-03
5.417061e+03	1.182505e-03
5.422040e+03	1.181637e-03
5.427019e+03	1.180760e-03
5.431998e+03	1.179872e-03
5.436977e+03	1.178974e-03
5.441956e+03	1.178065e-03
5.446935e+03	1.177147e-03
5.451914e+03	1.176218e-03
5.456893e+03	1.175279e-03
5.461872e+03	1.174329e-03
5.466851e+03	1.173370e-03
5.471829e+03	1.172400e-03
5.476808e+03	1.171421e-03
5.481787e+03	1.170431e-03
5.486766e+03	1.169432e-03
5.491745e+03	1.168422e-03
5.496724e+03	1.167403e-03
5.501703e+03	1.166373e-03
5.506682e+03	1.165334e-03
5.511661e+03	1.164284e-03
5.516640e+03	1.163225e-03
5.521619e+03	1.162156e-03
5.526598e+03	1.161078e-03
5.531576e+03	1.159989e-03
5.536555e+03	1.158891e-03
5.541534e+03	1.157783e-03
5.546513e+03	1.156665e-03
5.551492e+03	1.155538e-03
5.556471e+03	1.154401e-03
5.561450e+03	1.153254e-03
5.566429e+03	1.152098e-03
5.571408e+03	1.150933e-03
5.576387e+03	1.149757e-03
5.581366e+03	1.148573e-03
5.586345e+03	1.147379e-03
5.591323e+03	1.146175e-03
5.596302e+03	1.144963e-03
5.601281e+03	1.143741e-03
5.606260e+03	1.142509e-03
5.611239e+03	1.141269e-03
5.616218e+03	1.140019e-03
5.621197e+03	1.138759e-03
5.626176e+03	1.137491e-03
5.631155e+03	1.136214e-03
5.636134e+03	1.134927e-03
5.641113e+03	1.133632e-03
5.646092e+03	1.132327e-03
5.651070e+03	1.131013e-03
5.656049e+03	1.129691e-03
5.661028e+03	1.128359e-03
5.666007e+03	1.127019e-03
5.670986e+03	1.125670e-03
5.675965e+03	1.124311e-03
5.680944e+03	1.122945e-03
5.685923e+03	1.121569e-03
5.690902e+03	1.120185e-03
5.695881e+03	1.118792e-03
5.700860e+03	1.117390e-03
5.705839e+03	1.115980e-03
5.710817e+03	1.114561e-03
5.715796e+03	1.113133e-03
5.720775e+03	1.111698e-03
5.725754e+03	1.110253e-03
5.730733e+03	1.108800e-03
5.735712e+03	1.107339e-03
5.740691e+03	1.105870e-03
5.745670e+03	1.104392e-03
5.750649e+03	1.102906e-03
5.755628e+03	1.101412e-03
5.760607e+03	1.099909e-03
5.765586e+03	1.098399e-03
5.770564e+03	1.096880e-03
5.775543e+03	1.095353e-03
5.780522e+03	1.093819e-03
5.785501e+03	1.092276e-03
5.790480e+03	1.090725e-03
5.795459e+03	1.089166e-03
5.800438e+03	1.087600e-03
5.805417e+03	1.086025e-03
5.810396e+03	1.084443e-03
5.815375e+03	1.082853e-03
5.820354e+03	1.081256e-03
5.825333e+03	1.079651e-03
5.830311e+03	1.078038e-03
5.835290e+03	1.076417e-03
5.840269e+03	1.074789e-03
5.845248e+03	1.073154e-03
5.850227e+03	1.071511e-03
5.855206e+03	1.069860e-03
5.860185e+03	1.068203e-03
5.865164e+03	1.066537e-03
5.870143e+03	1.064865e-03
5.875122e+03	1.063185e-03
5.880101e+03	1.061499e-03
5.885080e+03	1.059805e-03
5.890058e+03	1.058103e-03
5.895037e+03	1.056395e-03
5.900016e+03	1.054680e-03
5.904995e+03	1.052958e-03
5.909974e+03	1.051229e-03
5.914953e+03	1.049492e-03
5.919932e+03	1.047749e-03
5.924911e+03	1.046000e-03
5.929890e+03	1.044243e-03
5.934869e+03	1.042480e-03
5.939848e+03	1.040710e-03
5.944827e+03	1.038933e-03
5.949805e+03	1.037150e-03
5.954784e+03	1.035360e-03
5.959763e+03	1.033564e-03
5.964742e+03	1.031761e-03
5.969721e+03	1.029952e-03
5.974700e+03	1.028137e-03
5.979679e+03	1.026315e-03
5.984658e+03	1.024487e-03
5.989637e+03	1.022653e-03
5.994616e+03	1.020812e-03
5.999595e+03	1.018965e-03
6.004574e+03	1.017113e-03
6.009552e+03	1.015254e-03
6.014531e+03	1.013389e-03
6.019510e+03	1.011518e-03
6.024489e+03	1.009641e-03
6.029468e+03	1.007759e-03
6.034447e+03	1.005870e-03
6.039426e+03	1.003976e-03
6.044405e+03	1.002076e-03
6.049384e+03	1.000170e-03
6.054363e+03	9.982590e-04
6.059342e+03	9.963421e-04
6.064321e+03	9.944197e-04
6.069299e+03	9.924917e-04
6.074278e+03	9.905583e-04
6.079257e+03	9.886195e-04
6.084236e+03	9.866753e-04
6.089215e+03	9.847258e-04
6.094194e+03	9.827710e-04
6.099173e+03	9.808110e-04
6.104152e+03	9.788458e-04
6.109131e+03	9.768755e-04
6.114110e+03	9.749001e-04
6.119089e+03	9.729196e-04
6.124068e+03	9.709342e-04
6.129046e+03	9.689438e-04
6.134025e+03	9.669485e-04
6.139004e+03	9.649484e-04
6.143983e+03	9.629435e-04
6.148962e+03	9.609338e-04
6.153941e+03	9.589194e-04
6.158920e+03	9.569003e-04
6.163899e+03	9.548767e-04
6.168878e+03	9.528484e-04
6.173857e+03	9.508157e-04
6.178836e+03	9.487784e-04
6.183815e+03	9.467368e-04
6.188793e+03	9.446908e-04
6.193772e+03	9.426404e-04
6.198751e+03	9.405858e-04
6.203730e+03	9.385269e-04
6.208709e+03	9.364638e-04
6.213688e+03	9.343966e-04
6.218667e+03	9.323253e-04
6.223646e+03	9.302500e-04
6.228625e+03	9.281706e-04
6.233604e+03	9.260873e-04
6.238583e+03	9.240001e-04
6.243562e+03	9.219091e-04
6.248540e+03	9.198142e-04
6.253519e+03	9.177156e-04
6.258498e+03	9.156133e-04
6.263477e+03	9.135073e-04
6.268456e+03	9.113977e-04
6.273435e+03	9.092845e-04
6.278414e+03	9.071678e-04
6.283393e+03	9.050476e-04
6.288372e+03	9.029240e-04
6.293351e+03	9.007970e-04
6.298330e+03	8.986667e-04
6.303309e+03	8.965331e-04
6.308287e+03	8.943963e-04
6.313266e+03	8.922562e-04
6.318245e+03	8.901130e-04
6.323224e+03	8.879668e-04
6.328203e+03	8.858174e-04
6.333182e+03	8.836651e-04
6.338161e+03	8.815098e-04
6.343140e+03	8.793516e-04
6.348119e+03	8.771906e-04
6.353098e+03	8.750267e-04
6.358077e+03	8.728601e-04
6.363056e+03	8.706908e-04
6.368034e+03	8.685187e-04
6.373013e+03	8.663441e-04
6.377992e+03	8.641669e-04
6.382971e+03	8.619871e-04
6.387950e+03	8.598049e-04
6.392929e+03	8.576202e-04
6.397908e+03	8.554332e-04
6.402887e+03	8.532437e-04
6.407866e+03	8.510520e-04
6.412845e+03	8.488581e-04
6.417824e+03	8.466619e-04
6.422803e+03	8.444636e-04
6.427781e+03	8.422632e-04
6.432760e+03	8.400607e-04
6.437739e+03	8.378561e-04
6.442718e+03	8.356497e-04
6.447697e+03	8.334412e-04
6.452676e+03	8.312309e-04
6.457655e+03	8.290188e-04
6.462634e+03	8.268049e-04
6.467613e+03	8.245892e-04
6.472592e+03	8.223719e-04
6.477571e+03	8.201528e-04
6.482550e+03	8.179322e-04
6.487528e+03	8.157100e-04
6.492507e+03	8.134863e-04
6.497486e+03	8.112612e-04
6.502465e+03	8.090346e-04
6.507444e+03	8.068066e-04
6.512423e+03	8.045773e-04
6.517402e+03	8.023467e-04
6.522381e+03	8.001149e-04
6.527360e+03	7.978818e-04
6.532339e+03	7.956476e-04
6.537318e+03	7.934123e-04
6.542297e+03	7.911759e-04
6.547275e+03	7.889386e-04
6.552254e+03	7.867002e-04
6.557233e+03	7.844609e-04
6.562212e+03	7.822207e-04
6.567191e+03	7.799797e-04
6.572170e+03	7.777378e-04
6.577149e+03	7.754952e-04
6.582128e+03	7.732519e-04
6.587107e+03	7.710080e-04
6.592086e+03	7.687634e-04
6.597065e+03	7.665182e-04
6.602044e+03	7.642725e-04
6.607022e+03	7.620263e-04
6.612001e+03	7.597796e-04
6.616980e+03	7.575325e-04
6.621959e+03	7.552851e-04
6.626938e+03	7.530373e-04
6.631917e+03	7.507893e-04
6.636896e+03	7.485410e-04
6.641875e+03	7.462925e-04
6.646854e+03	7.440439e-04
6.651833e+03	7.417951e-04
6.656812e+03	7.395463e-04
6.661791e+03	7.372975e-04
6.666769e+03	7.350486e-04
6.671748e+03	7.327999e-04
6.676727e+03	7.305512e-04
6.681706e+03	7.283027e-04
6.686685e+03	7.260543e-04
6.691664e+03	7.238062e-04
6.696643e+03	7.215583e-04
6.701622e+03	7.193107e-04
6.706601e+03	7.170635e-04
6.711580e+03	7.148166e-04
6.716559e+03	7.125702e-04
6.721538e+03	7.103243e-04
6.726516e+03	7.080788e-04
6.731495e+03	7.058339e-04
6.736474e+03	7.035896e-04
6.741453e+03	7.013459e-04
6.746432e+03	6.991029e-04
6.751411e+03	6.968605e-04
6.756390e+03	6.946190e-04
6.761369e+03	6.923782e-04
6.766348e+03	6.901382e-04
6.771327e+03	6.878991e-04
6.776306e+03	6.856608e-04
6.781285e+03	6.834236e-04
6.786263e+03	6.811873e-04
6.791242e+03	6.789520e-04
6.796221e+03	6.767177e-04
6.801200e+03	6.744846e-04
6.806179e+03	6.722525e-04
6.811158e+03	6.700217e-04
6.816137e+03	6.677920e-04
6.821116e+03	6.655636e-04
6.826095e+03	6.633365e-04
6.831074e+03	6.611107e-04
6.836053e+03	6.588862e-04
6.841032e+03	6.566631e-04
6.846010e+03	6.544415e-04
6.850989e+03	6.522213e-04
6.855968e+03	6.500026e-04
6.860947e+03	6.477854e-04
6.865926e+03	6.455698e-04
6.870905e+03	6.433558e-04
6.875884e+03	6.411435e-04
6.880863e+03	6.389328e-04
6.885842e+03	6.367238e-04
6.890821e+03	6.345166e-04
6.895800e+03	6.323112e-04
6.900779e+03	6.301075e-04
6.905757e+03	6.279058e-04
6.910736e+03	6.257059e-04
6.915715e+03	6.235079e-04
6.920694e+03	6.213119e-04
6.925673e+03	6.191179e-04
6.930652e+03	6.169259e-04
6.935631e+03	6.147359e-04
6.940610e+03	6.125480e-04
6.945589e+03	6.103623e-04
6.950568e+03	6.081787e-04
6.955547e+03	6.059973e-04
6.960526e+03	6.038181e-04
6.965504e+03	6.016412e-04
6.970483e+03	5.994665e-04
6.975462e+03	5.972942e-04
6.980441e+03	5.951242e-04
6.985420e+03	5.929565e-04
6.990399e+03	5.907913e-04
6.995378e+03	5.886286e-04
7.000357e+03	5.864683e-04
7.005336e+03	5.843105e-04
7.010315e+03	5.821552e-04
7.015294e+03	5.800025e-04
7.020273e+03	5.778524e-04
7.025251e+03	5.757050e-04
7.030230e+03	5.735601e-04
7.035209e+03	5.714180e-04
7.040188e+03	5.692786e-04
7.045167e+03	5.671419e-04
7.050146e+03	5.650080e-04
7.055125e+03	5.628769e-04
7.060104e+03	5.607487e-04
7.065083e+03	5.586233e-04
7.070062e+03	5.565008e-04
7.075041e+03	5.543812e-04
7.080020e+03	5.522645e-04
7.084998e+03	5.501509e-04
7.089977e+03	5.480402e-04
7.094956e+03	5.459325e-04
7.099935e+03	5.438280e-04
7.104914e+03	5.417265e-04
7.109893e+03	5.396281e-04
7.114872e+03	5.375328e-04
7.119851e+03	5.354407e-04
7.124830e+03	5.333518e-04
7.129809e+03	5.312661e-04
7.134788e+03	5.291837e-04
7.139767e+03	5.271045e-04
7.144745e+03	5.250286e-04
7.149724e+03	5.229561e-04
7.154703e+03	5.208869e-04
7.159682e+03	5.188210e-04
7.164661e+03	5.167586e-04
7.169640e+03	5.146996e-04
7.174619e+03	5.126440e-04
7.179598e+03	5.105919e-04
7.184577e+03	5.085433e-04
7.189556e+03	5.064982e-04
7.194535e+03	5.044566e-04
7.199514e+03	5.024186e-04
7.204492e+03	5.003842e-04
7.209471e+03	4.983534e-04
7.214450e+03	4.963262e-04
7.219429e+03	4.943027e-04
7.224408e+03	4.922829e-04
7.229387e+03	4.902668e-04
7.234366e+03	4.882544e-04
7.239345e+03	4.862457e-04
7.244324e+03	4.842408e-04
7.249303e+03	4.822397e-04
7.254282e+03	4.802425e-04
7.259261e+03	4.782490e-04
7.264239e+03	4.762594e-04
7.269218e+03	4.742737e-04
7.274197e+03	4.722918e-04
7.279176e+03	4.703139e-04
7.284155e+03	4.683399e-04
7.289134e+03	4.663699e-04
7.294113e+03	4.644039e-04
7.299092e+03	4.624418e-04
7.304071e+03	4.604838e-04
7.309050e+03	4.585297e-04
7.314029e+03	4.565798e-04
7.319008e+03	4.546339e-04
7.323986e+03	4.526921e-04
7.328965e+03	4.507544e-04
7.333944e+03	4.488209e-04
7.338923e+03	4.468914e-04
7.343902e+03	4.449662e-04
7.348881e+03	4.430451e-04
7.353860e+03	4.411282e-04
7.358839e+03	4.392156e-04
7.363818e+03	4.373072e-04
7.368797e+03	4.354030e-04
7.373776e+03	4.335031e-04
7.378755e+03	4.316075e-04
7.383733e+03	4.297161e-04
7.388712e+03	4.278291e-04
7.393691e+03	4.259464e-04
7.398670e+03	4.240681e-04
7.403649e+03	4.221941e-04
7.408628e+03	4.203246e-04
7.413607e+03	4.184594e-04
7.418586e+03	4.165986e-04
7.423565e+03	4.147422e-04
7.428544e+03	4.128903e-04
7.433523e+03	4.110428e-04
7.438502e+03	4.091998e-04
7.443480e+03	4.073613e-04
7.448459e+03	4.055273e-04
7.453438e+03	4.036978e-04
7.458417e+03	4.018728e-04
7.463396e+03	4.000523e-04
7.468375e+03	3.982364e-04
7.473354e+03	3.964251e-04
7.478333e+03	3.946183e-04
7.483312e+03	3.928161e-04
7.488291e+03	3.910185e-04
7.493270e+03	3.892256e-04
7.498249e+03	3.874372e-04
7.503227e+03	3.856535e-04
7.508206e+03	3.838744e-04
7.513185e+03	3.821000e-04
7.518164e+03	3.803303e-04
7.523143e+03	3.785653e-04
7.528122e+03	3.768049e-04
7.533101e+03	3.750492e-04
7.538080e+03	3.732983e-04
7.543059e+03	3.715521e-04
7.548038e+03	3.698106e-04
7.553017e+03	3.680739e-04
7.557996e+03	3.663419e-04
7.562974e+03	3.646147e-04
7.567953e+03	3.628923e-04
7.572932e+03	3.611746e-04
7.577911e+03	3.594617e-04
7.582890e+03	3.577537e-04
7.587869e+03	3.560504e-04
7.592848e+03	3.543520e-04
7.597827e+03	3.526584e-04
7.602806e+03	3.509696e-04
7.607785e+03	3.492857e-04
7.612764e+03	3.476066e-04
7.617743e+03	3.459324e-04
7.622721e+03	3.442631e-04
7.627700e+03	3.425986e-04
7.632679e+03	3.409390e-04
7.637658e+03	3.392843e-04
7.642637e+03	3.376345e-04
7.647616e+03	3.359896e-04
7.652595e+03	3.343496e-04
7.657574e+03	3.327145e-04
7.662553e+03	3.310844e-04
7.667532e+03	3.294592e-04
7.672511e+03	3.278389e-04
7.677490e+03	3.262235e-04
7.682468e+03	3.246131e-04
7.687447e+03	3.230077e-04
7.692426e+03	3.214072e-04
7.697405e+03	3.198116e-04
7.702384e+03	3.182211e-04
7.707363e+03	3.166355e-04
7.712342e+03	3.150549e-04
7.717321e+03	3.134792e-04
7.722300e+03	3.119086e-04
7.727279e+03	3.103429e-04
7.732258e+03	3.087822e-04
7.737237e+03	3.072265e-04
7.742215e+03	3.056758e-04
7.747194e+03	3.041302e-04
7.752173e+03	3.025895e-04
7.757152e+03	3.010538e-04
7.762131e+03	2.995232e-04
7.767110e+03	2.979975e-04
7.772089e+03	2.964769e-04
7.777068e+03	2.949613e-04
7.782047e+03	2.934508e-04
7.787026e+03	2.919452e-04
7.792005e+03	2.904447e-04
7.796984e+03	2.889492e-04
7.801962e+03	2.874588e-04
7.806941e+03	2.859733e-04
7.811920e+03	2.844929e-04
7.816899e+03	2.830176e-04
7.821878e+03	2.815473e-04
7.826857e+03	2.800820e-04
7.831836e+03	2.786217e-04
7.836815e+03	2.771665e-04
7.841794e+03	2.757164e-04
7.846773e+03	2.742713e-04
7.851752e+03	2.728312e-04
7.856731e+03	2.713962e-04
7.861709e+03	2.699662e-04
7.866688e+03	2.685412e-04
7.871667e+03	2.671213e-04
7.876646e+03	2.657064e-04
7.881625e+03	2.642966e-04
7.886604e+03	2.628918e-04
7.891583e+03	2.614921e-04
7.896562e+03	2.600973e-04
7.901541e+03	2.587077e-04
7.906520e+03	2.573230e-04
7.911499e+03	2.559434e-04
7.916478e+03	2.545689e-04
7.921456e+03	2.531993e-04
7.926435e+03	2.518348e-04
7.931414e+03	2.504753e-04
7.936393e+03	2.491209e-04
7.941372e+03	2.477714e-04
7.946351e+03	2.464270e-04
7.951330e+03	2.450876e-04
7.956309e+03	2.437532e-04
7.961288e+03	2.424239e-04
7.966267e+03	2.410995e-04
7.971246e+03	2.397802e-04
7.976225e+03	2.384659e-04
7.981203e+03	2.371565e-04
7.986182e+03	2.358522e-04
7.991161e+03	2.345529e-04
7.996140e+03	2.332585e-04
8.001119e+03	2.319692e-04
8.006098e+03	2.306848e-04
8.011077e+03	2.294054e-04
8.016056e+03	2.281310e-04
8.021035e+03	2.268616e-04
8.026014e+03	2.255971e-04
8.030993e+03	2.243376e-04
8.035972e+03	2.230830e-04
8.040950e+03	2.218335e-04
8.045929e+03	2.205888e-04
8.050908e+03	2.193491e-04
8.055887e+03	2.181144e-04
8.060866e+03	2.168846e-04
8.065845e+03	2.156597e-04
8.070824e+03	2.144397e-04
8.075803e+03	2.132247e-04
8.080782e+03	2.120146e-04
8.085761e+03	2.108094e-04
8.090740e+03	2.096091e-04
8.095719e+03	2.084137e-04
8.100697e+03	2.072232e-04
8.105676e+03	2.060376e-04
8.110655e+03	2.048568e-04
8.115634e+03	2.036810e-04
8.120613e+03	2.025100e-04
8.125592e+03	2.013439e-04
8.130571e+03	2.001826e-04
8.135550e+03	1.990262e-04
8.140529e+03	1.978746e-04
8.145508e+03	1.967278e-04
8.150487e+03	1.955859e-04
8.155466e+03	1.944488e-04
8.160444e+03	1.933166e-04
8.165423e+03	1.921891e-04
8.170402e+03	1.910664e-04
8.175381e+03	1.899486e-04
8.180360e+03	1.888355e-04
8.185339e+03	1.877272e-04
8.190318e+03	1.866237e-04
8.195297e+03	1.855249e-04
8.200276e+03	1.844309e-04
8.205255e+03	1.833416e-04
8.210234e+03	1.822571e-04
8.215213e+03	1.811773e-04
8.220191e+03	1.801023e-04
8.225170e+03	1.790319e-04
8.230149e+03	1.779663e-04
8.235128e+03	1.769054e-04
8.240107e+03	1.758491e-04
8.245086e+03	1.747976e-04
8.250065e+03	1.737507e-04
8.255044e+03	1.727085e-04
8.260023e+03	1.716709e-04
8.265002e+03	1.706380e-04
8.269981e+03	1.696097e-04
8.274960e+03	1.685861e-04
8.279938e+03	1.675671e-04
8.284917e+03	1.665527e-04
8.289896e+03	1.655429e-04
8.294875e+03	1.645377e-04
8.299854e+03	1.635370e-04
8.304833e+03	1.625410e-04
8.309812e+03	1.615495e-04
8.314791e+03	1.605626e-04
8.319770e+03	1.595802e-04
8.324749e+03	1.586024e-04
8.329728e+03	1.576291e-04
8.334707e+03	1.566603e-04
8.339685e+03	1.556960e-04
8.344664e+03	1.547362e-04
8.349643e+03	1.537810e-04
8.354622e+03	1.528301e-04
8.359601e+03	1.518838e-04
8.364580e+03	1.509419e-04
8.369559e+03	1.500045e-04
8.374538e+03	1.490715e-04
8.379517e+03	1.481429e-04
8.384496e+03	1.472188e-04
8.389475e+03	1.462990e-04
8.394454e+03	1.453837e-04
8.399432e+03	1.444727e-04
8.404411e+03	1.435661e-04
8.409390e+03	1.426639e-04
8.414369e+03	1.417660e-04
8.419348e+03	1.408725e-04
8.424327e+03	1.399833e-04
8.429306e+03	1.390984e-04
8.434285e+03	1.382178e-04
8.439264e+03	1.373416e-04
8.444243e+03	1.364696e-04
8.449222e+03	1.356019e-04
8.454201e+03	1.347385e-04
8.459179e+03	1.338793e-04
8.464158e+03	1.330244e-04
8.469137e+03	1.321737e-04
8.474116e+03	1.313272e-04
8.479095e+03	1.304849e-04
8.484074e+03	1.296468e-04
8.489053e+03	1.288129e-04
8.494032e+03	1.279832e-04
8.499011e+03	1.271577e-04
8.503990e+03	1.263363e-04
8.508969e+03	1.255190e-04
8.513948e+03	1.247059e-04
8.518926e+03	1.238969e-04
8.523905e+03	1.230920e-04
8.528884e+03	1.222912e-04
8.533863e+03	1.214945e-04
8.538842e+03	1.207018e-04
8.543821e+03	1.199132e-04
8.548800e+03	1.191286e-04
8.553779e+03	1.183481e-04
8.558758e+03	1.175716e-04
8.563737e+03	1.167991e-04
8.568716e+03	1.160307e-04
8.573695e+03	1.152662e-04
8.578673e+03	1.145056e-04
8.583652e+03	1.137491e-04
8.588631e+03	1.129964e-04
8.593610e+03	1.122478e-04
8.598589e+03	1.115030e-04
8.603568e+03	1.107622e-04
8.608547e+03	1.100252e-04
8.613526e+03	1.092922e-04
8.618505e+03	1.085630e-04
8.623484e+03	1.078377e-04
8.628463e+03	1.071162e-04
8.633442e+03	1.063986e-04
8.638420e+03	1.056848e-04
8.643399e+03	1.049748e-04
8.648378e+03	1.042687e-04
8.653357e+03	1.035663e-04
8.658336e+03	1.028677e-04
8.663315e+03	1.021728e-04
8.668294e+03	1.014817e-04
8.673273e+03	1.007943e-04
8.678252e+03	1.001107e-04
8.683231e+03	9.943079e-05
8.688210e+03	9.875457e-05
8.693189e+03	9.808204e-05
8.698167e+03	9.741319e-05
8.703146e+03	9.674800e-05
8.708125e+03	9.608645e-05
8.713104e+03	9.542855e-05
8.718083e+03	9.477427e-05
8.723062e+03	9.412360e-05
8.728041e+03	9.347653e-05
8.733020e+03	9.283305e-05
8.737999e+03	9.219314e-05
8.742978e+03	9.155680e-05
8.747957e+03	9.092400e-05
8.752936e+03	9.029474e-05
8.757914e+03	8.966899e-05
8.762893e+03	8.904676e-05
8.767872e+03	8.842803e-05
8.772851e+03	8.781278e-05
8.777830e+03	8.720100e-05
8.782809e+03	8.659268e-05
8.787788e+03	8.598780e-05
8.792767e+03	8.538636e-05
8.797746e+03	8.478833e-05
8.802725e+03	8.419372e-05
8.807704e+03	8.360249e-05
8.812683e+03	8.301465e-05
8.817661e+03	8.243018e-05
8.822640e+03	8.184906e-05
8.827619e+03	8.127128e-05
8.832598e+03	8.069683e-05
8.837577e+03	8.012570e-05
8.842556e+03	7.955787e-05
8.847535e+03	7.899334e-05
8.852514e+03	7.843208e-05
8.857493e+03	7.787408e-05
8.862472e+03	7.731934e-05
8.867451e+03	7.676784e-05
8.872430e+03	7.621956e-05
8.877408e+03	7.567450e-05
8.882387e+03	7.513263e-05
8.887366e+03	7.459396e-05
8.892345e+03	7.405845e-05
8.897324e+03	7.352611e-05
8.902303e+03	7.299692e-05
8.907282e+03	7.247087e-05
8.912261e+03	7.194794e-05
8.917240e+03	7.142811e-05
8.922219e+03	7.091139e-05
8.927198e+03	7.039775e-05
8.932177e+03	6.988718e-05
8.937156e+03	6.937967e-05
8.942134e+03	6.887521e-05
8.947113e+03	6.837378e-05
8.952092e+03	6.787537e-05
8.957071e+03	6.737996e-05
8.962050e+03	6.688756e-05
8.967029e+03	6.639813e-05
8.972008e+03	6.591167e-05
8.976987e+03	6.542817e-05
8.981966e+03	6.494762e-05
8.986945e+03	6.446999e-05
8.991924e+03	6.399528e-05
8.996903e+03	6.352348e-05
9.001881e+03	6.305458e-05
9.006860e+03	6.258855e-05
9.011839e+03	6.212539e-05
9.016818e+03	6.166508e-05
9.021797e+03	6.120762e-05
9.026776e+03	6.075298e-05
9.031755e+03	6.030117e-05
9.036734e+03	5.985215e-05
9.041713e+03	5.940593e-05
9.046692e+03	5.896249e-05
9.051671e+03	5.852182e-05
9.056650e+03	5.808390e-05
9.061628e+03	5.764872e-05
9.066607e+03	5.721627e-05
9.071586e+03	5.678654e-05
9.076565e+03	5.635951e-05
9.081544e+03	5.593518e-05
9.086523e+03	5.551352e-05
9.091502e+03	5.509453e-05
9.096481e+03	5.467820e-05
9.101460e+03	5.426450e-05
9.106439e+03	5.385344e-05
9.111418e+03	5.344500e-05
9.116397e+03	5.303916e-05
9.121375e+03	5.263591e-05
9.126354e+03	5.223524e-05
9.131333e+03	5.183715e-05
9.136312e+03	5.144161e-05
9.141291e+03	5.104861e-05
9.146270e+03	5.065815e-05
9.151249e+03	5.027020e-05
9.156228e+03	4.988477e-05
9.161207e+03	4.950182e-05
9.166186e+03	4.912137e-05
9.171165e+03	4.874338e-05
9.176144e+03	4.836786e-05
9.181122e+03	4.799478e-05
9.186101e+03	4.762413e-05
9.191080e+03	4.725591e-05
9.196059e+03	4.689011e-05
9.201038e+03	4.652670e-05
9.206017e+03	4.616568e-05
9.210996e+03	4.580703e-05
9.215975e+03	4.545075e-05
9.220954e+03	4.509683e-05
9.225933e+03	4.474524e-05
9.230912e+03	4.439598e-05
9.235891e+03	4.404904e-05
9.240869e+03	4.370440e-05
9.245848e+03	4.336206e-05
9.250827e+03	4.302200e-05
9.255806e+03	4.268421e-05
9.260785e+03	4.234868e-05
9.265764e+03	4.201540e-05
9.270743e+03	4.168435e-05
9.275722e+03	4.135553e-05
9.280701e+03	4.102892e-05
9.285680e+03	4.070452e-05
9.290659e+03	4.038230e-05
9.295638e+03	4.006226e-05
9.300616e+03	3.974439e-05
9.305595e+03	3.942867e-05
9.310574e+03	3.911510e-05
9.315553e+03	3.880366e-05
9.320532e+03	3.849435e-05
9.325511e+03	3.818715e-05
9.330490e+03	3.788204e-05
9.335469e+03	3.757903e-05
9.340448e+03	3.727809e-05
9.345427e+03	3.697922e-05
9.350406e+03	3.668240e-05
9.355385e+03	3.638763e-05
9.360363e+03	3.609490e-05
9.365342e+03	3.580418e-05
9.370321e+03	3.551548e-05
9.375300e+03	3.522878e-05
9.380279e+03	3.494407e-05
9.385258e+03	3.466133e-05
9.390237e+03	3.438057e-05
9.395216e+03	3.410176e-05
9.400195e+03	3.382490e-05
9.405174e+03	3.354998e-05
9.410153e+03	3.327698e-05
9.415132e+03	3.300590e-05
9.420110e+03	3.273672e-05
9.425089e+03	3.246944e-05
9.430068e+03	3.220403e-05
9.435047e+03	3.194051e-05
9.440026e+03	3.167884e-05
9.445005e+03	3.141903e-05
9.449984e+03	3.116105e-05
9.454963e+03	3.090491e-05
9.459942e+03	3.065059e-05
9.464921e+03	3.039808e-05
9.469900e+03	3.014737e-05
9.474879e+03	2.989845e-05
9.479857e+03	2.965131e-05
9.484836e+03	2.940594e-05
9.489815e+03	2.916233e-05
9.494794e+03	2.892047e-05
9.499773e+03	2.868035e-05
9.504752e+03	2.844196e-05
9.509731e+03	2.820529e-05
9.514710e+03	2.797033e-05
9.519689e+03	2.773707e-05
9.524668e+03	2.750549e-05
9.529647e+03	2.727560e-05
9.534626e+03	2.704738e-05
9.539604e+03	2.682082e-05
9.544583e+03	2.659591e-05
9.549562e+03	2.637264e-05
9.554541e+03	2.615100e-05
9.559520e+03	2.593099e-05
9.564499e+03	2.571259e-05
9.569478e+03	2.549579e-05
9.574457e+03	2.528058e-05
9.579436e+03	2.506696e-05
9.584415e+03	2.485491e-05
9.589394e+03	2.464442e-05
9.594373e+03	2.443549e-05
9.599351e+03	2.422811e-05
9.604330e+03	2.402227e-05
9.609309e+03	2.381795e-05
9.614288e+03	2.361515e-05
9.619267e+03	2.341386e-05
9.624246e+03	2.321407e-05
9.629225e+03	2.301578e-05
9.634204e+03	2.281896e-05
9.639183e+03	2.262362e-05
9.644162e+03	2.242974e-05
9.649141e+03	2.223731e-05
9.654120e+03	2.204634e-05
9.659098e+03	2.185680e-05
9.664077e+03	2.166868e-05
9.669056e+03	2.148199e-05
9.674035e+03	2.129671e-05
9.679014e+03	2.111283e-05
9.683993e+03	2.093034e-05
9.688972e+03	2.074924e-05
9.693951e+03	2.056951e-05
9.698930e+03	2.039116e-05
9.703909e+03	2.021416e-05
9.708888e+03	2.003851e-05
9.713867e+03	1.986420e-05
9.718845e+03	1.969123e-05
9.723824e+03	1.951958e-05
9.728803e+03	1.934925e-05
9.733782e+03	1.918022e-05
9.738761e+03	1.901250e-05
9.743740e+03	1.884607e-05
9.748719e+03	1.868092e-05
9.753698e+03	1.851704e-05
9.758677e+03	1.835444e-05
9.763656e+03	1.819309e-05
9.768635e+03	1.803299e-05
9.773614e+03	1.787414e-05
9.778592e+03	1.771652e-05
9.783571e+03	1.756013e-05
9.788550e+03	1.740496e-05
9.793529e+03	1.725099e-05
9.798508e+03	1.709824e-05
9.803487e+03	1.694667e-05
9.808466e+03	1.679630e-05
9.813445e+03	1.664710e-05
9.818424e+03	1.649908e-05
9.823403e+03	1.635222e-05
9.828382e+03	1.620652e-05
9.833361e+03	1.606196e-05
9.838339e+03	1.591855e-05
9.843318e+03	1.577627e-05
9.848297e+03	1.563512e-05
9.853276e+03	1.549509e-05
9.858255e+03	1.535617e-05
9.863234e+03	1.521835e-05
9.868213e+03	1.508163e-05
9.873192e+03	1.494600e-05
9.878171e+03	1.481145e-05
9.883150e+03	1.467798e-05
9.888129e+03	1.454557e-05
9.893108e+03	1.441423e-05
9.898086e+03	1.428394e-05
9.903065e+03	1.415469e-05
9.908044e+03	1.402649e-05
9.913023e+03	1.389931e-05
9.918002e+03	1.377316e-05
9.922981e+03	1.364803e-05
9.927960e+03	1.352391e-05
9.932939e+03	1.340080e-05
9.937918e+03	1.327868e-05
9.942897e+03	1.315756e-05
9.947876e+03	1.303741e-05
9.952855e+03	1.291825e-05
9.957833e+03	1.280005e-05
9.962812e+03	1.268282e-05
9.967791e+03	1.256655e-05
9.972770e+03	1.245122e-05
9.977749e+03	1.233684e-05
9.982728e+03	1.222340e-05
9.987707e+03	1.211089e-05
9.992686e+03	1.199930e-05
9.997665e+03	1.188863e-05
1.000264e+04	1.177887e-05
1.000762e+04	1.167001e-05
1.001260e+04	1.156206e-05
1.001758e+04	1.145500e-05
1.002256e+04	1.134882e-05
1.002754e+04	1.124352e-05
1.003252e+04	1.113910e-05
1.003750e+04	1.103554e-05
1.004248e+04	1.093285e-05
1.004745e+04	1.083101e-05
1.005243e+04	1.073002e-05
1.005741e+04	1.062987e-05
1.006239e+04	1.053056e-05
1.006737e+04	1.043208e-05
1.007235e+04	1.033442e-05
1.007733e+04	1.023759e-05
1.008231e+04	1.014156e-05
1.008729e+04	1.004635e-05
1.009226e+04	9.951933e-06
1.009724e+04	9.858315e-06
1.010222e+04	9.765487e-06
1.010720e+04	9.673443e-06
1.011218e+04	9.582178e-06
1.011716e+04	9.491686e-06
1.012214e+04	9.401961e-06
1.012712e+04	9.312998e-06
1.013210e+04	9.224790e-06
1.013707e+04	9.137334e-06
1.014205e+04	9.050623e-06
1.014703e+04	8.964651e-06
1.015201e+04	8.879413e-06
1.015699e+04	8.794904e-06
1.016197e+04	8.711119e-06
1.016695e+04	8.628052e-06
1.017193e+04	8.545697e-06
1.017691e+04	8.464050e-06
1.018188e+04	8.383106e-06
1.018686e+04	8.302858e-06
1.019184e+04	8.223302e-06
1.019682e+04	8.144433e-06
1.020180e+04	8.066245e-06
1.020678e+04	7.988734e-06
1.021176e+04	7.911894e-06
1.021674e+04	7.835721e-06
1.022172e+04	7.760208e-06
1.022669e+04	7.685353e-06
1.023167e+04	7.611148e-06
1.023665e+04	7.537590e-06
1.024163e+04	7.464674e-06
1.024661e+04	7.392394e-06
1.025159e+04	7.320746e-06
1.025657e+04	7.249726e-06
1.026155e+04	7.179328e-06
1.026653e+04	7.109547e-06
1.027151e+04	7.040379e-06
1.027648e+04	6.971819e-06
1.028146e+04	6.903863e-06
1.028644e+04	6.836506e-06
1.029142e+04	6.769743e-06
1.029640e+04	6.703570e-06
1.030138e+04	6.637982e-06
1.030636e+04	6.572975e-06
1.031134e+04	6.508544e-06
1.031632e+04	6.444685e-06
1.032129e+04	6.381393e-06
1.032627e+04	6.318664e-06
1.033125e+04	6.256494e-06
1.033623e+04	6.194877e-06
1.034121e+04	6.133811e-06
1.034619e+04	6.073290e-06
1.035117e+04	6.013311e-06
1.035615e+04	5.953868e-06
1.036113e+04	5.894959e-06
1.036610e+04	5.836578e-06
1.037108e+04	5.778721e-06
1.037606e+04	5.721385e-06
1.038104e+04	5.664566e-06
1.038602e+04	5.608258e-06
1.039100e+04	5.552459e-06
1.039598e+04	5.497164e-06
1.040096e+04	5.442369e-06
1.040594e+04	5.388070e-06
1.041091e+04	5.334263e-06
1.041589e+04	5.280945e-06
1.042087e+04	5.228111e-06
1.042585e+04	5.175757e-06
1.043083e+04	5.123881e-06
1.043581e+04	5.072477e-06
1.044079e+04	5.021542e-06
1.044577e+04	4.971073e-06
1.045075e+04	4.921065e-06
1.045573e+04	4.871515e-06
1.046070e+04	4.822419e-06
1.046568e+04	4.773773e-06
1.047066e+04	4.725575e-06
1.047564e+04	4.677819e-06
1.048062e+04	4.630503e-06
1.048560e+04	4.583624e-06
1.049058e+04	4.537176e-06
1.049556e+04	4.491158e-06
1.050054e+04	4.445565e-06
1.050551e+04	4.400394e-06
1.051049e+04	4.355642e-06
1.051547e+04	4.311305e-06
1.052045e+04	4.267379e-06
1.052543e+04	4.223862e-06
1.053041e+04	4.180750e-06
1.053539e+04	4.138039e-06
1.054037e+04	4.095727e-06
1.054535e+04	4.053810e-06
1.055032e+04	4.012284e-06
1.055530e+04	3.971147e-06
1.056028e+04	3.930395e-06
1.056526e+04	3.890026e-06
1.057024e+04	3.850035e-06
1.057522e+04	3.810420e-06
1.058020e+04	3.771178e-06
1.058518e+04	3.732305e-06
1.059016e+04	3.693798e-06
1.059513e+04	3.655655e-06
1.060011e+04	3.617872e-06
1.060509e+04	3.580446e-06
1.061007e+04	3.543375e-06
1.061505e+04	3.506655e-06
1.062003e+04	3.470283e-06
1.062501e+04	3.434257e-06
1.062999e+04	3.398573e-06
1.063497e+04	3.363228e-06
1.063995e+04	3.328220e-06
1.064492e+04	3.293547e-06
1.064990e+04	3.259204e-06
1.065488e+04	3.225189e-06
1.065986e+04	3.191499e-06
1.066484e+04	3.158133e-06
1.066982e+04	3.125086e-06
1.067480e+04	3.092356e-06
1.067978e+04	3.059940e-06
1.068476e+04	3.027836e-06
1.068973e+04	2.996041e-06
1.069471e+04	2.964553e-06
1.069969e+04	2.933368e-06
1.070467e+04	2.902485e-06
1.070965e+04	2.871899e-06
1.071463e+04	2.841610e-06
1.071961e+04	2.811614e-06
1.072459e+04	2.781909e-06
1.072957e+04	2.752492e-06
1.073454e+04	2.723361e-06
1.073952e+04	2.694513e-06
1.074450e+04	2.665946e-06
1.074948e+04	2.637658e-06
1.075446e+04	2.609645e-06
1.075944e+04	2.581906e-06
1.076442e+04	2.554438e-06
1.076940e+04	2.527239e-06
1.077438e+04	2.500306e-06
1.077935e+04	2.473637e-06
1.078433e+04	2.447230e-06
1.078931e+04	2.421083e-06
1.079429e+04	2.395192e-06
1.079927e+04	2.369557e-06
1.080425e+04	2.344174e-06
1.080923e+04	2.319041e-06
1.081421e+04	2.294157e-06
1.081919e+04	2.269518e-06
1.082416e+04	2.245124e-06
1.082914e+04	2.220971e-06
1.083412e+04	2.197057e-06
1.083910e+04	2.173380e-06
1.084408e+04	2.149939e-06
1.084906e+04	2.126731e-06
1.085404e+04	2.103754e-06
1.085902e+04	2.081006e-06
1.086400e+04	2.058485e-06
1.086898e+04	2.036188e-06
1.087395e+04	2.014114e-06
1.087893e+04	1.992262e-06
1.088391e+04	1.970627e-06
1.088889e+04	1.949210e-06
1.089387e+04	1.928008e-06
1.089885e+04	1.907018e-06
1.090383e+04	1.886240e-06
1.090881e+04	1.865670e-06
1.091379e+04	1.845308e-06
1.091876e+04	1.825151e-06
1.092374e+04	1.805198e-06
1.092872e+04	1.785446e-06
1.093370e+04	1.765894e-06
1.093868e+04	1.746539e-06
1.094366e+04	1.727381e-06
1.094864e+04	1.708417e-06
1.095362e+04	1.689646e-06
1.095860e+04	1.671065e-06
1.096357e+04	1.652673e-06
1.096855e+04	1.634469e-06
1.097353e+04	1.616450e-06
1.097851e+04	1.598615e-06
1.098349e+04	1.580962e-06
1.098847e+04	1.563489e-06
1.099345e+04	1.546195e-06
1.099843e+04	1.529078e-06
1.100341e+04	1.512137e-06
1.100838e+04	1.495370e-06
1.101336e+04	1.478774e-06
1.101834e+04	1.462350e-06
1.102332e+04	1.446094e-06
1.102830e+04	1.430006e-06
1.103328e+04	1.414083e-06
1.103826e+04	1.398325e-06
1.104324e+04	1.382730e-06
1.104822e+04	1.367296e-06
1.105320e+04	1.352021e-06
1.105817e+04	1.336905e-06
1.106315e+04	1.321946e-06
1.106813e+04	1.307141e-06
1.107311e+04	1.292491e-06
1.107809e+04	1.277993e-06
1.108307e+04	1.263646e-06
1.108805e+04	1.249448e-06
1.109303e+04	1.235398e-06
1.109801e+04	1.221495e-06
1.110298e+04	1.207738e-06
1.110796e+04	1.194124e-06
1.111294e+04	1.180652e-06
1.111792e+04	1.167322e-06
1.112290e+04	1.154132e-06
1.112788e+04	1.141080e-06
1.113286e+04	1.128165e-06
1.113784e+04	1.115386e-06
1.114282e+04	1.102741e-06
1.114779e+04	1.090230e-06
1.115277e+04	1.077850e-06
1.115775e+04	1.065602e-06
1.116273e+04	1.053482e-06
1.116771e+04	1.041491e-06
1.117269e+04	1.029627e-06
1.117767e+04	1.017889e-06
1.118265e+04	1.006275e-06
1.118763e+04	9.947839e-07
1.119260e+04	9.834153e-07
1.119758e+04	9.721675e-07
1.120256e+04	9.610395e-07
1.120754e+04	9.500300e-07
1.121252e+04	9.391379e-07
1.121750e+04	9.283621e-07
1.122248e+04	9.177014e-07
1.122746e+04	9.071548e-07
1.123244e+04	8.967209e-07
1.123742e+04	8.863989e-07
1.124239e+04	8.761876e-07
1.124737e+04	8.660858e-07
1.125235e+04	8.560926e-07
1.125733e+04	8.462068e-07
1.126231e+04	8.364274e-07
1.126729e+04	8.267533e-07
1.127227e+04	8.171836e-07
1.127725e+04	8.077171e-07
1.128223e+04	7.983529e-07
1.128720e+04	7.890899e-07
1.129218e+04	7.799271e-07
1.129716e+04	7.708636e-07
1.130214e+04	7.618983e-07
1.130712e+04	7.530303e-07
1.131210e+04	7.442587e-07
1.131708e+04	7.355823e-07
1.132206e+04	7.270004e-07
1.132704e+04	7.185119e-07
1.133201e+04	7.101159e-07
1.133699e+04	7.018116e-07
1.134197e+04	6.935979e-07
1.134695e+04	6.854739e-07
1.135193e+04	6.774389e-07
1.135691e+04	6.694918e-07
1.136189e+04	6.616317e-07
1.136687e+04	6.538579e-07
1.137185e+04	6.461695e-07
1.137682e+04	6.385655e-07
1.138180e+04	6.310451e-07
1.138678e+04	6.236075e-07
1.139176e+04	6.162519e-07
1.139674e+04	6.089773e-07
1.140172e+04	6.017831e-07
1.140670e+04	5.946683e-07
1.141168e+04	5.876322e-07
1.141666e+04	5.806739e-07
1.142163e+04	5.737927e-07
1.142661e+04	5.669878e-07
1.143159e+04	5.602584e-07
1.143657e+04	5.536037e-07
1.144155e+04	5.470230e-07
1.144653e+04	5.405155e-07
1.145151e+04	5.340804e-07
1.145649e+04	5.277171e-07
1.146147e+04	5.214247e-07
1.146645e+04	5.152026e-07
1.147142e+04	5.090500e-07
1.147640e+04	5.029662e-07
1.148138e+04	4.969505e-07
1.148636e+04	4.910022e-07
1.149134e+04	4.851206e-07
1.149632e+04	4.793050e-07
1.150130e+04	4.735547e-07
1.150628e+04	4.678690e-07
1.151126e+04	4.622473e-07
1.151623e+04	4.566890e-07
1.152121e+04	4.511933e-07
1.152619e+04	4.457595e-07
1.153117e+04	4.403872e-07
1.153615e+04	4.350755e-07
1.154113e+04	4.298239e-07
1.154611e+04	4.246318e-07
1.155109e+04	4.194985e-07
1.155607e+04	4.144234e-07
1.156104e+04	4.094059e-07
1.156602e+04	4.044453e-07
1.157100e+04	3.995412e-07
1.157598e+04	3.946929e-07
1.158096e+04	3.898998e-07
1.158594e+04	3.851613e-07
1.159092e+04	3.804769e-07
1.159590e+04	3.758459e-07
1.160088e+04	3.712679e-07
1.160585e+04	3.667423e-07
1.161083e+04	3.622684e-07
1.161581e+04	3.578458e-07
1.162079e+04	3.534739e-07
1.162577e+04	3.491522e-07
1.163075e+04	3.448801e-07
1.163573e+04	3.406571e-07
1.164071e+04	3.364827e-07
1.164569e+04	3.323564e-07
1.165067e+04	3.282776e-07
1.165564e+04	3.242459e-07
1.166062e+04	3.202607e-07
1.166560e+04	3.163216e-07
1.167058e+04	3.124280e-07
1.167556e+04	3.085795e-07
1.168054e+04	3.047755e-07
1.168552e+04	3.010156e-07
1.169050e+04	2.972994e-07
1.169548e+04	2.936263e-07
1.170045e+04	2.899959e-07
1.170543e+04	2.864078e-07
1.171041e+04	2.828614e-07
1.171539e+04	2.793563e-07
1.172037e+04	2.758921e-07
1.172535e+04	2.724683e-07
1.173033e+04	2.690846e-07
1.173531e+04	2.657403e-07
1.174029e+04	2.624352e-07
1.174526e+04	2.591688e-07
1.175024e+04	2.559407e-07
1.175522e+04	2.527504e-07
1.176020e+04	2.495976e-07
1.176518e+04	2.464819e-07
1.177016e+04	2.434027e-07
1.177514e+04	2.403598e-07
1.178012e+04	2.373528e-07
1.178510e+04	2.343811e-07
1.179007e+04	2.314446e-07
1.179505e+04	2.285427e-07
1.180003e+04	2.256751e-07
1.180501e+04	2.228414e-07
1.180999e+04	2.200412e-07
1.181497e+04	2.172742e-07
1.181995e+04	2.145401e-07
1.182493e+04	2.118383e-07
1.182991e+04	2.091686e-07
1.183489e+04	2.065307e-07
1.183986e+04	2.039241e-07
1.184484e+04	2.013486e-07
1.184982e+04	1.988038e-07
1.185480e+04	1.962893e-07
1.185978e+04	1.938048e-07
1.186476e+04	1.913499e-07
1.186974e+04	1.889244e-07
1.187472e+04	1.865279e-07
1.187970e+04	1.841602e-07
1.188467e+04	1.818207e-07
1.188965e+04	1.795094e-07
1.189463e+04	1.772257e-07
1.189961e+04	1.749695e-07
1.190459e+04	1.727404e-07
1.190957e+04	1.705382e-07
1.191455e+04	1.683624e-07
1.191953e+04	1.662129e-07
1.192451e+04	1.640892e-07
1.192948e+04	1.619913e-07
1.193446e+04	1.599186e-07
1.193944e+04	1.578710e-07
1.194442e+04	1.558482e-07
1.194940e+04	1.538498e-07
1.195438e+04	1.518757e-07
1.195936e+04	1.499255e-07
1.196434e+04	1.479990e-07
1.196932e+04	1.460959e-07
1.197429e+04	1.442159e-07
1.197927e+04	1.423588e-07
1.198425e+04	1.405243e-07
1.198923e+04	1.387121e-07
1.199421e+04	1.369221e-07
1.199919e+04	1.351539e-07
1.200417e+04	1.334072e-07
1.200915e+04	1.316820e-07
1.201413e+04	1.299778e-07
1.201910e+04	1.282945e-07
1.202408e+04	1.266318e-07
1.202906e+04	1.249896e-07
1.203404e+04	1.233674e-07
1.203902e+04	1.217652e-07
1.204400e+04	1.201827e-07
1.204898e+04	1.186196e-07
1.205396e+04	1.170758e-07
1.205894e+04	1.155510e-07
1.206392e+04	1.140451e-07
1.206889e+04	1.125576e-07
1.207387e+04	1.110886e-07
1.207885e+04	1.096377e-07
1.208383e+04	1.082048e-07
1.208881e+04	1.067896e-07
1.209379e+04	1.053919e-07
1.209877e+04	1.040116e-07
1.210375e+04	1.026483e-07
1.210873e+04	1.013021e-07
1.211370e+04	9.997249e-08
1.211868e+04	9.865946e-08
1.212366e+04	9.736277e-08
1.212864e+04	9.608223e-08
1.213362e+04	9.481765e-08
1.213860e+04	9.356885e-08
1.214358e+04	9.233564e-08
1.214856e+04	9.111784e-08
1.215354e+04	8.991526e-08
1.215851e+04	8.872773e-08
1.216349e+04	8.755507e-08
1.216847e+04	8.639711e-08
1.217345e+04	8.525367e-08
1.217843e+04	8.412459e-08
1.218341e+04	8.300968e-08
1.218839e+04	8.190879e-08
1.219337e+04	8.082175e-08
1.219835e+04	7.974840e-08
1.220332e+04	7.868857e-08
1.220830e+04	7.764211e-08
1.221328e+04	7.660885e-08
1.221826e+04	7.558864e-08
1.222324e+04	7.458132e-08
1.222822e+04	7.358674e-08
1.223320e+04	7.260476e-08
1.223818e+04	7.163521e-08
1.224316e+04	7.067795e-08
1.224814e+04	6.973284e-08
1.225311e+04	6.879973e-08
1.225809e+04	6.787847e-08
1.226307e+04	6.696893e-08
1.226805e+04	6.607096e-08
1.227303e+04	6.518442e-08
1.227801e+04	6.430919e-08
1.228299e+04	6.344512e-08
1.228797e+04	6.259207e-08
1.229295e+04	6.174993e-08
1.229792e+04	6.091854e-08
1.230290e+04	6.009780e-08
1.230788e+04	5.928756e-08
1.231286e+04	5.848770e-08
1.231784e+04	5.769810e-08
1.232282e+04	5.691863e-08
1.232780e+04	5.614916e-08
1.233278e+04	5.538959e-08
1.233776e+04	5.463978e-08
1.234273e+04	5.389962e-08
1.234771e+04	5.316900e-08
1.235269e+04	5.244779e-08
1.235767e+04	5.173589e-08
1.236265e+04	5.103317e-08
1.236763e+04	5.033953e-08
1.237261e+04	4.965486e-08
1.237759e+04	4.897905e-08
1.238257e+04	4.831198e-08
1.238754e+04	4.765356e-08
1.239252e+04	4.700367e-08
1.239750e+04	4.636222e-08
1.240248e+04	4.572910e-08
1.240746e+04	4.510420e-08
1.241244e+04	4.448743e-08
1.241742e+04	4.387869e-08
1.242240e+04	4.327787e-08
1.242738e+04	4.268489e-08
1.243236e+04	4.209964e-08
1.243733e+04	4.152202e-08
1.244231e+04	4.095196e-08
1.244729e+04	4.038934e-08
1.245227e+04	3.983409e-08
1.245725e+04	3.928610e-08
1.246223e+04	3.874529e-08
1.246721e+04	3.821157e-08
1.247219e+04	3.768486e-08
1.247717e+04	3.716505e-08
1.248214e+04	3.665208e-08
1.248712e+04	3.614586e-08
1.249210e+04	3.564629e-08
1.249708e+04	3.515330e-08
1.250206e+04	3.466681e-08
1.250704e+04	3.418673e-08
1.251202e+04	3.371299e-08
1.251700e+04	3.324551e-08
1.252198e+04	3.278420e-08
1.252695e+04	3.232899e-08
1.253193e+04	3.187981e-08
1.253691e+04	3.143658e-08
1.254189e+04	3.099922e-08
1.254687e+04	3.056766e-08
1.255185e+04	3.014184e-08
1.255683e+04	2.972166e-08
1.256181e+04	2.930707e-08
1.256679e+04	2.889800e-08
1.257176e+04	2.849437e-08
1.257674e+04	2.809612e-08
1.258172e+04	2.770318e-08
1.258670e+04	2.731548e-08
1.259168e+04	2.693296e-08
1.259666e+04	2.655554e-08
1.260164e+04	2.618317e-08
1.260662e+04	2.581579e-08
1.261160e+04	2.545332e-08
1.261657e+04	2.509571e-08
1.262155e+04	2.474289e-08
1.262653e+04	2.439481e-08
1.263151e+04	2.405140e-08
1.263649e+04	2.371260e-08
1.264147e+04	2.337836e-08
1.264645e+04	2.304862e-08
1.265143e+04	2.272332e-08
1.265641e+04	2.240240e-08
1.266139e+04	2.208580e-08
1.266636e+04	2.177348e-08
1.267134e+04	2.146538e-08
1.267632e+04	2.116144e-08
1.268130e+04	2.086161e-08
1.268628e+04	2.056584e-08
1.269126e+04	2.027407e-08
1.269624e+04	1.998625e-08
1.270122e+04	1.970234e-08
1.270620e+04	1.942229e-08
1.271117e+04	1.914603e-08
1.271615e+04	1.887353e-08
1.272113e+04	1.860473e-08
1.272611e+04	1.833960e-08
1.273109e+04	1.807807e-08
1.273607e+04	1.782011e-08
1.274105e+04	1.756566e-08
1.274603e+04	1.731469e-08
1.275101e+04	1.706714e-08
1.275598e+04	1.682298e-08
1.276096e+04	1.658216e-08
1.276594e+04	1.634463e-08
1.277092e+04	1.611036e-08
1.277590e+04	1.587929e-08
1.278088e+04	1.565140e-08
1.278586e+04	1.542663e-08
1.279084e+04	1.520495e-08
1.279582e+04	1.498631e-08
1.280079e+04	1.477069e-08
1.280577e+04	1.455803e-08
1.281075e+04	1.434829e-08
1.281573e+04	1.414145e-08
1.282071e+04	1.393746e-08
1.282569e+04	1.373629e-08
1.283067e+04	1.353789e-08
1.283565e+04	1.334224e-08
1.284063e+04	1.314929e-08
1.284561e+04	1.295901e-08
1.285058e+04	1.277136e-08
1.285556e+04	1.258632e-08
1.286054e+04	1.240384e-08
1.286552e+04	1.222389e-08
1.287050e+04	1.204645e-08
1.287548e+04	1.187147e-08
1.288046e+04	1.169892e-08
1.288544e+04	1.152877e-08
1.289042e+04	1.136099e-08
1.289539e+04	1.119555e-08
1.290037e+04	1.103242e-08
1.290535e+04	1.087156e-08
1.291033e+04	1.071295e-08
1.291531e+04	1.055655e-08
1.292029e+04	1.040234e-08
1.292527e+04	1.025029e-08
1.293025e+04	1.010037e-08
1.293523e+04	9.952543e-09
1.294020e+04	9.806793e-09
1.294518e+04	9.663087e-09
1.295016e+04	9.521399e-09
1.295514e+04	9.381701e-09
1.296012e+04	9.243968e-09
1.296510e+04	9.108171e-09
1.297008e+04	8.974287e-09
1.297506e+04	8.842288e-09
1.298004e+04	8.712150e-09
1.298501e+04	8.583847e-09
1.298999e+04	8.457356e-09
1.299497e+04	8.332651e-09
1.299995e+04	8.209708e-09
1.300493e+04	8.088505e-09
1.300991e+04	7.969017e-09
1.301489e+04	7.851221e-09
1.301987e+04	7.735094e-09
1.302485e+04	7.620615e-09
1.302983e+04	7.507760e-09
1.303480e+04	7.396507e-09
1.303978e+04	7.286836e-09
1.304476e+04	7.178724e-09
1.304974e+04	7.072150e-09
1.305472e+04	6.967094e-09
1.305970e+04	6.863535e-09
1.306468e+04	6.761452e-09
1.306966e+04	6.660826e-09
1.307464e+04	6.561636e-09
1.307961e+04	6.463864e-09
1.308459e+04	6.367489e-09
1.308957e+04	6.272493e-09
1.309455e+04	6.178856e-09
1.309953e+04	6.086562e-09
1.310451e+04	5.995590e-09
1.310949e+04	5.905922e-09
1.311447e+04	5.817542e-09
1.311945e+04	5.730432e-09
1.312442e+04	5.644573e-09
1.312940e+04	5.559949e-09
1.313438e+04	5.476543e-09
1.313936e+04	5.394338e-09
1.314434e+04	5.313317e-09
1.314932e+04	5.233465e-09
1.315430e+04	5.154765e-09
1.315928e+04	5.077202e-09
1.316426e+04	5.000759e-09
1.316923e+04	4.925421e-09
1.317421e+04	4.851174e-09
1.317919e+04	4.778001e-09
1.318417e+04	4.705888e-09
1.318915e+04	4.634820e-09
1.319413e+04	4.564784e-09
1.319911e+04	4.495764e-09
1.320409e+04	4.427746e-09
1.320907e+04	4.360717e-09
1.321404e+04	4.294663e-09
1.321902e+04	4.229570e-09
1.322400e+04	4.165425e-09
1.322898e+04	4.102215e-09
1.323396e+04	4.039927e-09
1.323894e+04	3.978547e-09
1.324392e+04	3.918063e-09
1.324890e+04	3.858464e-09
1.325388e+04	3.799735e-09
1.325886e+04	3.741866e-09
1.326383e+04	3.684844e-09
1.326881e+04	3.628657e-09
1.327379e+04	3.573293e-09
1.327877e+04	3.518742e-09
1.328375e+04	3.464991e-09
1.328873e+04	3.412030e-09
1.329371e+04	3.359847e-09
1.329869e+04	3.308431e-09
1.330367e+04	3.257772e-09
1.330864e+04	3.207859e-09
1.331362e+04	3.158681e-09
1.331860e+04	3.110229e-09
1.332358e+04	3.062491e-09
1.332856e+04	3.015458e-09
1.333354e+04	2.969119e-09
1.333852e+04	2.923466e-09
1.334350e+04	2.878487e-09
1.334848e+04	2.834175e-09
1.335345e+04	2.790519e-09
1.335843e+04	2.747509e-09
1.336341e+04	2.705138e-09
1.336839e+04	2.663395e-09
1.337337e+04	2.622272e-09
1.337835e+04	2.581760e-09
1.338333e+04	2.541850e-09
1.338831e+04	2.502534e-09
1.339329e+04	2.463803e-09
1.339826e+04	2.425649e-09
1.340324e+04	2.388064e-09
1.340822e+04	2.351039e-09
1.341320e+04	2.314567e-09
1.341818e+04	2.278639e-09
1.342316e+04	2.243249e-09
1.342814e+04	2.208387e-09
1.343312e+04	2.174047e-09
1.343810e+04	2.140221e-09
1.344308e+04	2.106902e-09
1.344805e+04	2.074083e-09
1.345303e+04	2.041755e-09
1.345801e+04	2.009913e-09
1.346299e+04	1.978549e-09
1.346797e+04	1.947657e-09
1.347295e+04	1.917229e-09
1.347793e+04	1.887258e-09
1.348291e+04	1.857739e-09
1.348789e+04	1.828665e-09
1.349286e+04	1.800029e-09
1.349784e+04	1.771825e-09
1.350282e+04	1.744047e-09
1.350780e+04	1.716689e-09
1.351278e+04	1.689743e-09
1.351776e+04	1.663206e-09
1.352274e+04	1.637070e-09
1.352772e+04	1.611329e-09
1.353270e+04	1.585979e-09
1.353767e+04	1.561013e-09
1.354265e+04	1.536426e-09
1.354763e+04	1.512212e-09
1.355261e+04	1.488366e-09
1.355759e+04	1.464882e-09
1.356257e+04	1.441755e-09
1.356755e+04	1.418980e-09
1.357253e+04	1.396553e-09
1.357751e+04	1.374466e-09
1.358248e+04	1.352717e-09
1.358746e+04	1.331299e-09
1.359244e+04	1.310208e-09
1.359742e+04	1.289440e-09
1.360240e+04	1.268989e-09
1.360738e+04	1.248850e-09
1.361236e+04	1.229020e-09
1.361734e+04	1.209494e-09
1.362232e+04	1.190266e-09
1.362730e+04	1.171334e-09
1.363227e+04	1.152692e-09
1.363725e+04	1.134336e-09
1.364223e+04	1.116262e-09
1.364721e+04	1.098465e-09
1.365219e+04	1.080943e-09
1.365717e+04	1.063690e-09
1.366215e+04	1.046703e-09
1.366713e+04	1.029977e-09
1.367211e+04	1.013509e-09
1.367708e+04	9.972958e-10
1.368206e+04	9.813325e-10
1.368704e+04	9.656156e-10
1.369202e+04	9.501417e-10
1.369700e+04	9.349071e-10
1.370198e+04	9.199082e-10
1.370696e+04	9.051415e-10
1.371194e+04	8.906036e-10
1.371692e+04	8.762911e-10
1.372189e+04	8.622005e-10
1.372687e+04	8.483287e-10
1.373185e+04	8.346723e-10
1.373683e+04	8.212281e-10
1.374181e+04	8.079929e-10
1.374679e+04	7.949637e-10
1.375177e+04	7.821373e-10
1.375675e+04	7.695108e-10
1.376173e+04	7.570810e-10
1.376670e+04	7.448451e-10
1.377168e+04	7.328001e-10
1.377666e+04	7.209433e-10
1.378164e+04	7.092717e-10
1.378662e+04	6.977825e-10
1.379160e+04	6.864731e-10
1.379658e+04	6.753408e-10
1.380156e+04	6.643828e-10
1.380654e+04	6.535965e-10
1.381151e+04	6.429794e-10
1.381649e+04	6.325288e-10
1.382147e+04	6.222424e-10
1.382645e+04	6.121175e-10
1.383143e+04	6.021518e-10
1.383641e+04	5.923429e-10
1.384139e+04	5.826883e-10
1.384637e+04	5.731858e-10
1.385135e+04	5.638330e-10
1.385633e+04	5.546277e-10
1.386130e+04	5.455675e-10
1.386628e+04	5.366505e-10
1.387126e+04	5.278742e-10
1.387624e+04	5.192367e-10
1.388122e+04	5.107357e-10
1.388620e+04	5.023693e-10
1.389118e+04	4.941353e-10
1.389616e+04	4.860318e-10
1.390114e+04	4.780567e-10
1.390611e+04	4.702081e-10
1.391109e+04	4.624841e-10
1.391607e+04	4.548827e-10
1.392105e+04	4.474022e-10
1.392603e+04	4.400405e-10
1.393101e+04	4.327960e-10
1.393599e+04	4.256668e-10
1.394097e+04	4.186511e-10
1.394595e+04	4.117472e-10
1.395092e+04	4.049535e-10
1.395590e+04	3.982681e-10
1.396088e+04	3.916895e-10
1.396586e+04	3.852159e-10
1.397084e+04	3.788458e-10
1.397582e+04	3.725776e-10
1.398080e+04	3.664097e-10
1.398578e+04	3.603406e-10
1.399076e+04	3.543687e-10
1.399573e+04	3.484926e-10
1.400071e+04	3.427107e-10
1.400569e+04	3.370216e-10
1.401067e+04	3.314238e-10
1.401565e+04	3.259161e-10
1.402063e+04	3.204968e-10
1.402561e+04	3.151648e-10
1.403059e+04	3.099186e-10
1.403557e+04	3.047569e-10
1.404055e+04	2.996783e-10
1.404552e+04	2.946817e-10
1.405050e+04	2.897657e-10
1.405548e+04	2.849290e-10
1.406046e+04	2.801705e-10
1.406544e+04	2.754889e-10
1.407042e+04	2.708830e-10
1.407540e+04	2.663516e-10
1.408038e+04	2.618937e-10
1.408536e+04	2.575079e-10
1.409033e+04	2.531932e-10
1.409531e+04	2.489485e-10
1.410029e+04	2.447727e-10
1.410527e+04	2.406647e-10
1.411025e+04	2.366235e-10
1.411523e+04	2.326480e-10
1.412021e+04	2.287371e-10
1.412519e+04	2.248899e-10
1.413017e+04	2.211053e-10
1.413514e+04	2.173824e-10
1.414012e+04	2.137202e-10
1.414510e+04	2.101178e-10
1.415008e+04	2.065741e-10
1.415506e+04	2.030884e-10
1.416004e+04	1.996596e-10
1.416502e+04	1.962868e-10
1.417000e+04	1.929693e-10
1.417498e+04	1.897060e-10
1.417995e+04	1.864963e-10
1.418493e+04	1.833391e-10
1.418991e+04	1.802337e-10
1.419489e+04	1.771792e-10
1.419987e+04	1.741749e-10
1.420485e+04	1.712200e-10
1.420983e+04	1.683136e-10
1.421481e+04	1.654550e-10
1.421979e+04	1.626435e-10
1.422477e+04	1.598782e-10
1.422974e+04	1.571585e-10
1.423472e+04	1.544836e-10
1.423970e+04	1.518529e-10
1.424468e+04	1.492655e-10
1.424966e+04	1.467209e-10
1.425464e+04	1.442184e-10
1.425962e+04	1.417572e-10
1.426460e+04	1.393367e-10
1.426958e+04	1.369562e-10
1.427455e+04	1.346152e-10
1.427953e+04	1.323130e-10
1.428451e+04	1.300489e-10
1.428949e+04	1.278224e-10
1.429447e+04	1.256328e-10
1.429945e+04	1.234796e-10
1.430443e+04	1.213622e-10
1.430941e+04	1.192800e-10
1.431439e+04	1.172324e-10
1.431936e+04	1.152189e-10
1.432434e+04	1.132389e-10
1.432932e+04	1.112920e-10
1.433430e+04	1.093774e-10
1.433928e+04	1.074949e-10
1.434426e+04	1.056437e-10
1.434924e+04	1.038234e-10
1.435422e+04	1.020336e-10
1.435920e+04	1.002737e-10
1.436417e+04	9.854324e-11
1.436915e+04	9.684173e-11
1.437413e+04	9.516873e-11
1.437911e+04	9.352375e-11
1.438409e+04	9.190636e-11
1.438907e+04	9.031610e-11
1.439405e+04	8.875253e-11
1.439903e+04	8.721522e-11
1.440401e+04	8.570374e-11
1.440898e+04	8.421768e-11
1.441396e+04	8.275661e-11
1.441894e+04	8.132014e-11
1.442392e+04	7.990786e-11
1.442890e+04	7.851938e-11
1.443388e+04	7.715431e-11
1.443886e+04	7.581226e-11
1.444384e+04	7.449287e-11
1.444882e+04	7.319576e-11
1.445380e+04	7.192057e-11
1.445877e+04	7.066694e-11
1.446375e+04	6.943452e-11
1.446873e+04	6.822295e-11
1.447371e+04	6.703190e-11
1.447869e+04	6.586104e-11
1.448367e+04	6.471003e-11
1.448865e+04	6.357854e-11
1.449363e+04	6.246626e-11
1.449861e+04	6.137286e-11
1.450358e+04	6.029805e-11
1.450856e+04	5.924151e-11
1.451354e+04	5.820294e-11
1.451852e+04	5.718204e-11
1.452350e+04	5.617853e-11
1.452848e+04	5.519212e-11
1.453346e+04	5.422253e-11
1.453844e+04	5.326948e-11
1.454342e+04	5.233269e-11
1.454839e+04	5.141190e-11
1.455337e+04	5.050684e-11
1.455835e+04	4.961725e-11
1.456333e+04	4.874288e-11
1.456831e+04	4.788347e-11
1.457329e+04	4.703878e-11
1.457827e+04	4.620856e-11
1.458325e+04	4.539257e-11
1.458823e+04	4.459058e-11
1.459320e+04	4.380235e-11
1.459818e+04	4.302765e-11
1.460316e+04	4.226627e-11
1.460814e+04	4.151797e-11
1.461312e+04	4.078254e-11
1.461810e+04	4.005976e-11
1.462308e+04	3.934943e-11
1.462806e+04	3.865134e-11
1.463304e+04	3.796528e-11
1.463802e+04	3.729105e-11
1.464299e+04	3.662845e-11
1.464797e+04	3.597729e-11
1.465295e+04	3.533738e-11
1.465793e+04	3.470853e-11
1.466291e+04	3.409056e-11
1.466789e+04	3.348327e-11
1.467287e+04	3.288650e-11
1.467785e+04	3.230007e-11
1.468283e+04	3.172380e-11
1.468780e+04	3.115752e-11
1.469278e+04	3.060106e-11
1.469776e+04	3.005426e-11
1.470274e+04	2.951696e-11
1.470772e+04	2.898900e-11
1.471270e+04	2.847022e-11
1.471768e+04	2.796046e-11
1.472266e+04	2.745957e-11
1.472764e+04	2.696740e-11
1.473261e+04	2.648381e-11
1.473759e+04	2.600866e-11
1.474257e+04	2.554178e-11
1.474755e+04	2.508306e-11
1.475253e+04	2.463235e-11
1.475751e+04	2.418951e-11
1.476249e+04	2.375441e-11
1.476747e+04	2.332692e-11
1.477245e+04	2.290691e-11
1.477742e+04	2.249426e-11
1.478240e+04	2.208883e-11
1.478738e+04	2.169051e-11
1.479236e+04	2.129917e-11
1.479734e+04	2.091470e-11
1.480232e+04	2.053698e-11
1.480730e+04	2.016590e-11
1.481228e+04	1.980133e-11
1.481726e+04	1.944318e-11
1.482224e+04	1.909133e-11
1.482721e+04	1.874567e-11
1.483219e+04	1.840610e-11
1.483717e+04	1.807251e-11
1.484215e+04	1.774480e-11
1.484713e+04	1.742287e-11
1.485211e+04	1.710663e-11
1.485709e+04	1.679596e-11
1.486207e+04	1.649079e-11
1.486705e+04	1.619101e-11
1.487202e+04	1.589654e-11
1.487700e+04	1.560727e-11
1.488198e+04	1.532313e-11
1.488696e+04	1.504402e-11
1.489194e+04	1.476985e-11
1.489692e+04	1.450055e-11
1.490190e+04	1.423603e-11
1.490688e+04	1.397620e-11
1.491186e+04	1.372099e-11
1.491683e+04	1.347031e-11
1.492181e+04	1.322409e-11
1.492679e+04	1.298225e-11
1.493177e+04	1.274471e-11
1.493675e+04	1.251140e-11
1.494173e+04	1.228225e-11
1.494671e+04	1.205719e-11
1.495169e+04	1.183614e-11
1.495667e+04	1.161903e-11
1.496164e+04	1.140581e-11
1.496662e+04	1.119639e-11
1.497160e+04	1.099071e-11
1.497658e+04	1.078871e-11
1.498156e+04	1.059033e-11
1.498654e+04	1.039549e-11
1.499152e+04	1.020415e-11
1.499650e+04	1.001623e-11
1.500148e+04	9.831690e-12
1.500645e+04	9.650455e-12
1.501143e+04	9.472473e-12
1.501641e+04	9.297688e-12
1.502139e+04	9.126043e-12
1.502637e+04	8.957483e-12
1.503135e+04	8.791955e-12
1.503633e+04	8.629406e-12
1.504131e+04	8.469783e-12
1.504629e+04	8.313036e-12
1.505127e+04	8.159114e-12
1.505624e+04	8.007968e-12
1.506122e+04	7.859549e-12
1.506620e+04	7.713809e-12
1.507118e+04	7.570701e-12
1.507616e+04	7.430179e-12
1.508114e+04	7.292197e-12
1.508612e+04	7.156712e-12
1.509110e+04	7.023678e-12
1.509608e+04	6.893054e-12
1.510105e+04	6.764795e-12
1.510603e+04	6.638862e-12
1.511101e+04	6.515213e-12
1.511599e+04	6.393807e-12
1.512097e+04	6.274606e-12
1.512595e+04	6.157569e-12
1.513093e+04	6.042660e-12
1.513591e+04	5.929839e-12
1.514089e+04	5.819071e-12
1.514586e+04	5.710320e-12
1.515084e+04	5.603548e-12
1.515582e+04	5.498722e-12
1.516080e+04	5.395807e-12
1.516578e+04	5.294769e-12
1.517076e+04	5.195575e-12
1.517574e+04	5.098191e-12
1.518072e+04	5.002587e-12
1.518570e+04	4.908730e-12
1.519067e+04	4.816589e-12
1.519565e+04	4.726133e-12
1.520063e+04	4.637334e-12
1.520561e+04	4.550160e-12
1.521059e+04	4.464584e-12
1.521557e+04	4.380577e-12
1.522055e+04	4.298110e-12
1.522553e+04	4.217157e-12
1.523051e+04	4.137690e-12
1.523549e+04	4.059683e-12
1.524046e+04	3.983109e-12
1.524544e+04	3.907944e-12
1.525042e+04	3.834161e-12
1.525540e+04	3.761737e-12
1.526038e+04	3.690646e-12
1.526536e+04	3.620865e-12
1.527034e+04	3.552371e-12
1.527532e+04	3.485140e-12
1.528030e+04	3.419149e-12
1.528527e+04	3.354377e-12
1.529025e+04	3.290802e-12
1.529523e+04	3.228401e-12
1.530021e+04	3.167154e-12
1.530519e+04	3.107041e-12
1.531017e+04	3.048040e-12
1.531515e+04	2.990131e-12
1.532013e+04	2.933296e-12
1.532511e+04	2.877514e-12
1.533008e+04	2.822767e-12
1.533506e+04	2.769035e-12
1.534004e+04	2.716301e-12
1.534502e+04	2.664547e-12
1.535000e+04	2.613755e-12
1.535498e+04	2.563907e-12
1.535996e+04	2.514986e-12
1.536494e+04	2.466976e-12
1.536992e+04	2.419860e-12
1.537489e+04	2.373621e-12
1.537987e+04	2.328245e-12
1.538485e+04	2.283715e-12
1.538983e+04	2.240015e-12
1.539481e+04	2.197132e-12
1.539979e+04	2.155049e-12
1.540477e+04	2.113753e-12
1.540975e+04	2.073229e-12
1.541473e+04	2.033463e-12
1.541971e+04	1.994442e-12
1.542468e+04	1.956150e-12
1.542966e+04	1.918577e-12
1.543464e+04	1.881707e-12
1.543962e+04	1.845529e-12
1.544460e+04	1.810030e-12
1.544958e+04	1.775197e-12
1.545456e+04	1.741018e-12
1.545954e+04	1.707481e-12
1.546452e+04	1.674575e-12
1.546949e+04	1.642288e-12
1.547447e+04	1.610608e-12
1.547945e+04	1.579525e-12
1.548443e+04	1.549027e-12
1.548941e+04	1.519104e-12
1.549439e+04	1.489745e-12
1.549937e+04	1.460940e-12
1.550435e+04	1.432679e-12
1.550933e+04	1.404951e-12
1.551430e+04	1.377747e-12
1.551928e+04	1.351058e-12
1.552426e+04	1.324873e-12
1.552924e+04	1.299184e-12
1.553422e+04	1.273980e-12
1.553920e+04	1.249255e-12
1.554418e+04	1.224997e-12
1.554916e+04	1.201200e-12
1.555414e+04	1.177854e-12
1.555911e+04	1.154951e-12
1.556409e+04	1.132482e-12
1.556907e+04	1.110441e-12
1.557405e+04	1.088818e-12
1.557903e+04	1.067607e-12
1.558401e+04	1.046799e-12
1.558899e+04	1.026387e-12
1.559397e+04	1.006364e-12
1.559895e+04	9.867220e-13
1.560392e+04	9.674546e-13
1.560890e+04	9.485547e-13
1.561388e+04	9.300153e-13
1.561886e+04	9.118298e-13
1.562384e+04	8.939916e-13
1.562882e+04	8.764942e-13
1.563380e+04	8.593313e-13
1.563878e+04	8.424967e-13
1.564376e+04	8.259842e-13
1.564874e+04	8.097878e-13
1.565371e+04	7.939016e-13
1.565869e+04	7.783198e-13
1.566367e+04	7.630368e-13
1.566865e+04	7.480470e-13
1.567363e+04	7.333448e-13
1.567861e+04	7.189249e-13
1.568359e+04	7.047819e-13
1.568857e+04	6.909108e-13
1.569355e+04	6.773065e-13
1.569852e+04	6.639638e-13
1.570350e+04	6.508779e-13
1.570848e+04	6.380440e-13
1.571346e+04	6.254574e-13
1.571844e+04	6.131133e-13
1.572342e+04	6.010073e-13
1.572840e+04	5.891349e-13
1.573338e+04	5.774916e-13
1.573836e+04	5.660732e-13
1.574333e+04	5.548754e-13
1.574831e+04	5.438941e-13
1.575329e+04	5.331252e-13
1.575827e+04	5.225646e-13
1.576325e+04	5.122084e-13
1.576823e+04	5.020529e-13
1.577321e+04	4.920941e-13
1.577819e+04	4.823284e-13
1.578317e+04	4.727521e-13
1.578814e+04	4.633616e-13
1.579312e+04	4.541534e-13
