# # p(y | x = 8.000000e+00)
# # y_val	p(y|x)
0.000000e+00	1.178855e-07
4.978917e+00	1.192080e-07
9.957833e+00	1.205446e-07
1.493675e+01	1.218954e-07
1.991567e+01	1.232604e-07
2.489458e+01	1.246399e-07
2.987350e+01	1.260339e-07
3.485242e+01	1.274427e-07
3.983133e+01	1.288663e-07
4.481025e+01	1.303050e-07
4.978917e+01	1.317588e-07
5.476808e+01	1.332279e-07
5.974700e+01	1.347124e-07
6.472592e+01	1.362126e-07
6.970483e+01	1.377285e-07
7.468375e+01	1.392604e-07
7.966267e+01	1.408083e-07
8.464158e+01	1.423725e-07
8.962050e+01	1.439530e-07
9.459942e+01	1.455501e-07
9.957833e+01	1.471639e-07
1.045573e+02	1.487946e-07
1.095362e+02	1.504423e-07
1.145151e+02	1.521072e-07
1.194940e+02	1.537895e-07
1.244729e+02	1.554893e-07
1.294518e+02	1.572069e-07
1.344308e+02	1.589423e-07
1.394097e+02	1.606958e-07
1.443886e+02	1.624675e-07
1.493675e+02	1.642576e-07
1.543464e+02	1.660663e-07
1.593253e+02	1.678938e-07
1.643043e+02	1.697402e-07
1.692832e+02	1.716057e-07
1.742621e+02	1.734906e-07
1.792410e+02	1.753950e-07
1.842199e+02	1.773190e-07
1.891988e+02	1.792630e-07
1.941778e+02	1.812270e-07
1.991567e+02	1.832112e-07
2.041356e+02	1.852159e-07
2.091145e+02	1.872413e-07
2.140934e+02	1.892875e-07
2.190723e+02	1.913548e-07
2.240513e+02	1.934433e-07
2.290302e+02	1.955533e-07
2.340091e+02	1.976850e-07
2.389880e+02	1.998385e-07
2.439669e+02	2.020141e-07
2.489458e+02	2.042119e-07
2.539248e+02	2.064323e-07
2.589037e+02	2.086754e-07
2.638826e+02	2.109414e-07
2.688615e+02	2.132305e-07
2.738404e+02	2.155431e-07
2.788193e+02	2.178792e-07
2.837983e+02	2.202391e-07
2.887772e+02	2.226230e-07
2.937561e+02	2.250313e-07
2.987350e+02	2.274640e-07
3.037139e+02	2.299214e-07
3.086928e+02	2.324038e-07
3.136718e+02	2.349114e-07
3.186507e+02	2.374444e-07
3.236296e+02	2.400031e-07
3.286085e+02	2.425876e-07
3.335874e+02	2.451984e-07
3.385663e+02	2.478355e-07
3.435453e+02	2.504993e-07
3.485242e+02	2.531900e-07
3.535031e+02	2.559078e-07
3.584820e+02	2.586531e-07
3.634609e+02	2.614260e-07
3.684398e+02	2.642268e-07
3.734188e+02	2.670557e-07
3.783977e+02	2.699132e-07
3.833766e+02	2.727993e-07
3.883555e+02	2.757144e-07
3.933344e+02	2.786587e-07
3.983133e+02	2.816326e-07
4.032923e+02	2.846362e-07
4.082712e+02	2.876699e-07
4.132501e+02	2.907340e-07
4.182290e+02	2.938287e-07
4.232079e+02	2.969542e-07
4.281868e+02	3.001110e-07
4.331658e+02	3.032992e-07
4.381447e+02	3.065193e-07
4.431236e+02	3.097713e-07
4.481025e+02	3.130558e-07
4.530814e+02	3.163729e-07
4.580603e+02	3.197229e-07
4.630393e+02	3.231062e-07
4.680182e+02	3.265231e-07
4.729971e+02	3.299739e-07
4.779760e+02	3.334588e-07
4.829549e+02	3.369782e-07
4.879338e+02	3.405325e-07
4.929128e+02	3.441219e-07
4.978917e+02	3.477467e-07
5.028706e+02	3.514073e-07
5.078495e+02	3.551040e-07
5.128284e+02	3.588371e-07
5.178073e+02	3.626070e-07
5.227863e+02	3.664140e-07
5.277652e+02	3.702584e-07
5.327441e+02	3.741406e-07
5.377230e+02	3.780609e-07
5.427019e+02	3.820197e-07
5.476808e+02	3.860172e-07
5.526598e+02	3.900540e-07
5.576387e+02	3.941302e-07
5.626176e+02	3.982463e-07
5.675965e+02	4.024027e-07
5.725754e+02	4.065996e-07
5.775543e+02	4.108375e-07
5.825333e+02	4.151167e-07
5.875122e+02	4.194376e-07
5.924911e+02	4.238006e-07
5.974700e+02	4.282061e-07
6.024489e+02	4.326543e-07
6.074278e+02	4.371458e-07
6.124068e+02	4.416809e-07
6.173857e+02	4.462600e-07
6.223646e+02	4.508835e-07
6.273435e+02	4.555517e-07
6.323224e+02	4.602651e-07
6.373013e+02	4.650241e-07
6.422803e+02	4.698291e-07
6.472592e+02	4.746805e-07
6.522381e+02	4.795787e-07
6.572170e+02	4.845241e-07
6.621959e+02	4.895172e-07
6.671748e+02	4.945583e-07
6.721538e+02	4.996479e-07
6.771327e+02	5.047865e-07
6.821116e+02	5.099744e-07
6.870905e+02	5.152120e-07
6.920694e+02	5.205000e-07
6.970483e+02	5.258385e-07
7.020273e+02	5.312282e-07
7.070062e+02	5.366695e-07
7.119851e+02	5.421628e-07
7.169640e+02	5.477085e-07
7.219429e+02	5.533072e-07
7.269218e+02	5.589593e-07
7.319008e+02	5.646653e-07
7.368797e+02	5.704256e-07
7.418586e+02	5.762407e-07
7.468375e+02	5.821111e-07
7.518164e+02	5.880373e-07
7.567953e+02	5.940197e-07
7.617743e+02	6.000589e-07
7.667532e+02	6.061553e-07
7.717321e+02	6.123095e-07
7.767110e+02	6.185219e-07
7.816899e+02	6.247931e-07
7.866688e+02	6.311235e-07
7.916478e+02	6.375137e-07
7.966267e+02	6.439642e-07
8.016056e+02	6.504756e-07
8.065845e+02	6.570482e-07
8.115634e+02	6.636827e-07
8.165423e+02	6.703796e-07
8.215213e+02	6.771394e-07
8.265002e+02	6.839628e-07
8.314791e+02	6.908501e-07
8.364580e+02	6.978020e-07
8.414369e+02	7.048191e-07
8.464158e+02	7.119018e-07
8.513948e+02	7.190508e-07
8.563737e+02	7.262666e-07
8.613526e+02	7.335497e-07
8.663315e+02	7.409009e-07
8.713104e+02	7.483205e-07
8.762893e+02	7.558093e-07
8.812683e+02	7.633679e-07
8.862472e+02	7.709967e-07
8.912261e+02	7.786964e-07
8.962050e+02	7.864676e-07
9.011839e+02	7.943110e-07
9.061628e+02	8.022271e-07
9.111418e+02	8.102165e-07
9.161207e+02	8.182798e-07
9.210996e+02	8.264178e-07
9.260785e+02	8.346310e-07
9.310574e+02	8.429200e-07
9.360363e+02	8.512855e-07
9.410153e+02	8.597281e-07
9.459942e+02	8.682486e-07
9.509731e+02	8.768474e-07
9.559520e+02	8.855254e-07
9.609309e+02	8.942831e-07
9.659098e+02	9.031212e-07
9.708888e+02	9.120404e-07
9.758677e+02	9.210414e-07
9.808466e+02	9.301249e-07
9.858255e+02	9.392915e-07
9.908044e+02	9.485420e-07
9.957833e+02	9.578770e-07
1.000762e+03	9.672972e-07
1.005741e+03	9.768034e-07
1.010720e+03	9.863962e-07
1.015699e+03	9.960764e-07
1.020678e+03	1.005845e-06
1.025657e+03	1.015702e-06
1.030636e+03	1.025649e-06
1.035615e+03	1.035686e-06
1.040594e+03	1.045814e-06
1.045573e+03	1.056034e-06
1.050551e+03	1.066346e-06
1.055530e+03	1.076752e-06
1.060509e+03	1.087252e-06
1.065488e+03	1.097847e-06
1.070467e+03	1.108537e-06
1.075446e+03	1.119324e-06
1.080425e+03	1.130208e-06
1.085404e+03	1.141190e-06
1.090383e+03	1.152271e-06
1.095362e+03	1.163452e-06
1.100341e+03	1.174733e-06
1.105320e+03	1.186115e-06
1.110298e+03	1.197599e-06
1.115277e+03	1.209186e-06
1.120256e+03	1.220877e-06
1.125235e+03	1.232673e-06
1.130214e+03	1.244574e-06
1.135193e+03	1.256581e-06
1.140172e+03	1.268696e-06
1.145151e+03	1.280918e-06
1.150130e+03	1.293249e-06
1.155109e+03	1.305690e-06
1.160088e+03	1.318242e-06
1.165067e+03	1.330905e-06
1.170045e+03	1.343681e-06
1.175024e+03	1.356570e-06
1.180003e+03	1.369574e-06
1.184982e+03	1.382692e-06
1.189961e+03	1.395927e-06
1.194940e+03	1.409278e-06
1.199919e+03	1.422748e-06
1.204898e+03	1.436336e-06
1.209877e+03	1.450045e-06
1.214856e+03	1.463874e-06
1.219835e+03	1.477824e-06
1.224814e+03	1.491898e-06
1.229792e+03	1.506095e-06
1.234771e+03	1.520417e-06
1.239750e+03	1.534865e-06
1.244729e+03	1.549439e-06
1.249708e+03	1.564141e-06
1.254687e+03	1.578972e-06
1.259666e+03	1.593932e-06
1.264645e+03	1.609024e-06
1.269624e+03	1.624246e-06
1.274603e+03	1.639602e-06
1.279582e+03	1.655092e-06
1.284561e+03	1.670716e-06
1.289539e+03	1.686476e-06
1.294518e+03	1.702374e-06
1.299497e+03	1.718409e-06
1.304476e+03	1.734584e-06
1.309455e+03	1.750898e-06
1.314434e+03	1.767355e-06
1.319413e+03	1.783953e-06
1.324392e+03	1.800695e-06
1.329371e+03	1.817582e-06
1.334350e+03	1.834615e-06
1.339329e+03	1.851794e-06
1.344308e+03	1.869122e-06
1.349286e+03	1.886599e-06
1.354265e+03	1.904226e-06
1.359244e+03	1.922005e-06
1.364223e+03	1.939936e-06
1.369202e+03	1.958021e-06
1.374181e+03	1.976262e-06
1.379160e+03	1.994658e-06
1.384139e+03	2.013212e-06
1.389118e+03	2.031925e-06
1.394097e+03	2.050798e-06
1.399076e+03	2.069831e-06
1.404055e+03	2.089027e-06
1.409033e+03	2.108387e-06
1.414012e+03	2.127911e-06
1.418991e+03	2.147602e-06
1.423970e+03	2.167460e-06
1.428949e+03	2.187486e-06
1.433928e+03	2.207683e-06
1.438907e+03	2.228050e-06
1.443886e+03	2.248591e-06
1.448865e+03	2.269305e-06
1.453844e+03	2.290194e-06
1.458823e+03	2.311259e-06
1.463802e+03	2.332503e-06
1.468780e+03	2.353925e-06
1.473759e+03	2.375528e-06
1.478738e+03	2.397313e-06
1.483717e+03	2.419281e-06
1.488696e+03	2.441433e-06
1.493675e+03	2.463772e-06
1.498654e+03	2.486297e-06
1.503633e+03	2.509012e-06
1.508612e+03	2.531917e-06
1.513591e+03	2.555013e-06
1.518570e+03	2.578303e-06
1.523549e+03	2.601786e-06
1.528527e+03	2.625466e-06
1.533506e+03	2.649343e-06
1.538485e+03	2.673419e-06
1.543464e+03	2.697696e-06
1.548443e+03	2.722174e-06
1.553422e+03	2.746855e-06
1.558401e+03	2.771741e-06
1.563380e+03	2.796834e-06
1.568359e+03	2.822134e-06
1.573338e+03	2.847643e-06
1.578317e+03	2.873364e-06
1.583296e+03	2.899297e-06
1.588274e+03	2.925444e-06
1.593253e+03	2.951806e-06
1.598232e+03	2.978386e-06
1.603211e+03	3.005185e-06
1.608190e+03	3.032203e-06
1.613169e+03	3.059444e-06
1.618148e+03	3.086908e-06
1.623127e+03	3.114598e-06
1.628106e+03	3.142514e-06
1.633085e+03	3.170659e-06
1.638064e+03	3.199034e-06
1.643043e+03	3.227641e-06
1.648021e+03	3.256482e-06
1.653000e+03	3.285557e-06
1.657979e+03	3.314869e-06
1.662958e+03	3.344421e-06
1.667937e+03	3.374212e-06
1.672916e+03	3.404245e-06
1.677895e+03	3.434522e-06
1.682874e+03	3.465045e-06
1.687853e+03	3.495815e-06
1.692832e+03	3.526834e-06
1.697811e+03	3.558104e-06
1.702790e+03	3.589627e-06
1.707768e+03	3.621404e-06
1.712747e+03	3.653437e-06
1.717726e+03	3.685729e-06
1.722705e+03	3.718280e-06
1.727684e+03	3.751093e-06
1.732663e+03	3.784170e-06
1.737642e+03	3.817513e-06
1.742621e+03	3.851122e-06
1.747600e+03	3.885001e-06
1.752579e+03	3.919152e-06
1.757558e+03	3.953575e-06
1.762537e+03	3.988273e-06
1.767515e+03	4.023248e-06
1.772494e+03	4.058503e-06
1.777473e+03	4.094038e-06
1.782452e+03	4.129856e-06
1.787431e+03	4.165958e-06
1.792410e+03	4.202348e-06
1.797389e+03	4.239026e-06
1.802368e+03	4.275995e-06
1.807347e+03	4.313257e-06
1.812326e+03	4.350814e-06
1.817305e+03	4.388668e-06
1.822284e+03	4.426821e-06
1.827262e+03	4.465275e-06
1.832241e+03	4.504032e-06
1.837220e+03	4.543095e-06
1.842199e+03	4.582465e-06
1.847178e+03	4.622144e-06
1.852157e+03	4.662135e-06
1.857136e+03	4.702440e-06
1.862115e+03	4.743061e-06
1.867094e+03	4.783999e-06
1.872073e+03	4.825258e-06
1.877052e+03	4.866840e-06
1.882031e+03	4.908746e-06
1.887009e+03	4.950980e-06
1.891988e+03	4.993542e-06
1.896967e+03	5.036436e-06
1.901946e+03	5.079663e-06
1.906925e+03	5.123226e-06
1.911904e+03	5.167128e-06
1.916883e+03	5.211370e-06
1.921862e+03	5.255955e-06
1.926841e+03	5.300885e-06
1.931820e+03	5.346162e-06
1.936799e+03	5.391789e-06
1.941778e+03	5.437769e-06
1.946756e+03	5.484102e-06
1.951735e+03	5.530793e-06
1.956714e+03	5.577843e-06
1.961693e+03	5.625255e-06
1.966672e+03	5.673031e-06
1.971651e+03	5.721173e-06
1.976630e+03	5.769685e-06
1.981609e+03	5.818568e-06
1.986588e+03	5.867824e-06
1.991567e+03	5.917458e-06
1.996546e+03	5.967470e-06
2.001525e+03	6.017864e-06
2.006503e+03	6.068641e-06
2.011482e+03	6.119806e-06
2.016461e+03	6.171359e-06
2.021440e+03	6.223304e-06
2.026419e+03	6.275643e-06
2.031398e+03	6.328379e-06
2.036377e+03	6.381514e-06
2.041356e+03	6.435052e-06
2.046335e+03	6.488994e-06
2.051314e+03	6.543344e-06
2.056293e+03	6.598103e-06
2.061272e+03	6.653275e-06
2.066250e+03	6.708863e-06
2.071229e+03	6.764869e-06
2.076208e+03	6.821295e-06
2.081187e+03	6.878145e-06
2.086166e+03	6.935421e-06
2.091145e+03	6.993127e-06
2.096124e+03	7.051264e-06
2.101103e+03	7.109835e-06
2.106082e+03	7.168845e-06
2.111061e+03	7.228294e-06
2.116040e+03	7.288186e-06
2.121019e+03	7.348525e-06
2.125997e+03	7.409312e-06
2.130976e+03	7.470551e-06
2.135955e+03	7.532244e-06
2.140934e+03	7.594395e-06
2.145913e+03	7.657006e-06
2.150892e+03	7.720080e-06
2.155871e+03	7.783621e-06
2.160850e+03	7.847631e-06
2.165829e+03	7.912113e-06
2.170808e+03	7.977070e-06
2.175787e+03	8.042505e-06
2.180766e+03	8.108422e-06
2.185744e+03	8.174823e-06
2.190723e+03	8.241711e-06
2.195702e+03	8.309089e-06
2.200681e+03	8.376961e-06
2.205660e+03	8.445330e-06
2.210639e+03	8.514198e-06
2.215618e+03	8.583569e-06
2.220597e+03	8.653446e-06
2.225576e+03	8.723831e-06
2.230555e+03	8.794730e-06
2.235534e+03	8.866143e-06
2.240513e+03	8.938076e-06
2.245491e+03	9.010530e-06
2.250470e+03	9.083509e-06
2.255449e+03	9.157016e-06
2.260428e+03	9.231056e-06
2.265407e+03	9.305630e-06
2.270386e+03	9.380742e-06
2.275365e+03	9.456395e-06
2.280344e+03	9.532594e-06
2.285323e+03	9.609341e-06
2.290302e+03	9.686639e-06
2.295281e+03	9.764492e-06
2.300260e+03	9.842903e-06
2.305238e+03	9.921876e-06
2.310217e+03	1.000141e-05
2.315196e+03	1.008152e-05
2.320175e+03	1.016220e-05
2.325154e+03	1.024345e-05
2.330133e+03	1.032529e-05
2.335112e+03	1.040770e-05
2.340091e+03	1.049070e-05
2.345070e+03	1.057430e-05
2.350049e+03	1.065848e-05
2.355028e+03	1.074326e-05
2.360007e+03	1.082864e-05
2.364985e+03	1.091463e-05
2.369964e+03	1.100122e-05
2.374943e+03	1.108842e-05
2.379922e+03	1.117624e-05
2.384901e+03	1.126467e-05
2.389880e+03	1.135373e-05
2.394859e+03	1.144341e-05
2.399838e+03	1.153373e-05
2.404817e+03	1.162467e-05
2.409796e+03	1.171626e-05
2.414775e+03	1.180848e-05
2.419754e+03	1.190135e-05
2.424732e+03	1.199486e-05
2.429711e+03	1.208903e-05
2.434690e+03	1.218386e-05
2.439669e+03	1.227934e-05
2.444648e+03	1.237549e-05
2.449627e+03	1.247230e-05
2.454606e+03	1.256979e-05
2.459585e+03	1.266795e-05
2.464564e+03	1.276679e-05
2.469543e+03	1.286631e-05
2.474522e+03	1.296652e-05
2.479501e+03	1.306742e-05
2.484479e+03	1.316902e-05
2.489458e+03	1.327131e-05
2.494437e+03	1.337431e-05
2.499416e+03	1.347801e-05
2.504395e+03	1.358243e-05
2.509374e+03	1.368756e-05
2.514353e+03	1.379341e-05
2.519332e+03	1.389999e-05
2.524311e+03	1.400729e-05
2.529290e+03	1.411532e-05
2.534269e+03	1.422409e-05
2.539248e+03	1.433360e-05
2.544226e+03	1.444385e-05
2.549205e+03	1.455485e-05
2.554184e+03	1.466660e-05
2.559163e+03	1.477911e-05
2.564142e+03	1.489238e-05
2.569121e+03	1.500642e-05
2.574100e+03	1.512123e-05
2.579079e+03	1.523681e-05
2.584058e+03	1.535316e-05
2.589037e+03	1.547031e-05
2.594016e+03	1.558823e-05
2.598995e+03	1.570695e-05
2.603973e+03	1.582647e-05
2.608952e+03	1.594678e-05
2.613931e+03	1.606790e-05
2.618910e+03	1.618983e-05
2.623889e+03	1.631257e-05
2.628868e+03	1.643613e-05
2.633847e+03	1.656051e-05
2.638826e+03	1.668572e-05
2.643805e+03	1.681176e-05
2.648784e+03	1.693864e-05
2.653763e+03	1.706636e-05
2.658742e+03	1.719492e-05
2.663720e+03	1.732433e-05
2.668699e+03	1.745460e-05
2.673678e+03	1.758573e-05
2.678657e+03	1.771772e-05
2.683636e+03	1.785057e-05
2.688615e+03	1.798431e-05
2.693594e+03	1.811891e-05
2.698573e+03	1.825441e-05
2.703552e+03	1.839078e-05
2.708531e+03	1.852805e-05
2.713510e+03	1.866622e-05
2.718489e+03	1.880529e-05
2.723467e+03	1.894526e-05
2.728446e+03	1.908615e-05
2.733425e+03	1.922795e-05
2.738404e+03	1.937067e-05
2.743383e+03	1.951432e-05
2.748362e+03	1.965890e-05
2.753341e+03	1.980441e-05
2.758320e+03	1.995087e-05
2.763299e+03	2.009827e-05
2.768278e+03	2.024662e-05
2.773257e+03	2.039592e-05
2.778236e+03	2.054619e-05
2.783214e+03	2.069742e-05
2.788193e+03	2.084962e-05
2.793172e+03	2.100280e-05
2.798151e+03	2.115696e-05
2.803130e+03	2.131210e-05
2.808109e+03	2.146823e-05
2.813088e+03	2.162536e-05
2.818067e+03	2.178349e-05
2.823046e+03	2.194263e-05
2.828025e+03	2.210277e-05
2.833004e+03	2.226394e-05
2.837983e+03	2.242612e-05
2.842961e+03	2.258933e-05
2.847940e+03	2.275357e-05
2.852919e+03	2.291885e-05
2.857898e+03	2.308518e-05
2.862877e+03	2.325255e-05
2.867856e+03	2.342097e-05
2.872835e+03	2.359045e-05
2.877814e+03	2.376100e-05
2.882793e+03	2.393261e-05
2.887772e+03	2.410530e-05
2.892751e+03	2.427907e-05
2.897730e+03	2.445392e-05
2.902708e+03	2.462986e-05
2.907687e+03	2.480690e-05
2.912666e+03	2.498504e-05
2.917645e+03	2.516429e-05
2.922624e+03	2.534465e-05
2.927603e+03	2.552613e-05
2.932582e+03	2.570873e-05
2.937561e+03	2.589246e-05
2.942540e+03	2.607732e-05
2.947519e+03	2.626333e-05
2.952498e+03	2.645048e-05
2.957477e+03	2.663878e-05
2.962455e+03	2.682824e-05
2.967434e+03	2.701886e-05
2.972413e+03	2.721064e-05
2.977392e+03	2.740361e-05
2.982371e+03	2.759775e-05
2.987350e+03	2.779307e-05
2.992329e+03	2.798959e-05
2.997308e+03	2.818730e-05
3.002287e+03	2.838622e-05
3.007266e+03	2.858634e-05
3.012245e+03	2.878768e-05
3.017224e+03	2.899023e-05
3.022202e+03	2.919401e-05
3.027181e+03	2.939902e-05
3.032160e+03	2.960527e-05
3.037139e+03	2.981276e-05
3.042118e+03	3.002150e-05
3.047097e+03	3.023150e-05
3.052076e+03	3.044275e-05
3.057055e+03	3.065527e-05
3.062034e+03	3.086907e-05
3.067013e+03	3.108414e-05
3.071992e+03	3.130049e-05
3.076971e+03	3.151814e-05
3.081949e+03	3.173708e-05
3.086928e+03	3.195732e-05
3.091907e+03	3.217887e-05
3.096886e+03	3.240174e-05
3.101865e+03	3.262592e-05
3.106844e+03	3.285143e-05
3.111823e+03	3.307828e-05
3.116802e+03	3.330646e-05
3.121781e+03	3.353598e-05
3.126760e+03	3.376686e-05
3.131739e+03	3.399909e-05
3.136718e+03	3.423268e-05
3.141696e+03	3.446765e-05
3.146675e+03	3.470399e-05
3.151654e+03	3.494170e-05
3.156633e+03	3.518081e-05
3.161612e+03	3.542131e-05
3.166591e+03	3.566321e-05
3.171570e+03	3.590652e-05
3.176549e+03	3.615124e-05
3.181528e+03	3.639737e-05
3.186507e+03	3.664493e-05
3.191486e+03	3.689393e-05
3.196465e+03	3.714436e-05
3.201443e+03	3.739623e-05
3.206422e+03	3.764955e-05
3.211401e+03	3.790433e-05
3.216380e+03	3.816058e-05
3.221359e+03	3.841829e-05
3.226338e+03	3.867748e-05
3.231317e+03	3.893814e-05
3.236296e+03	3.920030e-05
3.241275e+03	3.946395e-05
3.246254e+03	3.972911e-05
3.251233e+03	3.999577e-05
3.256212e+03	4.026394e-05
3.261190e+03	4.053363e-05
3.266169e+03	4.080486e-05
3.271148e+03	4.107761e-05
3.276127e+03	4.135190e-05
3.281106e+03	4.162775e-05
3.286085e+03	4.190514e-05
3.291064e+03	4.218409e-05
3.296043e+03	4.246461e-05
3.301022e+03	4.274670e-05
3.306001e+03	4.303037e-05
3.310980e+03	4.331563e-05
3.315959e+03	4.360248e-05
3.320937e+03	4.389093e-05
3.325916e+03	4.418098e-05
3.330895e+03	4.447265e-05
3.335874e+03	4.476593e-05
3.340853e+03	4.506084e-05
3.345832e+03	4.535738e-05
3.350811e+03	4.565556e-05
3.355790e+03	4.595539e-05
3.360769e+03	4.625687e-05
3.365748e+03	4.656000e-05
3.370727e+03	4.686480e-05
3.375706e+03	4.717128e-05
3.380684e+03	4.747943e-05
3.385663e+03	4.778927e-05
3.390642e+03	4.810080e-05
3.395621e+03	4.841403e-05
3.400600e+03	4.872897e-05
3.405579e+03	4.904561e-05
3.410558e+03	4.936398e-05
3.415537e+03	4.968408e-05
3.420516e+03	5.000590e-05
3.425495e+03	5.032947e-05
3.430474e+03	5.065478e-05
3.435453e+03	5.098185e-05
3.440431e+03	5.131068e-05
3.445410e+03	5.164127e-05
3.450389e+03	5.197364e-05
3.455368e+03	5.230779e-05
3.460347e+03	5.264373e-05
3.465326e+03	5.298146e-05
3.470305e+03	5.332099e-05
3.475284e+03	5.366233e-05
3.480263e+03	5.400548e-05
3.485242e+03	5.435046e-05
3.490221e+03	5.469727e-05
3.495200e+03	5.504591e-05
3.500178e+03	5.539640e-05
3.505157e+03	5.574873e-05
3.510136e+03	5.610292e-05
3.515115e+03	5.645898e-05
3.520094e+03	5.681690e-05
3.525073e+03	5.717670e-05
3.530052e+03	5.753839e-05
3.535031e+03	5.790197e-05
3.540010e+03	5.826744e-05
3.544989e+03	5.863483e-05
3.549968e+03	5.900412e-05
3.554947e+03	5.937533e-05
3.559925e+03	5.974847e-05
3.564904e+03	6.012354e-05
3.569883e+03	6.050055e-05
3.574862e+03	6.087951e-05
3.579841e+03	6.126042e-05
3.584820e+03	6.164330e-05
3.589799e+03	6.202814e-05
3.594778e+03	6.241495e-05
3.599757e+03	6.280375e-05
3.604736e+03	6.319454e-05
3.609715e+03	6.358732e-05
3.614694e+03	6.398211e-05
3.619672e+03	6.437890e-05
3.624651e+03	6.477772e-05
3.629630e+03	6.517855e-05
3.634609e+03	6.558142e-05
3.639588e+03	6.598633e-05
3.644567e+03	6.639328e-05
3.649546e+03	6.680228e-05
3.654525e+03	6.721334e-05
3.659504e+03	6.762647e-05
3.664483e+03	6.804167e-05
3.669462e+03	6.845895e-05
3.674441e+03	6.887832e-05
3.679419e+03	6.929978e-05
3.684398e+03	6.972335e-05
3.689377e+03	7.014902e-05
3.694356e+03	7.057681e-05
3.699335e+03	7.100672e-05
3.704314e+03	7.143875e-05
3.709293e+03	7.187293e-05
3.714272e+03	7.230925e-05
3.719251e+03	7.274772e-05
3.724230e+03	7.318834e-05
3.729209e+03	7.363113e-05
3.734188e+03	7.407609e-05
3.739166e+03	7.452323e-05
3.744145e+03	7.497256e-05
3.749124e+03	7.542408e-05
3.754103e+03	7.587779e-05
3.759082e+03	7.633372e-05
3.764061e+03	7.679185e-05
3.769040e+03	7.725221e-05
3.774019e+03	7.771480e-05
3.778998e+03	7.817961e-05
3.783977e+03	7.864667e-05
3.788956e+03	7.911598e-05
3.793935e+03	7.958755e-05
3.798913e+03	8.006137e-05
3.803892e+03	8.053747e-05
3.808871e+03	8.101584e-05
3.813850e+03	8.149649e-05
3.818829e+03	8.197943e-05
3.823808e+03	8.246467e-05
3.828787e+03	8.295222e-05
3.833766e+03	8.344207e-05
3.838745e+03	8.393425e-05
3.843724e+03	8.442874e-05
3.848703e+03	8.492557e-05
3.853682e+03	8.542474e-05
3.858660e+03	8.592625e-05
3.863639e+03	8.643012e-05
3.868618e+03	8.693634e-05
3.873597e+03	8.744493e-05
3.878576e+03	8.795589e-05
3.883555e+03	8.846923e-05
3.888534e+03	8.898496e-05
3.893513e+03	8.950308e-05
3.898492e+03	9.002360e-05
3.903471e+03	9.054653e-05
3.908450e+03	9.107187e-05
3.913429e+03	9.159963e-05
3.918407e+03	9.212982e-05
3.923386e+03	9.266244e-05
3.928365e+03	9.319751e-05
3.933344e+03	9.373502e-05
3.938323e+03	9.427498e-05
3.943302e+03	9.481741e-05
3.948281e+03	9.536230e-05
3.953260e+03	9.590967e-05
3.958239e+03	9.645952e-05
3.963218e+03	9.701185e-05
3.968197e+03	9.756668e-05
3.973176e+03	9.812401e-05
3.978154e+03	9.868385e-05
3.983133e+03	9.924621e-05
3.988112e+03	9.981108e-05
3.993091e+03	1.003785e-04
3.998070e+03	1.009484e-04
4.003049e+03	1.015209e-04
4.008028e+03	1.020959e-04
4.013007e+03	1.026735e-04
4.017986e+03	1.032536e-04
4.022965e+03	1.038363e-04
4.027944e+03	1.044216e-04
4.032923e+03	1.050095e-04
4.037901e+03	1.055999e-04
4.042880e+03	1.061929e-04
4.047859e+03	1.067886e-04
4.052838e+03	1.073868e-04
4.057817e+03	1.079876e-04
4.062796e+03	1.085911e-04
4.067775e+03	1.091972e-04
4.072754e+03	1.098059e-04
4.077733e+03	1.104173e-04
4.082712e+03	1.110313e-04
4.087691e+03	1.116479e-04
4.092670e+03	1.122672e-04
4.097648e+03	1.128892e-04
4.102627e+03	1.135138e-04
4.107606e+03	1.141411e-04
4.112585e+03	1.147711e-04
4.117564e+03	1.154038e-04
4.122543e+03	1.160392e-04
4.127522e+03	1.166772e-04
4.132501e+03	1.173180e-04
4.137480e+03	1.179615e-04
4.142459e+03	1.186077e-04
4.147438e+03	1.192566e-04
4.152417e+03	1.199083e-04
4.157395e+03	1.205627e-04
4.162374e+03	1.212198e-04
4.167353e+03	1.218796e-04
4.172332e+03	1.225423e-04
4.177311e+03	1.232077e-04
4.182290e+03	1.238758e-04
4.187269e+03	1.245467e-04
4.192248e+03	1.252204e-04
4.197227e+03	1.258969e-04
4.202206e+03	1.265762e-04
4.207185e+03	1.272582e-04
4.212164e+03	1.279431e-04
4.217142e+03	1.286307e-04
4.222121e+03	1.293212e-04
4.227100e+03	1.300145e-04
4.232079e+03	1.307106e-04
4.237058e+03	1.314095e-04
4.242037e+03	1.321113e-04
4.247016e+03	1.328159e-04
4.251995e+03	1.335233e-04
4.256974e+03	1.342336e-04
4.261953e+03	1.349468e-04
4.266932e+03	1.356628e-04
4.271911e+03	1.363816e-04
4.276889e+03	1.371034e-04
4.281868e+03	1.378280e-04
4.286847e+03	1.385555e-04
4.291826e+03	1.392859e-04
4.296805e+03	1.400191e-04
4.301784e+03	1.407553e-04
4.306763e+03	1.414944e-04
4.311742e+03	1.422364e-04
4.316721e+03	1.429812e-04
4.321700e+03	1.437290e-04
4.326679e+03	1.444798e-04
4.331658e+03	1.452334e-04
4.336636e+03	1.459900e-04
4.341615e+03	1.467495e-04
4.346594e+03	1.475120e-04
4.351573e+03	1.482774e-04
4.356552e+03	1.490457e-04
4.361531e+03	1.498170e-04
4.366510e+03	1.505913e-04
4.371489e+03	1.513685e-04
4.376468e+03	1.521487e-04
4.381447e+03	1.529319e-04
4.386426e+03	1.537181e-04
4.391405e+03	1.545072e-04
4.396383e+03	1.552993e-04
4.401362e+03	1.560944e-04
4.406341e+03	1.568925e-04
4.411320e+03	1.576937e-04
4.416299e+03	1.584978e-04
4.421278e+03	1.593049e-04
4.426257e+03	1.601150e-04
4.431236e+03	1.609282e-04
4.436215e+03	1.617444e-04
4.441194e+03	1.625636e-04
4.446173e+03	1.633858e-04
4.451152e+03	1.642111e-04
4.456130e+03	1.650394e-04
4.461109e+03	1.658707e-04
4.466088e+03	1.667051e-04
4.471067e+03	1.675425e-04
4.476046e+03	1.683830e-04
4.481025e+03	1.692266e-04
4.486004e+03	1.700732e-04
4.490983e+03	1.709229e-04
4.495962e+03	1.717756e-04
4.500941e+03	1.726314e-04
4.505920e+03	1.734903e-04
4.510899e+03	1.743523e-04
4.515877e+03	1.752173e-04
4.520856e+03	1.760855e-04
4.525835e+03	1.769567e-04
4.530814e+03	1.778310e-04
4.535793e+03	1.787084e-04
4.540772e+03	1.795889e-04
4.545751e+03	1.804725e-04
4.550730e+03	1.813592e-04
4.555709e+03	1.822491e-04
4.560688e+03	1.831420e-04
4.565667e+03	1.840381e-04
4.570646e+03	1.849372e-04
4.575624e+03	1.858395e-04
4.580603e+03	1.867449e-04
4.585582e+03	1.876534e-04
4.590561e+03	1.885651e-04
4.595540e+03	1.894799e-04
4.600519e+03	1.903978e-04
4.605498e+03	1.913189e-04
4.610477e+03	1.922431e-04
4.615456e+03	1.931704e-04
4.620435e+03	1.941009e-04
4.625414e+03	1.950346e-04
4.630393e+03	1.959713e-04
4.635371e+03	1.969113e-04
4.640350e+03	1.978543e-04
4.645329e+03	1.988006e-04
4.650308e+03	1.997500e-04
4.655287e+03	2.007025e-04
4.660266e+03	2.016582e-04
4.665245e+03	2.026171e-04
4.670224e+03	2.035792e-04
4.675203e+03	2.045444e-04
4.680182e+03	2.055127e-04
4.685161e+03	2.064843e-04
4.690140e+03	2.074590e-04
4.695118e+03	2.084369e-04
4.700097e+03	2.094180e-04
4.705076e+03	2.104022e-04
4.710055e+03	2.113896e-04
4.715034e+03	2.123802e-04
4.720013e+03	2.133740e-04
4.724992e+03	2.143709e-04
4.729971e+03	2.153711e-04
4.734950e+03	2.163744e-04
4.739929e+03	2.173809e-04
4.744908e+03	2.183906e-04
4.749887e+03	2.194035e-04
4.754865e+03	2.204196e-04
4.759844e+03	2.214388e-04
4.764823e+03	2.224613e-04
4.769802e+03	2.234869e-04
4.774781e+03	2.245157e-04
4.779760e+03	2.255477e-04
4.784739e+03	2.265829e-04
4.789718e+03	2.276213e-04
4.794697e+03	2.286629e-04
4.799676e+03	2.297077e-04
4.804655e+03	2.307557e-04
4.809634e+03	2.318069e-04
4.814612e+03	2.328612e-04
4.819591e+03	2.339188e-04
4.824570e+03	2.349795e-04
4.829549e+03	2.360435e-04
4.834528e+03	2.371106e-04
4.839507e+03	2.381809e-04
4.844486e+03	2.392545e-04
4.849465e+03	2.403312e-04
4.854444e+03	2.414111e-04
4.859423e+03	2.424942e-04
4.864402e+03	2.435804e-04
4.869381e+03	2.446699e-04
4.874359e+03	2.457626e-04
4.879338e+03	2.468584e-04
4.884317e+03	2.479575e-04
4.889296e+03	2.490597e-04
4.894275e+03	2.501651e-04
4.899254e+03	2.512737e-04
4.904233e+03	2.523855e-04
4.909212e+03	2.535004e-04
4.914191e+03	2.546186e-04
4.919170e+03	2.557399e-04
4.924149e+03	2.568644e-04
4.929128e+03	2.579921e-04
4.934106e+03	2.591229e-04
4.939085e+03	2.602570e-04
4.944064e+03	2.613942e-04
4.949043e+03	2.625345e-04
4.954022e+03	2.636781e-04
4.959001e+03	2.648248e-04
4.963980e+03	2.659746e-04
4.968959e+03	2.671277e-04
4.973938e+03	2.682838e-04
4.978917e+03	2.694432e-04
4.983896e+03	2.706057e-04
4.988875e+03	2.717714e-04
4.993853e+03	2.729402e-04
4.998832e+03	2.741121e-04
5.003811e+03	2.752872e-04
5.008790e+03	2.764655e-04
5.013769e+03	2.776469e-04
5.018748e+03	2.788314e-04
5.023727e+03	2.800190e-04
5.028706e+03	2.812098e-04
5.033685e+03	2.824038e-04
5.038664e+03	2.836008e-04
5.043643e+03	2.848010e-04
5.048622e+03	2.860043e-04
5.053600e+03	2.872107e-04
5.058579e+03	2.884202e-04
5.063558e+03	2.896328e-04
5.068537e+03	2.908485e-04
5.073516e+03	2.920674e-04
5.078495e+03	2.932893e-04
5.083474e+03	2.945143e-04
5.088453e+03	2.957424e-04
5.093432e+03	2.969737e-04
5.098411e+03	2.982079e-04
5.103390e+03	2.994453e-04
5.108369e+03	3.006857e-04
5.113347e+03	3.019292e-04
5.118326e+03	3.031758e-04
5.123305e+03	3.044255e-04
5.128284e+03	3.056781e-04
5.133263e+03	3.069339e-04
5.138242e+03	3.081927e-04
5.143221e+03	3.094545e-04
5.148200e+03	3.107194e-04
5.153179e+03	3.119873e-04
5.158158e+03	3.132582e-04
5.163137e+03	3.145322e-04
5.168116e+03	3.158091e-04
5.173094e+03	3.170891e-04
5.178073e+03	3.183721e-04
5.183052e+03	3.196581e-04
5.188031e+03	3.209471e-04
5.193010e+03	3.222390e-04
5.197989e+03	3.235340e-04
5.202968e+03	3.248319e-04
5.207947e+03	3.261328e-04
5.212926e+03	3.274367e-04
5.217905e+03	3.287435e-04
5.222884e+03	3.300533e-04
5.227863e+03	3.313661e-04
5.232841e+03	3.326817e-04
5.237820e+03	3.340004e-04
5.242799e+03	3.353219e-04
5.247778e+03	3.366464e-04
5.252757e+03	3.379738e-04
5.257736e+03	3.393040e-04
5.262715e+03	3.406372e-04
5.267694e+03	3.419733e-04
5.272673e+03	3.433123e-04
5.277652e+03	3.446542e-04
5.282631e+03	3.459989e-04
5.287610e+03	3.473465e-04
5.292588e+03	3.486969e-04
5.297567e+03	3.500503e-04
5.302546e+03	3.514064e-04
5.307525e+03	3.527654e-04
5.312504e+03	3.541272e-04
5.317483e+03	3.554919e-04
5.322462e+03	3.568593e-04
5.327441e+03	3.582296e-04
5.332420e+03	3.596026e-04
5.337399e+03	3.609785e-04
5.342378e+03	3.623571e-04
5.347357e+03	3.637385e-04
5.352335e+03	3.651227e-04
5.357314e+03	3.665096e-04
5.362293e+03	3.678993e-04
5.367272e+03	3.692917e-04
5.372251e+03	3.706868e-04
5.377230e+03	3.720847e-04
5.382209e+03	3.734853e-04
5.387188e+03	3.748885e-04
5.392167e+03	3.762945e-04
5.397146e+03	3.777032e-04
5.402125e+03	3.791145e-04
5.407104e+03	3.805285e-04
5.412082e+03	3.819452e-04
5.417061e+03	3.833645e-04
5.422040e+03	3.847864e-04
5.427019e+03	3.862110e-04
5.431998e+03	3.876382e-04
5.436977e+03	3.890680e-04
5.441956e+03	3.905003e-04
5.446935e+03	3.919353e-04
5.451914e+03	3.933729e-04
5.456893e+03	3.948130e-04
5.461872e+03	3.962557e-04
5.466851e+03	3.977009e-04
5.471829e+03	3.991487e-04
5.476808e+03	4.005990e-04
5.481787e+03	4.020518e-04
5.486766e+03	4.035071e-04
5.491745e+03	4.049649e-04
5.496724e+03	4.064252e-04
5.501703e+03	4.078880e-04
5.506682e+03	4.093532e-04
5.511661e+03	4.108208e-04
5.516640e+03	4.122910e-04
5.521619e+03	4.137635e-04
5.526598e+03	4.152384e-04
5.531576e+03	4.167158e-04
5.536555e+03	4.181955e-04
5.541534e+03	4.196776e-04
5.546513e+03	4.211621e-04
5.551492e+03	4.226489e-04
5.556471e+03	4.241381e-04
5.561450e+03	4.256296e-04
5.566429e+03	4.271235e-04
5.571408e+03	4.286196e-04
5.576387e+03	4.301180e-04
5.581366e+03	4.316188e-04
5.586345e+03	4.331217e-04
5.591323e+03	4.346270e-04
5.596302e+03	4.361344e-04
5.601281e+03	4.376442e-04
5.606260e+03	4.391561e-04
5.611239e+03	4.406702e-04
5.616218e+03	4.421865e-04
5.621197e+03	4.437050e-04
5.626176e+03	4.452257e-04
5.631155e+03	4.467485e-04
5.636134e+03	4.482735e-04
5.641113e+03	4.498005e-04
5.646092e+03	4.513297e-04
5.651070e+03	4.528610e-04
5.656049e+03	4.543944e-04
5.661028e+03	4.559298e-04
5.666007e+03	4.574673e-04
5.670986e+03	4.590068e-04
5.675965e+03	4.605483e-04
5.680944e+03	4.620919e-04
5.685923e+03	4.636375e-04
5.690902e+03	4.651850e-04
5.695881e+03	4.667345e-04
5.700860e+03	4.682860e-04
5.705839e+03	4.698394e-04
5.710817e+03	4.713947e-04
5.715796e+03	4.729519e-04
5.720775e+03	4.745110e-04
5.725754e+03	4.760720e-04
5.730733e+03	4.776349e-04
5.735712e+03	4.791996e-04
5.740691e+03	4.807661e-04
5.745670e+03	4.823345e-04
5.750649e+03	4.839047e-04
5.755628e+03	4.854766e-04
5.760607e+03	4.870503e-04
5.765586e+03	4.886258e-04
5.770564e+03	4.902030e-04
5.775543e+03	4.917819e-04
5.780522e+03	4.933625e-04
5.785501e+03	4.949449e-04
5.790480e+03	4.965289e-04
5.795459e+03	4.981145e-04
5.800438e+03	4.997018e-04
5.805417e+03	5.012907e-04
5.810396e+03	5.028812e-04
5.815375e+03	5.044733e-04
5.820354e+03	5.060670e-04
5.825333e+03	5.076623e-04
5.830311e+03	5.092590e-04
5.835290e+03	5.108573e-04
5.840269e+03	5.124571e-04
5.845248e+03	5.140584e-04
5.850227e+03	5.156612e-04
5.855206e+03	5.172654e-04
5.860185e+03	5.188711e-04
5.865164e+03	5.204781e-04
5.870143e+03	5.220866e-04
5.875122e+03	5.236965e-04
5.880101e+03	5.253077e-04
5.885080e+03	5.269202e-04
5.890058e+03	5.285341e-04
5.895037e+03	5.301493e-04
5.900016e+03	5.317658e-04
5.904995e+03	5.333836e-04
5.909974e+03	5.350026e-04
5.914953e+03	5.366229e-04
5.919932e+03	5.382444e-04
5.924911e+03	5.398671e-04
5.929890e+03	5.414909e-04
5.934869e+03	5.431160e-04
5.939848e+03	5.447421e-04
5.944827e+03	5.463694e-04
5.949805e+03	5.479978e-04
5.954784e+03	5.496273e-04
5.959763e+03	5.512579e-04
5.964742e+03	5.528895e-04
5.969721e+03	5.545222e-04
5.974700e+03	5.561558e-04
5.979679e+03	5.577905e-04
5.984658e+03	5.594261e-04
5.989637e+03	5.610626e-04
5.994616e+03	5.627001e-04
5.999595e+03	5.643385e-04
6.004574e+03	5.659778e-04
6.009552e+03	5.676180e-04
6.014531e+03	5.692591e-04
6.019510e+03	5.709009e-04
6.024489e+03	5.725436e-04
6.029468e+03	5.741871e-04
6.034447e+03	5.758313e-04
6.039426e+03	5.774763e-04
6.044405e+03	5.791220e-04
6.049384e+03	5.807685e-04
6.054363e+03	5.824156e-04
6.059342e+03	5.840634e-04
6.064321e+03	5.857118e-04
6.069299e+03	5.873609e-04
6.074278e+03	5.890106e-04
6.079257e+03	5.906608e-04
6.084236e+03	5.923117e-04
6.089215e+03	5.939630e-04
6.094194e+03	5.956149e-04
6.099173e+03	5.972673e-04
6.104152e+03	5.989202e-04
6.109131e+03	6.005735e-04
6.114110e+03	6.022273e-04
6.119089e+03	6.038815e-04
6.124068e+03	6.055361e-04
6.129046e+03	6.071911e-04
6.134025e+03	6.088464e-04
6.139004e+03	6.105020e-04
6.143983e+03	6.121580e-04
6.148962e+03	6.138142e-04
6.153941e+03	6.154707e-04
6.158920e+03	6.171275e-04
6.163899e+03	6.187844e-04
6.168878e+03	6.204416e-04
6.173857e+03	6.220989e-04
6.178836e+03	6.237564e-04
6.183815e+03	6.254140e-04
6.188793e+03	6.270718e-04
6.193772e+03	6.287296e-04
6.198751e+03	6.303875e-04
6.203730e+03	6.320454e-04
6.208709e+03	6.337033e-04
6.213688e+03	6.353612e-04
6.218667e+03	6.370192e-04
6.223646e+03	6.386770e-04
6.228625e+03	6.403348e-04
6.233604e+03	6.419925e-04
6.238583e+03	6.436501e-04
6.243562e+03	6.453075e-04
6.248540e+03	6.469648e-04
6.253519e+03	6.486218e-04
6.258498e+03	6.502787e-04
6.263477e+03	6.519353e-04
6.268456e+03	6.535917e-04
6.273435e+03	6.552478e-04
6.278414e+03	6.569036e-04
6.283393e+03	6.585590e-04
6.288372e+03	6.602141e-04
6.293351e+03	6.618689e-04
6.298330e+03	6.635232e-04
6.303309e+03	6.651771e-04
6.308287e+03	6.668306e-04
6.313266e+03	6.684836e-04
6.318245e+03	6.701361e-04
6.323224e+03	6.717881e-04
6.328203e+03	6.734395e-04
6.333182e+03	6.750904e-04
6.338161e+03	6.767407e-04
6.343140e+03	6.783903e-04
6.348119e+03	6.800394e-04
6.353098e+03	6.816878e-04
6.358077e+03	6.833354e-04
6.363056e+03	6.849824e-04
6.368034e+03	6.866287e-04
6.373013e+03	6.882741e-04
6.377992e+03	6.899188e-04
6.382971e+03	6.915627e-04
6.387950e+03	6.932058e-04
6.392929e+03	6.948480e-04
6.397908e+03	6.964893e-04
6.402887e+03	6.981297e-04
6.407866e+03	6.997692e-04
6.412845e+03	7.014077e-04
6.417824e+03	7.030453e-04
6.422803e+03	7.046818e-04
6.427781e+03	7.063173e-04
6.432760e+03	7.079518e-04
6.437739e+03	7.095851e-04
6.442718e+03	7.112174e-04
6.447697e+03	7.128485e-04
6.452676e+03	7.144785e-04
6.457655e+03	7.161073e-04
6.462634e+03	7.177349e-04
6.467613e+03	7.193613e-04
6.472592e+03	7.209864e-04
6.477571e+03	7.226103e-04
6.482550e+03	7.242328e-04
6.487528e+03	7.258540e-04
6.492507e+03	7.274739e-04
6.497486e+03	7.290923e-04
6.502465e+03	7.307094e-04
6.507444e+03	7.323250e-04
6.512423e+03	7.339392e-04
6.517402e+03	7.355519e-04
6.522381e+03	7.371631e-04
6.527360e+03	7.387727e-04
6.532339e+03	7.403808e-04
6.537318e+03	7.419873e-04
6.542297e+03	7.435922e-04
6.547275e+03	7.451955e-04
6.552254e+03	7.467971e-04
6.557233e+03	7.483970e-04
6.562212e+03	7.499953e-04
6.567191e+03	7.515917e-04
6.572170e+03	7.531864e-04
6.577149e+03	7.547794e-04
6.582128e+03	7.563705e-04
6.587107e+03	7.579598e-04
6.592086e+03	7.595472e-04
6.597065e+03	7.611327e-04
6.602044e+03	7.627163e-04
6.607022e+03	7.642979e-04
6.612001e+03	7.658776e-04
6.616980e+03	7.674553e-04
6.621959e+03	7.690310e-04
6.626938e+03	7.706046e-04
6.631917e+03	7.721762e-04
6.636896e+03	7.737457e-04
6.641875e+03	7.753130e-04
6.646854e+03	7.768782e-04
6.651833e+03	7.784413e-04
6.656812e+03	7.800021e-04
6.661791e+03	7.815607e-04
6.666769e+03	7.831170e-04
6.671748e+03	7.846711e-04
6.676727e+03	7.862229e-04
6.681706e+03	7.877723e-04
6.686685e+03	7.893194e-04
6.691664e+03	7.908641e-04
6.696643e+03	7.924064e-04
6.701622e+03	7.939463e-04
6.706601e+03	7.954837e-04
6.711580e+03	7.970186e-04
6.716559e+03	7.985510e-04
6.721538e+03	8.000809e-04
6.726516e+03	8.016082e-04
6.731495e+03	8.031329e-04
6.736474e+03	8.046551e-04
6.741453e+03	8.061745e-04
6.746432e+03	8.076913e-04
6.751411e+03	8.092055e-04
6.756390e+03	8.107169e-04
6.761369e+03	8.122255e-04
6.766348e+03	8.137314e-04
6.771327e+03	8.152345e-04
6.776306e+03	8.167348e-04
6.781285e+03	8.182323e-04
6.786263e+03	8.197268e-04
6.791242e+03	8.212185e-04
6.796221e+03	8.227073e-04
6.801200e+03	8.241931e-04
6.806179e+03	8.256759e-04
6.811158e+03	8.271557e-04
6.816137e+03	8.286325e-04
6.821116e+03	8.301063e-04
6.826095e+03	8.315769e-04
6.831074e+03	8.330445e-04
6.836053e+03	8.345090e-04
6.841032e+03	8.359703e-04
6.846010e+03	8.374284e-04
6.850989e+03	8.388833e-04
6.855968e+03	8.403350e-04
6.860947e+03	8.417834e-04
6.865926e+03	8.432285e-04
6.870905e+03	8.446704e-04
6.875884e+03	8.461089e-04
6.880863e+03	8.475440e-04
6.885842e+03	8.489758e-04
6.890821e+03	8.504041e-04
6.895800e+03	8.518291e-04
6.900779e+03	8.532505e-04
6.905757e+03	8.546685e-04
6.910736e+03	8.560830e-04
6.915715e+03	8.574939e-04
6.920694e+03	8.589013e-04
6.925673e+03	8.603051e-04
6.930652e+03	8.617053e-04
6.935631e+03	8.631018e-04
6.940610e+03	8.644947e-04
6.945589e+03	8.658839e-04
6.950568e+03	8.672694e-04
6.955547e+03	8.686512e-04
6.960526e+03	8.700292e-04
6.965504e+03	8.714034e-04
6.970483e+03	8.727738e-04
6.975462e+03	8.741404e-04
6.980441e+03	8.755031e-04
6.985420e+03	8.768619e-04
6.990399e+03	8.782168e-04
6.995378e+03	8.795678e-04
7.000357e+03	8.809148e-04
7.005336e+03	8.822579e-04
7.010315e+03	8.835969e-04
7.015294e+03	8.849320e-04
7.020273e+03	8.862629e-04
7.025251e+03	8.875898e-04
7.030230e+03	8.889126e-04
7.035209e+03	8.902312e-04
7.040188e+03	8.915457e-04
7.045167e+03	8.928560e-04
7.050146e+03	8.941621e-04
7.055125e+03	8.954640e-04
7.060104e+03	8.967617e-04
7.065083e+03	8.980550e-04
7.070062e+03	8.993441e-04
7.075041e+03	9.006289e-04
7.080020e+03	9.019093e-04
7.084998e+03	9.031853e-04
7.089977e+03	9.044570e-04
7.094956e+03	9.057242e-04
7.099935e+03	9.069870e-04
7.104914e+03	9.082453e-04
7.109893e+03	9.094992e-04
7.114872e+03	9.107485e-04
7.119851e+03	9.119933e-04
7.124830e+03	9.132336e-04
7.129809e+03	9.144692e-04
7.134788e+03	9.157003e-04
7.139767e+03	9.169267e-04
7.144745e+03	9.181485e-04
7.149724e+03	9.193657e-04
7.154703e+03	9.205781e-04
7.159682e+03	9.217858e-04
7.164661e+03	9.229888e-04
7.169640e+03	9.241870e-04
7.174619e+03	9.253804e-04
7.179598e+03	9.265690e-04
7.184577e+03	9.277528e-04
7.189556e+03	9.289318e-04
7.194535e+03	9.301058e-04
7.199514e+03	9.312750e-04
7.204492e+03	9.324392e-04
7.209471e+03	9.335986e-04
7.214450e+03	9.347529e-04
7.219429e+03	9.359023e-04
7.224408e+03	9.370466e-04
7.229387e+03	9.381859e-04
7.234366e+03	9.393202e-04
7.239345e+03	9.404494e-04
7.244324e+03	9.415735e-04
7.249303e+03	9.426925e-04
7.254282e+03	9.438063e-04
7.259261e+03	9.449150e-04
7.264239e+03	9.460186e-04
7.269218e+03	9.471169e-04
7.274197e+03	9.482100e-04
7.279176e+03	9.492978e-04
7.284155e+03	9.503804e-04
7.289134e+03	9.514577e-04
7.294113e+03	9.525297e-04
7.299092e+03	9.535964e-04
7.304071e+03	9.546577e-04
7.309050e+03	9.557137e-04
7.314029e+03	9.567642e-04
7.319008e+03	9.578094e-04
7.323986e+03	9.588491e-04
7.328965e+03	9.598834e-04
7.333944e+03	9.609122e-04
7.338923e+03	9.619356e-04
7.343902e+03	9.629534e-04
7.348881e+03	9.639657e-04
7.353860e+03	9.649724e-04
7.358839e+03	9.659736e-04
7.363818e+03	9.669692e-04
7.368797e+03	9.679592e-04
7.373776e+03	9.689436e-04
7.378755e+03	9.699223e-04
7.383733e+03	9.708953e-04
7.388712e+03	9.718627e-04
7.393691e+03	9.728244e-04
7.398670e+03	9.737803e-04
7.403649e+03	9.747305e-04
7.408628e+03	9.756750e-04
7.413607e+03	9.766137e-04
7.418586e+03	9.775466e-04
7.423565e+03	9.784736e-04
7.428544e+03	9.793949e-04
7.433523e+03	9.803102e-04
7.438502e+03	9.812198e-04
7.443480e+03	9.821234e-04
7.448459e+03	9.830211e-04
7.453438e+03	9.839130e-04
7.458417e+03	9.847988e-04
7.463396e+03	9.856787e-04
7.468375e+03	9.865527e-04
7.473354e+03	9.874206e-04
7.478333e+03	9.882826e-04
7.483312e+03	9.891385e-04
7.488291e+03	9.899884e-04
7.493270e+03	9.908322e-04
7.498249e+03	9.916700e-04
7.503227e+03	9.925016e-04
7.508206e+03	9.933272e-04
7.513185e+03	9.941466e-04
7.518164e+03	9.949599e-04
7.523143e+03	9.957670e-04
7.528122e+03	9.965679e-04
7.533101e+03	9.973627e-04
7.538080e+03	9.981513e-04
7.543059e+03	9.989336e-04
7.548038e+03	9.997097e-04
7.553017e+03	1.000480e-03
7.557996e+03	1.001243e-03
7.562974e+03	1.002000e-03
7.567953e+03	1.002751e-03
7.572932e+03	1.003496e-03
7.577911e+03	1.004234e-03
7.582890e+03	1.004966e-03
7.587869e+03	1.005692e-03
7.592848e+03	1.006411e-03
7.597827e+03	1.007124e-03
7.602806e+03	1.007831e-03
7.607785e+03	1.008531e-03
7.612764e+03	1.009225e-03
7.617743e+03	1.009912e-03
7.622721e+03	1.010593e-03
7.627700e+03	1.011267e-03
7.632679e+03	1.011935e-03
7.637658e+03	1.012596e-03
7.642637e+03	1.013251e-03
7.647616e+03	1.013899e-03
7.652595e+03	1.014541e-03
7.657574e+03	1.015176e-03
7.662553e+03	1.015805e-03
7.667532e+03	1.016427e-03
7.672511e+03	1.017042e-03
7.677490e+03	1.017651e-03
7.682468e+03	1.018253e-03
7.687447e+03	1.018849e-03
7.692426e+03	1.019438e-03
7.697405e+03	1.020020e-03
7.702384e+03	1.020596e-03
7.707363e+03	1.021165e-03
7.712342e+03	1.021727e-03
7.717321e+03	1.022283e-03
7.722300e+03	1.022832e-03
7.727279e+03	1.023374e-03
7.732258e+03	1.023909e-03
7.737237e+03	1.024438e-03
7.742215e+03	1.024960e-03
7.747194e+03	1.025475e-03
7.752173e+03	1.025984e-03
7.757152e+03	1.026486e-03
7.762131e+03	1.026981e-03
7.767110e+03	1.027469e-03
7.772089e+03	1.027950e-03
7.777068e+03	1.028424e-03
7.782047e+03	1.028892e-03
7.787026e+03	1.029353e-03
7.792005e+03	1.029807e-03
7.796984e+03	1.030254e-03
7.801962e+03	1.030694e-03
7.806941e+03	1.031127e-03
7.811920e+03	1.031554e-03
7.816899e+03	1.031973e-03
7.821878e+03	1.032386e-03
7.826857e+03	1.032792e-03
7.831836e+03	1.033191e-03
7.836815e+03	1.033582e-03
7.841794e+03	1.033967e-03
7.846773e+03	1.034345e-03
7.851752e+03	1.034716e-03
7.856731e+03	1.035081e-03
7.861709e+03	1.035438e-03
7.866688e+03	1.035788e-03
7.871667e+03	1.036131e-03
7.876646e+03	1.036467e-03
7.881625e+03	1.036796e-03
7.886604e+03	1.037119e-03
7.891583e+03	1.037434e-03
7.896562e+03	1.037742e-03
7.901541e+03	1.038043e-03
7.906520e+03	1.038337e-03
7.911499e+03	1.038624e-03
7.916478e+03	1.038905e-03
7.921456e+03	1.039178e-03
7.926435e+03	1.039443e-03
7.931414e+03	1.039702e-03
7.936393e+03	1.039954e-03
7.941372e+03	1.040199e-03
7.946351e+03	1.040437e-03
7.951330e+03	1.040667e-03
7.956309e+03	1.040891e-03
7.961288e+03	1.041107e-03
7.966267e+03	1.041317e-03
7.971246e+03	1.041519e-03
7.976225e+03	1.041714e-03
7.981203e+03	1.041902e-03
7.986182e+03	1.042083e-03
7.991161e+03	1.042257e-03
7.996140e+03	1.042424e-03
8.001119e+03	1.042584e-03
8.006098e+03	1.042736e-03
8.011077e+03	1.042882e-03
8.016056e+03	1.043020e-03
8.021035e+03	1.043151e-03
8.026014e+03	1.043275e-03
8.030993e+03	1.043392e-03
8.035972e+03	1.043502e-03
8.040950e+03	1.043604e-03
8.045929e+03	1.043700e-03
8.050908e+03	1.043788e-03
8.055887e+03	1.043869e-03
8.060866e+03	1.043943e-03
8.065845e+03	1.044010e-03
8.070824e+03	1.044070e-03
8.075803e+03	1.044122e-03
8.080782e+03	1.044168e-03
8.085761e+03	1.044206e-03
8.090740e+03	1.044237e-03
8.095719e+03	1.044261e-03
8.100697e+03	1.044278e-03
8.105676e+03	1.044288e-03
8.110655e+03	1.044290e-03
8.115634e+03	1.044285e-03
8.120613e+03	1.044274e-03
8.125592e+03	1.044255e-03
8.130571e+03	1.044229e-03
8.135550e+03	1.044195e-03
8.140529e+03	1.044155e-03
8.145508e+03	1.044107e-03
8.150487e+03	1.044053e-03
8.155466e+03	1.043991e-03
8.160444e+03	1.043922e-03
8.165423e+03	1.043845e-03
8.170402e+03	1.043762e-03
8.175381e+03	1.043672e-03
8.180360e+03	1.043574e-03
8.185339e+03	1.043469e-03
8.190318e+03	1.043357e-03
8.195297e+03	1.043238e-03
8.200276e+03	1.043112e-03
8.205255e+03	1.042979e-03
8.210234e+03	1.042839e-03
8.215213e+03	1.042691e-03
8.220191e+03	1.042536e-03
8.225170e+03	1.042375e-03
8.230149e+03	1.042206e-03
8.235128e+03	1.042030e-03
8.240107e+03	1.041847e-03
8.245086e+03	1.041656e-03
8.250065e+03	1.041459e-03
8.255044e+03	1.041255e-03
8.260023e+03	1.041043e-03
8.265002e+03	1.040825e-03
8.269981e+03	1.040599e-03
8.274960e+03	1.040366e-03
8.279938e+03	1.040126e-03
8.284917e+03	1.039879e-03
8.289896e+03	1.039625e-03
8.294875e+03	1.039364e-03
8.299854e+03	1.039096e-03
8.304833e+03	1.038821e-03
8.309812e+03	1.038539e-03
8.314791e+03	1.038250e-03
8.319770e+03	1.037954e-03
8.324749e+03	1.037650e-03
8.329728e+03	1.037340e-03
8.334707e+03	1.037023e-03
8.339685e+03	1.036698e-03
8.344664e+03	1.036367e-03
8.349643e+03	1.036029e-03
8.354622e+03	1.035683e-03
8.359601e+03	1.035331e-03
8.364580e+03	1.034972e-03
8.369559e+03	1.034606e-03
8.374538e+03	1.034233e-03
8.379517e+03	1.033853e-03
8.384496e+03	1.033466e-03
8.389475e+03	1.033072e-03
8.394454e+03	1.032671e-03
8.399432e+03	1.032263e-03
8.404411e+03	1.031848e-03
8.409390e+03	1.031426e-03
8.414369e+03	1.030998e-03
8.419348e+03	1.030563e-03
8.424327e+03	1.030120e-03
8.429306e+03	1.029671e-03
8.434285e+03	1.029215e-03
8.439264e+03	1.028752e-03
8.444243e+03	1.028283e-03
8.449222e+03	1.027806e-03
8.454201e+03	1.027323e-03
8.459179e+03	1.026833e-03
8.464158e+03	1.026336e-03
8.469137e+03	1.025832e-03
8.474116e+03	1.025321e-03
8.479095e+03	1.024804e-03
8.484074e+03	1.024280e-03
8.489053e+03	1.023749e-03
8.494032e+03	1.023212e-03
8.499011e+03	1.022668e-03
8.503990e+03	1.022117e-03
8.508969e+03	1.021559e-03
8.513948e+03	1.020995e-03
8.518926e+03	1.020424e-03
8.523905e+03	1.019846e-03
8.528884e+03	1.019262e-03
8.533863e+03	1.018671e-03
8.538842e+03	1.018073e-03
8.543821e+03	1.017469e-03
8.548800e+03	1.016858e-03
8.553779e+03	1.016241e-03
8.558758e+03	1.015617e-03
8.563737e+03	1.014986e-03
8.568716e+03	1.014349e-03
8.573695e+03	1.013705e-03
8.578673e+03	1.013055e-03
8.583652e+03	1.012398e-03
8.588631e+03	1.011735e-03
8.593610e+03	1.011065e-03
8.598589e+03	1.010389e-03
8.603568e+03	1.009706e-03
8.608547e+03	1.009017e-03
8.613526e+03	1.008321e-03
8.618505e+03	1.007619e-03
8.623484e+03	1.006911e-03
8.628463e+03	1.006196e-03
8.633442e+03	1.005475e-03
8.638420e+03	1.004747e-03
8.643399e+03	1.004013e-03
8.648378e+03	1.003273e-03
8.653357e+03	1.002527e-03
8.658336e+03	1.001774e-03
8.663315e+03	1.001015e-03
8.668294e+03	1.000249e-03
8.673273e+03	9.994773e-04
8.678252e+03	9.986994e-04
8.683231e+03	9.979152e-04
8.688210e+03	9.971247e-04
8.693189e+03	9.963281e-04
8.698167e+03	9.955253e-04
8.703146e+03	9.947163e-04
8.708125e+03	9.939012e-04
8.713104e+03	9.930800e-04
8.718083e+03	9.922526e-04
8.723062e+03	9.914191e-04
8.728041e+03	9.905795e-04
8.733020e+03	9.897339e-04
8.737999e+03	9.888822e-04
8.742978e+03	9.880244e-04
8.747957e+03	9.871607e-04
8.752936e+03	9.862909e-04
8.757914e+03	9.854152e-04
8.762893e+03	9.845335e-04
8.767872e+03	9.836458e-04
8.772851e+03	9.827522e-04
8.777830e+03	9.818527e-04
8.782809e+03	9.809473e-04
8.787788e+03	9.800360e-04
8.792767e+03	9.791189e-04
8.797746e+03	9.781959e-04
8.802725e+03	9.772671e-04
8.807704e+03	9.763325e-04
8.812683e+03	9.753920e-04
8.817661e+03	9.744459e-04
8.822640e+03	9.734939e-04
8.827619e+03	9.725363e-04
8.832598e+03	9.715729e-04
8.837577e+03	9.706038e-04
8.842556e+03	9.696290e-04
8.847535e+03	9.686486e-04
8.852514e+03	9.676626e-04
8.857493e+03	9.666709e-04
8.862472e+03	9.656736e-04
8.867451e+03	9.646708e-04
8.872430e+03	9.636623e-04
8.877408e+03	9.626484e-04
8.882387e+03	9.616289e-04
8.887366e+03	9.606039e-04
8.892345e+03	9.595735e-04
8.897324e+03	9.585375e-04
8.902303e+03	9.574962e-04
8.907282e+03	9.564494e-04
8.912261e+03	9.553972e-04
8.917240e+03	9.543396e-04
8.922219e+03	9.532767e-04
8.927198e+03	9.522084e-04
8.932177e+03	9.511348e-04
8.937156e+03	9.500559e-04
8.942134e+03	9.489718e-04
8.947113e+03	9.478823e-04
8.952092e+03	9.467877e-04
8.957071e+03	9.456878e-04
8.962050e+03	9.445827e-04
8.967029e+03	9.434725e-04
8.972008e+03	9.423571e-04
8.976987e+03	9.412365e-04
8.981966e+03	9.401109e-04
8.986945e+03	9.389802e-04
8.991924e+03	9.378444e-04
8.996903e+03	9.367036e-04
9.001881e+03	9.355577e-04
9.006860e+03	9.344068e-04
9.011839e+03	9.332510e-04
9.016818e+03	9.320902e-04
9.021797e+03	9.309245e-04
9.026776e+03	9.297539e-04
9.031755e+03	9.285783e-04
9.036734e+03	9.273979e-04
9.041713e+03	9.262127e-04
9.046692e+03	9.250226e-04
9.051671e+03	9.238278e-04
9.056650e+03	9.226281e-04
9.061628e+03	9.214237e-04
9.066607e+03	9.202146e-04
9.071586e+03	9.190007e-04
9.076565e+03	9.177822e-04
9.081544e+03	9.165590e-04
9.086523e+03	9.153312e-04
9.091502e+03	9.140987e-04
9.096481e+03	9.128617e-04
9.101460e+03	9.116201e-04
9.106439e+03	9.103739e-04
9.111418e+03	9.091232e-04
9.116397e+03	9.078680e-04
9.121375e+03	9.066083e-04
9.126354e+03	9.053442e-04
9.131333e+03	9.040756e-04
9.136312e+03	9.028027e-04
9.141291e+03	9.015253e-04
9.146270e+03	9.002436e-04
9.151249e+03	8.989575e-04
9.156228e+03	8.976672e-04
9.161207e+03	8.963725e-04
9.166186e+03	8.950736e-04
9.171165e+03	8.937704e-04
9.176144e+03	8.924631e-04
9.181122e+03	8.911515e-04
9.186101e+03	8.898357e-04
9.191080e+03	8.885159e-04
9.196059e+03	8.871918e-04
9.201038e+03	8.858637e-04
9.206017e+03	8.845316e-04
9.210996e+03	8.831953e-04
9.215975e+03	8.818551e-04
9.220954e+03	8.805108e-04
9.225933e+03	8.791626e-04
9.230912e+03	8.778105e-04
9.235891e+03	8.764544e-04
9.240869e+03	8.750944e-04
9.245848e+03	8.737305e-04
9.250827e+03	8.723628e-04
9.255806e+03	8.709912e-04
9.260785e+03	8.696158e-04
9.265764e+03	8.682367e-04
9.270743e+03	8.668538e-04
9.275722e+03	8.654672e-04
9.280701e+03	8.640769e-04
9.285680e+03	8.626829e-04
9.290659e+03	8.612853e-04
9.295638e+03	8.598840e-04
9.300616e+03	8.584791e-04
9.305595e+03	8.570707e-04
9.310574e+03	8.556587e-04
9.315553e+03	8.542431e-04
9.320532e+03	8.528241e-04
9.325511e+03	8.514016e-04
9.330490e+03	8.499757e-04
9.335469e+03	8.485463e-04
9.340448e+03	8.471135e-04
9.345427e+03	8.456773e-04
9.350406e+03	8.442378e-04
9.355385e+03	8.427950e-04
9.360363e+03	8.413489e-04
9.365342e+03	8.398995e-04
9.370321e+03	8.384468e-04
9.375300e+03	8.369909e-04
9.380279e+03	8.355319e-04
9.385258e+03	8.340696e-04
9.390237e+03	8.326042e-04
9.395216e+03	8.311357e-04
9.400195e+03	8.296641e-04
9.405174e+03	8.281895e-04
9.410153e+03	8.267117e-04
9.415132e+03	8.252310e-04
9.420110e+03	8.237473e-04
9.425089e+03	8.222606e-04
9.430068e+03	8.207710e-04
9.435047e+03	8.192784e-04
9.440026e+03	8.177830e-04
9.445005e+03	8.162847e-04
9.449984e+03	8.147836e-04
9.454963e+03	8.132796e-04
9.459942e+03	8.117729e-04
9.464921e+03	8.102634e-04
9.469900e+03	8.087512e-04
9.474879e+03	8.072362e-04
9.479857e+03	8.057186e-04
9.484836e+03	8.041983e-04
9.489815e+03	8.026754e-04
9.494794e+03	8.011499e-04
9.499773e+03	7.996218e-04
9.504752e+03	7.980912e-04
9.509731e+03	7.965580e-04
9.514710e+03	7.950223e-04
9.519689e+03	7.934842e-04
9.524668e+03	7.919436e-04
9.529647e+03	7.904006e-04
9.534626e+03	7.888552e-04
9.539604e+03	7.873074e-04
9.544583e+03	7.857572e-04
9.549562e+03	7.842048e-04
9.554541e+03	7.826500e-04
9.559520e+03	7.810930e-04
9.564499e+03	7.795337e-04
9.569478e+03	7.779722e-04
9.574457e+03	7.764085e-04
9.579436e+03	7.748427e-04
9.584415e+03	7.732747e-04
9.589394e+03	7.717046e-04
9.594373e+03	7.701324e-04
9.599351e+03	7.685582e-04
9.604330e+03	7.669819e-04
9.609309e+03	7.654036e-04
9.614288e+03	7.638233e-04
9.619267e+03	7.622410e-04
9.624246e+03	7.606569e-04
9.629225e+03	7.590708e-04
9.634204e+03	7.574828e-04
9.639183e+03	7.558930e-04
9.644162e+03	7.543013e-04
9.649141e+03	7.527078e-04
9.654120e+03	7.511126e-04
9.659098e+03	7.495156e-04
9.664077e+03	7.479169e-04
9.669056e+03	7.463164e-04
9.674035e+03	7.447143e-04
9.679014e+03	7.431106e-04
9.683993e+03	7.415052e-04
9.688972e+03	7.398982e-04
9.693951e+03	7.382896e-04
9.698930e+03	7.366795e-04
9.703909e+03	7.350679e-04
9.708888e+03	7.334547e-04
9.713867e+03	7.318401e-04
9.718845e+03	7.302240e-04
9.723824e+03	7.286066e-04
9.728803e+03	7.269877e-04
9.733782e+03	7.253674e-04
9.738761e+03	7.237458e-04
9.743740e+03	7.221229e-04
9.748719e+03	7.204987e-04
9.753698e+03	7.188732e-04
9.758677e+03	7.172464e-04
9.763656e+03	7.156184e-04
9.768635e+03	7.139893e-04
9.773614e+03	7.123589e-04
9.778592e+03	7.107275e-04
9.783571e+03	7.090949e-04
9.788550e+03	7.074612e-04
9.793529e+03	7.058264e-04
9.798508e+03	7.041906e-04
9.803487e+03	7.025537e-04
9.808466e+03	7.009159e-04
9.813445e+03	6.992771e-04
9.818424e+03	6.976373e-04
9.823403e+03	6.959966e-04
9.828382e+03	6.943550e-04
9.833361e+03	6.927126e-04
9.838339e+03	6.910693e-04
9.843318e+03	6.894251e-04
9.848297e+03	6.877802e-04
9.853276e+03	6.861345e-04
9.858255e+03	6.844880e-04
9.863234e+03	6.828408e-04
9.868213e+03	6.811929e-04
9.873192e+03	6.795444e-04
9.878171e+03	6.778951e-04
9.883150e+03	6.762453e-04
9.888129e+03	6.745948e-04
9.893108e+03	6.729438e-04
9.898086e+03	6.712922e-04
9.903065e+03	6.696400e-04
9.908044e+03	6.679874e-04
9.913023e+03	6.663342e-04
9.918002e+03	6.646806e-04
9.922981e+03	6.630266e-04
9.927960e+03	6.613721e-04
9.932939e+03	6.597173e-04
9.937918e+03	6.580621e-04
9.942897e+03	6.564065e-04
9.947876e+03	6.547506e-04
9.952855e+03	6.530944e-04
9.957833e+03	6.514380e-04
9.962812e+03	6.497813e-04
9.967791e+03	6.481243e-04
9.972770e+03	6.464672e-04
9.977749e+03	6.448099e-04
9.982728e+03	6.431524e-04
9.987707e+03	6.414948e-04
9.992686e+03	6.398371e-04
9.997665e+03	6.381793e-04
1.000264e+04	6.365214e-04
1.000762e+04	6.348635e-04
1.001260e+04	6.332055e-04
1.001758e+04	6.315476e-04
1.002256e+04	6.298897e-04
1.002754e+04	6.282318e-04
1.003252e+04	6.265740e-04
1.003750e+04	6.249163e-04
1.004248e+04	6.232588e-04
1.004745e+04	6.216013e-04
1.005243e+04	6.199440e-04
1.005741e+04	6.182869e-04
1.006239e+04	6.166300e-04
1.006737e+04	6.149734e-04
1.007235e+04	6.133169e-04
1.007733e+04	6.116608e-04
1.008231e+04	6.100049e-04
1.008729e+04	6.083494e-04
1.009226e+04	6.066942e-04
1.009724e+04	6.050393e-04
1.010222e+04	6.033848e-04
1.010720e+04	6.017308e-04
1.011218e+04	6.000771e-04
1.011716e+04	5.984239e-04
1.012214e+04	5.967712e-04
1.012712e+04	5.951189e-04
1.013210e+04	5.934672e-04
1.013707e+04	5.918160e-04
1.014205e+04	5.901653e-04
1.014703e+04	5.885152e-04
1.015201e+04	5.868657e-04
1.015699e+04	5.852168e-04
1.016197e+04	5.835686e-04
1.016695e+04	5.819210e-04
1.017193e+04	5.802741e-04
1.017691e+04	5.786278e-04
1.018188e+04	5.769823e-04
1.018686e+04	5.753376e-04
1.019184e+04	5.736936e-04
1.019682e+04	5.720503e-04
1.020180e+04	5.704079e-04
1.020678e+04	5.687663e-04
1.021176e+04	5.671255e-04
1.021674e+04	5.654856e-04
1.022172e+04	5.638466e-04
1.022669e+04	5.622084e-04
1.023167e+04	5.605712e-04
1.023665e+04	5.589349e-04
1.024163e+04	5.572996e-04
1.024661e+04	5.556652e-04
1.025159e+04	5.540319e-04
1.025657e+04	5.523995e-04
1.026155e+04	5.507682e-04
1.026653e+04	5.491380e-04
1.027151e+04	5.475088e-04
1.027648e+04	5.458808e-04
1.028146e+04	5.442538e-04
1.028644e+04	5.426280e-04
1.029142e+04	5.410033e-04
1.029640e+04	5.393798e-04
1.030138e+04	5.377574e-04
1.030636e+04	5.361363e-04
1.031134e+04	5.345164e-04
1.031632e+04	5.328978e-04
1.032129e+04	5.312804e-04
1.032627e+04	5.296643e-04
1.033125e+04	5.280495e-04
1.033623e+04	5.264360e-04
1.034121e+04	5.248238e-04
1.034619e+04	5.232130e-04
1.035117e+04	5.216035e-04
1.035615e+04	5.199955e-04
1.036113e+04	5.183888e-04
1.036610e+04	5.167836e-04
1.037108e+04	5.151798e-04
1.037606e+04	5.135775e-04
1.038104e+04	5.119767e-04
1.038602e+04	5.103773e-04
1.039100e+04	5.087795e-04
1.039598e+04	5.071832e-04
1.040096e+04	5.055884e-04
1.040594e+04	5.039952e-04
1.041091e+04	5.024035e-04
1.041589e+04	5.008135e-04
1.042087e+04	4.992251e-04
1.042585e+04	4.976383e-04
1.043083e+04	4.960531e-04
1.043581e+04	4.944696e-04
1.044079e+04	4.928878e-04
1.044577e+04	4.913077e-04
1.045075e+04	4.897293e-04
1.045573e+04	4.881526e-04
1.046070e+04	4.865777e-04
1.046568e+04	4.850045e-04
1.047066e+04	4.834331e-04
1.047564e+04	4.818634e-04
1.048062e+04	4.802956e-04
1.048560e+04	4.787296e-04
1.049058e+04	4.771655e-04
1.049556e+04	4.756032e-04
1.050054e+04	4.740427e-04
1.050551e+04	4.724842e-04
1.051049e+04	4.709275e-04
1.051547e+04	4.693728e-04
1.052045e+04	4.678200e-04
1.052543e+04	4.662691e-04
1.053041e+04	4.647202e-04
1.053539e+04	4.631732e-04
1.054037e+04	4.616283e-04
1.054535e+04	4.600853e-04
1.055032e+04	4.585444e-04
1.055530e+04	4.570055e-04
1.056028e+04	4.554686e-04
1.056526e+04	4.539338e-04
1.057024e+04	4.524010e-04
1.057522e+04	4.508704e-04
1.058020e+04	4.493418e-04
1.058518e+04	4.478154e-04
1.059016e+04	4.462911e-04
1.059513e+04	4.447689e-04
1.060011e+04	4.432489e-04
1.060509e+04	4.417311e-04
1.061007e+04	4.402154e-04
1.061505e+04	4.387019e-04
1.062003e+04	4.371907e-04
1.062501e+04	4.356816e-04
1.062999e+04	4.341748e-04
1.063497e+04	4.326703e-04
1.063995e+04	4.311680e-04
1.064492e+04	4.296679e-04
1.064990e+04	4.281702e-04
1.065488e+04	4.266747e-04
1.065986e+04	4.251816e-04
1.066484e+04	4.236908e-04
1.066982e+04	4.222023e-04
1.067480e+04	4.207162e-04
1.067978e+04	4.192324e-04
1.068476e+04	4.177510e-04
1.068973e+04	4.162720e-04
1.069471e+04	4.147954e-04
1.069969e+04	4.133211e-04
1.070467e+04	4.118493e-04
1.070965e+04	4.103800e-04
1.071463e+04	4.089130e-04
1.071961e+04	4.074485e-04
1.072459e+04	4.059865e-04
1.072957e+04	4.045270e-04
1.073454e+04	4.030699e-04
1.073952e+04	4.016154e-04
1.074450e+04	4.001633e-04
1.074948e+04	3.987138e-04
1.075446e+04	3.972668e-04
1.075944e+04	3.958223e-04
1.076442e+04	3.943804e-04
1.076940e+04	3.929410e-04
1.077438e+04	3.915042e-04
1.077935e+04	3.900700e-04
1.078433e+04	3.886384e-04
1.078931e+04	3.872094e-04
1.079429e+04	3.857830e-04
1.079927e+04	3.843592e-04
1.080425e+04	3.829381e-04
1.080923e+04	3.815196e-04
1.081421e+04	3.801037e-04
1.081919e+04	3.786905e-04
1.082416e+04	3.772800e-04
1.082914e+04	3.758721e-04
1.083412e+04	3.744670e-04
1.083910e+04	3.730645e-04
1.084408e+04	3.716647e-04
1.084906e+04	3.702677e-04
1.085404e+04	3.688734e-04
1.085902e+04	3.674818e-04
1.086400e+04	3.660929e-04
1.086898e+04	3.647068e-04
1.087395e+04	3.633235e-04
1.087893e+04	3.619429e-04
1.088391e+04	3.605651e-04
1.088889e+04	3.591901e-04
1.089387e+04	3.578179e-04
1.089885e+04	3.564485e-04
1.090383e+04	3.550819e-04
1.090881e+04	3.537181e-04
1.091379e+04	3.523571e-04
1.091876e+04	3.509990e-04
1.092374e+04	3.496437e-04
1.092872e+04	3.482912e-04
1.093370e+04	3.469416e-04
1.093868e+04	3.455949e-04
1.094366e+04	3.442510e-04
1.094864e+04	3.429100e-04
1.095362e+04	3.415719e-04
1.095860e+04	3.402367e-04
1.096357e+04	3.389043e-04
1.096855e+04	3.375749e-04
1.097353e+04	3.362484e-04
1.097851e+04	3.349248e-04
1.098349e+04	3.336042e-04
1.098847e+04	3.322864e-04
1.099345e+04	3.309716e-04
1.099843e+04	3.296598e-04
1.100341e+04	3.283509e-04
1.100838e+04	3.270449e-04
1.101336e+04	3.257420e-04
1.101834e+04	3.244419e-04
1.102332e+04	3.231449e-04
1.102830e+04	3.218508e-04
1.103328e+04	3.205598e-04
1.103826e+04	3.192717e-04
1.104324e+04	3.179866e-04
1.104822e+04	3.167045e-04
1.105320e+04	3.154254e-04
1.105817e+04	3.141494e-04
1.106315e+04	3.128763e-04
1.106813e+04	3.116063e-04
1.107311e+04	3.103393e-04
1.107809e+04	3.090753e-04
1.108307e+04	3.078144e-04
1.108805e+04	3.065566e-04
1.109303e+04	3.053017e-04
1.109801e+04	3.040500e-04
1.110298e+04	3.028012e-04
1.110796e+04	3.015556e-04
1.111294e+04	3.003130e-04
1.111792e+04	2.990735e-04
1.112290e+04	2.978370e-04
1.112788e+04	2.966037e-04
1.113286e+04	2.953734e-04
1.113784e+04	2.941462e-04
1.114282e+04	2.929221e-04
1.114779e+04	2.917011e-04
1.115277e+04	2.904832e-04
1.115775e+04	2.892684e-04
1.116273e+04	2.880567e-04
1.116771e+04	2.868481e-04
1.117269e+04	2.856427e-04
1.117767e+04	2.844403e-04
1.118265e+04	2.832411e-04
1.118763e+04	2.820450e-04
1.119260e+04	2.808520e-04
1.119758e+04	2.796621e-04
1.120256e+04	2.784754e-04
1.120754e+04	2.772918e-04
1.121252e+04	2.761114e-04
1.121750e+04	2.749341e-04
1.122248e+04	2.737599e-04
1.122746e+04	2.725889e-04
1.123244e+04	2.714211e-04
1.123742e+04	2.702563e-04
1.124239e+04	2.690948e-04
1.124737e+04	2.679364e-04
1.125235e+04	2.667811e-04
1.125733e+04	2.656291e-04
1.126231e+04	2.644802e-04
1.126729e+04	2.633344e-04
1.127227e+04	2.621918e-04
1.127725e+04	2.610524e-04
1.128223e+04	2.599162e-04
1.128720e+04	2.587831e-04
1.129218e+04	2.576532e-04
1.129716e+04	2.565265e-04
1.130214e+04	2.554029e-04
1.130712e+04	2.542825e-04
1.131210e+04	2.531654e-04
1.131708e+04	2.520514e-04
1.132206e+04	2.509405e-04
1.132704e+04	2.498329e-04
1.133201e+04	2.487284e-04
1.133699e+04	2.476272e-04
1.134197e+04	2.465291e-04
1.134695e+04	2.454342e-04
1.135193e+04	2.443425e-04
1.135691e+04	2.432540e-04
1.136189e+04	2.421687e-04
1.136687e+04	2.410865e-04
1.137185e+04	2.400076e-04
1.137682e+04	2.389318e-04
1.138180e+04	2.378593e-04
1.138678e+04	2.367899e-04
1.139176e+04	2.357237e-04
1.139674e+04	2.346607e-04
1.140172e+04	2.336009e-04
1.140670e+04	2.325443e-04
1.141168e+04	2.314909e-04
1.141666e+04	2.304407e-04
1.142163e+04	2.293937e-04
1.142661e+04	2.283499e-04
1.143159e+04	2.273093e-04
1.143657e+04	2.262718e-04
1.144155e+04	2.252376e-04
1.144653e+04	2.242065e-04
1.145151e+04	2.231786e-04
1.145649e+04	2.221540e-04
1.146147e+04	2.211325e-04
1.146645e+04	2.201142e-04
1.147142e+04	2.190991e-04
1.147640e+04	2.180871e-04
1.148138e+04	2.170784e-04
1.148636e+04	2.160728e-04
1.149134e+04	2.150705e-04
1.149632e+04	2.140713e-04
1.150130e+04	2.130753e-04
1.150628e+04	2.120825e-04
1.151126e+04	2.110928e-04
1.151623e+04	2.101064e-04
1.152121e+04	2.091231e-04
1.152619e+04	2.081430e-04
1.153117e+04	2.071660e-04
1.153615e+04	2.061923e-04
1.154113e+04	2.052217e-04
1.154611e+04	2.042542e-04
1.155109e+04	2.032900e-04
1.155607e+04	2.023289e-04
1.156104e+04	2.013710e-04
1.156602e+04	2.004162e-04
1.157100e+04	1.994646e-04
1.157598e+04	1.985162e-04
1.158096e+04	1.975709e-04
1.158594e+04	1.966287e-04
1.159092e+04	1.956898e-04
1.159590e+04	1.947539e-04
1.160088e+04	1.938212e-04
1.160585e+04	1.928917e-04
1.161083e+04	1.919653e-04
1.161581e+04	1.910420e-04
1.162079e+04	1.901219e-04
1.162577e+04	1.892049e-04
1.163075e+04	1.882911e-04
1.163573e+04	1.873803e-04
1.164071e+04	1.864728e-04
1.164569e+04	1.855683e-04
1.165067e+04	1.846669e-04
1.165564e+04	1.837687e-04
1.166062e+04	1.828736e-04
1.166560e+04	1.819816e-04
1.167058e+04	1.810927e-04
1.167556e+04	1.802069e-04
1.168054e+04	1.793242e-04
1.168552e+04	1.784447e-04
1.169050e+04	1.775682e-04
1.169548e+04	1.766948e-04
1.170045e+04	1.758245e-04
1.170543e+04	1.749573e-04
1.171041e+04	1.740932e-04
1.171539e+04	1.732321e-04
1.172037e+04	1.723742e-04
1.172535e+04	1.715193e-04
1.173033e+04	1.706674e-04
1.173531e+04	1.698187e-04
1.174029e+04	1.689730e-04
1.174526e+04	1.681304e-04
1.175024e+04	1.672908e-04
1.175522e+04	1.664543e-04
1.176020e+04	1.656208e-04
1.176518e+04	1.647904e-04
1.177016e+04	1.639630e-04
1.177514e+04	1.631386e-04
1.178012e+04	1.623173e-04
1.178510e+04	1.614990e-04
1.179007e+04	1.606837e-04
1.179505e+04	1.598715e-04
1.180003e+04	1.590623e-04
1.180501e+04	1.582560e-04
1.180999e+04	1.574528e-04
1.181497e+04	1.566526e-04
1.181995e+04	1.558554e-04
1.182493e+04	1.550612e-04
1.182991e+04	1.542700e-04
1.183489e+04	1.534817e-04
1.183986e+04	1.526965e-04
1.184484e+04	1.519142e-04
1.184982e+04	1.511349e-04
1.185480e+04	1.503585e-04
1.185978e+04	1.495852e-04
1.186476e+04	1.488147e-04
1.186974e+04	1.480473e-04
1.187472e+04	1.472827e-04
1.187970e+04	1.465212e-04
1.188467e+04	1.457625e-04
1.188965e+04	1.450068e-04
1.189463e+04	1.442541e-04
1.189961e+04	1.435042e-04
1.190459e+04	1.427573e-04
1.190957e+04	1.420133e-04
1.191455e+04	1.412722e-04
1.191953e+04	1.405340e-04
1.192451e+04	1.397987e-04
1.192948e+04	1.390663e-04
1.193446e+04	1.383368e-04
1.193944e+04	1.376101e-04
1.194442e+04	1.368864e-04
1.194940e+04	1.361655e-04
1.195438e+04	1.354475e-04
1.195936e+04	1.347324e-04
1.196434e+04	1.340201e-04
1.196932e+04	1.333106e-04
1.197429e+04	1.326040e-04
1.197927e+04	1.319003e-04
1.198425e+04	1.311994e-04
1.198923e+04	1.305013e-04
1.199421e+04	1.298060e-04
1.199919e+04	1.291136e-04
1.200417e+04	1.284240e-04
1.200915e+04	1.277372e-04
1.201413e+04	1.270531e-04
1.201910e+04	1.263719e-04
1.202408e+04	1.256935e-04
1.202906e+04	1.250179e-04
1.203404e+04	1.243450e-04
1.203902e+04	1.236749e-04
1.204400e+04	1.230076e-04
1.204898e+04	1.223430e-04
1.205396e+04	1.216812e-04
1.205894e+04	1.210222e-04
1.206392e+04	1.203659e-04
1.206889e+04	1.197123e-04
1.207387e+04	1.190615e-04
1.207885e+04	1.184134e-04
1.208383e+04	1.177680e-04
1.208881e+04	1.171253e-04
1.209379e+04	1.164854e-04
1.209877e+04	1.158481e-04
1.210375e+04	1.152136e-04
1.210873e+04	1.145817e-04
1.211370e+04	1.139525e-04
1.211868e+04	1.133260e-04
1.212366e+04	1.127022e-04
1.212864e+04	1.120810e-04
1.213362e+04	1.114625e-04
1.213860e+04	1.108467e-04
1.214358e+04	1.102334e-04
1.214856e+04	1.096229e-04
1.215354e+04	1.090150e-04
1.215851e+04	1.084097e-04
1.216349e+04	1.078070e-04
1.216847e+04	1.072069e-04
1.217345e+04	1.066095e-04
1.217843e+04	1.060146e-04
1.218341e+04	1.054224e-04
1.218839e+04	1.048327e-04
1.219337e+04	1.042456e-04
1.219835e+04	1.036611e-04
1.220332e+04	1.030792e-04
1.220830e+04	1.024998e-04
1.221328e+04	1.019230e-04
1.221826e+04	1.013487e-04
1.222324e+04	1.007770e-04
1.222822e+04	1.002079e-04
1.223320e+04	9.964122e-05
1.223818e+04	9.907711e-05
1.224316e+04	9.851551e-05
1.224814e+04	9.795642e-05
1.225311e+04	9.739984e-05
1.225809e+04	9.684576e-05
1.226307e+04	9.629418e-05
1.226805e+04	9.574507e-05
1.227303e+04	9.519845e-05
1.227801e+04	9.465430e-05
1.228299e+04	9.411261e-05
1.228797e+04	9.357338e-05
1.229295e+04	9.303661e-05
1.229792e+04	9.250228e-05
1.230290e+04	9.197039e-05
1.230788e+04	9.144093e-05
1.231286e+04	9.091389e-05
1.231784e+04	9.038928e-05
1.232282e+04	8.986707e-05
1.232780e+04	8.934727e-05
1.233278e+04	8.882987e-05
1.233776e+04	8.831486e-05
1.234273e+04	8.780224e-05
1.234771e+04	8.729199e-05
1.235269e+04	8.678411e-05
1.235767e+04	8.627859e-05
1.236265e+04	8.577544e-05
1.236763e+04	8.527463e-05
1.237261e+04	8.477616e-05
1.237759e+04	8.428004e-05
1.238257e+04	8.378624e-05
1.238754e+04	8.329476e-05
1.239252e+04	8.280560e-05
1.239750e+04	8.231875e-05
1.240248e+04	8.183420e-05
1.240746e+04	8.135194e-05
1.241244e+04	8.087198e-05
1.241742e+04	8.039429e-05
1.242240e+04	7.991888e-05
1.242738e+04	7.944573e-05
1.243236e+04	7.897485e-05
1.243733e+04	7.850621e-05
1.244231e+04	7.803983e-05
1.244729e+04	7.757568e-05
1.245227e+04	7.711377e-05
1.245725e+04	7.665408e-05
1.246223e+04	7.619660e-05
1.246721e+04	7.574134e-05
1.247219e+04	7.528829e-05
1.247717e+04	7.483743e-05
1.248214e+04	7.438876e-05
1.248712e+04	7.394228e-05
1.249210e+04	7.349797e-05
1.249708e+04	7.305583e-05
1.250206e+04	7.261585e-05
1.250704e+04	7.217803e-05
1.251202e+04	7.174235e-05
1.251700e+04	7.130882e-05
1.252198e+04	7.087742e-05
1.252695e+04	7.044815e-05
1.253193e+04	7.002100e-05
1.253691e+04	6.959596e-05
1.254189e+04	6.917303e-05
1.254687e+04	6.875219e-05
1.255185e+04	6.833345e-05
1.255683e+04	6.791680e-05
1.256181e+04	6.750222e-05
1.256679e+04	6.708971e-05
1.257176e+04	6.667927e-05
1.257674e+04	6.627088e-05
1.258172e+04	6.586455e-05
1.258670e+04	6.546025e-05
1.259168e+04	6.505800e-05
1.259666e+04	6.465777e-05
1.260164e+04	6.425956e-05
1.260662e+04	6.386337e-05
1.261160e+04	6.346919e-05
1.261657e+04	6.307700e-05
1.262155e+04	6.268681e-05
1.262653e+04	6.229861e-05
1.263151e+04	6.191239e-05
1.263649e+04	6.152814e-05
1.264147e+04	6.114586e-05
1.264645e+04	6.076553e-05
1.265143e+04	6.038716e-05
1.265641e+04	6.001073e-05
1.266139e+04	5.963624e-05
1.266636e+04	5.926368e-05
1.267134e+04	5.889304e-05
1.267632e+04	5.852433e-05
1.268130e+04	5.815752e-05
1.268628e+04	5.779261e-05
1.269126e+04	5.742960e-05
1.269624e+04	5.706848e-05
1.270122e+04	5.670924e-05
1.270620e+04	5.635188e-05
1.271117e+04	5.599639e-05
1.271615e+04	5.564275e-05
1.272113e+04	5.529098e-05
1.272611e+04	5.494104e-05
1.273109e+04	5.459295e-05
1.273607e+04	5.424670e-05
1.274105e+04	5.390227e-05
1.274603e+04	5.355966e-05
1.275101e+04	5.321886e-05
1.275598e+04	5.287987e-05
1.276096e+04	5.254268e-05
1.276594e+04	5.220728e-05
1.277092e+04	5.187367e-05
1.277590e+04	5.154183e-05
1.278088e+04	5.121177e-05
1.278586e+04	5.088347e-05
1.279084e+04	5.055693e-05
1.279582e+04	5.023214e-05
1.280079e+04	4.990910e-05
1.280577e+04	4.958779e-05
1.281075e+04	4.926822e-05
1.281573e+04	4.895037e-05
1.282071e+04	4.863423e-05
1.282569e+04	4.831981e-05
1.283067e+04	4.800709e-05
1.283565e+04	4.769607e-05
1.284063e+04	4.738674e-05
1.284561e+04	4.707909e-05
1.285058e+04	4.677312e-05
1.285556e+04	4.646882e-05
1.286054e+04	4.616618e-05
1.286552e+04	4.586520e-05
1.287050e+04	4.556587e-05
1.287548e+04	4.526818e-05
1.288046e+04	4.497213e-05
1.288544e+04	4.467771e-05
1.289042e+04	4.438491e-05
1.289539e+04	4.409373e-05
1.290037e+04	4.380416e-05
1.290535e+04	4.351619e-05
1.291033e+04	4.322982e-05
1.291531e+04	4.294504e-05
1.292029e+04	4.266185e-05
1.292527e+04	4.238023e-05
1.293025e+04	4.210018e-05
1.293523e+04	4.182169e-05
1.294020e+04	4.154477e-05
1.294518e+04	4.126939e-05
1.295016e+04	4.099556e-05
1.295514e+04	4.072327e-05
1.296012e+04	4.045250e-05
1.296510e+04	4.018327e-05
1.297008e+04	3.991555e-05
1.297506e+04	3.964934e-05
1.298004e+04	3.938464e-05
1.298501e+04	3.912144e-05
1.298999e+04	3.885973e-05
1.299497e+04	3.859950e-05
1.299995e+04	3.834076e-05
1.300493e+04	3.808349e-05
1.300991e+04	3.782769e-05
1.301489e+04	3.757335e-05
1.301987e+04	3.732046e-05
1.302485e+04	3.706902e-05
1.302983e+04	3.681902e-05
1.303480e+04	3.657046e-05
1.303978e+04	3.632333e-05
1.304476e+04	3.607762e-05
1.304974e+04	3.583332e-05
1.305472e+04	3.559044e-05
1.305970e+04	3.534896e-05
1.306468e+04	3.510888e-05
1.306966e+04	3.487019e-05
1.307464e+04	3.463288e-05
1.307961e+04	3.439696e-05
1.308459e+04	3.416241e-05
1.308957e+04	3.392922e-05
1.309455e+04	3.369740e-05
1.309953e+04	3.346693e-05
1.310451e+04	3.323781e-05
1.310949e+04	3.301003e-05
1.311447e+04	3.278359e-05
1.311945e+04	3.255848e-05
1.312442e+04	3.233469e-05
1.312940e+04	3.211222e-05
1.313438e+04	3.189106e-05
1.313936e+04	3.167121e-05
1.314434e+04	3.145266e-05
1.314932e+04	3.123540e-05
1.315430e+04	3.101943e-05
1.315928e+04	3.080475e-05
1.316426e+04	3.059134e-05
1.316923e+04	3.037920e-05
1.317421e+04	3.016832e-05
1.317919e+04	2.995870e-05
1.318417e+04	2.975034e-05
1.318915e+04	2.954322e-05
1.319413e+04	2.933734e-05
1.319911e+04	2.913270e-05
1.320409e+04	2.892929e-05
1.320907e+04	2.872710e-05
1.321404e+04	2.852613e-05
1.321902e+04	2.832637e-05
1.322400e+04	2.812782e-05
1.322898e+04	2.793046e-05
1.323396e+04	2.773431e-05
1.323894e+04	2.753934e-05
1.324392e+04	2.734555e-05
1.324890e+04	2.715294e-05
1.325388e+04	2.696150e-05
1.325886e+04	2.677123e-05
1.326383e+04	2.658212e-05
1.326881e+04	2.639417e-05
1.327379e+04	2.620736e-05
1.327877e+04	2.602170e-05
1.328375e+04	2.583718e-05
1.328873e+04	2.565379e-05
1.329371e+04	2.547153e-05
1.329869e+04	2.529038e-05
1.330367e+04	2.511036e-05
1.330864e+04	2.493144e-05
1.331362e+04	2.475363e-05
1.331860e+04	2.457692e-05
1.332358e+04	2.440131e-05
1.332856e+04	2.422678e-05
1.333354e+04	2.405334e-05
1.333852e+04	2.388097e-05
1.334350e+04	2.370968e-05
1.334848e+04	2.353946e-05
1.335345e+04	2.337029e-05
1.335843e+04	2.320219e-05
1.336341e+04	2.303513e-05
1.336839e+04	2.286912e-05
1.337337e+04	2.270415e-05
1.337835e+04	2.254022e-05
1.338333e+04	2.237732e-05
1.338831e+04	2.221544e-05
1.339329e+04	2.205459e-05
1.339826e+04	2.189474e-05
1.340324e+04	2.173591e-05
1.340822e+04	2.157808e-05
1.341320e+04	2.142125e-05
1.341818e+04	2.126542e-05
1.342316e+04	2.111057e-05
1.342814e+04	2.095671e-05
1.343312e+04	2.080383e-05
1.343810e+04	2.065192e-05
1.344308e+04	2.050098e-05
1.344805e+04	2.035100e-05
1.345303e+04	2.020198e-05
1.345801e+04	2.005392e-05
1.346299e+04	1.990680e-05
1.346797e+04	1.976063e-05
1.347295e+04	1.961540e-05
1.347793e+04	1.947110e-05
1.348291e+04	1.932773e-05
1.348789e+04	1.918528e-05
1.349286e+04	1.904375e-05
1.349784e+04	1.890314e-05
1.350282e+04	1.876344e-05
1.350780e+04	1.862464e-05
1.351278e+04	1.848675e-05
1.351776e+04	1.834974e-05
1.352274e+04	1.821363e-05
1.352772e+04	1.807841e-05
1.353270e+04	1.794406e-05
1.353767e+04	1.781060e-05
1.354265e+04	1.767800e-05
1.354763e+04	1.754627e-05
1.355261e+04	1.741540e-05
1.355759e+04	1.728539e-05
1.356257e+04	1.715623e-05
1.356755e+04	1.702793e-05
1.357253e+04	1.690046e-05
1.357751e+04	1.677384e-05
1.358248e+04	1.664805e-05
1.358746e+04	1.652308e-05
1.359244e+04	1.639895e-05
1.359742e+04	1.627564e-05
1.360240e+04	1.615314e-05
1.360738e+04	1.603145e-05
1.361236e+04	1.591058e-05
1.361734e+04	1.579050e-05
1.362232e+04	1.567123e-05
1.362730e+04	1.555274e-05
1.363227e+04	1.543505e-05
1.363725e+04	1.531815e-05
1.364223e+04	1.520202e-05
1.364721e+04	1.508668e-05
1.365219e+04	1.497210e-05
1.365717e+04	1.485830e-05
1.366215e+04	1.474525e-05
1.366713e+04	1.463297e-05
1.367211e+04	1.452144e-05
1.367708e+04	1.441067e-05
1.368206e+04	1.430064e-05
1.368704e+04	1.419135e-05
1.369202e+04	1.408281e-05
1.369700e+04	1.397499e-05
1.370198e+04	1.386791e-05
1.370696e+04	1.376156e-05
1.371194e+04	1.365592e-05
1.371692e+04	1.355101e-05
1.372189e+04	1.344681e-05
1.372687e+04	1.334331e-05
1.373185e+04	1.324053e-05
1.373683e+04	1.313844e-05
1.374181e+04	1.303706e-05
1.374679e+04	1.293636e-05
1.375177e+04	1.283636e-05
1.375675e+04	1.273704e-05
1.376173e+04	1.263841e-05
1.376670e+04	1.254045e-05
1.377168e+04	1.244316e-05
1.377666e+04	1.234655e-05
1.378164e+04	1.225060e-05
1.378662e+04	1.215532e-05
1.379160e+04	1.206069e-05
1.379658e+04	1.196672e-05
1.380156e+04	1.187340e-05
1.380654e+04	1.178072e-05
1.381151e+04	1.168869e-05
1.381649e+04	1.159730e-05
1.382147e+04	1.150655e-05
1.382645e+04	1.141642e-05
1.383143e+04	1.132693e-05
1.383641e+04	1.123806e-05
1.384139e+04	1.114981e-05
1.384637e+04	1.106217e-05
1.385135e+04	1.097516e-05
1.385633e+04	1.088875e-05
1.386130e+04	1.080294e-05
1.386628e+04	1.071774e-05
1.387126e+04	1.063314e-05
1.387624e+04	1.054914e-05
1.388122e+04	1.046572e-05
1.388620e+04	1.038290e-05
1.389118e+04	1.030066e-05
1.389616e+04	1.021900e-05
1.390114e+04	1.013792e-05
1.390611e+04	1.005741e-05
1.391109e+04	9.977475e-06
1.391607e+04	9.898107e-06
1.392105e+04	9.819303e-06
1.392603e+04	9.741060e-06
1.393101e+04	9.663374e-06
1.393599e+04	9.586241e-06
1.394097e+04	9.509659e-06
1.394595e+04	9.433625e-06
1.395092e+04	9.358134e-06
1.395590e+04	9.283184e-06
1.396088e+04	9.208771e-06
1.396586e+04	9.134892e-06
1.397084e+04	9.061543e-06
1.397582e+04	8.988722e-06
1.398080e+04	8.916425e-06
1.398578e+04	8.844648e-06
1.399076e+04	8.773390e-06
1.399573e+04	8.702646e-06
1.400071e+04	8.632413e-06
1.400569e+04	8.562689e-06
1.401067e+04	8.493469e-06
1.401565e+04	8.424751e-06
1.402063e+04	8.356532e-06
1.402561e+04	8.288809e-06
1.403059e+04	8.221578e-06
1.403557e+04	8.154836e-06
1.404055e+04	8.088581e-06
1.404552e+04	8.022809e-06
1.405050e+04	7.957518e-06
1.405548e+04	7.892703e-06
1.406046e+04	7.828363e-06
1.406544e+04	7.764495e-06
1.407042e+04	7.701094e-06
1.407540e+04	7.638159e-06
1.408038e+04	7.575687e-06
1.408536e+04	7.513674e-06
1.409033e+04	7.452117e-06
1.409531e+04	7.391014e-06
1.410029e+04	7.330362e-06
1.410527e+04	7.270158e-06
1.411025e+04	7.210399e-06
1.411523e+04	7.151082e-06
1.412021e+04	7.092205e-06
1.412519e+04	7.033764e-06
1.413017e+04	6.975756e-06
1.413514e+04	6.918180e-06
1.414012e+04	6.861032e-06
1.414510e+04	6.804310e-06
1.415008e+04	6.748010e-06
1.415506e+04	6.692130e-06
1.416004e+04	6.636667e-06
1.416502e+04	6.581619e-06
1.417000e+04	6.526983e-06
1.417498e+04	6.472756e-06
1.417995e+04	6.418936e-06
1.418493e+04	6.365520e-06
1.418991e+04	6.312504e-06
1.419489e+04	6.259888e-06
1.419987e+04	6.207667e-06
1.420485e+04	6.155840e-06
1.420983e+04	6.104404e-06
1.421481e+04	6.053356e-06
1.421979e+04	6.002694e-06
1.422477e+04	5.952415e-06
1.422974e+04	5.902517e-06
1.423472e+04	5.852997e-06
1.423970e+04	5.803852e-06
1.424468e+04	5.755081e-06
1.424966e+04	5.706681e-06
1.425464e+04	5.658649e-06
1.425962e+04	5.610982e-06
1.426460e+04	5.563679e-06
1.426958e+04	5.516737e-06
1.427455e+04	5.470154e-06
1.427953e+04	5.423927e-06
1.428451e+04	5.378054e-06
1.428949e+04	5.332532e-06
1.429447e+04	5.287359e-06
1.429945e+04	5.242533e-06
1.430443e+04	5.198051e-06
1.430941e+04	5.153912e-06
1.431439e+04	5.110112e-06
1.431936e+04	5.066650e-06
1.432434e+04	5.023523e-06
1.432932e+04	4.980729e-06
1.433430e+04	4.938265e-06
1.433928e+04	4.896131e-06
1.434426e+04	4.854322e-06
1.434924e+04	4.812837e-06
1.435422e+04	4.771675e-06
1.435920e+04	4.730832e-06
1.436417e+04	4.690306e-06
1.436915e+04	4.650096e-06
1.437413e+04	4.610199e-06
1.437911e+04	4.570612e-06
1.438409e+04	4.531335e-06
1.438907e+04	4.492364e-06
1.439405e+04	4.453698e-06
1.439903e+04	4.415335e-06
1.440401e+04	4.377272e-06
1.440898e+04	4.339508e-06
1.441396e+04	4.302039e-06
1.441894e+04	4.264866e-06
1.442392e+04	4.227984e-06
1.442890e+04	4.191392e-06
1.443388e+04	4.155089e-06
1.443886e+04	4.119072e-06
1.444384e+04	4.083339e-06
1.444882e+04	4.047889e-06
1.445380e+04	4.012719e-06
1.445877e+04	3.977827e-06
1.446375e+04	3.943211e-06
1.446873e+04	3.908870e-06
1.447371e+04	3.874801e-06
1.447869e+04	3.841003e-06
1.448367e+04	3.807474e-06
1.448865e+04	3.774212e-06
1.449363e+04	3.741214e-06
1.449861e+04	3.708480e-06
1.450358e+04	3.676007e-06
1.450856e+04	3.643793e-06
1.451354e+04	3.611837e-06
1.451852e+04	3.580136e-06
1.452350e+04	3.548690e-06
1.452848e+04	3.517495e-06
1.453346e+04	3.486551e-06
1.453844e+04	3.455855e-06
1.454342e+04	3.425407e-06
1.454839e+04	3.395203e-06
1.455337e+04	3.365242e-06
1.455835e+04	3.335523e-06
1.456333e+04	3.306044e-06
1.456831e+04	3.276803e-06
1.457329e+04	3.247798e-06
1.457827e+04	3.219028e-06
1.458325e+04	3.190491e-06
1.458823e+04	3.162185e-06
1.459320e+04	3.134109e-06
1.459818e+04	3.106261e-06
1.460316e+04	3.078639e-06
1.460814e+04	3.051242e-06
1.461312e+04	3.024068e-06
1.461810e+04	2.997116e-06
1.462308e+04	2.970383e-06
1.462806e+04	2.943869e-06
1.463304e+04	2.917571e-06
1.463802e+04	2.891489e-06
1.464299e+04	2.865620e-06
1.464797e+04	2.839963e-06
1.465295e+04	2.814516e-06
1.465793e+04	2.789278e-06
1.466291e+04	2.764248e-06
1.466789e+04	2.739423e-06
1.467287e+04	2.714803e-06
1.467785e+04	2.690386e-06
1.468283e+04	2.666170e-06
1.468780e+04	2.642154e-06
1.469278e+04	2.618336e-06
1.469776e+04	2.594715e-06
1.470274e+04	2.571290e-06
1.470772e+04	2.548059e-06
1.471270e+04	2.525020e-06
1.471768e+04	2.502173e-06
1.472266e+04	2.479515e-06
1.472764e+04	2.457045e-06
1.473261e+04	2.434763e-06
1.473759e+04	2.412666e-06
1.474257e+04	2.390753e-06
1.474755e+04	2.369023e-06
1.475253e+04	2.347474e-06
1.475751e+04	2.326106e-06
1.476249e+04	2.304916e-06
1.476747e+04	2.283904e-06
1.477245e+04	2.263067e-06
1.477742e+04	2.242406e-06
1.478240e+04	2.221917e-06
1.478738e+04	2.201601e-06
1.479236e+04	2.181456e-06
1.479734e+04	2.161480e-06
1.480232e+04	2.141673e-06
1.480730e+04	2.122032e-06
1.481228e+04	2.102557e-06
1.481726e+04	2.083247e-06
1.482224e+04	2.064100e-06
1.482721e+04	2.045115e-06
1.483219e+04	2.026290e-06
1.483717e+04	2.007625e-06
1.484215e+04	1.989118e-06
1.484713e+04	1.970769e-06
1.485211e+04	1.952575e-06
1.485709e+04	1.934536e-06
1.486207e+04	1.916651e-06
1.486705e+04	1.898918e-06
1.487202e+04	1.881336e-06
1.487700e+04	1.863904e-06
1.488198e+04	1.846621e-06
1.488696e+04	1.829486e-06
1.489194e+04	1.812497e-06
1.489692e+04	1.795654e-06
1.490190e+04	1.778955e-06
1.490688e+04	1.762399e-06
1.491186e+04	1.745985e-06
1.491683e+04	1.729713e-06
1.492181e+04	1.713580e-06
1.492679e+04	1.697586e-06
1.493177e+04	1.681730e-06
1.493675e+04	1.666011e-06
1.494173e+04	1.650427e-06
1.494671e+04	1.634978e-06
1.495169e+04	1.619662e-06
1.495667e+04	1.604479e-06
1.496164e+04	1.589427e-06
1.496662e+04	1.574506e-06
1.497160e+04	1.559714e-06
1.497658e+04	1.545050e-06
1.498156e+04	1.530514e-06
1.498654e+04	1.516104e-06
1.499152e+04	1.501820e-06
1.499650e+04	1.487660e-06
1.500148e+04	1.473623e-06
1.500645e+04	1.459709e-06
1.501143e+04	1.445916e-06
1.501641e+04	1.432244e-06
1.502139e+04	1.418691e-06
1.502637e+04	1.405257e-06
1.503135e+04	1.391941e-06
1.503633e+04	1.378741e-06
1.504131e+04	1.365658e-06
1.504629e+04	1.352689e-06
1.505127e+04	1.339834e-06
1.505624e+04	1.327092e-06
1.506122e+04	1.314462e-06
1.506620e+04	1.301944e-06
1.507118e+04	1.289536e-06
1.507616e+04	1.277237e-06
1.508114e+04	1.265047e-06
1.508612e+04	1.252965e-06
1.509110e+04	1.240990e-06
1.509608e+04	1.229120e-06
1.510105e+04	1.217356e-06
1.510603e+04	1.205697e-06
1.511101e+04	1.194140e-06
1.511599e+04	1.182687e-06
1.512097e+04	1.171335e-06
1.512595e+04	1.160084e-06
1.513093e+04	1.148934e-06
1.513591e+04	1.137883e-06
1.514089e+04	1.126930e-06
1.514586e+04	1.116075e-06
1.515084e+04	1.105318e-06
1.515582e+04	1.094656e-06
1.516080e+04	1.084090e-06
1.516578e+04	1.073618e-06
1.517076e+04	1.063240e-06
1.517574e+04	1.052956e-06
1.518072e+04	1.042764e-06
1.518570e+04	1.032663e-06
1.519067e+04	1.022653e-06
1.519565e+04	1.012733e-06
1.520063e+04	1.002903e-06
1.520561e+04	9.931609e-07
1.521059e+04	9.835070e-07
1.521557e+04	9.739403e-07
1.522055e+04	9.644600e-07
1.522553e+04	9.550654e-07
1.523051e+04	9.457559e-07
1.523549e+04	9.365307e-07
1.524046e+04	9.273891e-07
1.524544e+04	9.183304e-07
1.525042e+04	9.093541e-07
1.525540e+04	9.004593e-07
1.526038e+04	8.916453e-07
1.526536e+04	8.829116e-07
1.527034e+04	8.742575e-07
1.527532e+04	8.656823e-07
1.528030e+04	8.571853e-07
1.528527e+04	8.487659e-07
1.529025e+04	8.404234e-07
1.529523e+04	8.321572e-07
1.530021e+04	8.239667e-07
1.530519e+04	8.158512e-07
1.531017e+04	8.078101e-07
1.531515e+04	7.998427e-07
1.532013e+04	7.919486e-07
1.532511e+04	7.841269e-07
1.533008e+04	7.763772e-07
1.533506e+04	7.686989e-07
1.534004e+04	7.610912e-07
1.534502e+04	7.535537e-07
1.535000e+04	7.460857e-07
1.535498e+04	7.386867e-07
1.535996e+04	7.313560e-07
1.536494e+04	7.240931e-07
1.536992e+04	7.168974e-07
1.537489e+04	7.097684e-07
1.537987e+04	7.027055e-07
1.538485e+04	6.957080e-07
1.538983e+04	6.887756e-07
1.539481e+04	6.819075e-07
1.539979e+04	6.751033e-07
1.540477e+04	6.683624e-07
1.540975e+04	6.616843e-07
1.541473e+04	6.550684e-07
1.541971e+04	6.485142e-07
1.542468e+04	6.420212e-07
1.542966e+04	6.355889e-07
1.543464e+04	6.292167e-07
1.543962e+04	6.229041e-07
1.544460e+04	6.166506e-07
1.544958e+04	6.104557e-07
1.545456e+04	6.043189e-07
1.545954e+04	5.982398e-07
1.546452e+04	5.922176e-07
1.546949e+04	5.862521e-07
1.547447e+04	5.803428e-07
1.547945e+04	5.744890e-07
1.548443e+04	5.686904e-07
1.548941e+04	5.629465e-07
1.549439e+04	5.572567e-07
1.549937e+04	5.516207e-07
1.550435e+04	5.460380e-07
1.550933e+04	5.405080e-07
1.551430e+04	5.350304e-07
1.551928e+04	5.296047e-07
1.552426e+04	5.242304e-07
1.552924e+04	5.189071e-07
1.553422e+04	5.136343e-07
1.553920e+04	5.084116e-07
1.554418e+04	5.032386e-07
1.554916e+04	4.981148e-07
1.555414e+04	4.930397e-07
1.555911e+04	4.880131e-07
1.556409e+04	4.830344e-07
1.556907e+04	4.781032e-07
1.557405e+04	4.732191e-07
1.557903e+04	4.683817e-07
1.558401e+04	4.635905e-07
1.558899e+04	4.588452e-07
1.559397e+04	4.541454e-07
1.559895e+04	4.494907e-07
1.560392e+04	4.448806e-07
1.560890e+04	4.403147e-07
1.561388e+04	4.357928e-07
1.561886e+04	4.313143e-07
1.562384e+04	4.268789e-07
1.562882e+04	4.224863e-07
1.563380e+04	4.181360e-07
1.563878e+04	4.138276e-07
1.564376e+04	4.095608e-07
1.564874e+04	4.053353e-07
1.565371e+04	4.011506e-07
1.565869e+04	3.970063e-07
1.566367e+04	3.929022e-07
1.566865e+04	3.888379e-07
1.567363e+04	3.848129e-07
1.567861e+04	3.808271e-07
1.568359e+04	3.768799e-07
1.568857e+04	3.729710e-07
1.569355e+04	3.691002e-07
1.569852e+04	3.652671e-07
1.570350e+04	3.614713e-07
1.570848e+04	3.577125e-07
1.571346e+04	3.539903e-07
1.571844e+04	3.503045e-07
1.572342e+04	3.466547e-07
1.572840e+04	3.430405e-07
1.573338e+04	3.394617e-07
1.573836e+04	3.359180e-07
1.574333e+04	3.324089e-07
1.574831e+04	3.289343e-07
1.575329e+04	3.254937e-07
1.575827e+04	3.220870e-07
1.576325e+04	3.187137e-07
1.576823e+04	3.153735e-07
1.577321e+04	3.120663e-07
1.577819e+04	3.087916e-07
1.578317e+04	3.055492e-07
1.578814e+04	3.023387e-07
1.579312e+04	2.991600e-07
