# # p(y | x = 5.200000e-03)
# # y_val	p(y|x)
0.000000e+00	4.790675e-06
4.978917e+00	4.853239e-06
9.957833e+00	4.916547e-06
1.493675e+01	4.980609e-06
1.991567e+01	5.045431e-06
2.489458e+01	5.111022e-06
2.987350e+01	5.177391e-06
3.485242e+01	5.244544e-06
3.983133e+01	5.312491e-06
4.481025e+01	5.381239e-06
4.978917e+01	5.450798e-06
5.476808e+01	5.521174e-06
5.974700e+01	5.592378e-06
6.472592e+01	5.664417e-06
6.970483e+01	5.737301e-06
7.468375e+01	5.811037e-06
7.966267e+01	5.885634e-06
8.464158e+01	5.961102e-06
8.962050e+01	6.037450e-06
9.459942e+01	6.114686e-06
9.957833e+01	6.192819e-06
1.045573e+02	6.271860e-06
1.095362e+02	6.351816e-06
1.145151e+02	6.432697e-06
1.194940e+02	6.514513e-06
1.244729e+02	6.597274e-06
1.294518e+02	6.680987e-06
1.344308e+02	6.765665e-06
1.394097e+02	6.851315e-06
1.443886e+02	6.937948e-06
1.493675e+02	7.025574e-06
1.543464e+02	7.114203e-06
1.593253e+02	7.203844e-06
1.643043e+02	7.294508e-06
1.692832e+02	7.386206e-06
1.742621e+02	7.478946e-06
1.792410e+02	7.572741e-06
1.842199e+02	7.667599e-06
1.891988e+02	7.763532e-06
1.941778e+02	7.860551e-06
1.991567e+02	7.958666e-06
2.041356e+02	8.057887e-06
2.091145e+02	8.158226e-06
2.140934e+02	8.259694e-06
2.190723e+02	8.362302e-06
2.240513e+02	8.466060e-06
2.290302e+02	8.570981e-06
2.340091e+02	8.677075e-06
2.389880e+02	8.784354e-06
2.439669e+02	8.892829e-06
2.489458e+02	9.002513e-06
2.539248e+02	9.113415e-06
2.589037e+02	9.225549e-06
2.638826e+02	9.338927e-06
2.688615e+02	9.453559e-06
2.738404e+02	9.569459e-06
2.788193e+02	9.686637e-06
2.837983e+02	9.805108e-06
2.887772e+02	9.924882e-06
2.937561e+02	1.004597e-05
2.987350e+02	1.016839e-05
3.037139e+02	1.029215e-05
3.086928e+02	1.041727e-05
3.136718e+02	1.054375e-05
3.186507e+02	1.067161e-05
3.236296e+02	1.080086e-05
3.286085e+02	1.093152e-05
3.335874e+02	1.106360e-05
3.385663e+02	1.119711e-05
3.435453e+02	1.133206e-05
3.485242e+02	1.146848e-05
3.535031e+02	1.160637e-05
3.584820e+02	1.174574e-05
3.634609e+02	1.188661e-05
3.684398e+02	1.202900e-05
3.734188e+02	1.217291e-05
3.783977e+02	1.231837e-05
3.833766e+02	1.246538e-05
3.883555e+02	1.261396e-05
3.933344e+02	1.276413e-05
3.983133e+02	1.291589e-05
4.032923e+02	1.306927e-05
4.082712e+02	1.322428e-05
4.132501e+02	1.338093e-05
4.182290e+02	1.353923e-05
4.232079e+02	1.369921e-05
4.281868e+02	1.386088e-05
4.331658e+02	1.402425e-05
4.381447e+02	1.418934e-05
4.431236e+02	1.435616e-05
4.481025e+02	1.452473e-05
4.530814e+02	1.469506e-05
4.580603e+02	1.486718e-05
4.630393e+02	1.504109e-05
4.680182e+02	1.521681e-05
4.729971e+02	1.539436e-05
4.779760e+02	1.557376e-05
4.829549e+02	1.575501e-05
4.879338e+02	1.593814e-05
4.929128e+02	1.612317e-05
4.978917e+02	1.631010e-05
5.028706e+02	1.649896e-05
5.078495e+02	1.668977e-05
5.128284e+02	1.688253e-05
5.178073e+02	1.707727e-05
5.227863e+02	1.727400e-05
5.277652e+02	1.747274e-05
5.327441e+02	1.767352e-05
5.377230e+02	1.787633e-05
5.427019e+02	1.808122e-05
5.476808e+02	1.828818e-05
5.526598e+02	1.849724e-05
5.576387e+02	1.870841e-05
5.626176e+02	1.892172e-05
5.675965e+02	1.913719e-05
5.725754e+02	1.935482e-05
5.775543e+02	1.957464e-05
5.825333e+02	1.979667e-05
5.875122e+02	2.002093e-05
5.924911e+02	2.024743e-05
5.974700e+02	2.047619e-05
6.024489e+02	2.070724e-05
6.074278e+02	2.094058e-05
6.124068e+02	2.117625e-05
6.173857e+02	2.141425e-05
6.223646e+02	2.165461e-05
6.273435e+02	2.189735e-05
6.323224e+02	2.214249e-05
6.373013e+02	2.239005e-05
6.422803e+02	2.264004e-05
6.472592e+02	2.289249e-05
6.522381e+02	2.314741e-05
6.572170e+02	2.340483e-05
6.621959e+02	2.366477e-05
6.671748e+02	2.392724e-05
6.721538e+02	2.419228e-05
6.771327e+02	2.445989e-05
6.821116e+02	2.473010e-05
6.870905e+02	2.500293e-05
6.920694e+02	2.527839e-05
6.970483e+02	2.555652e-05
7.020273e+02	2.583734e-05
7.070062e+02	2.612085e-05
7.119851e+02	2.640709e-05
7.169640e+02	2.669608e-05
7.219429e+02	2.698784e-05
7.269218e+02	2.728238e-05
7.319008e+02	2.757974e-05
7.368797e+02	2.787993e-05
7.418586e+02	2.818298e-05
7.468375e+02	2.848890e-05
7.518164e+02	2.879772e-05
7.567953e+02	2.910947e-05
7.617743e+02	2.942416e-05
7.667532e+02	2.974181e-05
7.717321e+02	3.006246e-05
7.767110e+02	3.038612e-05
7.816899e+02	3.071281e-05
7.866688e+02	3.104256e-05
7.916478e+02	3.137540e-05
7.966267e+02	3.171134e-05
8.016056e+02	3.205041e-05
8.065845e+02	3.239263e-05
8.115634e+02	3.273802e-05
8.165423e+02	3.308662e-05
8.215213e+02	3.343843e-05
8.265002e+02	3.379350e-05
8.314791e+02	3.415183e-05
8.364580e+02	3.451346e-05
8.414369e+02	3.487841e-05
8.464158e+02	3.524670e-05
8.513948e+02	3.561837e-05
8.563737e+02	3.599342e-05
8.613526e+02	3.637189e-05
8.663315e+02	3.675381e-05
8.713104e+02	3.713919e-05
8.762893e+02	3.752806e-05
8.812683e+02	3.792045e-05
8.862472e+02	3.831638e-05
8.912261e+02	3.871588e-05
8.962050e+02	3.911898e-05
9.011839e+02	3.952569e-05
9.061628e+02	3.993605e-05
9.111418e+02	4.035008e-05
9.161207e+02	4.076780e-05
9.210996e+02	4.118925e-05
9.260785e+02	4.161445e-05
9.310574e+02	4.204342e-05
9.360363e+02	4.247619e-05
9.410153e+02	4.291279e-05
9.459942e+02	4.335324e-05
9.509731e+02	4.379757e-05
9.559520e+02	4.424581e-05
9.609309e+02	4.469798e-05
9.659098e+02	4.515412e-05
9.708888e+02	4.561424e-05
9.758677e+02	4.607838e-05
9.808466e+02	4.654656e-05
9.858255e+02	4.701880e-05
9.908044e+02	4.749515e-05
9.957833e+02	4.797562e-05
1.000762e+03	4.846024e-05
1.005741e+03	4.894904e-05
1.010720e+03	4.944205e-05
1.015699e+03	4.993930e-05
1.020678e+03	5.044081e-05
1.025657e+03	5.094661e-05
1.030636e+03	5.145673e-05
1.035615e+03	5.197119e-05
1.040594e+03	5.249004e-05
1.045573e+03	5.301328e-05
1.050551e+03	5.354096e-05
1.055530e+03	5.407311e-05
1.060509e+03	5.460974e-05
1.065488e+03	5.515089e-05
1.070467e+03	5.569660e-05
1.075446e+03	5.624687e-05
1.080425e+03	5.680176e-05
1.085404e+03	5.736128e-05
1.090383e+03	5.792546e-05
1.095362e+03	5.849434e-05
1.100341e+03	5.906794e-05
1.105320e+03	5.964630e-05
1.110298e+03	6.022943e-05
1.115277e+03	6.081738e-05
1.120256e+03	6.141017e-05
1.125235e+03	6.200783e-05
1.130214e+03	6.261040e-05
1.135193e+03	6.321789e-05
1.140172e+03	6.383034e-05
1.145151e+03	6.444779e-05
1.150130e+03	6.507026e-05
1.155109e+03	6.569778e-05
1.160088e+03	6.633038e-05
1.165067e+03	6.696809e-05
1.170045e+03	6.761095e-05
1.175024e+03	6.825897e-05
1.180003e+03	6.891221e-05
1.184982e+03	6.957067e-05
1.189961e+03	7.023440e-05
1.194940e+03	7.090343e-05
1.199919e+03	7.157778e-05
1.204898e+03	7.225750e-05
1.209877e+03	7.294259e-05
1.214856e+03	7.363311e-05
1.219835e+03	7.432908e-05
1.224814e+03	7.503053e-05
1.229792e+03	7.573749e-05
1.234771e+03	7.644999e-05
1.239750e+03	7.716807e-05
1.244729e+03	7.789176e-05
1.249708e+03	7.862108e-05
1.254687e+03	7.935607e-05
1.259666e+03	8.009676e-05
1.264645e+03	8.084319e-05
1.269624e+03	8.159537e-05
1.274603e+03	8.235335e-05
1.279582e+03	8.311716e-05
1.284561e+03	8.388682e-05
1.289539e+03	8.466238e-05
1.294518e+03	8.544385e-05
1.299497e+03	8.623128e-05
1.304476e+03	8.702469e-05
1.309455e+03	8.782412e-05
1.314434e+03	8.862959e-05
1.319413e+03	8.944115e-05
1.324392e+03	9.025881e-05
1.329371e+03	9.108262e-05
1.334350e+03	9.191261e-05
1.339329e+03	9.274880e-05
1.344308e+03	9.359123e-05
1.349286e+03	9.443993e-05
1.354265e+03	9.529494e-05
1.359244e+03	9.615628e-05
1.364223e+03	9.702398e-05
1.369202e+03	9.789809e-05
1.374181e+03	9.877863e-05
1.379160e+03	9.966562e-05
1.384139e+03	1.005591e-04
1.389118e+03	1.014591e-04
1.394097e+03	1.023657e-04
1.399076e+03	1.032789e-04
1.404055e+03	1.041987e-04
1.409033e+03	1.051251e-04
1.414012e+03	1.060583e-04
1.418991e+03	1.069981e-04
1.423970e+03	1.079447e-04
1.428949e+03	1.088981e-04
1.433928e+03	1.098583e-04
1.438907e+03	1.108253e-04
1.443886e+03	1.117993e-04
1.448865e+03	1.127801e-04
1.453844e+03	1.137679e-04
1.458823e+03	1.147626e-04
1.463802e+03	1.157644e-04
1.468780e+03	1.167732e-04
1.473759e+03	1.177890e-04
1.478738e+03	1.188120e-04
1.483717e+03	1.198421e-04
1.488696e+03	1.208793e-04
1.493675e+03	1.219238e-04
1.498654e+03	1.229755e-04
1.503633e+03	1.240344e-04
1.508612e+03	1.251006e-04
1.513591e+03	1.261742e-04
1.518570e+03	1.272551e-04
1.523549e+03	1.283433e-04
1.528527e+03	1.294390e-04
1.533506e+03	1.305422e-04
1.538485e+03	1.316528e-04
1.543464e+03	1.327709e-04
1.548443e+03	1.338966e-04
1.553422e+03	1.350298e-04
1.558401e+03	1.361706e-04
1.563380e+03	1.373191e-04
1.568359e+03	1.384752e-04
1.573338e+03	1.396390e-04
1.578317e+03	1.408106e-04
1.583296e+03	1.419899e-04
1.588274e+03	1.431769e-04
1.593253e+03	1.443718e-04
1.598232e+03	1.455746e-04
1.603211e+03	1.467852e-04
1.608190e+03	1.480037e-04
1.613169e+03	1.492301e-04
1.618148e+03	1.504645e-04
1.623127e+03	1.517069e-04
1.628106e+03	1.529573e-04
1.633085e+03	1.542158e-04
1.638064e+03	1.554824e-04
1.643043e+03	1.567570e-04
1.648021e+03	1.580398e-04
1.653000e+03	1.593308e-04
1.657979e+03	1.606300e-04
1.662958e+03	1.619374e-04
1.667937e+03	1.632530e-04
1.672916e+03	1.645769e-04
1.677895e+03	1.659092e-04
1.682874e+03	1.672498e-04
1.687853e+03	1.685987e-04
1.692832e+03	1.699561e-04
1.697811e+03	1.713218e-04
1.702790e+03	1.726960e-04
1.707768e+03	1.740787e-04
1.712747e+03	1.754699e-04
1.717726e+03	1.768697e-04
1.722705e+03	1.782779e-04
1.727684e+03	1.796948e-04
1.732663e+03	1.811203e-04
1.737642e+03	1.825544e-04
1.742621e+03	1.839972e-04
1.747600e+03	1.854487e-04
1.752579e+03	1.869089e-04
1.757558e+03	1.883779e-04
1.762537e+03	1.898556e-04
1.767515e+03	1.913421e-04
1.772494e+03	1.928374e-04
1.777473e+03	1.943416e-04
1.782452e+03	1.958546e-04
1.787431e+03	1.973766e-04
1.792410e+03	1.989074e-04
1.797389e+03	2.004472e-04
1.802368e+03	2.019960e-04
1.807347e+03	2.035537e-04
1.812326e+03	2.051205e-04
1.817305e+03	2.066963e-04
1.822284e+03	2.082812e-04
1.827262e+03	2.098751e-04
1.832241e+03	2.114782e-04
1.837220e+03	2.130904e-04
1.842199e+03	2.147117e-04
1.847178e+03	2.163422e-04
1.852157e+03	2.179819e-04
1.857136e+03	2.196308e-04
1.862115e+03	2.212890e-04
1.867094e+03	2.229564e-04
1.872073e+03	2.246331e-04
1.877052e+03	2.263191e-04
1.882031e+03	2.280144e-04
1.887009e+03	2.297191e-04
1.891988e+03	2.314331e-04
1.896967e+03	2.331565e-04
1.901946e+03	2.348893e-04
1.906925e+03	2.366315e-04
1.911904e+03	2.383832e-04
1.916883e+03	2.401443e-04
1.921862e+03	2.419149e-04
1.926841e+03	2.436949e-04
1.931820e+03	2.454845e-04
1.936799e+03	2.472836e-04
1.941778e+03	2.490923e-04
1.946756e+03	2.509105e-04
1.951735e+03	2.527383e-04
1.956714e+03	2.545757e-04
1.961693e+03	2.564227e-04
1.966672e+03	2.582793e-04
1.971651e+03	2.601455e-04
1.976630e+03	2.620215e-04
1.981609e+03	2.639070e-04
1.986588e+03	2.658023e-04
1.991567e+03	2.677073e-04
1.996546e+03	2.696219e-04
2.001525e+03	2.715463e-04
2.006503e+03	2.734804e-04
2.011482e+03	2.754243e-04
2.016461e+03	2.773780e-04
2.021440e+03	2.793414e-04
2.026419e+03	2.813146e-04
2.031398e+03	2.832976e-04
2.036377e+03	2.852904e-04
2.041356e+03	2.872930e-04
2.046335e+03	2.893054e-04
2.051314e+03	2.913277e-04
2.056293e+03	2.933599e-04
2.061272e+03	2.954018e-04
2.066250e+03	2.974537e-04
2.071229e+03	2.995154e-04
2.076208e+03	3.015870e-04
2.081187e+03	3.036685e-04
2.086166e+03	3.057599e-04
2.091145e+03	3.078612e-04
2.096124e+03	3.099724e-04
2.101103e+03	3.120935e-04
2.106082e+03	3.142246e-04
2.111061e+03	3.163655e-04
2.116040e+03	3.185164e-04
2.121019e+03	3.206772e-04
2.125997e+03	3.228480e-04
2.130976e+03	3.250287e-04
2.135955e+03	3.272194e-04
2.140934e+03	3.294200e-04
2.145913e+03	3.316305e-04
2.150892e+03	3.338510e-04
2.155871e+03	3.360815e-04
2.160850e+03	3.383219e-04
2.165829e+03	3.405723e-04
2.170808e+03	3.428326e-04
2.175787e+03	3.451029e-04
2.180766e+03	3.473831e-04
2.185744e+03	3.496733e-04
2.190723e+03	3.519735e-04
2.195702e+03	3.542836e-04
2.200681e+03	3.566036e-04
2.205660e+03	3.589336e-04
2.210639e+03	3.612735e-04
2.215618e+03	3.636234e-04
2.220597e+03	3.659832e-04
2.225576e+03	3.683529e-04
2.230555e+03	3.707326e-04
2.235534e+03	3.731222e-04
2.240513e+03	3.755216e-04
2.245491e+03	3.779310e-04
2.250470e+03	3.803503e-04
2.255449e+03	3.827795e-04
2.260428e+03	3.852186e-04
2.265407e+03	3.876675e-04
2.270386e+03	3.901263e-04
2.275365e+03	3.925950e-04
2.280344e+03	3.950734e-04
2.285323e+03	3.975618e-04
2.290302e+03	4.000599e-04
2.295281e+03	4.025679e-04
2.300260e+03	4.050857e-04
2.305238e+03	4.076132e-04
2.310217e+03	4.101506e-04
2.315196e+03	4.126977e-04
2.320175e+03	4.152545e-04
2.325154e+03	4.178211e-04
2.330133e+03	4.203973e-04
2.335112e+03	4.229833e-04
2.340091e+03	4.255790e-04
2.345070e+03	4.281843e-04
2.350049e+03	4.307993e-04
2.355028e+03	4.334240e-04
2.360007e+03	4.360582e-04
2.364985e+03	4.387020e-04
2.369964e+03	4.413554e-04
2.374943e+03	4.440184e-04
2.379922e+03	4.466909e-04
2.384901e+03	4.493729e-04
2.389880e+03	4.520644e-04
2.394859e+03	4.547654e-04
2.399838e+03	4.574759e-04
2.404817e+03	4.601957e-04
2.409796e+03	4.629250e-04
2.414775e+03	4.656636e-04
2.419754e+03	4.684116e-04
2.424732e+03	4.711690e-04
2.429711e+03	4.739356e-04
2.434690e+03	4.767115e-04
2.439669e+03	4.794966e-04
2.444648e+03	4.822910e-04
2.449627e+03	4.850946e-04
2.454606e+03	4.879073e-04
2.459585e+03	4.907291e-04
2.464564e+03	4.935601e-04
2.469543e+03	4.964001e-04
2.474522e+03	4.992492e-04
2.479501e+03	5.021073e-04
2.484479e+03	5.049744e-04
2.489458e+03	5.078504e-04
2.494437e+03	5.107353e-04
2.499416e+03	5.136291e-04
2.504395e+03	5.165318e-04
2.509374e+03	5.194432e-04
2.514353e+03	5.223635e-04
2.519332e+03	5.252925e-04
2.524311e+03	5.282301e-04
2.529290e+03	5.311765e-04
2.534269e+03	5.341314e-04
2.539248e+03	5.370950e-04
2.544226e+03	5.400671e-04
2.549205e+03	5.430476e-04
2.554184e+03	5.460367e-04
2.559163e+03	5.490342e-04
2.564142e+03	5.520401e-04
2.569121e+03	5.550543e-04
2.574100e+03	5.580768e-04
2.579079e+03	5.611076e-04
2.584058e+03	5.641466e-04
2.589037e+03	5.671937e-04
2.594016e+03	5.702490e-04
2.598995e+03	5.733123e-04
2.603973e+03	5.763837e-04
2.608952e+03	5.794630e-04
2.613931e+03	5.825503e-04
2.618910e+03	5.856455e-04
2.623889e+03	5.887485e-04
2.628868e+03	5.918593e-04
2.633847e+03	5.949778e-04
2.638826e+03	5.981041e-04
2.643805e+03	6.012379e-04
2.648784e+03	6.043794e-04
2.653763e+03	6.075283e-04
2.658742e+03	6.106848e-04
2.663720e+03	6.138487e-04
2.668699e+03	6.170199e-04
2.673678e+03	6.201985e-04
2.678657e+03	6.233843e-04
2.683636e+03	6.265773e-04
2.688615e+03	6.297775e-04
2.693594e+03	6.329848e-04
2.698573e+03	6.361991e-04
2.703552e+03	6.394204e-04
2.708531e+03	6.426485e-04
2.713510e+03	6.458836e-04
2.718489e+03	6.491254e-04
2.723467e+03	6.523740e-04
2.728446e+03	6.556292e-04
2.733425e+03	6.588911e-04
2.738404e+03	6.621595e-04
2.743383e+03	6.654343e-04
2.748362e+03	6.687156e-04
2.753341e+03	6.720033e-04
2.758320e+03	6.752972e-04
2.763299e+03	6.785974e-04
2.768278e+03	6.819037e-04
2.773257e+03	6.852162e-04
2.778236e+03	6.885346e-04
2.783214e+03	6.918590e-04
2.788193e+03	6.951893e-04
2.793172e+03	6.985254e-04
2.798151e+03	7.018672e-04
2.803130e+03	7.052148e-04
2.808109e+03	7.085679e-04
2.813088e+03	7.119266e-04
2.818067e+03	7.152907e-04
2.823046e+03	7.186602e-04
2.828025e+03	7.220350e-04
2.833004e+03	7.254151e-04
2.837983e+03	7.288004e-04
2.842961e+03	7.321907e-04
2.847940e+03	7.355861e-04
2.852919e+03	7.389864e-04
2.857898e+03	7.423915e-04
2.862877e+03	7.458015e-04
2.867856e+03	7.492161e-04
2.872835e+03	7.526354e-04
2.877814e+03	7.560592e-04
2.882793e+03	7.594876e-04
2.887772e+03	7.629202e-04
2.892751e+03	7.663573e-04
2.897730e+03	7.697985e-04
2.902708e+03	7.732439e-04
2.907687e+03	7.766933e-04
2.912666e+03	7.801468e-04
2.917645e+03	7.836041e-04
2.922624e+03	7.870652e-04
2.927603e+03	7.905301e-04
2.932582e+03	7.939986e-04
2.937561e+03	7.974707e-04
2.942540e+03	8.009463e-04
2.947519e+03	8.044252e-04
2.952498e+03	8.079074e-04
2.957477e+03	8.113929e-04
2.962455e+03	8.148814e-04
2.967434e+03	8.183730e-04
2.972413e+03	8.218676e-04
2.977392e+03	8.253650e-04
2.982371e+03	8.288652e-04
2.987350e+03	8.323680e-04
2.992329e+03	8.358734e-04
2.997308e+03	8.393813e-04
3.002287e+03	8.428916e-04
3.007266e+03	8.464042e-04
3.012245e+03	8.499191e-04
3.017224e+03	8.534360e-04
3.022202e+03	8.569550e-04
3.027181e+03	8.604759e-04
3.032160e+03	8.639986e-04
3.037139e+03	8.675231e-04
3.042118e+03	8.710492e-04
3.047097e+03	8.745769e-04
3.052076e+03	8.781060e-04
3.057055e+03	8.816364e-04
3.062034e+03	8.851681e-04
3.067013e+03	8.887010e-04
3.071992e+03	8.922349e-04
3.076971e+03	8.957698e-04
3.081949e+03	8.993055e-04
3.086928e+03	9.028420e-04
3.091907e+03	9.063791e-04
3.096886e+03	9.099168e-04
3.101865e+03	9.134550e-04
3.106844e+03	9.169935e-04
3.111823e+03	9.205322e-04
3.116802e+03	9.240711e-04
3.121781e+03	9.276101e-04
3.126760e+03	9.311489e-04
3.131739e+03	9.346877e-04
3.136718e+03	9.382261e-04
3.141696e+03	9.417642e-04
3.146675e+03	9.453018e-04
3.151654e+03	9.488388e-04
3.156633e+03	9.523751e-04
3.161612e+03	9.559106e-04
3.166591e+03	9.594452e-04
3.171570e+03	9.629788e-04
3.176549e+03	9.665113e-04
3.181528e+03	9.700426e-04
3.186507e+03	9.735725e-04
3.191486e+03	9.771010e-04
3.196465e+03	9.806279e-04
3.201443e+03	9.841532e-04
3.206422e+03	9.876767e-04
3.211401e+03	9.911984e-04
3.216380e+03	9.947180e-04
3.221359e+03	9.982356e-04
3.226338e+03	1.001751e-03
3.231317e+03	1.005264e-03
3.236296e+03	1.008775e-03
3.241275e+03	1.012283e-03
3.246254e+03	1.015788e-03
3.251233e+03	1.019291e-03
3.256212e+03	1.022790e-03
3.261190e+03	1.026287e-03
3.266169e+03	1.029781e-03
3.271148e+03	1.033271e-03
3.276127e+03	1.036759e-03
3.281106e+03	1.040242e-03
3.286085e+03	1.043722e-03
3.291064e+03	1.047199e-03
3.296043e+03	1.050672e-03
3.301022e+03	1.054140e-03
3.306001e+03	1.057605e-03
3.310980e+03	1.061066e-03
3.315959e+03	1.064522e-03
3.320937e+03	1.067974e-03
3.325916e+03	1.071422e-03
3.330895e+03	1.074865e-03
3.335874e+03	1.078303e-03
3.340853e+03	1.081737e-03
3.345832e+03	1.085165e-03
3.350811e+03	1.088589e-03
3.355790e+03	1.092007e-03
3.360769e+03	1.095420e-03
3.365748e+03	1.098828e-03
3.370727e+03	1.102230e-03
3.375706e+03	1.105627e-03
3.380684e+03	1.109017e-03
3.385663e+03	1.112402e-03
3.390642e+03	1.115781e-03
3.395621e+03	1.119154e-03
3.400600e+03	1.122521e-03
3.405579e+03	1.125881e-03
3.410558e+03	1.129235e-03
3.415537e+03	1.132582e-03
3.420516e+03	1.135923e-03
3.425495e+03	1.139256e-03
3.430474e+03	1.142583e-03
3.435453e+03	1.145903e-03
3.440431e+03	1.149216e-03
3.445410e+03	1.152521e-03
3.450389e+03	1.155819e-03
3.455368e+03	1.159109e-03
3.460347e+03	1.162392e-03
3.465326e+03	1.165667e-03
3.470305e+03	1.168935e-03
3.475284e+03	1.172194e-03
3.480263e+03	1.175445e-03
3.485242e+03	1.178688e-03
3.490221e+03	1.181923e-03
3.495200e+03	1.185149e-03
3.500178e+03	1.188366e-03
3.505157e+03	1.191575e-03
3.510136e+03	1.194775e-03
3.515115e+03	1.197967e-03
3.520094e+03	1.201149e-03
3.525073e+03	1.204322e-03
3.530052e+03	1.207485e-03
3.535031e+03	1.210640e-03
3.540010e+03	1.213785e-03
3.544989e+03	1.216920e-03
3.549968e+03	1.220045e-03
3.554947e+03	1.223161e-03
3.559925e+03	1.226266e-03
3.564904e+03	1.229362e-03
3.569883e+03	1.232447e-03
3.574862e+03	1.235522e-03
3.579841e+03	1.238587e-03
3.584820e+03	1.241641e-03
3.589799e+03	1.244684e-03
3.594778e+03	1.247717e-03
3.599757e+03	1.250739e-03
3.604736e+03	1.253749e-03
3.609715e+03	1.256749e-03
3.614694e+03	1.259737e-03
3.619672e+03	1.262714e-03
3.624651e+03	1.265680e-03
3.629630e+03	1.268633e-03
3.634609e+03	1.271576e-03
3.639588e+03	1.274506e-03
3.644567e+03	1.277424e-03
3.649546e+03	1.280331e-03
3.654525e+03	1.283225e-03
3.659504e+03	1.286107e-03
3.664483e+03	1.288977e-03
3.669462e+03	1.291834e-03
3.674441e+03	1.294678e-03
3.679419e+03	1.297510e-03
3.684398e+03	1.300329e-03
3.689377e+03	1.303135e-03
3.694356e+03	1.305929e-03
3.699335e+03	1.308708e-03
3.704314e+03	1.311475e-03
3.709293e+03	1.314228e-03
3.714272e+03	1.316968e-03
3.719251e+03	1.319694e-03
3.724230e+03	1.322407e-03
3.729209e+03	1.325106e-03
3.734188e+03	1.327791e-03
3.739166e+03	1.330461e-03
3.744145e+03	1.333118e-03
3.749124e+03	1.335761e-03
3.754103e+03	1.338389e-03
3.759082e+03	1.341002e-03
3.764061e+03	1.343602e-03
3.769040e+03	1.346186e-03
3.774019e+03	1.348756e-03
3.778998e+03	1.351311e-03
3.783977e+03	1.353851e-03
3.788956e+03	1.356376e-03
3.793935e+03	1.358886e-03
3.798913e+03	1.361380e-03
3.803892e+03	1.363859e-03
3.808871e+03	1.366323e-03
3.813850e+03	1.368771e-03
3.818829e+03	1.371204e-03
3.823808e+03	1.373620e-03
3.828787e+03	1.376021e-03
3.833766e+03	1.378406e-03
3.838745e+03	1.380775e-03
3.843724e+03	1.383127e-03
3.848703e+03	1.385464e-03
3.853682e+03	1.387784e-03
3.858660e+03	1.390088e-03
3.863639e+03	1.392375e-03
3.868618e+03	1.394645e-03
3.873597e+03	1.396899e-03
3.878576e+03	1.399136e-03
3.883555e+03	1.401356e-03
3.888534e+03	1.403559e-03
3.893513e+03	1.405745e-03
3.898492e+03	1.407914e-03
3.903471e+03	1.410065e-03
3.908450e+03	1.412199e-03
3.913429e+03	1.414316e-03
3.918407e+03	1.416415e-03
3.923386e+03	1.418497e-03
3.928365e+03	1.420561e-03
3.933344e+03	1.422607e-03
3.938323e+03	1.424635e-03
3.943302e+03	1.426645e-03
3.948281e+03	1.428637e-03
3.953260e+03	1.430611e-03
3.958239e+03	1.432567e-03
3.963218e+03	1.434504e-03
3.968197e+03	1.436424e-03
3.973176e+03	1.438324e-03
3.978154e+03	1.440206e-03
3.983133e+03	1.442070e-03
3.988112e+03	1.443915e-03
3.993091e+03	1.445741e-03
3.998070e+03	1.447548e-03
4.003049e+03	1.449336e-03
4.008028e+03	1.451105e-03
4.013007e+03	1.452855e-03
4.017986e+03	1.454586e-03
4.022965e+03	1.456298e-03
4.027944e+03	1.457990e-03
4.032923e+03	1.459663e-03
4.037901e+03	1.461317e-03
4.042880e+03	1.462951e-03
4.047859e+03	1.464566e-03
4.052838e+03	1.466161e-03
4.057817e+03	1.467736e-03
4.062796e+03	1.469291e-03
4.067775e+03	1.470827e-03
4.072754e+03	1.472342e-03
4.077733e+03	1.473838e-03
4.082712e+03	1.475313e-03
4.087691e+03	1.476769e-03
4.092670e+03	1.478204e-03
4.097648e+03	1.479619e-03
4.102627e+03	1.481014e-03
4.107606e+03	1.482388e-03
4.112585e+03	1.483742e-03
4.117564e+03	1.485075e-03
4.122543e+03	1.486388e-03
4.127522e+03	1.487681e-03
4.132501e+03	1.488952e-03
4.137480e+03	1.490203e-03
4.142459e+03	1.491433e-03
4.147438e+03	1.492643e-03
4.152417e+03	1.493831e-03
4.157395e+03	1.494999e-03
4.162374e+03	1.496146e-03
4.167353e+03	1.497271e-03
4.172332e+03	1.498376e-03
4.177311e+03	1.499460e-03
4.182290e+03	1.500522e-03
4.187269e+03	1.501563e-03
4.192248e+03	1.502583e-03
4.197227e+03	1.503582e-03
4.202206e+03	1.504559e-03
4.207185e+03	1.505515e-03
4.212164e+03	1.506449e-03
4.217142e+03	1.507362e-03
4.222121e+03	1.508254e-03
4.227100e+03	1.509124e-03
4.232079e+03	1.509972e-03
4.237058e+03	1.510799e-03
4.242037e+03	1.511604e-03
4.247016e+03	1.512388e-03
4.251995e+03	1.513149e-03
4.256974e+03	1.513889e-03
4.261953e+03	1.514608e-03
4.266932e+03	1.515304e-03
4.271911e+03	1.515979e-03
4.276889e+03	1.516631e-03
4.281868e+03	1.517262e-03
4.286847e+03	1.517871e-03
4.291826e+03	1.518458e-03
4.296805e+03	1.519023e-03
4.301784e+03	1.519566e-03
4.306763e+03	1.520087e-03
4.311742e+03	1.520585e-03
4.316721e+03	1.521062e-03
4.321700e+03	1.521517e-03
4.326679e+03	1.521949e-03
4.331658e+03	1.522360e-03
4.336636e+03	1.522748e-03
4.341615e+03	1.523114e-03
4.346594e+03	1.523458e-03
4.351573e+03	1.523780e-03
4.356552e+03	1.524079e-03
4.361531e+03	1.524356e-03
4.366510e+03	1.524612e-03
4.371489e+03	1.524844e-03
4.376468e+03	1.525055e-03
4.381447e+03	1.525243e-03
4.386426e+03	1.525409e-03
4.391405e+03	1.525553e-03
4.396383e+03	1.525674e-03
4.401362e+03	1.525773e-03
4.406341e+03	1.525850e-03
4.411320e+03	1.525904e-03
4.416299e+03	1.525936e-03
4.421278e+03	1.525946e-03
4.426257e+03	1.525934e-03
4.431236e+03	1.525899e-03
4.436215e+03	1.525842e-03
4.441194e+03	1.525763e-03
4.446173e+03	1.525661e-03
4.451152e+03	1.525537e-03
4.456130e+03	1.525391e-03
4.461109e+03	1.525222e-03
4.466088e+03	1.525031e-03
4.471067e+03	1.524818e-03
4.476046e+03	1.524583e-03
4.481025e+03	1.524325e-03
4.486004e+03	1.524045e-03
4.490983e+03	1.523743e-03
4.495962e+03	1.523419e-03
4.500941e+03	1.523072e-03
4.505920e+03	1.522704e-03
4.510899e+03	1.522313e-03
4.515877e+03	1.521900e-03
4.520856e+03	1.521465e-03
4.525835e+03	1.521008e-03
4.530814e+03	1.520528e-03
4.535793e+03	1.520027e-03
4.540772e+03	1.519503e-03
4.545751e+03	1.518958e-03
4.550730e+03	1.518390e-03
4.555709e+03	1.517801e-03
4.560688e+03	1.517189e-03
4.565667e+03	1.516556e-03
4.570646e+03	1.515901e-03
4.575624e+03	1.515224e-03
4.580603e+03	1.514525e-03
4.585582e+03	1.513804e-03
4.590561e+03	1.513061e-03
4.595540e+03	1.512297e-03
4.600519e+03	1.511511e-03
4.605498e+03	1.510703e-03
4.610477e+03	1.509874e-03
4.615456e+03	1.509023e-03
4.620435e+03	1.508151e-03
4.625414e+03	1.507257e-03
4.630393e+03	1.506341e-03
4.635371e+03	1.505404e-03
4.640350e+03	1.504446e-03
4.645329e+03	1.503466e-03
4.650308e+03	1.502465e-03
4.655287e+03	1.501442e-03
4.660266e+03	1.500399e-03
4.665245e+03	1.499334e-03
4.670224e+03	1.498248e-03
4.675203e+03	1.497141e-03
4.680182e+03	1.496013e-03
4.685161e+03	1.494863e-03
4.690140e+03	1.493693e-03
4.695118e+03	1.492502e-03
4.700097e+03	1.491291e-03
4.705076e+03	1.490058e-03
4.710055e+03	1.488804e-03
4.715034e+03	1.487530e-03
4.720013e+03	1.486236e-03
4.724992e+03	1.484920e-03
4.729971e+03	1.483584e-03
4.734950e+03	1.482228e-03
4.739929e+03	1.480851e-03
4.744908e+03	1.479454e-03
4.749887e+03	1.478037e-03
4.754865e+03	1.476599e-03
4.759844e+03	1.475142e-03
4.764823e+03	1.473664e-03
4.769802e+03	1.472166e-03
4.774781e+03	1.470648e-03
4.779760e+03	1.469110e-03
4.784739e+03	1.467552e-03
4.789718e+03	1.465975e-03
4.794697e+03	1.464378e-03
4.799676e+03	1.462761e-03
4.804655e+03	1.461124e-03
4.809634e+03	1.459469e-03
4.814612e+03	1.457793e-03
4.819591e+03	1.456099e-03
4.824570e+03	1.454385e-03
4.829549e+03	1.452651e-03
4.834528e+03	1.450899e-03
4.839507e+03	1.449128e-03
4.844486e+03	1.447337e-03
4.849465e+03	1.445528e-03
4.854444e+03	1.443700e-03
4.859423e+03	1.441853e-03
4.864402e+03	1.439987e-03
4.869381e+03	1.438103e-03
4.874359e+03	1.436200e-03
4.879338e+03	1.434279e-03
4.884317e+03	1.432339e-03
4.889296e+03	1.430381e-03
4.894275e+03	1.428405e-03
4.899254e+03	1.426411e-03
4.904233e+03	1.424398e-03
4.909212e+03	1.422368e-03
4.914191e+03	1.420320e-03
4.919170e+03	1.418254e-03
4.924149e+03	1.416170e-03
4.929128e+03	1.414069e-03
4.934106e+03	1.411951e-03
4.939085e+03	1.409814e-03
4.944064e+03	1.407661e-03
4.949043e+03	1.405490e-03
4.954022e+03	1.403302e-03
4.959001e+03	1.401097e-03
4.963980e+03	1.398875e-03
4.968959e+03	1.396636e-03
4.973938e+03	1.394380e-03
4.978917e+03	1.392108e-03
4.983896e+03	1.389819e-03
4.988875e+03	1.387513e-03
4.993853e+03	1.385191e-03
4.998832e+03	1.382853e-03
5.003811e+03	1.380498e-03
5.008790e+03	1.378128e-03
5.013769e+03	1.375741e-03
5.018748e+03	1.373338e-03
5.023727e+03	1.370920e-03
5.028706e+03	1.368485e-03
5.033685e+03	1.366035e-03
5.038664e+03	1.363570e-03
5.043643e+03	1.361089e-03
5.048622e+03	1.358593e-03
5.053600e+03	1.356081e-03
5.058579e+03	1.353554e-03
5.063558e+03	1.351013e-03
5.068537e+03	1.348456e-03
5.073516e+03	1.345884e-03
5.078495e+03	1.343298e-03
5.083474e+03	1.340697e-03
5.088453e+03	1.338082e-03
5.093432e+03	1.335452e-03
5.098411e+03	1.332808e-03
5.103390e+03	1.330149e-03
5.108369e+03	1.327477e-03
5.113347e+03	1.324790e-03
5.118326e+03	1.322090e-03
5.123305e+03	1.319376e-03
5.128284e+03	1.316648e-03
5.133263e+03	1.313907e-03
5.138242e+03	1.311152e-03
5.143221e+03	1.308384e-03
5.148200e+03	1.305602e-03
5.153179e+03	1.302808e-03
5.158158e+03	1.300000e-03
5.163137e+03	1.297179e-03
5.168116e+03	1.294346e-03
5.173094e+03	1.291500e-03
5.178073e+03	1.288641e-03
5.183052e+03	1.285770e-03
5.188031e+03	1.282887e-03
5.193010e+03	1.279991e-03
5.197989e+03	1.277083e-03
5.202968e+03	1.274163e-03
5.207947e+03	1.271232e-03
5.212926e+03	1.268288e-03
5.217905e+03	1.265333e-03
5.222884e+03	1.262366e-03
5.227863e+03	1.259388e-03
5.232841e+03	1.256398e-03
5.237820e+03	1.253397e-03
5.242799e+03	1.250385e-03
5.247778e+03	1.247362e-03
5.252757e+03	1.244329e-03
5.257736e+03	1.241284e-03
5.262715e+03	1.238229e-03
5.267694e+03	1.235163e-03
5.272673e+03	1.232087e-03
5.277652e+03	1.229000e-03
5.282631e+03	1.225903e-03
5.287610e+03	1.222797e-03
5.292588e+03	1.219680e-03
5.297567e+03	1.216553e-03
5.302546e+03	1.213417e-03
5.307525e+03	1.210271e-03
5.312504e+03	1.207115e-03
5.317483e+03	1.203951e-03
5.322462e+03	1.200777e-03
5.327441e+03	1.197593e-03
5.332420e+03	1.194401e-03
5.337399e+03	1.191200e-03
5.342378e+03	1.187990e-03
5.347357e+03	1.184772e-03
5.352335e+03	1.181544e-03
5.357314e+03	1.178309e-03
5.362293e+03	1.175065e-03
5.367272e+03	1.171813e-03
5.372251e+03	1.168553e-03
5.377230e+03	1.165284e-03
5.382209e+03	1.162008e-03
5.387188e+03	1.158725e-03
5.392167e+03	1.155433e-03
5.397146e+03	1.152134e-03
5.402125e+03	1.148828e-03
5.407104e+03	1.145515e-03
5.412082e+03	1.142194e-03
5.417061e+03	1.138866e-03
5.422040e+03	1.135532e-03
5.427019e+03	1.132190e-03
5.431998e+03	1.128842e-03
5.436977e+03	1.125488e-03
5.441956e+03	1.122127e-03
5.446935e+03	1.118759e-03
5.451914e+03	1.115386e-03
5.456893e+03	1.112006e-03
5.461872e+03	1.108621e-03
5.466851e+03	1.105229e-03
5.471829e+03	1.101832e-03
5.476808e+03	1.098429e-03
5.481787e+03	1.095021e-03
5.486766e+03	1.091607e-03
5.491745e+03	1.088188e-03
5.496724e+03	1.084764e-03
5.501703e+03	1.081335e-03
5.506682e+03	1.077901e-03
5.511661e+03	1.074462e-03
5.516640e+03	1.071018e-03
5.521619e+03	1.067570e-03
5.526598e+03	1.064118e-03
5.531576e+03	1.060661e-03
5.536555e+03	1.057200e-03
5.541534e+03	1.053734e-03
5.546513e+03	1.050265e-03
5.551492e+03	1.046792e-03
5.556471e+03	1.043315e-03
5.561450e+03	1.039835e-03
5.566429e+03	1.036350e-03
5.571408e+03	1.032863e-03
5.576387e+03	1.029372e-03
5.581366e+03	1.025878e-03
5.586345e+03	1.022381e-03
5.591323e+03	1.018881e-03
5.596302e+03	1.015378e-03
5.601281e+03	1.011872e-03
5.606260e+03	1.008364e-03
5.611239e+03	1.004853e-03
5.616218e+03	1.001339e-03
5.621197e+03	9.978239e-04
5.626176e+03	9.943061e-04
5.631155e+03	9.907862e-04
5.636134e+03	9.872643e-04
5.641113e+03	9.837406e-04
5.646092e+03	9.802151e-04
5.651070e+03	9.766879e-04
5.656049e+03	9.731593e-04
5.661028e+03	9.696292e-04
5.666007e+03	9.660978e-04
5.670986e+03	9.625651e-04
5.675965e+03	9.590314e-04
5.680944e+03	9.554967e-04
5.685923e+03	9.519611e-04
5.690902e+03	9.484247e-04
5.695881e+03	9.448876e-04
5.700860e+03	9.413499e-04
5.705839e+03	9.378118e-04
5.710817e+03	9.342733e-04
5.715796e+03	9.307346e-04
5.720775e+03	9.271957e-04
5.725754e+03	9.236568e-04
5.730733e+03	9.201179e-04
5.735712e+03	9.165792e-04
5.740691e+03	9.130407e-04
5.745670e+03	9.095026e-04
5.750649e+03	9.059650e-04
5.755628e+03	9.024279e-04
5.760607e+03	8.988915e-04
5.765586e+03	8.953559e-04
5.770564e+03	8.918211e-04
5.775543e+03	8.882873e-04
5.780522e+03	8.847546e-04
5.785501e+03	8.812230e-04
5.790480e+03	8.776927e-04
5.795459e+03	8.741638e-04
5.800438e+03	8.706363e-04
5.805417e+03	8.671104e-04
5.810396e+03	8.635861e-04
5.815375e+03	8.600636e-04
5.820354e+03	8.565429e-04
5.825333e+03	8.530241e-04
5.830311e+03	8.495074e-04
5.835290e+03	8.459929e-04
5.840269e+03	8.424805e-04
5.845248e+03	8.389705e-04
5.850227e+03	8.354629e-04
5.855206e+03	8.319577e-04
5.860185e+03	8.284552e-04
5.865164e+03	8.249554e-04
5.870143e+03	8.214583e-04
5.875122e+03	8.179641e-04
5.880101e+03	8.144728e-04
5.885080e+03	8.109846e-04
5.890058e+03	8.074995e-04
5.895037e+03	8.040177e-04
5.900016e+03	8.005391e-04
5.904995e+03	7.970640e-04
5.909974e+03	7.935923e-04
5.914953e+03	7.901242e-04
5.919932e+03	7.866598e-04
5.924911e+03	7.831991e-04
5.929890e+03	7.797422e-04
5.934869e+03	7.762893e-04
5.939848e+03	7.728403e-04
5.944827e+03	7.693954e-04
5.949805e+03	7.659546e-04
5.954784e+03	7.625181e-04
5.959763e+03	7.590859e-04
5.964742e+03	7.556581e-04
5.969721e+03	7.522348e-04
5.974700e+03	7.488161e-04
5.979679e+03	7.454020e-04
5.984658e+03	7.419926e-04
5.989637e+03	7.385880e-04
5.994616e+03	7.351883e-04
5.999595e+03	7.317935e-04
6.004574e+03	7.284038e-04
6.009552e+03	7.250191e-04
6.014531e+03	7.216396e-04
6.019510e+03	7.182654e-04
6.024489e+03	7.148965e-04
6.029468e+03	7.115330e-04
6.034447e+03	7.081750e-04
6.039426e+03	7.048225e-04
6.044405e+03	7.014757e-04
6.049384e+03	6.981345e-04
6.054363e+03	6.947991e-04
6.059342e+03	6.914695e-04
6.064321e+03	6.881458e-04
6.069299e+03	6.848280e-04
6.074278e+03	6.815163e-04
6.079257e+03	6.782107e-04
6.084236e+03	6.749113e-04
6.089215e+03	6.716180e-04
6.094194e+03	6.683311e-04
6.099173e+03	6.650506e-04
6.104152e+03	6.617765e-04
6.109131e+03	6.585088e-04
6.114110e+03	6.552477e-04
6.119089e+03	6.519933e-04
6.124068e+03	6.487455e-04
6.129046e+03	6.455045e-04
6.134025e+03	6.422702e-04
6.139004e+03	6.390428e-04
6.143983e+03	6.358224e-04
6.148962e+03	6.326089e-04
6.153941e+03	6.294025e-04
6.158920e+03	6.262031e-04
6.163899e+03	6.230109e-04
6.168878e+03	6.198260e-04
6.173857e+03	6.166483e-04
6.178836e+03	6.134779e-04
6.183815e+03	6.103149e-04
6.188793e+03	6.071593e-04
6.193772e+03	6.040112e-04
6.198751e+03	6.008706e-04
6.203730e+03	5.977376e-04
6.208709e+03	5.946123e-04
6.213688e+03	5.914947e-04
6.218667e+03	5.883848e-04
6.223646e+03	5.852827e-04
6.228625e+03	5.821884e-04
6.233604e+03	5.791021e-04
6.238583e+03	5.760237e-04
6.243562e+03	5.729532e-04
6.248540e+03	5.698908e-04
6.253519e+03	5.668365e-04
6.258498e+03	5.637903e-04
6.263477e+03	5.607523e-04
6.268456e+03	5.577225e-04
6.273435e+03	5.547010e-04
6.278414e+03	5.516877e-04
6.283393e+03	5.486828e-04
6.288372e+03	5.456863e-04
6.293351e+03	5.426982e-04
6.298330e+03	5.397186e-04
6.303309e+03	5.367475e-04
6.308287e+03	5.337850e-04
6.313266e+03	5.308310e-04
6.318245e+03	5.278857e-04
6.323224e+03	5.249491e-04
6.328203e+03	5.220211e-04
6.333182e+03	5.191019e-04
6.338161e+03	5.161915e-04
6.343140e+03	5.132899e-04
6.348119e+03	5.103971e-04
6.353098e+03	5.075132e-04
6.358077e+03	5.046382e-04
6.363056e+03	5.017722e-04
6.368034e+03	4.989152e-04
6.373013e+03	4.960672e-04
6.377992e+03	4.932282e-04
6.382971e+03	4.903983e-04
6.387950e+03	4.875775e-04
6.392929e+03	4.847658e-04
6.397908e+03	4.819633e-04
6.402887e+03	4.791701e-04
6.407866e+03	4.763860e-04
6.412845e+03	4.736112e-04
6.417824e+03	4.708456e-04
6.422803e+03	4.680894e-04
6.427781e+03	4.653425e-04
6.432760e+03	4.626050e-04
6.437739e+03	4.598768e-04
6.442718e+03	4.571580e-04
6.447697e+03	4.544487e-04
6.452676e+03	4.517488e-04
6.457655e+03	4.490584e-04
6.462634e+03	4.463775e-04
6.467613e+03	4.437061e-04
6.472592e+03	4.410443e-04
6.477571e+03	4.383920e-04
6.482550e+03	4.357493e-04
6.487528e+03	4.331162e-04
6.492507e+03	4.304927e-04
6.497486e+03	4.278788e-04
6.502465e+03	4.252746e-04
6.507444e+03	4.226801e-04
6.512423e+03	4.200952e-04
6.517402e+03	4.175201e-04
6.522381e+03	4.149546e-04
6.527360e+03	4.123989e-04
6.532339e+03	4.098530e-04
6.537318e+03	4.073168e-04
6.542297e+03	4.047904e-04
6.547275e+03	4.022738e-04
6.552254e+03	3.997669e-04
6.557233e+03	3.972699e-04
6.562212e+03	3.947828e-04
6.567191e+03	3.923054e-04
6.572170e+03	3.898379e-04
6.577149e+03	3.873803e-04
6.582128e+03	3.849325e-04
6.587107e+03	3.824946e-04
6.592086e+03	3.800666e-04
6.597065e+03	3.776484e-04
6.602044e+03	3.752402e-04
6.607022e+03	3.728419e-04
6.612001e+03	3.704535e-04
6.616980e+03	3.680750e-04
6.621959e+03	3.657064e-04
6.626938e+03	3.633478e-04
6.631917e+03	3.609991e-04
6.636896e+03	3.586603e-04
6.641875e+03	3.563315e-04
6.646854e+03	3.540126e-04
6.651833e+03	3.517037e-04
6.656812e+03	3.494047e-04
6.661791e+03	3.471156e-04
6.666769e+03	3.448366e-04
6.671748e+03	3.425675e-04
6.676727e+03	3.403083e-04
6.681706e+03	3.380591e-04
6.686685e+03	3.358198e-04
6.691664e+03	3.335905e-04
6.696643e+03	3.313712e-04
6.701622e+03	3.291618e-04
6.706601e+03	3.269624e-04
6.711580e+03	3.247729e-04
6.716559e+03	3.225933e-04
6.721538e+03	3.204237e-04
6.726516e+03	3.182641e-04
6.731495e+03	3.161143e-04
6.736474e+03	3.139745e-04
6.741453e+03	3.118447e-04
6.746432e+03	3.097247e-04
6.751411e+03	3.076147e-04
6.756390e+03	3.055145e-04
6.761369e+03	3.034243e-04
6.766348e+03	3.013440e-04
6.771327e+03	2.992735e-04
6.776306e+03	2.972129e-04
6.781285e+03	2.951623e-04
6.786263e+03	2.931214e-04
6.791242e+03	2.910904e-04
6.796221e+03	2.890693e-04
6.801200e+03	2.870580e-04
6.806179e+03	2.850565e-04
6.811158e+03	2.830649e-04
6.816137e+03	2.810830e-04
6.821116e+03	2.791110e-04
6.826095e+03	2.771487e-04
6.831074e+03	2.751962e-04
6.836053e+03	2.732535e-04
6.841032e+03	2.713205e-04
6.846010e+03	2.693972e-04
6.850989e+03	2.674837e-04
6.855968e+03	2.655799e-04
6.860947e+03	2.636858e-04
6.865926e+03	2.618013e-04
6.870905e+03	2.599265e-04
6.875884e+03	2.580614e-04
6.880863e+03	2.562059e-04
6.885842e+03	2.543601e-04
6.890821e+03	2.525238e-04
6.895800e+03	2.506971e-04
6.900779e+03	2.488800e-04
6.905757e+03	2.470725e-04
6.910736e+03	2.452745e-04
6.915715e+03	2.434860e-04
6.920694e+03	2.417071e-04
6.925673e+03	2.399376e-04
6.930652e+03	2.381776e-04
6.935631e+03	2.364271e-04
6.940610e+03	2.346859e-04
6.945589e+03	2.329542e-04
6.950568e+03	2.312319e-04
6.955547e+03	2.295190e-04
6.960526e+03	2.278155e-04
6.965504e+03	2.261212e-04
6.970483e+03	2.244363e-04
6.975462e+03	2.227607e-04
6.980441e+03	2.210944e-04
6.985420e+03	2.194373e-04
6.990399e+03	2.177895e-04
6.995378e+03	2.161508e-04
7.000357e+03	2.145214e-04
7.005336e+03	2.129011e-04
7.010315e+03	2.112900e-04
7.015294e+03	2.096880e-04
7.020273e+03	2.080951e-04
7.025251e+03	2.065113e-04
7.030230e+03	2.049366e-04
7.035209e+03	2.033709e-04
7.040188e+03	2.018142e-04
7.045167e+03	2.002665e-04
7.050146e+03	1.987277e-04
7.055125e+03	1.971979e-04
7.060104e+03	1.956770e-04
7.065083e+03	1.941650e-04
7.070062e+03	1.926619e-04
7.075041e+03	1.911676e-04
7.080020e+03	1.896821e-04
7.084998e+03	1.882054e-04
7.089977e+03	1.867375e-04
7.094956e+03	1.852783e-04
7.099935e+03	1.838279e-04
7.104914e+03	1.823861e-04
7.109893e+03	1.809530e-04
7.114872e+03	1.795285e-04
7.119851e+03	1.781126e-04
7.124830e+03	1.767053e-04
7.129809e+03	1.753066e-04
7.134788e+03	1.739164e-04
7.139767e+03	1.725347e-04
7.144745e+03	1.711615e-04
7.149724e+03	1.697967e-04
7.154703e+03	1.684403e-04
7.159682e+03	1.670924e-04
7.164661e+03	1.657528e-04
7.169640e+03	1.644215e-04
7.174619e+03	1.630985e-04
7.179598e+03	1.617839e-04
7.184577e+03	1.604774e-04
7.189556e+03	1.591792e-04
7.194535e+03	1.578892e-04
7.199514e+03	1.566074e-04
7.204492e+03	1.553337e-04
7.209471e+03	1.540680e-04
7.214450e+03	1.528105e-04
7.219429e+03	1.515610e-04
7.224408e+03	1.503196e-04
7.229387e+03	1.490861e-04
7.234366e+03	1.478606e-04
7.239345e+03	1.466430e-04
7.244324e+03	1.454333e-04
7.249303e+03	1.442315e-04
7.254282e+03	1.430375e-04
7.259261e+03	1.418514e-04
7.264239e+03	1.406730e-04
7.269218e+03	1.395024e-04
7.274197e+03	1.383395e-04
7.279176e+03	1.371842e-04
7.284155e+03	1.360367e-04
7.289134e+03	1.348967e-04
7.294113e+03	1.337644e-04
7.299092e+03	1.326396e-04
7.304071e+03	1.315224e-04
7.309050e+03	1.304126e-04
7.314029e+03	1.293104e-04
7.319008e+03	1.282155e-04
7.323986e+03	1.271281e-04
7.328965e+03	1.260481e-04
7.333944e+03	1.249754e-04
7.338923e+03	1.239100e-04
7.343902e+03	1.228519e-04
7.348881e+03	1.218011e-04
7.353860e+03	1.207575e-04
7.358839e+03	1.197211e-04
7.363818e+03	1.186918e-04
7.368797e+03	1.176697e-04
7.373776e+03	1.166547e-04
7.378755e+03	1.156467e-04
7.383733e+03	1.146458e-04
7.388712e+03	1.136519e-04
7.393691e+03	1.126649e-04
7.398670e+03	1.116849e-04
7.403649e+03	1.107118e-04
7.408628e+03	1.097455e-04
7.413607e+03	1.087861e-04
7.418586e+03	1.078335e-04
7.423565e+03	1.068877e-04
7.428544e+03	1.059487e-04
7.433523e+03	1.050163e-04
7.438502e+03	1.040906e-04
7.443480e+03	1.031716e-04
7.448459e+03	1.022592e-04
7.453438e+03	1.013534e-04
7.458417e+03	1.004542e-04
7.463396e+03	9.956144e-05
7.468375e+03	9.867520e-05
7.473354e+03	9.779542e-05
7.478333e+03	9.692206e-05
7.483312e+03	9.605510e-05
7.488291e+03	9.519450e-05
7.493270e+03	9.434024e-05
7.498249e+03	9.349227e-05
7.503227e+03	9.265057e-05
7.508206e+03	9.181511e-05
7.513185e+03	9.098585e-05
7.518164e+03	9.016276e-05
7.523143e+03	8.934581e-05
7.528122e+03	8.853497e-05
7.533101e+03	8.773021e-05
7.538080e+03	8.693148e-05
7.543059e+03	8.613878e-05
7.548038e+03	8.535205e-05
7.553017e+03	8.457127e-05
7.557996e+03	8.379641e-05
7.562974e+03	8.302743e-05
7.567953e+03	8.226431e-05
7.572932e+03	8.150701e-05
7.577911e+03	8.075550e-05
7.582890e+03	8.000975e-05
7.587869e+03	7.926973e-05
7.592848e+03	7.853540e-05
7.597827e+03	7.780674e-05
7.602806e+03	7.708371e-05
7.607785e+03	7.636629e-05
7.612764e+03	7.565443e-05
7.617743e+03	7.494812e-05
7.622721e+03	7.424731e-05
7.627700e+03	7.355198e-05
7.632679e+03	7.286210e-05
7.637658e+03	7.217764e-05
7.642637e+03	7.149855e-05
7.647616e+03	7.082483e-05
7.652595e+03	7.015642e-05
7.657574e+03	6.949331e-05
7.662553e+03	6.883545e-05
7.667532e+03	6.818283e-05
7.672511e+03	6.753541e-05
7.677490e+03	6.689316e-05
7.682468e+03	6.625605e-05
7.687447e+03	6.562404e-05
7.692426e+03	6.499712e-05
7.697405e+03	6.437524e-05
7.702384e+03	6.375838e-05
7.707363e+03	6.314651e-05
7.712342e+03	6.253959e-05
7.717321e+03	6.193760e-05
7.722300e+03	6.134052e-05
7.727279e+03	6.074829e-05
7.732258e+03	6.016091e-05
7.737237e+03	5.957833e-05
7.742215e+03	5.900054e-05
7.747194e+03	5.842749e-05
7.752173e+03	5.785916e-05
7.757152e+03	5.729553e-05
7.762131e+03	5.673655e-05
7.767110e+03	5.618221e-05
7.772089e+03	5.563247e-05
7.777068e+03	5.508730e-05
7.782047e+03	5.454668e-05
7.787026e+03	5.401057e-05
7.792005e+03	5.347895e-05
7.796984e+03	5.295179e-05
7.801962e+03	5.242906e-05
7.806941e+03	5.191073e-05
7.811920e+03	5.139678e-05
7.816899e+03	5.088716e-05
7.821878e+03	5.038187e-05
7.826857e+03	4.988086e-05
7.831836e+03	4.938411e-05
7.836815e+03	4.889160e-05
7.841794e+03	4.840329e-05
7.846773e+03	4.791915e-05
7.851752e+03	4.743917e-05
7.856731e+03	4.696330e-05
7.861709e+03	4.649153e-05
7.866688e+03	4.602383e-05
7.871667e+03	4.556016e-05
7.876646e+03	4.510051e-05
7.881625e+03	4.464484e-05
7.886604e+03	4.419313e-05
7.891583e+03	4.374534e-05
7.896562e+03	4.330147e-05
7.901541e+03	4.286147e-05
7.906520e+03	4.242532e-05
7.911499e+03	4.199300e-05
7.916478e+03	4.156447e-05
7.921456e+03	4.113971e-05
7.926435e+03	4.071870e-05
7.931414e+03	4.030141e-05
7.936393e+03	3.988782e-05
7.941372e+03	3.947789e-05
7.946351e+03	3.907160e-05
7.951330e+03	3.866892e-05
7.956309e+03	3.826984e-05
7.961288e+03	3.787433e-05
7.966267e+03	3.748235e-05
7.971246e+03	3.709389e-05
7.976225e+03	3.670891e-05
7.981203e+03	3.632740e-05
7.986182e+03	3.594933e-05
7.991161e+03	3.557468e-05
7.996140e+03	3.520341e-05
8.001119e+03	3.483551e-05
8.006098e+03	3.447095e-05
8.011077e+03	3.410971e-05
8.016056e+03	3.375176e-05
8.021035e+03	3.339707e-05
8.026014e+03	3.304564e-05
8.030993e+03	3.269742e-05
8.035972e+03	3.235239e-05
8.040950e+03	3.201055e-05
8.045929e+03	3.167184e-05
8.050908e+03	3.133627e-05
8.055887e+03	3.100380e-05
8.060866e+03	3.067440e-05
8.065845e+03	3.034807e-05
8.070824e+03	3.002476e-05
8.075803e+03	2.970447e-05
8.080782e+03	2.938716e-05
8.085761e+03	2.907281e-05
8.090740e+03	2.876141e-05
8.095719e+03	2.845293e-05
8.100697e+03	2.814735e-05
8.105676e+03	2.784464e-05
8.110655e+03	2.754478e-05
8.115634e+03	2.724775e-05
8.120613e+03	2.695354e-05
8.125592e+03	2.666210e-05
8.130571e+03	2.637344e-05
8.135550e+03	2.608752e-05
8.140529e+03	2.580432e-05
8.145508e+03	2.552382e-05
8.150487e+03	2.524600e-05
8.155466e+03	2.497085e-05
8.160444e+03	2.469833e-05
8.165423e+03	2.442842e-05
8.170402e+03	2.416111e-05
8.175381e+03	2.389638e-05
8.180360e+03	2.363421e-05
8.185339e+03	2.337456e-05
8.190318e+03	2.311744e-05
8.195297e+03	2.286280e-05
8.200276e+03	2.261064e-05
8.205255e+03	2.236094e-05
8.210234e+03	2.211367e-05
8.215213e+03	2.186881e-05
8.220191e+03	2.162635e-05
8.225170e+03	2.138626e-05
8.230149e+03	2.114853e-05
8.235128e+03	2.091314e-05
8.240107e+03	2.068007e-05
8.245086e+03	2.044929e-05
8.250065e+03	2.022079e-05
8.255044e+03	1.999456e-05
8.260023e+03	1.977056e-05
8.265002e+03	1.954879e-05
8.269981e+03	1.932923e-05
8.274960e+03	1.911185e-05
8.279938e+03	1.889664e-05
8.284917e+03	1.868358e-05
8.289896e+03	1.847265e-05
8.294875e+03	1.826384e-05
8.299854e+03	1.805712e-05
8.304833e+03	1.785248e-05
8.309812e+03	1.764990e-05
8.314791e+03	1.744937e-05
8.319770e+03	1.725086e-05
8.324749e+03	1.705436e-05
8.329728e+03	1.685986e-05
8.334707e+03	1.666733e-05
8.339685e+03	1.647675e-05
8.344664e+03	1.628812e-05
8.349643e+03	1.610141e-05
8.354622e+03	1.591661e-05
8.359601e+03	1.573370e-05
8.364580e+03	1.555266e-05
8.369559e+03	1.537348e-05
8.374538e+03	1.519614e-05
8.379517e+03	1.502063e-05
8.384496e+03	1.484693e-05
8.389475e+03	1.467503e-05
8.394454e+03	1.450490e-05
8.399432e+03	1.433654e-05
8.404411e+03	1.416992e-05
8.409390e+03	1.400503e-05
8.414369e+03	1.384186e-05
8.419348e+03	1.368039e-05
8.424327e+03	1.352061e-05
8.429306e+03	1.336250e-05
8.434285e+03	1.320604e-05
8.439264e+03	1.305123e-05
8.444243e+03	1.289804e-05
8.449222e+03	1.274646e-05
8.454201e+03	1.259648e-05
8.459179e+03	1.244809e-05
8.464158e+03	1.230126e-05
8.469137e+03	1.215598e-05
8.474116e+03	1.201225e-05
8.479095e+03	1.187004e-05
8.484074e+03	1.172934e-05
8.489053e+03	1.159014e-05
8.494032e+03	1.145243e-05
8.499011e+03	1.131619e-05
8.503990e+03	1.118140e-05
8.508969e+03	1.104806e-05
8.513948e+03	1.091615e-05
8.518926e+03	1.078566e-05
8.523905e+03	1.065657e-05
8.528884e+03	1.052887e-05
8.533863e+03	1.040255e-05
8.538842e+03	1.027759e-05
8.543821e+03	1.015399e-05
8.548800e+03	1.003173e-05
8.553779e+03	9.910791e-06
8.558758e+03	9.791170e-06
8.563737e+03	9.672851e-06
8.568716e+03	9.555823e-06
8.573695e+03	9.440072e-06
8.578673e+03	9.325587e-06
8.583652e+03	9.212356e-06
8.588631e+03	9.100367e-06
8.593610e+03	8.989608e-06
8.598589e+03	8.880067e-06
8.603568e+03	8.771732e-06
8.608547e+03	8.664592e-06
8.613526e+03	8.558636e-06
8.618505e+03	8.453852e-06
8.623484e+03	8.350229e-06
8.628463e+03	8.247755e-06
8.633442e+03	8.146420e-06
8.638420e+03	8.046212e-06
8.643399e+03	7.947121e-06
8.648378e+03	7.849135e-06
8.653357e+03	7.752244e-06
8.658336e+03	7.656438e-06
8.663315e+03	7.561704e-06
8.668294e+03	7.468034e-06
8.673273e+03	7.375416e-06
8.678252e+03	7.283840e-06
8.683231e+03	7.193296e-06
8.688210e+03	7.103774e-06
8.693189e+03	7.015263e-06
8.698167e+03	6.927754e-06
8.703146e+03	6.841236e-06
8.708125e+03	6.755700e-06
8.713104e+03	6.671136e-06
8.718083e+03	6.587535e-06
8.723062e+03	6.504885e-06
8.728041e+03	6.423179e-06
8.733020e+03	6.342407e-06
8.737999e+03	6.262558e-06
8.742978e+03	6.183625e-06
8.747957e+03	6.105597e-06
8.752936e+03	6.028465e-06
8.757914e+03	5.952221e-06
8.762893e+03	5.876855e-06
8.767872e+03	5.802359e-06
8.772851e+03	5.728723e-06
8.777830e+03	5.655939e-06
8.782809e+03	5.583998e-06
8.787788e+03	5.512892e-06
8.792767e+03	5.442611e-06
8.797746e+03	5.373148e-06
8.802725e+03	5.304494e-06
8.807704e+03	5.236641e-06
8.812683e+03	5.169580e-06
8.817661e+03	5.103303e-06
8.822640e+03	5.037802e-06
8.827619e+03	4.973069e-06
8.832598e+03	4.909096e-06
8.837577e+03	4.845875e-06
8.842556e+03	4.783399e-06
8.847535e+03	4.721659e-06
8.852514e+03	4.660647e-06
8.857493e+03	4.600357e-06
8.862472e+03	4.540780e-06
8.867451e+03	4.481910e-06
8.872430e+03	4.423737e-06
8.877408e+03	4.366257e-06
8.882387e+03	4.309460e-06
8.887366e+03	4.253339e-06
8.892345e+03	4.197888e-06
8.897324e+03	4.143100e-06
8.902303e+03	4.088966e-06
8.907282e+03	4.035481e-06
8.912261e+03	3.982638e-06
8.917240e+03	3.930428e-06
8.922219e+03	3.878847e-06
8.927198e+03	3.827887e-06
8.932177e+03	3.777540e-06
8.937156e+03	3.727802e-06
8.942134e+03	3.678665e-06
8.947113e+03	3.630122e-06
8.952092e+03	3.582167e-06
8.957071e+03	3.534794e-06
8.962050e+03	3.487997e-06
8.967029e+03	3.441769e-06
8.972008e+03	3.396104e-06
8.976987e+03	3.350996e-06
8.981966e+03	3.306439e-06
8.986945e+03	3.262426e-06
8.991924e+03	3.218952e-06
8.996903e+03	3.176011e-06
9.001881e+03	3.133598e-06
9.006860e+03	3.091705e-06
9.011839e+03	3.050328e-06
9.016818e+03	3.009460e-06
9.021797e+03	2.969097e-06
9.026776e+03	2.929232e-06
9.031755e+03	2.889860e-06
9.036734e+03	2.850976e-06
9.041713e+03	2.812574e-06
9.046692e+03	2.774648e-06
9.051671e+03	2.737194e-06
9.056650e+03	2.700206e-06
9.061628e+03	2.663679e-06
9.066607e+03	2.627608e-06
9.071586e+03	2.591987e-06
9.076565e+03	2.556812e-06
9.081544e+03	2.522077e-06
9.086523e+03	2.487777e-06
9.091502e+03	2.453909e-06
9.096481e+03	2.420466e-06
9.101460e+03	2.387443e-06
9.106439e+03	2.354837e-06
9.111418e+03	2.322643e-06
9.116397e+03	2.290854e-06
9.121375e+03	2.259468e-06
9.126354e+03	2.228480e-06
9.131333e+03	2.197884e-06
9.136312e+03	2.167677e-06
9.141291e+03	2.137853e-06
9.146270e+03	2.108409e-06
9.151249e+03	2.079340e-06
9.156228e+03	2.050642e-06
9.161207e+03	2.022311e-06
9.166186e+03	1.994341e-06
9.171165e+03	1.966730e-06
9.176144e+03	1.939473e-06
9.181122e+03	1.912565e-06
9.186101e+03	1.886004e-06
9.191080e+03	1.859784e-06
9.196059e+03	1.833901e-06
9.201038e+03	1.808353e-06
9.206017e+03	1.783134e-06
9.210996e+03	1.758241e-06
9.215975e+03	1.733670e-06
9.220954e+03	1.709418e-06
9.225933e+03	1.685481e-06
9.230912e+03	1.661854e-06
9.235891e+03	1.638534e-06
9.240869e+03	1.615519e-06
9.245848e+03	1.592803e-06
9.250827e+03	1.570383e-06
9.255806e+03	1.548257e-06
9.260785e+03	1.526420e-06
9.265764e+03	1.504869e-06
9.270743e+03	1.483600e-06
9.275722e+03	1.462611e-06
9.280701e+03	1.441898e-06
9.285680e+03	1.421457e-06
9.290659e+03	1.401285e-06
9.295638e+03	1.381380e-06
9.300616e+03	1.361737e-06
9.305595e+03	1.342354e-06
9.310574e+03	1.323228e-06
9.315553e+03	1.304355e-06
9.320532e+03	1.285732e-06
9.325511e+03	1.267357e-06
9.330490e+03	1.249226e-06
9.335469e+03	1.231337e-06
9.340448e+03	1.213686e-06
9.345427e+03	1.196270e-06
9.350406e+03	1.179087e-06
9.355385e+03	1.162134e-06
9.360363e+03	1.145408e-06
9.365342e+03	1.128906e-06
9.370321e+03	1.112626e-06
9.375300e+03	1.096564e-06
9.380279e+03	1.080719e-06
9.385258e+03	1.065087e-06
9.390237e+03	1.049665e-06
9.395216e+03	1.034452e-06
9.400195e+03	1.019445e-06
9.405174e+03	1.004640e-06
9.410153e+03	9.900359e-07
9.415132e+03	9.756299e-07
9.420110e+03	9.614194e-07
9.425089e+03	9.474021e-07
9.430068e+03	9.335755e-07
9.435047e+03	9.199372e-07
9.440026e+03	9.064849e-07
9.445005e+03	8.932163e-07
9.449984e+03	8.801290e-07
9.454963e+03	8.672208e-07
9.459942e+03	8.544894e-07
9.464921e+03	8.419326e-07
9.469900e+03	8.295482e-07
9.474879e+03	8.173340e-07
9.479857e+03	8.052879e-07
9.484836e+03	7.934077e-07
9.489815e+03	7.816914e-07
9.494794e+03	7.701368e-07
9.499773e+03	7.587419e-07
9.504752e+03	7.475047e-07
9.509731e+03	7.364232e-07
9.514710e+03	7.254953e-07
9.519689e+03	7.147191e-07
9.524668e+03	7.040927e-07
9.529647e+03	6.936142e-07
9.534626e+03	6.832816e-07
9.539604e+03	6.730931e-07
9.544583e+03	6.630468e-07
9.549562e+03	6.531409e-07
9.554541e+03	6.433736e-07
9.559520e+03	6.337431e-07
9.564499e+03	6.242477e-07
9.569478e+03	6.148855e-07
9.574457e+03	6.056548e-07
9.579436e+03	5.965540e-07
9.584415e+03	5.875814e-07
9.589394e+03	5.787353e-07
9.594373e+03	5.700140e-07
9.599351e+03	5.614159e-07
9.604330e+03	5.529395e-07
9.609309e+03	5.445830e-07
9.614288e+03	5.363450e-07
9.619267e+03	5.282239e-07
9.624246e+03	5.202182e-07
9.629225e+03	5.123263e-07
9.634204e+03	5.045468e-07
9.639183e+03	4.968781e-07
9.644162e+03	4.893188e-07
9.649141e+03	4.818675e-07
9.654120e+03	4.745227e-07
9.659098e+03	4.672830e-07
9.664077e+03	4.601471e-07
9.669056e+03	4.531135e-07
9.674035e+03	4.461809e-07
9.679014e+03	4.393479e-07
9.683993e+03	4.326133e-07
9.688972e+03	4.259756e-07
9.693951e+03	4.194337e-07
9.698930e+03	4.129862e-07
9.703909e+03	4.066319e-07
9.708888e+03	4.003694e-07
9.713867e+03	3.941977e-07
9.718845e+03	3.881154e-07
9.723824e+03	3.821214e-07
9.728803e+03	3.762145e-07
9.733782e+03	3.703934e-07
9.738761e+03	3.646571e-07
9.743740e+03	3.590044e-07
9.748719e+03	3.534341e-07
9.753698e+03	3.479452e-07
9.758677e+03	3.425365e-07
9.763656e+03	3.372070e-07
9.768635e+03	3.319555e-07
9.773614e+03	3.267811e-07
9.778592e+03	3.216825e-07
9.783571e+03	3.166589e-07
9.788550e+03	3.117093e-07
9.793529e+03	3.068324e-07
9.798508e+03	3.020275e-07
9.803487e+03	2.972935e-07
9.808466e+03	2.926294e-07
9.813445e+03	2.880342e-07
9.818424e+03	2.835071e-07
9.823403e+03	2.790470e-07
9.828382e+03	2.746531e-07
9.833361e+03	2.703244e-07
9.838339e+03	2.660601e-07
9.843318e+03	2.618592e-07
9.848297e+03	2.577208e-07
9.853276e+03	2.536442e-07
9.858255e+03	2.496284e-07
9.863234e+03	2.456725e-07
9.868213e+03	2.417759e-07
9.873192e+03	2.379375e-07
9.878171e+03	2.341567e-07
9.883150e+03	2.304326e-07
9.888129e+03	2.267644e-07
9.893108e+03	2.231513e-07
9.898086e+03	2.195926e-07
9.903065e+03	2.160874e-07
9.908044e+03	2.126351e-07
9.913023e+03	2.092349e-07
9.918002e+03	2.058861e-07
9.922981e+03	2.025879e-07
9.927960e+03	1.993396e-07
9.932939e+03	1.961406e-07
9.937918e+03	1.929900e-07
9.942897e+03	1.898873e-07
9.947876e+03	1.868318e-07
9.952855e+03	1.838227e-07
9.957833e+03	1.808594e-07
9.962812e+03	1.779413e-07
9.967791e+03	1.750678e-07
9.972770e+03	1.722381e-07
9.977749e+03	1.694517e-07
9.982728e+03	1.667079e-07
9.987707e+03	1.640061e-07
9.992686e+03	1.613458e-07
9.997665e+03	1.587263e-07
1.000264e+04	1.561470e-07
1.000762e+04	1.536075e-07
1.001260e+04	1.511070e-07
1.001758e+04	1.486450e-07
1.002256e+04	1.462210e-07
1.002754e+04	1.438345e-07
1.003252e+04	1.414848e-07
1.003750e+04	1.391715e-07
1.004248e+04	1.368940e-07
1.004745e+04	1.346518e-07
1.005243e+04	1.324444e-07
1.005741e+04	1.302712e-07
1.006239e+04	1.281319e-07
1.006737e+04	1.260258e-07
1.007235e+04	1.239526e-07
1.007733e+04	1.219117e-07
1.008231e+04	1.199026e-07
1.008729e+04	1.179249e-07
1.009226e+04	1.159781e-07
1.009724e+04	1.140618e-07
1.010222e+04	1.121756e-07
1.010720e+04	1.103189e-07
1.011218e+04	1.084913e-07
1.011716e+04	1.066925e-07
1.012214e+04	1.049219e-07
1.012712e+04	1.031793e-07
1.013210e+04	1.014641e-07
1.013707e+04	9.977592e-08
1.014205e+04	9.811442e-08
1.014703e+04	9.647917e-08
1.015201e+04	9.486980e-08
1.015699e+04	9.328591e-08
1.016197e+04	9.172712e-08
1.016695e+04	9.019306e-08
1.017193e+04	8.868335e-08
1.017691e+04	8.719765e-08
1.018188e+04	8.573558e-08
1.018686e+04	8.429679e-08
1.019184e+04	8.288093e-08
1.019682e+04	8.148767e-08
1.020180e+04	8.011665e-08
1.020678e+04	7.876755e-08
1.021176e+04	7.744004e-08
1.021674e+04	7.613379e-08
1.022172e+04	7.484847e-08
1.022669e+04	7.358378e-08
1.023167e+04	7.233940e-08
1.023665e+04	7.111503e-08
1.024163e+04	6.991035e-08
1.024661e+04	6.872508e-08
1.025159e+04	6.755891e-08
1.025657e+04	6.641157e-08
1.026155e+04	6.528275e-08
1.026653e+04	6.417218e-08
1.027151e+04	6.307958e-08
1.027648e+04	6.200468e-08
1.028146e+04	6.094720e-08
1.028644e+04	5.990689e-08
1.029142e+04	5.888347e-08
1.029640e+04	5.787668e-08
1.030138e+04	5.688628e-08
1.030636e+04	5.591201e-08
1.031134e+04	5.495362e-08
1.031632e+04	5.401087e-08
1.032129e+04	5.308352e-08
1.032627e+04	5.217133e-08
1.033125e+04	5.127406e-08
1.033623e+04	5.039149e-08
1.034121e+04	4.952338e-08
1.034619e+04	4.866952e-08
1.035117e+04	4.782968e-08
1.035615e+04	4.700365e-08
1.036113e+04	4.619120e-08
1.036610e+04	4.539214e-08
1.037108e+04	4.460625e-08
1.037606e+04	4.383332e-08
1.038104e+04	4.307315e-08
1.038602e+04	4.232555e-08
1.039100e+04	4.159032e-08
1.039598e+04	4.086726e-08
1.040096e+04	4.015619e-08
1.040594e+04	3.945691e-08
1.041091e+04	3.876924e-08
1.041589e+04	3.809300e-08
1.042087e+04	3.742800e-08
1.042585e+04	3.677408e-08
1.043083e+04	3.613106e-08
1.043581e+04	3.549876e-08
1.044079e+04	3.487701e-08
1.044577e+04	3.426566e-08
1.045075e+04	3.366452e-08
1.045573e+04	3.307345e-08
1.046070e+04	3.249229e-08
1.046568e+04	3.192087e-08
1.047066e+04	3.135903e-08
1.047564e+04	3.080664e-08
1.048062e+04	3.026354e-08
1.048560e+04	2.972957e-08
1.049058e+04	2.920460e-08
1.049556e+04	2.868848e-08
1.050054e+04	2.818107e-08
1.050551e+04	2.768223e-08
1.051049e+04	2.719182e-08
1.051547e+04	2.670971e-08
1.052045e+04	2.623577e-08
1.052543e+04	2.576985e-08
1.053041e+04	2.531184e-08
1.053539e+04	2.486161e-08
1.054037e+04	2.441903e-08
1.054535e+04	2.398398e-08
1.055032e+04	2.355633e-08
1.055530e+04	2.313597e-08
1.056028e+04	2.272278e-08
1.056526e+04	2.231664e-08
1.057024e+04	2.191744e-08
1.057522e+04	2.152507e-08
1.058020e+04	2.113941e-08
1.058518e+04	2.076036e-08
1.059016e+04	2.038781e-08
1.059513e+04	2.002165e-08
1.060011e+04	1.966178e-08
1.060509e+04	1.930809e-08
1.061007e+04	1.896049e-08
1.061505e+04	1.861888e-08
1.062003e+04	1.828315e-08
1.062501e+04	1.795321e-08
1.062999e+04	1.762897e-08
1.063497e+04	1.731034e-08
1.063995e+04	1.699721e-08
1.064492e+04	1.668951e-08
1.064990e+04	1.638713e-08
1.065488e+04	1.609000e-08
1.065986e+04	1.579802e-08
1.066484e+04	1.551112e-08
1.066982e+04	1.522920e-08
1.067480e+04	1.495219e-08
1.067978e+04	1.468001e-08
1.068476e+04	1.441256e-08
1.068973e+04	1.414979e-08
1.069471e+04	1.389160e-08
1.069969e+04	1.363792e-08
1.070467e+04	1.338868e-08
1.070965e+04	1.314380e-08
1.071463e+04	1.290321e-08
1.071961e+04	1.266684e-08
1.072459e+04	1.243462e-08
1.072957e+04	1.220648e-08
1.073454e+04	1.198235e-08
1.073952e+04	1.176216e-08
1.074450e+04	1.154585e-08
1.074948e+04	1.133335e-08
1.075446e+04	1.112460e-08
1.075944e+04	1.091954e-08
1.076442e+04	1.071810e-08
1.076940e+04	1.052022e-08
1.077438e+04	1.032584e-08
1.077935e+04	1.013491e-08
1.078433e+04	9.947358e-09
1.078931e+04	9.763137e-09
1.079429e+04	9.582188e-09
1.079927e+04	9.404455e-09
1.080425e+04	9.229884e-09
1.080923e+04	9.058421e-09
1.081421e+04	8.890013e-09
1.081919e+04	8.724609e-09
1.082416e+04	8.562157e-09
1.082914e+04	8.402607e-09
1.083412e+04	8.245909e-09
1.083910e+04	8.092016e-09
1.084408e+04	7.940878e-09
1.084906e+04	7.792449e-09
1.085404e+04	7.646683e-09
1.085902e+04	7.503534e-09
1.086400e+04	7.362957e-09
1.086898e+04	7.224908e-09
1.087395e+04	7.089344e-09
1.087893e+04	6.956221e-09
1.088391e+04	6.825499e-09
1.088889e+04	6.697135e-09
1.089387e+04	6.571089e-09
1.089885e+04	6.447322e-09
1.090383e+04	6.325793e-09
1.090881e+04	6.206464e-09
1.091379e+04	6.089297e-09
1.091876e+04	5.974254e-09
1.092374e+04	5.861299e-09
1.092872e+04	5.750396e-09
1.093370e+04	5.641509e-09
1.093868e+04	5.534603e-09
1.094366e+04	5.429643e-09
1.094864e+04	5.326596e-09
1.095362e+04	5.225428e-09
1.095860e+04	5.126107e-09
1.096357e+04	5.028600e-09
1.096855e+04	4.932875e-09
1.097353e+04	4.838902e-09
1.097851e+04	4.746650e-09
1.098349e+04	4.656088e-09
1.098847e+04	4.567188e-09
1.099345e+04	4.479920e-09
1.099843e+04	4.394254e-09
1.100341e+04	4.310164e-09
1.100838e+04	4.227621e-09
1.101336e+04	4.146599e-09
1.101834e+04	4.067069e-09
1.102332e+04	3.989007e-09
1.102830e+04	3.912386e-09
1.103328e+04	3.837180e-09
1.103826e+04	3.763365e-09
1.104324e+04	3.690916e-09
1.104822e+04	3.619809e-09
1.105320e+04	3.550020e-09
1.105817e+04	3.481525e-09
1.106315e+04	3.414303e-09
1.106813e+04	3.348329e-09
1.107311e+04	3.283582e-09
1.107809e+04	3.220039e-09
1.108307e+04	3.157681e-09
1.108805e+04	3.096484e-09
1.109303e+04	3.036430e-09
1.109801e+04	2.977496e-09
1.110298e+04	2.919664e-09
1.110796e+04	2.862913e-09
1.111294e+04	2.807224e-09
1.111792e+04	2.752578e-09
1.112290e+04	2.698956e-09
1.112788e+04	2.646341e-09
1.113286e+04	2.594713e-09
1.113784e+04	2.544055e-09
1.114282e+04	2.494349e-09
1.114779e+04	2.445579e-09
1.115277e+04	2.397728e-09
1.115775e+04	2.350778e-09
1.116273e+04	2.304714e-09
1.116771e+04	2.259520e-09
1.117269e+04	2.215179e-09
1.117767e+04	2.171677e-09
1.118265e+04	2.128998e-09
1.118763e+04	2.087128e-09
1.119260e+04	2.046051e-09
1.119758e+04	2.005753e-09
1.120256e+04	1.966219e-09
1.120754e+04	1.927437e-09
1.121252e+04	1.889393e-09
1.121750e+04	1.852072e-09
1.122248e+04	1.815461e-09
1.122746e+04	1.779549e-09
1.123244e+04	1.744321e-09
1.123742e+04	1.709766e-09
1.124239e+04	1.675871e-09
1.124737e+04	1.642623e-09
1.125235e+04	1.610012e-09
1.125733e+04	1.578025e-09
1.126231e+04	1.546651e-09
1.126729e+04	1.515879e-09
1.127227e+04	1.485697e-09
1.127725e+04	1.456095e-09
1.128223e+04	1.427061e-09
1.128720e+04	1.398587e-09
1.129218e+04	1.370660e-09
1.129716e+04	1.343271e-09
1.130214e+04	1.316410e-09
1.130712e+04	1.290068e-09
1.131210e+04	1.264234e-09
1.131708e+04	1.238900e-09
1.132206e+04	1.214055e-09
1.132704e+04	1.189691e-09
1.133201e+04	1.165799e-09
1.133699e+04	1.142371e-09
1.134197e+04	1.119396e-09
1.134695e+04	1.096868e-09
1.135193e+04	1.074777e-09
1.135691e+04	1.053116e-09
1.136189e+04	1.031877e-09
1.136687e+04	1.011051e-09
1.137185e+04	9.906304e-10
1.137682e+04	9.706084e-10
1.138180e+04	9.509772e-10
1.138678e+04	9.317294e-10
1.139176e+04	9.128578e-10
1.139674e+04	8.943554e-10
1.140172e+04	8.762152e-10
1.140670e+04	8.584304e-10
1.141168e+04	8.409943e-10
1.141666e+04	8.239003e-10
1.142163e+04	8.071419e-10
1.142661e+04	7.907129e-10
1.143159e+04	7.746069e-10
1.143657e+04	7.588179e-10
1.144155e+04	7.433399e-10
1.144653e+04	7.281669e-10
1.145151e+04	7.132932e-10
1.145649e+04	6.987131e-10
1.146147e+04	6.844211e-10
1.146645e+04	6.704115e-10
1.147142e+04	6.566792e-10
1.147640e+04	6.432187e-10
1.148138e+04	6.300249e-10
1.148636e+04	6.170927e-10
1.149134e+04	6.044171e-10
1.149632e+04	5.919933e-10
1.150130e+04	5.798163e-10
1.150628e+04	5.678815e-10
1.151126e+04	5.561843e-10
1.151623e+04	5.447200e-10
1.152121e+04	5.334842e-10
1.152619e+04	5.224726e-10
1.153117e+04	5.116807e-10
1.153615e+04	5.011045e-10
1.154113e+04	4.907396e-10
1.154611e+04	4.805822e-10
1.155109e+04	4.706281e-10
1.155607e+04	4.608734e-10
1.156104e+04	4.513143e-10
1.156602e+04	4.419470e-10
1.157100e+04	4.327678e-10
1.157598e+04	4.237731e-10
1.158096e+04	4.149593e-10
1.158594e+04	4.063228e-10
1.159092e+04	3.978602e-10
1.159590e+04	3.895683e-10
1.160088e+04	3.814435e-10
1.160585e+04	3.734828e-10
1.161083e+04	3.656828e-10
1.161581e+04	3.580405e-10
1.162079e+04	3.505528e-10
1.162577e+04	3.432166e-10
1.163075e+04	3.360291e-10
1.163573e+04	3.289873e-10
1.164071e+04	3.220883e-10
1.164569e+04	3.153294e-10
1.165067e+04	3.087079e-10
1.165564e+04	3.022209e-10
1.166062e+04	2.958660e-10
1.166560e+04	2.896404e-10
1.167058e+04	2.835417e-10
1.167556e+04	2.775673e-10
1.168054e+04	2.717149e-10
1.168552e+04	2.659819e-10
1.169050e+04	2.603661e-10
1.169548e+04	2.548652e-10
1.170045e+04	2.494768e-10
1.170543e+04	2.441988e-10
1.171041e+04	2.390289e-10
1.171539e+04	2.339651e-10
1.172037e+04	2.290052e-10
1.172535e+04	2.241472e-10
1.173033e+04	2.193890e-10
1.173531e+04	2.147287e-10
1.174029e+04	2.101643e-10
1.174526e+04	2.056940e-10
1.175024e+04	2.013157e-10
1.175522e+04	1.970278e-10
1.176020e+04	1.928284e-10
1.176518e+04	1.887158e-10
1.177016e+04	1.846881e-10
1.177514e+04	1.807438e-10
1.178012e+04	1.768811e-10
1.178510e+04	1.730985e-10
1.179007e+04	1.693942e-10
1.179505e+04	1.657668e-10
1.180003e+04	1.622147e-10
1.180501e+04	1.587364e-10
1.180999e+04	1.553305e-10
1.181497e+04	1.519953e-10
1.181995e+04	1.487296e-10
1.182493e+04	1.455320e-10
1.182991e+04	1.424010e-10
1.183489e+04	1.393353e-10
1.183986e+04	1.363337e-10
1.184484e+04	1.333947e-10
1.184982e+04	1.305172e-10
1.185480e+04	1.277000e-10
1.185978e+04	1.249417e-10
1.186476e+04	1.222411e-10
1.186974e+04	1.195972e-10
1.187472e+04	1.170088e-10
1.187970e+04	1.144747e-10
1.188467e+04	1.119939e-10
1.188965e+04	1.095652e-10
1.189463e+04	1.071877e-10
1.189961e+04	1.048602e-10
1.190459e+04	1.025817e-10
1.190957e+04	1.003513e-10
1.191455e+04	9.816791e-11
1.191953e+04	9.603064e-11
1.192451e+04	9.393853e-11
1.192948e+04	9.189066e-11
1.193446e+04	8.988612e-11
1.193944e+04	8.792402e-11
1.194442e+04	8.600349e-11
1.194940e+04	8.412368e-11
1.195438e+04	8.228376e-11
1.195936e+04	8.048290e-11
1.196434e+04	7.872030e-11
1.196932e+04	7.699518e-11
1.197429e+04	7.530677e-11
1.197927e+04	7.365430e-11
1.198425e+04	7.203704e-11
1.198923e+04	7.045426e-11
1.199421e+04	6.890525e-11
1.199919e+04	6.738931e-11
1.200417e+04	6.590575e-11
1.200915e+04	6.445392e-11
1.201413e+04	6.303315e-11
1.201910e+04	6.164279e-11
1.202408e+04	6.028222e-11
1.202906e+04	5.895082e-11
1.203404e+04	5.764798e-11
1.203902e+04	5.637311e-11
1.204400e+04	5.512563e-11
1.204898e+04	5.390496e-11
1.205396e+04	5.271056e-11
1.205894e+04	5.154186e-11
1.206392e+04	5.039834e-11
1.206889e+04	4.927948e-11
1.207387e+04	4.818474e-11
1.207885e+04	4.711364e-11
1.208383e+04	4.606567e-11
1.208881e+04	4.504035e-11
1.209379e+04	4.403722e-11
1.209877e+04	4.305579e-11
1.210375e+04	4.209562e-11
1.210873e+04	4.115626e-11
1.211370e+04	4.023728e-11
1.211868e+04	3.933824e-11
1.212366e+04	3.845872e-11
1.212864e+04	3.759832e-11
1.213362e+04	3.675663e-11
1.213860e+04	3.593326e-11
1.214358e+04	3.512782e-11
1.214856e+04	3.433993e-11
1.215354e+04	3.356922e-11
1.215851e+04	3.281533e-11
1.216349e+04	3.207790e-11
1.216847e+04	3.135659e-11
1.217345e+04	3.065104e-11
1.217843e+04	2.996093e-11
1.218341e+04	2.928594e-11
1.218839e+04	2.862573e-11
1.219337e+04	2.797999e-11
1.219835e+04	2.734842e-11
1.220332e+04	2.673072e-11
1.220830e+04	2.612659e-11
1.221328e+04	2.553573e-11
1.221826e+04	2.495788e-11
1.222324e+04	2.439274e-11
1.222822e+04	2.384006e-11
1.223320e+04	2.329955e-11
1.223818e+04	2.277097e-11
1.224316e+04	2.225405e-11
1.224814e+04	2.174855e-11
1.225311e+04	2.125422e-11
1.225809e+04	2.077082e-11
1.226307e+04	2.029812e-11
1.226805e+04	1.983589e-11
1.227303e+04	1.938390e-11
1.227801e+04	1.894193e-11
1.228299e+04	1.850977e-11
1.228797e+04	1.808720e-11
1.229295e+04	1.767403e-11
1.229792e+04	1.727003e-11
1.230290e+04	1.687503e-11
1.230788e+04	1.648882e-11
1.231286e+04	1.611121e-11
1.231784e+04	1.574203e-11
1.232282e+04	1.538107e-11
1.232780e+04	1.502817e-11
1.233278e+04	1.468316e-11
1.233776e+04	1.434585e-11
1.234273e+04	1.401609e-11
1.234771e+04	1.369371e-11
1.235269e+04	1.337855e-11
1.235767e+04	1.307045e-11
1.236265e+04	1.276926e-11
1.236763e+04	1.247483e-11
1.237261e+04	1.218701e-11
1.237759e+04	1.190565e-11
1.238257e+04	1.163062e-11
1.238754e+04	1.136178e-11
1.239252e+04	1.109899e-11
1.239750e+04	1.084212e-11
1.240248e+04	1.059104e-11
1.240746e+04	1.034562e-11
1.241244e+04	1.010575e-11
1.241742e+04	9.871285e-12
1.242240e+04	9.642123e-12
1.242738e+04	9.418143e-12
1.243236e+04	9.199232e-12
1.243733e+04	8.985278e-12
1.244231e+04	8.776172e-12
1.244729e+04	8.571806e-12
1.245227e+04	8.372077e-12
1.245725e+04	8.176883e-12
1.246223e+04	7.986122e-12
1.246721e+04	7.799698e-12
1.247219e+04	7.617514e-12
1.247717e+04	7.439477e-12
1.248214e+04	7.265495e-12
1.248712e+04	7.095478e-12
1.249210e+04	6.929338e-12
1.249708e+04	6.766989e-12
1.250206e+04	6.608347e-12
1.250704e+04	6.453330e-12
1.251202e+04	6.301858e-12
1.251700e+04	6.153850e-12
1.252198e+04	6.009231e-12
1.252695e+04	5.867925e-12
1.253193e+04	5.729858e-12
1.253691e+04	5.594957e-12
1.254189e+04	5.463153e-12
1.254687e+04	5.334376e-12
1.255185e+04	5.208558e-12
1.255683e+04	5.085634e-12
1.256181e+04	4.965537e-12
1.256679e+04	4.848206e-12
1.257176e+04	4.733579e-12
1.257674e+04	4.621593e-12
1.258172e+04	4.512192e-12
1.258670e+04	4.405315e-12
1.259168e+04	4.300907e-12
1.259666e+04	4.198913e-12
1.260164e+04	4.099277e-12
1.260662e+04	4.001946e-12
1.261160e+04	3.906870e-12
1.261657e+04	3.813997e-12
1.262155e+04	3.723277e-12
1.262653e+04	3.634661e-12
1.263151e+04	3.548103e-12
1.263649e+04	3.463556e-12
1.264147e+04	3.380974e-12
1.264645e+04	3.300313e-12
1.265143e+04	3.221528e-12
1.265641e+04	3.144579e-12
1.266139e+04	3.069423e-12
1.266636e+04	2.996019e-12
1.267134e+04	2.924328e-12
1.267632e+04	2.854311e-12
1.268130e+04	2.785929e-12
1.268628e+04	2.719146e-12
1.269126e+04	2.653925e-12
1.269624e+04	2.590230e-12
1.270122e+04	2.528027e-12
1.270620e+04	2.467282e-12
1.271117e+04	2.407961e-12
1.271615e+04	2.350033e-12
1.272113e+04	2.293464e-12
1.272611e+04	2.238224e-12
1.273109e+04	2.184283e-12
1.273607e+04	2.131610e-12
1.274105e+04	2.080178e-12
1.274603e+04	2.029956e-12
1.275101e+04	1.980918e-12
1.275598e+04	1.933037e-12
1.276096e+04	1.886285e-12
1.276594e+04	1.840637e-12
1.277092e+04	1.796068e-12
1.277590e+04	1.752552e-12
1.278088e+04	1.710065e-12
1.278586e+04	1.668584e-12
1.279084e+04	1.628086e-12
1.279582e+04	1.588547e-12
1.280079e+04	1.549946e-12
1.280577e+04	1.512260e-12
1.281075e+04	1.475469e-12
1.281573e+04	1.439553e-12
1.282071e+04	1.404490e-12
1.282569e+04	1.370261e-12
1.283067e+04	1.336847e-12
1.283565e+04	1.304228e-12
1.284063e+04	1.272387e-12
1.284561e+04	1.241305e-12
1.285058e+04	1.210964e-12
1.285556e+04	1.181348e-12
1.286054e+04	1.152439e-12
1.286552e+04	1.124222e-12
1.287050e+04	1.096679e-12
1.287548e+04	1.069795e-12
1.288046e+04	1.043555e-12
1.288544e+04	1.017944e-12
1.289042e+04	9.929471e-13
1.289539e+04	9.685496e-13
1.290037e+04	9.447378e-13
1.290535e+04	9.214979e-13
1.291033e+04	8.988166e-13
1.291531e+04	8.766807e-13
1.292029e+04	8.550775e-13
1.292527e+04	8.339944e-13
1.293025e+04	8.134193e-13
1.293523e+04	7.933402e-13
1.294020e+04	7.737454e-13
1.294518e+04	7.546235e-13
1.295016e+04	7.359635e-13
1.295514e+04	7.177544e-13
1.296012e+04	6.999855e-13
1.296510e+04	6.826466e-13
1.297008e+04	6.657275e-13
1.297506e+04	6.492181e-13
1.298004e+04	6.331090e-13
1.298501e+04	6.173905e-13
1.298999e+04	6.020535e-13
1.299497e+04	5.870889e-13
1.299995e+04	5.724879e-13
1.300493e+04	5.582418e-13
1.300991e+04	5.443423e-13
1.301489e+04	5.307811e-13
1.301987e+04	5.175502e-13
1.302485e+04	5.046418e-13
1.302983e+04	4.920480e-13
1.303480e+04	4.797616e-13
1.303978e+04	4.677751e-13
1.304476e+04	4.560814e-13
1.304974e+04	4.446736e-13
1.305472e+04	4.335447e-13
1.305970e+04	4.226882e-13
1.306468e+04	4.120976e-13
1.306966e+04	4.017664e-13
1.307464e+04	3.916884e-13
1.307961e+04	3.818577e-13
1.308459e+04	3.722683e-13
1.308957e+04	3.629144e-13
1.309455e+04	3.537904e-13
1.309953e+04	3.448907e-13
1.310451e+04	3.362099e-13
1.310949e+04	3.277429e-13
1.311447e+04	3.194844e-13
1.311945e+04	3.114295e-13
1.312442e+04	3.035732e-13
1.312940e+04	2.959107e-13
1.313438e+04	2.884375e-13
1.313936e+04	2.811489e-13
1.314434e+04	2.740404e-13
1.314932e+04	2.671078e-13
1.315430e+04	2.603468e-13
1.315928e+04	2.537531e-13
1.316426e+04	2.473229e-13
1.316923e+04	2.410521e-13
1.317421e+04	2.349368e-13
1.317919e+04	2.289733e-13
1.318417e+04	2.231580e-13
1.318915e+04	2.174871e-13
1.319413e+04	2.119573e-13
1.319911e+04	2.065650e-13
1.320409e+04	2.013070e-13
1.320907e+04	1.961799e-13
1.321404e+04	1.911807e-13
1.321902e+04	1.863061e-13
1.322400e+04	1.815531e-13
1.322898e+04	1.769188e-13
1.323396e+04	1.724003e-13
1.323894e+04	1.679948e-13
1.324392e+04	1.636994e-13
1.324890e+04	1.595115e-13
1.325388e+04	1.554285e-13
1.325886e+04	1.514477e-13
1.326383e+04	1.475668e-13
1.326881e+04	1.437832e-13
1.327379e+04	1.400946e-13
1.327877e+04	1.364986e-13
1.328375e+04	1.329930e-13
1.328873e+04	1.295755e-13
1.329371e+04	1.262440e-13
1.329869e+04	1.229963e-13
1.330367e+04	1.198305e-13
1.330864e+04	1.167444e-13
1.331362e+04	1.137361e-13
1.331860e+04	1.108038e-13
1.332358e+04	1.079454e-13
1.332856e+04	1.051593e-13
1.333354e+04	1.024435e-13
1.333852e+04	9.979649e-14
1.334350e+04	9.721641e-14
1.334848e+04	9.470164e-14
1.335345e+04	9.225058e-14
1.335843e+04	8.986165e-14
1.336341e+04	8.753330e-14
1.336839e+04	8.526403e-14
1.337337e+04	8.305237e-14
1.337835e+04	8.089691e-14
1.338333e+04	7.879623e-14
1.338831e+04	7.674897e-14
1.339329e+04	7.475382e-14
1.339826e+04	7.280947e-14
1.340324e+04	7.091465e-14
1.340822e+04	6.906813e-14
1.341320e+04	6.726872e-14
1.341818e+04	6.551522e-14
1.342316e+04	6.380650e-14
1.342814e+04	6.214143e-14
1.343312e+04	6.051894e-14
1.343810e+04	5.893794e-14
1.344308e+04	5.739741e-14
1.344805e+04	5.589632e-14
1.345303e+04	5.443370e-14
1.345801e+04	5.300857e-14
1.346299e+04	5.162000e-14
1.346797e+04	5.026707e-14
1.347295e+04	4.894888e-14
1.347793e+04	4.766457e-14
1.348291e+04	4.641327e-14
1.348789e+04	4.519416e-14
1.349286e+04	4.400643e-14
1.349784e+04	4.284929e-14
1.350282e+04	4.172196e-14
1.350780e+04	4.062370e-14
1.351278e+04	3.955378e-14
1.351776e+04	3.851146e-14
1.352274e+04	3.749607e-14
1.352772e+04	3.650691e-14
1.353270e+04	3.554333e-14
1.353767e+04	3.460468e-14
1.354265e+04	3.369032e-14
1.354763e+04	3.279964e-14
1.355261e+04	3.193204e-14
1.355759e+04	3.108694e-14
1.356257e+04	3.026376e-14
1.356755e+04	2.946195e-14
1.357253e+04	2.868096e-14
1.357751e+04	2.792027e-14
1.358248e+04	2.717935e-14
1.358746e+04	2.645771e-14
1.359244e+04	2.575485e-14
1.359742e+04	2.507030e-14
1.360240e+04	2.440359e-14
1.360738e+04	2.375426e-14
1.361236e+04	2.312187e-14
1.361734e+04	2.250598e-14
1.362232e+04	2.190618e-14
1.362730e+04	2.132206e-14
1.363227e+04	2.075320e-14
1.363725e+04	2.019923e-14
1.364223e+04	1.965976e-14
1.364721e+04	1.913441e-14
1.365219e+04	1.862283e-14
1.365717e+04	1.812467e-14
1.366215e+04	1.763957e-14
1.366713e+04	1.716720e-14
1.367211e+04	1.670724e-14
1.367708e+04	1.625937e-14
1.368206e+04	1.582327e-14
1.368704e+04	1.539864e-14
1.369202e+04	1.498519e-14
1.369700e+04	1.458262e-14
1.370198e+04	1.419067e-14
1.370696e+04	1.380904e-14
1.371194e+04	1.343749e-14
1.371692e+04	1.307574e-14
1.372189e+04	1.272354e-14
1.372687e+04	1.238064e-14
1.373185e+04	1.204682e-14
1.373683e+04	1.172182e-14
1.374181e+04	1.140542e-14
1.374679e+04	1.109740e-14
1.375177e+04	1.079754e-14
1.375675e+04	1.050563e-14
1.376173e+04	1.022147e-14
1.376670e+04	9.944839e-15
1.377168e+04	9.675557e-15
1.377666e+04	9.413429e-15
1.378164e+04	9.158269e-15
1.378662e+04	8.909895e-15
1.379160e+04	8.668130e-15
1.379658e+04	8.432803e-15
1.380156e+04	8.203743e-15
1.380654e+04	7.980790e-15
1.381151e+04	7.763782e-15
1.381649e+04	7.552564e-15
1.382147e+04	7.346985e-15
1.382645e+04	7.146897e-15
1.383143e+04	6.952157e-15
1.383641e+04	6.762625e-15
1.384139e+04	6.578163e-15
1.384637e+04	6.398639e-15
1.385135e+04	6.223924e-15
1.385633e+04	6.053890e-15
1.386130e+04	5.888416e-15
1.386628e+04	5.727381e-15
1.387126e+04	5.570669e-15
1.387624e+04	5.418165e-15
1.388122e+04	5.269759e-15
1.388620e+04	5.125344e-15
1.389118e+04	4.984813e-15
1.389616e+04	4.848064e-15
1.390114e+04	4.714998e-15
1.390611e+04	4.585517e-15
1.391109e+04	4.459526e-15
1.391607e+04	4.336934e-15
1.392105e+04	4.217651e-15
1.392603e+04	4.101588e-15
1.393101e+04	3.988660e-15
1.393599e+04	3.878785e-15
1.394097e+04	3.771882e-15
1.394595e+04	3.667871e-15
1.395092e+04	3.566677e-15
1.395590e+04	3.468223e-15
1.396088e+04	3.372438e-15
1.396586e+04	3.279251e-15
1.397084e+04	3.188591e-15
1.397582e+04	3.100393e-15
1.398080e+04	3.014591e-15
1.398578e+04	2.931120e-15
1.399076e+04	2.849918e-15
1.399573e+04	2.770926e-15
1.400071e+04	2.694084e-15
1.400569e+04	2.619334e-15
1.401067e+04	2.546621e-15
1.401565e+04	2.475891e-15
1.402063e+04	2.407089e-15
1.402561e+04	2.340166e-15
1.403059e+04	2.275070e-15
1.403557e+04	2.211752e-15
1.404055e+04	2.150165e-15
1.404552e+04	2.090262e-15
1.405050e+04	2.031999e-15
1.405548e+04	1.975330e-15
1.406046e+04	1.920214e-15
1.406544e+04	1.866609e-15
1.407042e+04	1.814473e-15
1.407540e+04	1.763768e-15
1.408038e+04	1.714455e-15
1.408536e+04	1.666496e-15
1.409033e+04	1.619855e-15
1.409531e+04	1.574496e-15
1.410029e+04	1.530385e-15
1.410527e+04	1.487488e-15
1.411025e+04	1.445773e-15
1.411523e+04	1.405207e-15
1.412021e+04	1.365759e-15
1.412519e+04	1.327399e-15
1.413017e+04	1.290097e-15
1.413514e+04	1.253826e-15
1.414012e+04	1.218556e-15
1.414510e+04	1.184261e-15
1.415008e+04	1.150915e-15
1.415506e+04	1.118491e-15
1.416004e+04	1.086965e-15
1.416502e+04	1.056312e-15
1.417000e+04	1.026508e-15
1.417498e+04	9.975308e-16
1.417995e+04	9.693573e-16
1.418493e+04	9.419658e-16
1.418991e+04	9.153348e-16
1.419489e+04	8.894438e-16
1.419987e+04	8.642725e-16
1.420485e+04	8.398012e-16
1.420983e+04	8.160110e-16
1.421481e+04	7.928830e-16
1.421979e+04	7.703993e-16
1.422477e+04	7.485422e-16
1.422974e+04	7.272946e-16
1.423472e+04	7.066398e-16
1.423970e+04	6.865616e-16
1.424468e+04	6.670441e-16
1.424966e+04	6.480719e-16
1.425464e+04	6.296302e-16
1.425962e+04	6.117043e-16
1.426460e+04	5.942800e-16
1.426958e+04	5.773437e-16
1.427455e+04	5.608818e-16
1.427953e+04	5.448813e-16
1.428451e+04	5.293296e-16
1.428949e+04	5.142142e-16
1.429447e+04	4.995231e-16
1.429945e+04	4.852446e-16
1.430443e+04	4.713674e-16
1.430941e+04	4.578804e-16
1.431439e+04	4.447728e-16
1.431936e+04	4.320340e-16
1.432434e+04	4.196540e-16
1.432932e+04	4.076228e-16
1.433430e+04	3.959307e-16
1.433928e+04	3.845684e-16
1.434426e+04	3.735267e-16
1.434924e+04	3.627967e-16
1.435422e+04	3.523698e-16
1.435920e+04	3.422375e-16
1.436417e+04	3.323918e-16
1.436915e+04	3.228246e-16
1.437413e+04	3.135281e-16
1.437911e+04	3.044949e-16
1.438409e+04	2.957177e-16
1.438907e+04	2.871893e-16
1.439405e+04	2.789027e-16
1.439903e+04	2.708513e-16
1.440401e+04	2.630285e-16
1.440898e+04	2.554279e-16
1.441396e+04	2.480432e-16
1.441894e+04	2.408686e-16
1.442392e+04	2.338981e-16
1.442890e+04	2.271259e-16
1.443388e+04	2.205467e-16
1.443886e+04	2.141548e-16
1.444384e+04	2.079452e-16
1.444882e+04	2.019127e-16
1.445380e+04	1.960523e-16
1.445877e+04	1.903592e-16
1.446375e+04	1.848288e-16
1.446873e+04	1.794564e-16
1.447371e+04	1.742376e-16
1.447869e+04	1.691681e-16
1.448367e+04	1.642437e-16
1.448865e+04	1.594603e-16
1.449363e+04	1.548140e-16
1.449861e+04	1.503008e-16
1.450358e+04	1.459171e-16
1.450856e+04	1.416592e-16
1.451354e+04	1.375235e-16
1.451852e+04	1.335066e-16
1.452350e+04	1.296051e-16
1.452848e+04	1.258158e-16
1.453346e+04	1.221355e-16
1.453844e+04	1.185611e-16
1.454342e+04	1.150897e-16
1.454839e+04	1.117182e-16
1.455337e+04	1.084440e-16
1.455835e+04	1.052641e-16
1.456333e+04	1.021760e-16
1.456831e+04	9.917709e-17
1.457329e+04	9.626475e-17
1.457827e+04	9.343657e-17
1.458325e+04	9.069016e-17
1.458823e+04	8.802318e-17
1.459320e+04	8.543339e-17
1.459818e+04	8.291857e-17
1.460316e+04	8.047661e-17
1.460814e+04	7.810542e-17
1.461312e+04	7.580299e-17
1.461810e+04	7.356736e-17
1.462308e+04	7.139661e-17
1.462806e+04	6.928891e-17
1.463304e+04	6.724244e-17
1.463802e+04	6.525546e-17
1.464299e+04	6.332627e-17
1.464797e+04	6.145322e-17
1.465295e+04	5.963469e-17
1.465793e+04	5.786914e-17
1.466291e+04	5.615503e-17
1.466789e+04	5.449090e-17
1.467287e+04	5.287531e-17
1.467785e+04	5.130687e-17
1.468283e+04	4.978423e-17
1.468780e+04	4.830607e-17
1.469278e+04	4.687111e-17
1.469776e+04	4.547812e-17
1.470274e+04	4.412588e-17
1.470772e+04	4.281322e-17
1.471270e+04	4.153900e-17
1.471768e+04	4.030212e-17
1.472266e+04	3.910149e-17
1.472764e+04	3.793608e-17
1.473261e+04	3.680486e-17
1.473759e+04	3.570686e-17
1.474257e+04	3.464110e-17
1.474755e+04	3.360666e-17
1.475253e+04	3.260264e-17
1.475751e+04	3.162815e-17
1.476249e+04	3.068234e-17
1.476747e+04	2.976437e-17
1.477245e+04	2.887345e-17
1.477742e+04	2.800879e-17
1.478240e+04	2.716962e-17
1.478738e+04	2.635521e-17
1.479236e+04	2.556484e-17
1.479734e+04	2.479781e-17
1.480232e+04	2.405344e-17
1.480730e+04	2.333107e-17
1.481228e+04	2.263007e-17
1.481726e+04	2.194981e-17
1.482224e+04	2.128968e-17
1.482721e+04	2.064911e-17
1.483219e+04	2.002752e-17
1.483717e+04	1.942435e-17
1.484215e+04	1.883908e-17
1.484713e+04	1.827117e-17
1.485211e+04	1.772012e-17
1.485709e+04	1.718544e-17
1.486207e+04	1.666665e-17
1.486705e+04	1.616329e-17
1.487202e+04	1.567490e-17
1.487700e+04	1.520104e-17
1.488198e+04	1.474129e-17
1.488696e+04	1.429524e-17
1.489194e+04	1.386248e-17
1.489692e+04	1.344263e-17
1.490190e+04	1.303530e-17
1.490688e+04	1.264014e-17
1.491186e+04	1.225677e-17
1.491683e+04	1.188485e-17
1.492181e+04	1.152405e-17
1.492679e+04	1.117404e-17
1.493177e+04	1.083451e-17
1.493675e+04	1.050513e-17
1.494173e+04	1.018562e-17
1.494671e+04	9.875688e-18
1.495169e+04	9.575043e-18
1.495667e+04	9.283415e-18
1.496164e+04	9.000538e-18
1.496662e+04	8.726153e-18
1.497160e+04	8.460008e-18
1.497658e+04	8.201861e-18
1.498156e+04	7.951475e-18
1.498654e+04	7.708620e-18
1.499152e+04	7.473073e-18
1.499650e+04	7.244617e-18
1.500148e+04	7.023043e-18
1.500645e+04	6.808146e-18
1.501143e+04	6.599728e-18
1.501641e+04	6.397597e-18
1.502139e+04	6.201566e-18
1.502637e+04	6.011454e-18
1.503135e+04	5.827085e-18
1.503633e+04	5.648287e-18
1.504131e+04	5.474896e-18
1.504629e+04	5.306750e-18
1.505127e+04	5.143692e-18
1.505624e+04	4.985572e-18
1.506122e+04	4.832242e-18
1.506620e+04	4.683560e-18
1.507118e+04	4.539385e-18
1.507616e+04	4.399585e-18
1.508114e+04	4.264027e-18
1.508612e+04	4.132586e-18
1.509110e+04	4.005138e-18
1.509608e+04	3.881564e-18
1.510105e+04	3.761748e-18
1.510603e+04	3.645576e-18
1.511101e+04	3.532941e-18
1.511599e+04	3.423736e-18
1.512097e+04	3.317858e-18
1.512595e+04	3.215207e-18
1.513093e+04	3.115686e-18
1.513591e+04	3.019202e-18
1.514089e+04	2.925662e-18
1.514586e+04	2.834980e-18
1.515084e+04	2.747068e-18
1.515582e+04	2.661843e-18
1.516080e+04	2.579224e-18
1.516578e+04	2.499134e-18
1.517076e+04	2.421494e-18
1.517574e+04	2.346233e-18
1.518072e+04	2.273277e-18
1.518570e+04	2.202558e-18
1.519067e+04	2.134008e-18
1.519565e+04	2.067560e-18
1.520063e+04	2.003153e-18
1.520561e+04	1.940724e-18
1.521059e+04	1.880212e-18
1.521557e+04	1.821561e-18
1.522055e+04	1.764714e-18
1.522553e+04	1.709615e-18
1.523051e+04	1.656213e-18
1.523549e+04	1.604455e-18
1.524046e+04	1.554293e-18
1.524544e+04	1.505676e-18
1.525042e+04	1.458559e-18
1.525540e+04	1.412895e-18
1.526038e+04	1.368641e-18
1.526536e+04	1.325754e-18
1.527034e+04	1.284192e-18
1.527532e+04	1.243915e-18
1.528030e+04	1.204883e-18
1.528527e+04	1.167059e-18
1.529025e+04	1.130406e-18
1.529523e+04	1.094888e-18
1.530021e+04	1.060471e-18
1.530519e+04	1.027120e-18
1.531017e+04	9.948040e-19
1.531515e+04	9.634904e-19
1.532013e+04	9.331488e-19
1.532511e+04	9.037495e-19
1.533008e+04	8.752636e-19
1.533506e+04	8.476632e-19
1.534004e+04	8.209211e-19
1.534502e+04	7.950111e-19
1.535000e+04	7.699076e-19
1.535498e+04	7.455859e-19
1.535996e+04	7.220219e-19
1.536494e+04	6.991925e-19
1.536992e+04	6.770750e-19
1.537489e+04	6.556475e-19
1.537987e+04	6.348889e-19
1.538485e+04	6.147786e-19
1.538983e+04	5.952965e-19
1.539481e+04	5.764234e-19
1.539979e+04	5.581405e-19
1.540477e+04	5.404296e-19
1.540975e+04	5.232730e-19
1.541473e+04	5.066537e-19
1.541971e+04	4.905550e-19
1.542468e+04	4.749609e-19
1.542966e+04	4.598558e-19
1.543464e+04	4.452246e-19
1.543962e+04	4.310526e-19
1.544460e+04	4.173256e-19
1.544958e+04	4.040299e-19
1.545456e+04	3.911520e-19
1.545954e+04	3.786790e-19
1.546452e+04	3.665985e-19
1.546949e+04	3.548981e-19
1.547447e+04	3.435661e-19
1.547945e+04	3.325911e-19
1.548443e+04	3.219620e-19
1.548941e+04	3.116680e-19
1.549439e+04	3.016988e-19
1.549937e+04	2.920441e-19
1.550435e+04	2.826943e-19
1.550933e+04	2.736398e-19
1.551430e+04	2.648714e-19
1.551928e+04	2.563803e-19
1.552426e+04	2.481578e-19
1.552924e+04	2.401954e-19
1.553422e+04	2.324851e-19
1.553920e+04	2.250190e-19
1.554418e+04	2.177896e-19
1.554916e+04	2.107893e-19
1.555414e+04	2.040110e-19
1.555911e+04	1.974478e-19
1.556409e+04	1.910930e-19
1.556907e+04	1.849399e-19
1.557405e+04	1.789824e-19
1.557903e+04	1.732143e-19
1.558401e+04	1.676296e-19
1.558899e+04	1.622226e-19
1.559397e+04	1.569877e-19
1.559895e+04	1.519195e-19
1.560392e+04	1.470128e-19
1.560890e+04	1.422625e-19
1.561388e+04	1.376636e-19
1.561886e+04	1.332115e-19
1.562384e+04	1.289015e-19
1.562882e+04	1.247291e-19
1.563380e+04	1.206900e-19
1.563878e+04	1.167800e-19
1.564376e+04	1.129950e-19
1.564874e+04	1.093311e-19
1.565371e+04	1.057844e-19
1.565869e+04	1.023513e-19
1.566367e+04	9.902820e-20
1.566865e+04	9.581156e-20
1.567363e+04	9.269805e-20
1.567861e+04	8.968441e-20
1.568359e+04	8.676747e-20
1.568857e+04	8.394418e-20
1.569355e+04	8.121156e-20
1.569852e+04	7.856675e-20
1.570350e+04	7.600697e-20
1.570848e+04	7.352950e-20
1.571346e+04	7.113176e-20
1.571844e+04	6.881119e-20
1.572342e+04	6.656536e-20
1.572840e+04	6.439188e-20
1.573338e+04	6.228846e-20
1.573836e+04	6.025287e-20
1.574333e+04	5.828295e-20
1.574831e+04	5.637661e-20
1.575329e+04	5.453183e-20
1.575827e+04	5.274664e-20
1.576325e+04	5.101915e-20
1.576823e+04	4.934751e-20
1.577321e+04	4.772995e-20
1.577819e+04	4.616473e-20
1.578317e+04	4.465019e-20
1.578814e+04	4.318471e-20
1.579312e+04	4.176671e-20
