# # p(y | x = 3.300000e-02)
# # y_val	p(y|x)
0.000000e+00	4.262632e-06
4.978917e+00	4.313159e-06
9.957833e+00	4.364232e-06
1.493675e+01	4.415856e-06
1.991567e+01	4.468038e-06
2.489458e+01	4.520782e-06
2.987350e+01	4.574094e-06
3.485242e+01	4.627978e-06
3.983133e+01	4.682441e-06
4.481025e+01	4.737488e-06
4.978917e+01	4.793125e-06
5.476808e+01	4.849357e-06
5.974700e+01	4.906189e-06
6.472592e+01	4.963628e-06
6.970483e+01	5.021679e-06
7.468375e+01	5.080348e-06
7.966267e+01	5.139641e-06
8.464158e+01	5.199563e-06
8.962050e+01	5.260120e-06
9.459942e+01	5.321319e-06
9.957833e+01	5.383165e-06
1.045573e+02	5.445665e-06
1.095362e+02	5.508823e-06
1.145151e+02	5.572648e-06
1.194940e+02	5.637144e-06
1.244729e+02	5.702318e-06
1.294518e+02	5.768176e-06
1.344308e+02	5.834725e-06
1.394097e+02	5.901971e-06
1.443886e+02	5.969919e-06
1.493675e+02	6.038578e-06
1.543464e+02	6.107953e-06
1.593253e+02	6.178050e-06
1.643043e+02	6.248877e-06
1.692832e+02	6.320440e-06
1.742621e+02	6.392746e-06
1.792410e+02	6.465801e-06
1.842199e+02	6.539612e-06
1.891988e+02	6.614186e-06
1.941778e+02	6.689531e-06
1.991567e+02	6.765652e-06
2.041356e+02	6.842558e-06
2.091145e+02	6.920254e-06
2.140934e+02	6.998749e-06
2.190723e+02	7.078048e-06
2.240513e+02	7.158161e-06
2.290302e+02	7.239093e-06
2.340091e+02	7.320852e-06
2.389880e+02	7.403445e-06
2.439669e+02	7.486880e-06
2.489458e+02	7.571165e-06
2.539248e+02	7.656306e-06
2.589037e+02	7.742312e-06
2.638826e+02	7.829190e-06
2.688615e+02	7.916948e-06
2.738404e+02	8.005593e-06
2.788193e+02	8.095133e-06
2.837983e+02	8.185576e-06
2.887772e+02	8.276931e-06
2.937561e+02	8.369204e-06
2.987350e+02	8.462404e-06
3.037139e+02	8.556540e-06
3.086928e+02	8.651618e-06
3.136718e+02	8.747648e-06
3.186507e+02	8.844638e-06
3.236296e+02	8.942595e-06
3.286085e+02	9.041529e-06
3.335874e+02	9.141447e-06
3.385663e+02	9.242359e-06
3.435453e+02	9.344272e-06
3.485242e+02	9.447195e-06
3.535031e+02	9.551137e-06
3.584820e+02	9.656107e-06
3.634609e+02	9.762113e-06
3.684398e+02	9.869164e-06
3.734188e+02	9.977269e-06
3.783977e+02	1.008644e-05
3.833766e+02	1.019668e-05
3.883555e+02	1.030800e-05
3.933344e+02	1.042041e-05
3.983133e+02	1.053392e-05
4.032923e+02	1.064854e-05
4.082712e+02	1.076428e-05
4.132501e+02	1.088114e-05
4.182290e+02	1.099914e-05
4.232079e+02	1.111829e-05
4.281868e+02	1.123859e-05
4.331658e+02	1.136006e-05
4.381447e+02	1.148270e-05
4.431236e+02	1.160652e-05
4.481025e+02	1.173154e-05
4.530814e+02	1.185777e-05
4.580603e+02	1.198521e-05
4.630393e+02	1.211387e-05
4.680182e+02	1.224377e-05
4.729971e+02	1.237491e-05
4.779760e+02	1.250731e-05
4.829549e+02	1.264097e-05
4.879338e+02	1.277590e-05
4.929128e+02	1.291212e-05
4.978917e+02	1.304964e-05
5.028706e+02	1.318846e-05
5.078495e+02	1.332860e-05
5.128284e+02	1.347006e-05
5.178073e+02	1.361286e-05
5.227863e+02	1.375702e-05
5.277652e+02	1.390253e-05
5.327441e+02	1.404941e-05
5.377230e+02	1.419767e-05
5.427019e+02	1.434733e-05
5.476808e+02	1.449839e-05
5.526598e+02	1.465086e-05
5.576387e+02	1.480476e-05
5.626176e+02	1.496009e-05
5.675965e+02	1.511687e-05
5.725754e+02	1.527512e-05
5.775543e+02	1.543483e-05
5.825333e+02	1.559603e-05
5.875122e+02	1.575872e-05
5.924911e+02	1.592291e-05
5.974700e+02	1.608862e-05
6.024489e+02	1.625587e-05
6.074278e+02	1.642465e-05
6.124068e+02	1.659499e-05
6.173857e+02	1.676689e-05
6.223646e+02	1.694037e-05
6.273435e+02	1.711543e-05
6.323224e+02	1.729210e-05
6.373013e+02	1.747039e-05
6.422803e+02	1.765030e-05
6.472592e+02	1.783184e-05
6.522381e+02	1.801504e-05
6.572170e+02	1.819990e-05
6.621959e+02	1.838644e-05
6.671748e+02	1.857467e-05
6.721538e+02	1.876459e-05
6.771327e+02	1.895623e-05
6.821116e+02	1.914960e-05
6.870905e+02	1.934471e-05
6.920694e+02	1.954157e-05
6.970483e+02	1.974020e-05
7.020273e+02	1.994061e-05
7.070062e+02	2.014281e-05
7.119851e+02	2.034681e-05
7.169640e+02	2.055264e-05
7.219429e+02	2.076029e-05
7.269218e+02	2.096980e-05
7.319008e+02	2.118116e-05
7.368797e+02	2.139440e-05
7.418586e+02	2.160952e-05
7.468375e+02	2.182654e-05
7.518164e+02	2.204548e-05
7.567953e+02	2.226635e-05
7.617743e+02	2.248916e-05
7.667532e+02	2.271392e-05
7.717321e+02	2.294066e-05
7.767110e+02	2.316938e-05
7.816899e+02	2.340010e-05
7.866688e+02	2.363284e-05
7.916478e+02	2.386760e-05
7.966267e+02	2.410440e-05
8.016056e+02	2.434326e-05
8.065845e+02	2.458420e-05
8.115634e+02	2.482721e-05
8.165423e+02	2.507233e-05
8.215213e+02	2.531957e-05
8.265002e+02	2.556894e-05
8.314791e+02	2.582045e-05
8.364580e+02	2.607412e-05
8.414369e+02	2.632997e-05
8.464158e+02	2.658801e-05
8.513948e+02	2.684825e-05
8.563737e+02	2.711072e-05
8.613526e+02	2.737542e-05
8.663315e+02	2.764238e-05
8.713104e+02	2.791160e-05
8.762893e+02	2.818311e-05
8.812683e+02	2.845692e-05
8.862472e+02	2.873304e-05
8.912261e+02	2.901149e-05
8.962050e+02	2.929229e-05
9.011839e+02	2.957545e-05
9.061628e+02	2.986099e-05
9.111418e+02	3.014892e-05
9.161207e+02	3.043926e-05
9.210996e+02	3.073203e-05
9.260785e+02	3.102725e-05
9.310574e+02	3.132492e-05
9.360363e+02	3.162507e-05
9.410153e+02	3.192771e-05
9.459942e+02	3.223286e-05
9.509731e+02	3.254053e-05
9.559520e+02	3.285075e-05
9.609309e+02	3.316352e-05
9.659098e+02	3.347887e-05
9.708888e+02	3.379682e-05
9.758677e+02	3.411737e-05
9.808466e+02	3.444055e-05
9.858255e+02	3.476637e-05
9.908044e+02	3.509486e-05
9.957833e+02	3.542602e-05
1.000762e+03	3.575987e-05
1.005741e+03	3.609644e-05
1.010720e+03	3.643574e-05
1.015699e+03	3.677779e-05
1.020678e+03	3.712260e-05
1.025657e+03	3.747019e-05
1.030636e+03	3.782059e-05
1.035615e+03	3.817380e-05
1.040594e+03	3.852984e-05
1.045573e+03	3.888874e-05
1.050551e+03	3.925052e-05
1.055530e+03	3.961518e-05
1.060509e+03	3.998274e-05
1.065488e+03	4.035324e-05
1.070467e+03	4.072668e-05
1.075446e+03	4.110308e-05
1.080425e+03	4.148245e-05
1.085404e+03	4.186483e-05
1.090383e+03	4.225023e-05
1.095362e+03	4.263866e-05
1.100341e+03	4.303014e-05
1.105320e+03	4.342470e-05
1.110298e+03	4.382235e-05
1.115277e+03	4.422310e-05
1.120256e+03	4.462699e-05
1.125235e+03	4.503402e-05
1.130214e+03	4.544422e-05
1.135193e+03	4.585761e-05
1.140172e+03	4.627420e-05
1.145151e+03	4.669401e-05
1.150130e+03	4.711707e-05
1.155109e+03	4.754338e-05
1.160088e+03	4.797298e-05
1.165067e+03	4.840588e-05
1.170045e+03	4.884209e-05
1.175024e+03	4.928165e-05
1.180003e+03	4.972456e-05
1.184982e+03	5.017085e-05
1.189961e+03	5.062054e-05
1.194940e+03	5.107365e-05
1.199919e+03	5.153019e-05
1.204898e+03	5.199018e-05
1.209877e+03	5.245366e-05
1.214856e+03	5.292063e-05
1.219835e+03	5.339111e-05
1.224814e+03	5.386513e-05
1.229792e+03	5.434271e-05
1.234771e+03	5.482386e-05
1.239750e+03	5.530860e-05
1.244729e+03	5.579696e-05
1.249708e+03	5.628896e-05
1.254687e+03	5.678461e-05
1.259666e+03	5.728394e-05
1.264645e+03	5.778697e-05
1.269624e+03	5.829371e-05
1.274603e+03	5.880419e-05
1.279582e+03	5.931842e-05
1.284561e+03	5.983644e-05
1.289539e+03	6.035825e-05
1.294518e+03	6.088388e-05
1.299497e+03	6.141335e-05
1.304476e+03	6.194668e-05
1.309455e+03	6.248389e-05
1.314434e+03	6.302500e-05
1.319413e+03	6.357004e-05
1.324392e+03	6.411901e-05
1.329371e+03	6.467195e-05
1.334350e+03	6.522888e-05
1.339329e+03	6.578981e-05
1.344308e+03	6.635476e-05
1.349286e+03	6.692377e-05
1.354265e+03	6.749684e-05
1.359244e+03	6.807400e-05
1.364223e+03	6.865527e-05
1.369202e+03	6.924067e-05
1.374181e+03	6.983022e-05
1.379160e+03	7.042395e-05
1.384139e+03	7.102187e-05
1.389118e+03	7.162401e-05
1.394097e+03	7.223038e-05
1.399076e+03	7.284102e-05
1.404055e+03	7.345593e-05
1.409033e+03	7.407514e-05
1.414012e+03	7.469868e-05
1.418991e+03	7.532655e-05
1.423970e+03	7.595880e-05
1.428949e+03	7.659542e-05
1.433928e+03	7.723646e-05
1.438907e+03	7.788193e-05
1.443886e+03	7.853184e-05
1.448865e+03	7.918623e-05
1.453844e+03	7.984511e-05
1.458823e+03	8.050850e-05
1.463802e+03	8.117643e-05
1.468780e+03	8.184892e-05
1.473759e+03	8.252599e-05
1.478738e+03	8.320766e-05
1.483717e+03	8.389395e-05
1.488696e+03	8.458489e-05
1.493675e+03	8.528049e-05
1.498654e+03	8.598077e-05
1.503633e+03	8.668577e-05
1.508612e+03	8.739549e-05
1.513591e+03	8.810997e-05
1.518570e+03	8.882922e-05
1.523549e+03	8.955327e-05
1.528527e+03	9.028213e-05
1.533506e+03	9.101583e-05
1.538485e+03	9.175440e-05
1.543464e+03	9.249784e-05
1.548443e+03	9.324618e-05
1.553422e+03	9.399945e-05
1.558401e+03	9.475767e-05
1.563380e+03	9.552086e-05
1.568359e+03	9.628903e-05
1.573338e+03	9.706221e-05
1.578317e+03	9.784043e-05
1.583296e+03	9.862370e-05
1.588274e+03	9.941205e-05
1.593253e+03	1.002055e-04
1.598232e+03	1.010041e-04
1.603211e+03	1.018078e-04
1.608190e+03	1.026166e-04
1.613169e+03	1.034307e-04
1.618148e+03	1.042499e-04
1.623127e+03	1.050744e-04
1.628106e+03	1.059041e-04
1.633085e+03	1.067391e-04
1.638064e+03	1.075794e-04
1.643043e+03	1.084250e-04
1.648021e+03	1.092760e-04
1.653000e+03	1.101322e-04
1.657979e+03	1.109939e-04
1.662958e+03	1.118610e-04
1.667937e+03	1.127334e-04
1.672916e+03	1.136114e-04
1.677895e+03	1.144947e-04
1.682874e+03	1.153836e-04
1.687853e+03	1.162780e-04
1.692832e+03	1.171779e-04
1.697811e+03	1.180833e-04
1.702790e+03	1.189943e-04
1.707768e+03	1.199109e-04
1.712747e+03	1.208331e-04
1.717726e+03	1.217609e-04
1.722705e+03	1.226944e-04
1.727684e+03	1.236335e-04
1.732663e+03	1.245783e-04
1.737642e+03	1.255289e-04
1.742621e+03	1.264852e-04
1.747600e+03	1.274472e-04
1.752579e+03	1.284150e-04
1.757558e+03	1.293886e-04
1.762537e+03	1.303680e-04
1.767515e+03	1.313533e-04
1.772494e+03	1.323444e-04
1.777473e+03	1.333414e-04
1.782452e+03	1.343442e-04
1.787431e+03	1.353530e-04
1.792410e+03	1.363678e-04
1.797389e+03	1.373884e-04
1.802368e+03	1.384151e-04
1.807347e+03	1.394478e-04
1.812326e+03	1.404864e-04
1.817305e+03	1.415311e-04
1.822284e+03	1.425819e-04
1.827262e+03	1.436387e-04
1.832241e+03	1.447017e-04
1.837220e+03	1.457707e-04
1.842199e+03	1.468459e-04
1.847178e+03	1.479272e-04
1.852157e+03	1.490147e-04
1.857136e+03	1.501084e-04
1.862115e+03	1.512083e-04
1.867094e+03	1.523145e-04
1.872073e+03	1.534268e-04
1.877052e+03	1.545455e-04
1.882031e+03	1.556704e-04
1.887009e+03	1.568017e-04
1.891988e+03	1.579392e-04
1.896967e+03	1.590831e-04
1.901946e+03	1.602334e-04
1.906925e+03	1.613900e-04
1.911904e+03	1.625530e-04
1.916883e+03	1.637225e-04
1.921862e+03	1.648984e-04
1.926841e+03	1.660807e-04
1.931820e+03	1.672695e-04
1.936799e+03	1.684647e-04
1.941778e+03	1.696665e-04
1.946756e+03	1.708748e-04
1.951735e+03	1.720897e-04
1.956714e+03	1.733110e-04
1.961693e+03	1.745390e-04
1.966672e+03	1.757736e-04
1.971651e+03	1.770147e-04
1.976630e+03	1.782625e-04
1.981609e+03	1.795169e-04
1.986588e+03	1.807780e-04
1.991567e+03	1.820457e-04
1.996546e+03	1.833201e-04
2.001525e+03	1.846012e-04
2.006503e+03	1.858891e-04
2.011482e+03	1.871837e-04
2.016461e+03	1.884850e-04
2.021440e+03	1.897931e-04
2.026419e+03	1.911080e-04
2.031398e+03	1.924296e-04
2.036377e+03	1.937581e-04
2.041356e+03	1.950934e-04
2.046335e+03	1.964356e-04
2.051314e+03	1.977846e-04
2.056293e+03	1.991405e-04
2.061272e+03	2.005032e-04
2.066250e+03	2.018729e-04
2.071229e+03	2.032495e-04
2.076208e+03	2.046330e-04
2.081187e+03	2.060234e-04
2.086166e+03	2.074209e-04
2.091145e+03	2.088252e-04
2.096124e+03	2.102366e-04
2.101103e+03	2.116549e-04
2.106082e+03	2.130803e-04
2.111061e+03	2.145127e-04
2.116040e+03	2.159521e-04
2.121019e+03	2.173985e-04
2.125997e+03	2.188520e-04
2.130976e+03	2.203126e-04
2.135955e+03	2.217803e-04
2.140934e+03	2.232550e-04
2.145913e+03	2.247369e-04
2.150892e+03	2.262259e-04
2.155871e+03	2.277220e-04
2.160850e+03	2.292253e-04
2.165829e+03	2.307357e-04
2.170808e+03	2.322532e-04
2.175787e+03	2.337779e-04
2.180766e+03	2.353099e-04
2.185744e+03	2.368490e-04
2.190723e+03	2.383953e-04
2.195702e+03	2.399488e-04
2.200681e+03	2.415095e-04
2.205660e+03	2.430775e-04
2.210639e+03	2.446527e-04
2.215618e+03	2.462352e-04
2.220597e+03	2.478249e-04
2.225576e+03	2.494219e-04
2.230555e+03	2.510261e-04
2.235534e+03	2.526377e-04
2.240513e+03	2.542565e-04
2.245491e+03	2.558826e-04
2.250470e+03	2.575160e-04
2.255449e+03	2.591568e-04
2.260428e+03	2.608048e-04
2.265407e+03	2.624602e-04
2.270386e+03	2.641229e-04
2.275365e+03	2.657930e-04
2.280344e+03	2.674704e-04
2.285323e+03	2.691552e-04
2.290302e+03	2.708473e-04
2.295281e+03	2.725467e-04
2.300260e+03	2.742536e-04
2.305238e+03	2.759678e-04
2.310217e+03	2.776894e-04
2.315196e+03	2.794184e-04
2.320175e+03	2.811547e-04
2.325154e+03	2.828985e-04
2.330133e+03	2.846496e-04
2.335112e+03	2.864082e-04
2.340091e+03	2.881741e-04
2.345070e+03	2.899474e-04
2.350049e+03	2.917282e-04
2.355028e+03	2.935163e-04
2.360007e+03	2.953119e-04
2.364985e+03	2.971149e-04
2.369964e+03	2.989253e-04
2.374943e+03	3.007431e-04
2.379922e+03	3.025683e-04
2.384901e+03	3.044010e-04
2.389880e+03	3.062411e-04
2.394859e+03	3.080886e-04
2.399838e+03	3.099435e-04
2.404817e+03	3.118058e-04
2.409796e+03	3.136756e-04
2.414775e+03	3.155527e-04
2.419754e+03	3.174373e-04
2.424732e+03	3.193293e-04
2.429711e+03	3.212288e-04
2.434690e+03	3.231356e-04
2.439669e+03	3.250498e-04
2.444648e+03	3.269715e-04
2.449627e+03	3.289006e-04
2.454606e+03	3.308371e-04
2.459585e+03	3.327809e-04
2.464564e+03	3.347322e-04
2.469543e+03	3.366909e-04
2.474522e+03	3.386569e-04
2.479501e+03	3.406304e-04
2.484479e+03	3.426112e-04
2.489458e+03	3.445994e-04
2.494437e+03	3.465950e-04
2.499416e+03	3.485979e-04
2.504395e+03	3.506082e-04
2.509374e+03	3.526259e-04
2.514353e+03	3.546509e-04
2.519332e+03	3.566833e-04
2.524311e+03	3.587229e-04
2.529290e+03	3.607700e-04
2.534269e+03	3.628243e-04
2.539248e+03	3.648859e-04
2.544226e+03	3.669549e-04
2.549205e+03	3.690311e-04
2.554184e+03	3.711147e-04
2.559163e+03	3.732055e-04
2.564142e+03	3.753036e-04
2.569121e+03	3.774089e-04
2.574100e+03	3.795215e-04
2.579079e+03	3.816413e-04
2.584058e+03	3.837684e-04
2.589037e+03	3.859027e-04
2.594016e+03	3.880441e-04
2.598995e+03	3.901928e-04
2.603973e+03	3.923487e-04
2.608952e+03	3.945117e-04
2.613931e+03	3.966819e-04
2.618910e+03	3.988592e-04
2.623889e+03	4.010436e-04
2.628868e+03	4.032352e-04
2.633847e+03	4.054339e-04
2.638826e+03	4.076397e-04
2.643805e+03	4.098525e-04
2.648784e+03	4.120724e-04
2.653763e+03	4.142994e-04
2.658742e+03	4.165333e-04
2.663720e+03	4.187743e-04
2.668699e+03	4.210223e-04
2.673678e+03	4.232773e-04
2.678657e+03	4.255392e-04
2.683636e+03	4.278081e-04
2.688615e+03	4.300839e-04
2.693594e+03	4.323666e-04
2.698573e+03	4.346562e-04
2.703552e+03	4.369526e-04
2.708531e+03	4.392560e-04
2.713510e+03	4.415661e-04
2.718489e+03	4.438831e-04
2.723467e+03	4.462069e-04
2.728446e+03	4.485374e-04
2.733425e+03	4.508747e-04
2.738404e+03	4.532188e-04
2.743383e+03	4.555695e-04
2.748362e+03	4.579269e-04
2.753341e+03	4.602910e-04
2.758320e+03	4.626618e-04
2.763299e+03	4.650391e-04
2.768278e+03	4.674231e-04
2.773257e+03	4.698136e-04
2.778236e+03	4.722107e-04
2.783214e+03	4.746143e-04
2.788193e+03	4.770245e-04
2.793172e+03	4.794410e-04
2.798151e+03	4.818641e-04
2.803130e+03	4.842936e-04
2.808109e+03	4.867294e-04
2.813088e+03	4.891717e-04
2.818067e+03	4.916203e-04
2.823046e+03	4.940752e-04
2.828025e+03	4.965363e-04
2.833004e+03	4.990038e-04
2.837983e+03	5.014775e-04
2.842961e+03	5.039574e-04
2.847940e+03	5.064435e-04
2.852919e+03	5.089357e-04
2.857898e+03	5.114340e-04
2.862877e+03	5.139385e-04
2.867856e+03	5.164489e-04
2.872835e+03	5.189654e-04
2.877814e+03	5.214880e-04
2.882793e+03	5.240164e-04
2.887772e+03	5.265508e-04
2.892751e+03	5.290911e-04
2.897730e+03	5.316373e-04
2.902708e+03	5.341893e-04
2.907687e+03	5.367471e-04
2.912666e+03	5.393106e-04
2.917645e+03	5.418799e-04
2.922624e+03	5.444549e-04
2.927603e+03	5.470355e-04
2.932582e+03	5.496218e-04
2.937561e+03	5.522137e-04
2.942540e+03	5.548111e-04
2.947519e+03	5.574140e-04
2.952498e+03	5.600225e-04
2.957477e+03	5.626363e-04
2.962455e+03	5.652556e-04
2.967434e+03	5.678802e-04
2.972413e+03	5.705102e-04
2.977392e+03	5.731454e-04
2.982371e+03	5.757860e-04
2.987350e+03	5.784317e-04
2.992329e+03	5.810826e-04
2.997308e+03	5.837386e-04
3.002287e+03	5.863997e-04
3.007266e+03	5.890659e-04
3.012245e+03	5.917371e-04
3.017224e+03	5.944132e-04
3.022202e+03	5.970943e-04
3.027181e+03	5.997803e-04
3.032160e+03	6.024711e-04
3.037139e+03	6.051667e-04
3.042118e+03	6.078670e-04
3.047097e+03	6.105721e-04
3.052076e+03	6.132818e-04
3.057055e+03	6.159962e-04
3.062034e+03	6.187151e-04
3.067013e+03	6.214386e-04
3.071992e+03	6.241666e-04
3.076971e+03	6.268990e-04
3.081949e+03	6.296357e-04
3.086928e+03	6.323769e-04
3.091907e+03	6.351223e-04
3.096886e+03	6.378720e-04
3.101865e+03	6.406259e-04
3.106844e+03	6.433840e-04
3.111823e+03	6.461461e-04
3.116802e+03	6.489123e-04
3.121781e+03	6.516826e-04
3.126760e+03	6.544567e-04
3.131739e+03	6.572348e-04
3.136718e+03	6.600168e-04
3.141696e+03	6.628026e-04
3.146675e+03	6.655921e-04
3.151654e+03	6.683853e-04
3.156633e+03	6.711822e-04
3.161612e+03	6.739827e-04
3.166591e+03	6.767868e-04
3.171570e+03	6.795943e-04
3.176549e+03	6.824053e-04
3.181528e+03	6.852197e-04
3.186507e+03	6.880374e-04
3.191486e+03	6.908584e-04
3.196465e+03	6.936826e-04
3.201443e+03	6.965100e-04
3.206422e+03	6.993405e-04
3.211401e+03	7.021741e-04
3.216380e+03	7.050107e-04
3.221359e+03	7.078503e-04
3.226338e+03	7.106927e-04
3.231317e+03	7.135380e-04
3.236296e+03	7.163860e-04
3.241275e+03	7.192368e-04
3.246254e+03	7.220903e-04
3.251233e+03	7.249463e-04
3.256212e+03	7.278049e-04
3.261190e+03	7.306660e-04
3.266169e+03	7.335296e-04
3.271148e+03	7.363955e-04
3.276127e+03	7.392637e-04
3.281106e+03	7.421341e-04
3.286085e+03	7.450068e-04
3.291064e+03	7.478816e-04
3.296043e+03	7.507584e-04
3.301022e+03	7.536373e-04
3.306001e+03	7.565181e-04
3.310980e+03	7.594008e-04
3.315959e+03	7.622853e-04
3.320937e+03	7.651716e-04
3.325916e+03	7.680596e-04
3.330895e+03	7.709492e-04
3.335874e+03	7.738403e-04
3.340853e+03	7.767330e-04
3.345832e+03	7.796272e-04
3.350811e+03	7.825227e-04
3.355790e+03	7.854195e-04
3.360769e+03	7.883176e-04
3.365748e+03	7.912168e-04
3.370727e+03	7.941172e-04
3.375706e+03	7.970186e-04
3.380684e+03	7.999210e-04
3.385663e+03	8.028244e-04
3.390642e+03	8.057286e-04
3.395621e+03	8.086335e-04
3.400600e+03	8.115392e-04
3.405579e+03	8.144456e-04
3.410558e+03	8.173525e-04
3.415537e+03	8.202600e-04
3.420516e+03	8.231679e-04
3.425495e+03	8.260761e-04
3.430474e+03	8.289847e-04
3.435453e+03	8.318936e-04
3.440431e+03	8.348026e-04
3.445410e+03	8.377117e-04
3.450389e+03	8.406208e-04
3.455368e+03	8.435299e-04
3.460347e+03	8.464389e-04
3.465326e+03	8.493478e-04
3.470305e+03	8.522563e-04
3.475284e+03	8.551646e-04
3.480263e+03	8.580725e-04
3.485242e+03	8.609799e-04
3.490221e+03	8.638868e-04
3.495200e+03	8.667930e-04
3.500178e+03	8.696987e-04
3.505157e+03	8.726035e-04
3.510136e+03	8.755075e-04
3.515115e+03	8.784107e-04
3.520094e+03	8.813129e-04
3.525073e+03	8.842140e-04
3.530052e+03	8.871140e-04
3.535031e+03	8.900129e-04
3.540010e+03	8.929105e-04
3.544989e+03	8.958067e-04
3.549968e+03	8.987015e-04
3.554947e+03	9.015949e-04
3.559925e+03	9.044867e-04
3.564904e+03	9.073769e-04
3.569883e+03	9.102654e-04
3.574862e+03	9.131520e-04
3.579841e+03	9.160369e-04
3.584820e+03	9.189198e-04
3.589799e+03	9.218007e-04
3.594778e+03	9.246795e-04
3.599757e+03	9.275562e-04
3.604736e+03	9.304306e-04
3.609715e+03	9.333027e-04
3.614694e+03	9.361724e-04
3.619672e+03	9.390397e-04
3.624651e+03	9.419044e-04
3.629630e+03	9.447665e-04
3.634609e+03	9.476260e-04
3.639588e+03	9.504826e-04
3.644567e+03	9.533364e-04
3.649546e+03	9.561873e-04
3.654525e+03	9.590352e-04
3.659504e+03	9.618800e-04
3.664483e+03	9.647216e-04
3.669462e+03	9.675600e-04
3.674441e+03	9.703951e-04
3.679419e+03	9.732269e-04
3.684398e+03	9.760551e-04
3.689377e+03	9.788798e-04
3.694356e+03	9.817009e-04
3.699335e+03	9.845182e-04
3.704314e+03	9.873318e-04
3.709293e+03	9.901416e-04
3.714272e+03	9.929473e-04
3.719251e+03	9.957491e-04
3.724230e+03	9.985468e-04
3.729209e+03	1.001340e-03
3.734188e+03	1.004130e-03
3.739166e+03	1.006914e-03
3.744145e+03	1.009695e-03
3.749124e+03	1.012471e-03
3.754103e+03	1.015242e-03
3.759082e+03	1.018009e-03
3.764061e+03	1.020771e-03
3.769040e+03	1.023529e-03
3.774019e+03	1.026281e-03
3.778998e+03	1.029028e-03
3.783977e+03	1.031771e-03
3.788956e+03	1.034508e-03
3.793935e+03	1.037240e-03
3.798913e+03	1.039967e-03
3.803892e+03	1.042688e-03
3.808871e+03	1.045404e-03
3.813850e+03	1.048114e-03
3.818829e+03	1.050819e-03
3.823808e+03	1.053518e-03
3.828787e+03	1.056212e-03
3.833766e+03	1.058899e-03
3.838745e+03	1.061581e-03
3.843724e+03	1.064257e-03
3.848703e+03	1.066926e-03
3.853682e+03	1.069589e-03
3.858660e+03	1.072247e-03
3.863639e+03	1.074897e-03
3.868618e+03	1.077542e-03
3.873597e+03	1.080180e-03
3.878576e+03	1.082811e-03
3.883555e+03	1.085436e-03
3.888534e+03	1.088054e-03
3.893513e+03	1.090665e-03
3.898492e+03	1.093270e-03
3.903471e+03	1.095867e-03
3.908450e+03	1.098457e-03
3.913429e+03	1.101041e-03
3.918407e+03	1.103617e-03
3.923386e+03	1.106186e-03
3.928365e+03	1.108747e-03
3.933344e+03	1.111301e-03
3.938323e+03	1.113848e-03
3.943302e+03	1.116387e-03
3.948281e+03	1.118918e-03
3.953260e+03	1.121442e-03
3.958239e+03	1.123957e-03
3.963218e+03	1.126465e-03
3.968197e+03	1.128965e-03
3.973176e+03	1.131457e-03
3.978154e+03	1.133941e-03
3.983133e+03	1.136416e-03
3.988112e+03	1.138883e-03
3.993091e+03	1.141342e-03
3.998070e+03	1.143792e-03
4.003049e+03	1.146234e-03
4.008028e+03	1.148668e-03
4.013007e+03	1.151092e-03
4.017986e+03	1.153508e-03
4.022965e+03	1.155915e-03
4.027944e+03	1.158313e-03
4.032923e+03	1.160703e-03
4.037901e+03	1.163083e-03
4.042880e+03	1.165454e-03
4.047859e+03	1.167816e-03
4.052838e+03	1.170168e-03
4.057817e+03	1.172511e-03
4.062796e+03	1.174845e-03
4.067775e+03	1.177169e-03
4.072754e+03	1.179484e-03
4.077733e+03	1.181789e-03
4.082712e+03	1.184084e-03
4.087691e+03	1.186370e-03
4.092670e+03	1.188645e-03
4.097648e+03	1.190911e-03
4.102627e+03	1.193167e-03
4.107606e+03	1.195412e-03
4.112585e+03	1.197648e-03
4.117564e+03	1.199873e-03
4.122543e+03	1.202088e-03
4.127522e+03	1.204292e-03
4.132501e+03	1.206486e-03
4.137480e+03	1.208670e-03
4.142459e+03	1.210842e-03
4.147438e+03	1.213005e-03
4.152417e+03	1.215156e-03
4.157395e+03	1.217297e-03
4.162374e+03	1.219426e-03
4.167353e+03	1.221545e-03
4.172332e+03	1.223653e-03
4.177311e+03	1.225750e-03
4.182290e+03	1.227835e-03
4.187269e+03	1.229909e-03
4.192248e+03	1.231972e-03
4.197227e+03	1.234024e-03
4.202206e+03	1.236064e-03
4.207185e+03	1.238093e-03
4.212164e+03	1.240110e-03
4.217142e+03	1.242115e-03
4.222121e+03	1.244109e-03
4.227100e+03	1.246091e-03
4.232079e+03	1.248061e-03
4.237058e+03	1.250019e-03
4.242037e+03	1.251965e-03
4.247016e+03	1.253900e-03
4.251995e+03	1.255822e-03
4.256974e+03	1.257731e-03
4.261953e+03	1.259629e-03
4.266932e+03	1.261515e-03
4.271911e+03	1.263388e-03
4.276889e+03	1.265248e-03
4.281868e+03	1.267096e-03
4.286847e+03	1.268932e-03
4.291826e+03	1.270755e-03
4.296805e+03	1.272565e-03
4.301784e+03	1.274362e-03
4.306763e+03	1.276147e-03
4.311742e+03	1.277919e-03
4.316721e+03	1.279678e-03
4.321700e+03	1.281424e-03
4.326679e+03	1.283157e-03
4.331658e+03	1.284877e-03
4.336636e+03	1.286583e-03
4.341615e+03	1.288277e-03
4.346594e+03	1.289957e-03
4.351573e+03	1.291624e-03
4.356552e+03	1.293277e-03
4.361531e+03	1.294917e-03
4.366510e+03	1.296544e-03
4.371489e+03	1.298156e-03
4.376468e+03	1.299756e-03
4.381447e+03	1.301341e-03
4.386426e+03	1.302913e-03
4.391405e+03	1.304472e-03
4.396383e+03	1.306016e-03
4.401362e+03	1.307546e-03
4.406341e+03	1.309063e-03
4.411320e+03	1.310565e-03
4.416299e+03	1.312054e-03
4.421278e+03	1.313528e-03
4.426257e+03	1.314988e-03
4.431236e+03	1.316434e-03
4.436215e+03	1.317866e-03
4.441194e+03	1.319283e-03
4.446173e+03	1.320687e-03
4.451152e+03	1.322075e-03
4.456130e+03	1.323449e-03
4.461109e+03	1.324809e-03
4.466088e+03	1.326154e-03
4.471067e+03	1.327485e-03
4.476046e+03	1.328801e-03
4.481025e+03	1.330102e-03
4.486004e+03	1.331389e-03
4.490983e+03	1.332661e-03
4.495962e+03	1.333918e-03
4.500941e+03	1.335160e-03
4.505920e+03	1.336387e-03
4.510899e+03	1.337600e-03
4.515877e+03	1.338797e-03
4.520856e+03	1.339979e-03
4.525835e+03	1.341146e-03
4.530814e+03	1.342298e-03
4.535793e+03	1.343435e-03
4.540772e+03	1.344557e-03
4.545751e+03	1.345663e-03
4.550730e+03	1.346755e-03
4.555709e+03	1.347831e-03
4.560688e+03	1.348891e-03
4.565667e+03	1.349936e-03
4.570646e+03	1.350966e-03
4.575624e+03	1.351980e-03
4.580603e+03	1.352979e-03
4.585582e+03	1.353962e-03
4.590561e+03	1.354930e-03
4.595540e+03	1.355882e-03
4.600519e+03	1.356818e-03
4.605498e+03	1.357739e-03
4.610477e+03	1.358644e-03
4.615456e+03	1.359533e-03
4.620435e+03	1.360407e-03
4.625414e+03	1.361265e-03
4.630393e+03	1.362107e-03
4.635371e+03	1.362933e-03
4.640350e+03	1.363743e-03
4.645329e+03	1.364537e-03
4.650308e+03	1.365315e-03
4.655287e+03	1.366078e-03
4.660266e+03	1.366824e-03
4.665245e+03	1.367554e-03
4.670224e+03	1.368268e-03
4.675203e+03	1.368966e-03
4.680182e+03	1.369649e-03
4.685161e+03	1.370314e-03
4.690140e+03	1.370964e-03
4.695118e+03	1.371598e-03
4.700097e+03	1.372215e-03
4.705076e+03	1.372816e-03
4.710055e+03	1.373401e-03
4.715034e+03	1.373970e-03
4.720013e+03	1.374522e-03
4.724992e+03	1.375058e-03
4.729971e+03	1.375578e-03
4.734950e+03	1.376081e-03
4.739929e+03	1.376568e-03
4.744908e+03	1.377039e-03
4.749887e+03	1.377493e-03
4.754865e+03	1.377931e-03
4.759844e+03	1.378353e-03
4.764823e+03	1.378758e-03
4.769802e+03	1.379146e-03
4.774781e+03	1.379518e-03
4.779760e+03	1.379874e-03
4.784739e+03	1.380213e-03
4.789718e+03	1.380535e-03
4.794697e+03	1.380841e-03
4.799676e+03	1.381131e-03
4.804655e+03	1.381404e-03
4.809634e+03	1.381660e-03
4.814612e+03	1.381900e-03
4.819591e+03	1.382124e-03
4.824570e+03	1.382330e-03
4.829549e+03	1.382520e-03
4.834528e+03	1.382694e-03
4.839507e+03	1.382851e-03
4.844486e+03	1.382991e-03
4.849465e+03	1.383115e-03
4.854444e+03	1.383222e-03
4.859423e+03	1.383312e-03
4.864402e+03	1.383386e-03
4.869381e+03	1.383444e-03
4.874359e+03	1.383484e-03
4.879338e+03	1.383508e-03
4.884317e+03	1.383516e-03
4.889296e+03	1.383506e-03
4.894275e+03	1.383480e-03
4.899254e+03	1.383438e-03
4.904233e+03	1.383379e-03
4.909212e+03	1.383303e-03
4.914191e+03	1.383211e-03
4.919170e+03	1.383102e-03
4.924149e+03	1.382976e-03
4.929128e+03	1.382834e-03
4.934106e+03	1.382675e-03
4.939085e+03	1.382499e-03
4.944064e+03	1.382307e-03
4.949043e+03	1.382099e-03
4.954022e+03	1.381874e-03
4.959001e+03	1.381632e-03
4.963980e+03	1.381374e-03
4.968959e+03	1.381099e-03
4.973938e+03	1.380807e-03
4.978917e+03	1.380499e-03
4.983896e+03	1.380175e-03
4.988875e+03	1.379834e-03
4.993853e+03	1.379477e-03
4.998832e+03	1.379103e-03
5.003811e+03	1.378712e-03
5.008790e+03	1.378305e-03
5.013769e+03	1.377882e-03
5.018748e+03	1.377442e-03
5.023727e+03	1.376986e-03
5.028706e+03	1.376514e-03
5.033685e+03	1.376025e-03
5.038664e+03	1.375520e-03
5.043643e+03	1.374998e-03
5.048622e+03	1.374460e-03
5.053600e+03	1.373906e-03
5.058579e+03	1.373335e-03
5.063558e+03	1.372748e-03
5.068537e+03	1.372145e-03
5.073516e+03	1.371526e-03
5.078495e+03	1.370891e-03
5.083474e+03	1.370239e-03
5.088453e+03	1.369571e-03
5.093432e+03	1.368888e-03
5.098411e+03	1.368188e-03
5.103390e+03	1.367472e-03
5.108369e+03	1.366739e-03
5.113347e+03	1.365991e-03
5.118326e+03	1.365227e-03
5.123305e+03	1.364447e-03
5.128284e+03	1.363651e-03
5.133263e+03	1.362839e-03
5.138242e+03	1.362011e-03
5.143221e+03	1.361167e-03
5.148200e+03	1.360308e-03
5.153179e+03	1.359433e-03
5.158158e+03	1.358542e-03
5.163137e+03	1.357635e-03
5.168116e+03	1.356712e-03
5.173094e+03	1.355774e-03
5.178073e+03	1.354820e-03
5.183052e+03	1.353851e-03
5.188031e+03	1.352866e-03
5.193010e+03	1.351865e-03
5.197989e+03	1.350849e-03
5.202968e+03	1.349818e-03
5.207947e+03	1.348771e-03
5.212926e+03	1.347708e-03
5.217905e+03	1.346631e-03
5.222884e+03	1.345538e-03
5.227863e+03	1.344430e-03
5.232841e+03	1.343306e-03
5.237820e+03	1.342168e-03
5.242799e+03	1.341014e-03
5.247778e+03	1.339845e-03
5.252757e+03	1.338661e-03
5.257736e+03	1.337462e-03
5.262715e+03	1.336248e-03
5.267694e+03	1.335019e-03
5.272673e+03	1.333775e-03
5.277652e+03	1.332516e-03
5.282631e+03	1.331243e-03
5.287610e+03	1.329955e-03
5.292588e+03	1.328652e-03
5.297567e+03	1.327334e-03
5.302546e+03	1.326002e-03
5.307525e+03	1.324655e-03
5.312504e+03	1.323293e-03
5.317483e+03	1.321917e-03
5.322462e+03	1.320527e-03
5.327441e+03	1.319122e-03
5.332420e+03	1.317703e-03
5.337399e+03	1.316270e-03
5.342378e+03	1.314822e-03
5.347357e+03	1.313360e-03
5.352335e+03	1.311884e-03
5.357314e+03	1.310394e-03
5.362293e+03	1.308890e-03
5.367272e+03	1.307372e-03
5.372251e+03	1.305840e-03
5.377230e+03	1.304294e-03
5.382209e+03	1.302735e-03
5.387188e+03	1.301161e-03
5.392167e+03	1.299574e-03
5.397146e+03	1.297973e-03
5.402125e+03	1.296359e-03
5.407104e+03	1.294730e-03
5.412082e+03	1.293089e-03
5.417061e+03	1.291434e-03
5.422040e+03	1.289766e-03
5.427019e+03	1.288084e-03
5.431998e+03	1.286389e-03
5.436977e+03	1.284681e-03
5.441956e+03	1.282960e-03
5.446935e+03	1.281225e-03
5.451914e+03	1.279478e-03
5.456893e+03	1.277717e-03
5.461872e+03	1.275944e-03
5.466851e+03	1.274158e-03
5.471829e+03	1.272359e-03
5.476808e+03	1.270547e-03
5.481787e+03	1.268723e-03
5.486766e+03	1.266886e-03
5.491745e+03	1.265036e-03
5.496724e+03	1.263174e-03
5.501703e+03	1.261300e-03
5.506682e+03	1.259413e-03
5.511661e+03	1.257514e-03
5.516640e+03	1.255603e-03
5.521619e+03	1.253679e-03
5.526598e+03	1.251744e-03
5.531576e+03	1.249796e-03
5.536555e+03	1.247837e-03
5.541534e+03	1.245865e-03
5.546513e+03	1.243882e-03
5.551492e+03	1.241887e-03
5.556471e+03	1.239880e-03
5.561450e+03	1.237862e-03
5.566429e+03	1.235832e-03
5.571408e+03	1.233790e-03
5.576387e+03	1.231737e-03
5.581366e+03	1.229673e-03
5.586345e+03	1.227597e-03
5.591323e+03	1.225511e-03
5.596302e+03	1.223413e-03
5.601281e+03	1.221304e-03
5.606260e+03	1.219184e-03
5.611239e+03	1.217053e-03
5.616218e+03	1.214911e-03
5.621197e+03	1.212758e-03
5.626176e+03	1.210595e-03
5.631155e+03	1.208421e-03
5.636134e+03	1.206236e-03
5.641113e+03	1.204041e-03
5.646092e+03	1.201835e-03
5.651070e+03	1.199619e-03
5.656049e+03	1.197393e-03
5.661028e+03	1.195156e-03
5.666007e+03	1.192910e-03
5.670986e+03	1.190653e-03
5.675965e+03	1.188386e-03
5.680944e+03	1.186109e-03
5.685923e+03	1.183823e-03
5.690902e+03	1.181526e-03
5.695881e+03	1.179220e-03
5.700860e+03	1.176904e-03
5.705839e+03	1.174579e-03
5.710817e+03	1.172244e-03
5.715796e+03	1.169900e-03
5.720775e+03	1.167546e-03
5.725754e+03	1.165183e-03
5.730733e+03	1.162811e-03
5.735712e+03	1.160430e-03
5.740691e+03	1.158040e-03
5.745670e+03	1.155641e-03
5.750649e+03	1.153233e-03
5.755628e+03	1.150816e-03
5.760607e+03	1.148390e-03
5.765586e+03	1.145956e-03
5.770564e+03	1.143513e-03
5.775543e+03	1.141062e-03
5.780522e+03	1.138602e-03
5.785501e+03	1.136134e-03
5.790480e+03	1.133657e-03
5.795459e+03	1.131173e-03
5.800438e+03	1.128680e-03
5.805417e+03	1.126179e-03
5.810396e+03	1.123670e-03
5.815375e+03	1.121154e-03
5.820354e+03	1.118629e-03
5.825333e+03	1.116097e-03
5.830311e+03	1.113557e-03
5.835290e+03	1.111010e-03
5.840269e+03	1.108455e-03
5.845248e+03	1.105893e-03
5.850227e+03	1.103323e-03
5.855206e+03	1.100746e-03
5.860185e+03	1.098162e-03
5.865164e+03	1.095571e-03
5.870143e+03	1.092973e-03
5.875122e+03	1.090367e-03
5.880101e+03	1.087755e-03
5.885080e+03	1.085137e-03
5.890058e+03	1.082511e-03
5.895037e+03	1.079879e-03
5.900016e+03	1.077240e-03
5.904995e+03	1.074595e-03
5.909974e+03	1.071944e-03
5.914953e+03	1.069286e-03
5.919932e+03	1.066622e-03
5.924911e+03	1.063951e-03
5.929890e+03	1.061275e-03
5.934869e+03	1.058593e-03
5.939848e+03	1.055905e-03
5.944827e+03	1.053211e-03
5.949805e+03	1.050511e-03
5.954784e+03	1.047805e-03
5.959763e+03	1.045094e-03
5.964742e+03	1.042378e-03
5.969721e+03	1.039656e-03
5.974700e+03	1.036928e-03
5.979679e+03	1.034196e-03
5.984658e+03	1.031458e-03
5.989637e+03	1.028715e-03
5.994616e+03	1.025967e-03
5.999595e+03	1.023214e-03
6.004574e+03	1.020456e-03
6.009552e+03	1.017694e-03
6.014531e+03	1.014926e-03
6.019510e+03	1.012154e-03
6.024489e+03	1.009378e-03
6.029468e+03	1.006597e-03
6.034447e+03	1.003811e-03
6.039426e+03	1.001022e-03
6.044405e+03	9.982275e-04
6.049384e+03	9.954294e-04
6.054363e+03	9.926271e-04
6.059342e+03	9.898209e-04
6.064321e+03	9.870107e-04
6.069299e+03	9.841967e-04
6.074278e+03	9.813789e-04
6.079257e+03	9.785574e-04
6.084236e+03	9.757323e-04
6.089215e+03	9.729036e-04
6.094194e+03	9.700715e-04
6.099173e+03	9.672361e-04
6.104152e+03	9.643973e-04
6.109131e+03	9.615553e-04
6.114110e+03	9.587101e-04
6.119089e+03	9.558619e-04
6.124068e+03	9.530107e-04
6.129046e+03	9.501565e-04
6.134025e+03	9.472996e-04
6.139004e+03	9.444398e-04
6.143983e+03	9.415774e-04
6.148962e+03	9.387124e-04
6.153941e+03	9.358448e-04
6.158920e+03	9.329748e-04
6.163899e+03	9.301024e-04
6.168878e+03	9.272278e-04
6.173857e+03	9.243508e-04
6.178836e+03	9.214718e-04
6.183815e+03	9.185907e-04
6.188793e+03	9.157075e-04
6.193772e+03	9.128225e-04
6.198751e+03	9.099356e-04
6.203730e+03	9.070469e-04
6.208709e+03	9.041565e-04
6.213688e+03	9.012646e-04
6.218667e+03	8.983710e-04
6.223646e+03	8.954760e-04
6.228625e+03	8.925796e-04
6.233604e+03	8.896819e-04
6.238583e+03	8.867829e-04
6.243562e+03	8.838827e-04
6.248540e+03	8.809815e-04
6.253519e+03	8.780792e-04
6.258498e+03	8.751759e-04
6.263477e+03	8.722718e-04
6.268456e+03	8.693669e-04
6.273435e+03	8.664612e-04
6.278414e+03	8.635548e-04
6.283393e+03	8.606479e-04
6.288372e+03	8.577404e-04
6.293351e+03	8.548325e-04
6.298330e+03	8.519242e-04
6.303309e+03	8.490156e-04
6.308287e+03	8.461067e-04
6.313266e+03	8.431977e-04
6.318245e+03	8.402886e-04
6.323224e+03	8.373794e-04
6.328203e+03	8.344703e-04
6.333182e+03	8.315614e-04
6.338161e+03	8.286525e-04
6.343140e+03	8.257440e-04
6.348119e+03	8.228358e-04
6.353098e+03	8.199279e-04
6.358077e+03	8.170205e-04
6.363056e+03	8.141136e-04
6.368034e+03	8.112074e-04
6.373013e+03	8.083017e-04
6.377992e+03	8.053969e-04
6.382971e+03	8.024928e-04
6.387950e+03	7.995895e-04
6.392929e+03	7.966872e-04
6.397908e+03	7.937859e-04
6.402887e+03	7.908857e-04
6.407866e+03	7.879865e-04
6.412845e+03	7.850886e-04
6.417824e+03	7.821919e-04
6.422803e+03	7.792966e-04
6.427781e+03	7.764026e-04
6.432760e+03	7.735101e-04
6.437739e+03	7.706191e-04
6.442718e+03	7.677297e-04
6.447697e+03	7.648419e-04
6.452676e+03	7.619558e-04
6.457655e+03	7.590715e-04
6.462634e+03	7.561890e-04
6.467613e+03	7.533084e-04
6.472592e+03	7.504298e-04
6.477571e+03	7.475532e-04
6.482550e+03	7.446786e-04
6.487528e+03	7.418062e-04
6.492507e+03	7.389360e-04
6.497486e+03	7.360680e-04
6.502465e+03	7.332024e-04
6.507444e+03	7.303392e-04
6.512423e+03	7.274784e-04
6.517402e+03	7.246200e-04
6.522381e+03	7.217643e-04
6.527360e+03	7.189111e-04
6.532339e+03	7.160607e-04
6.537318e+03	7.132129e-04
6.542297e+03	7.103679e-04
6.547275e+03	7.075258e-04
6.552254e+03	7.046866e-04
6.557233e+03	7.018504e-04
6.562212e+03	6.990171e-04
6.567191e+03	6.961870e-04
6.572170e+03	6.933599e-04
6.577149e+03	6.905361e-04
6.582128e+03	6.877154e-04
6.587107e+03	6.848981e-04
6.592086e+03	6.820841e-04
6.597065e+03	6.792735e-04
6.602044e+03	6.764664e-04
6.607022e+03	6.736627e-04
6.612001e+03	6.708626e-04
6.616980e+03	6.680662e-04
6.621959e+03	6.652733e-04
6.626938e+03	6.624842e-04
6.631917e+03	6.596989e-04
6.636896e+03	6.569174e-04
6.641875e+03	6.541397e-04
6.646854e+03	6.513660e-04
6.651833e+03	6.485962e-04
6.656812e+03	6.458305e-04
6.661791e+03	6.430688e-04
6.666769e+03	6.403112e-04
6.671748e+03	6.375578e-04
6.676727e+03	6.348086e-04
6.681706e+03	6.320636e-04
6.686685e+03	6.293230e-04
6.691664e+03	6.265867e-04
6.696643e+03	6.238548e-04
6.701622e+03	6.211274e-04
6.706601e+03	6.184044e-04
6.711580e+03	6.156860e-04
6.716559e+03	6.129722e-04
6.721538e+03	6.102630e-04
6.726516e+03	6.075584e-04
6.731495e+03	6.048586e-04
6.736474e+03	6.021635e-04
6.741453e+03	5.994733e-04
6.746432e+03	5.967879e-04
6.751411e+03	5.941074e-04
6.756390e+03	5.914318e-04
6.761369e+03	5.887612e-04
6.766348e+03	5.860956e-04
6.771327e+03	5.834350e-04
6.776306e+03	5.807796e-04
6.781285e+03	5.781293e-04
6.786263e+03	5.754841e-04
6.791242e+03	5.728442e-04
6.796221e+03	5.702096e-04
6.801200e+03	5.675802e-04
6.806179e+03	5.649562e-04
6.811158e+03	5.623375e-04
6.816137e+03	5.597243e-04
6.821116e+03	5.571165e-04
6.826095e+03	5.545142e-04
6.831074e+03	5.519174e-04
6.836053e+03	5.493262e-04
6.841032e+03	5.467405e-04
6.846010e+03	5.441605e-04
6.850989e+03	5.415862e-04
6.855968e+03	5.390176e-04
6.860947e+03	5.364547e-04
6.865926e+03	5.338975e-04
6.870905e+03	5.313462e-04
6.875884e+03	5.288007e-04
6.880863e+03	5.262611e-04
6.885842e+03	5.237274e-04
6.890821e+03	5.211996e-04
6.895800e+03	5.186778e-04
6.900779e+03	5.161619e-04
6.905757e+03	5.136521e-04
6.910736e+03	5.111484e-04
6.915715e+03	5.086508e-04
6.920694e+03	5.061592e-04
6.925673e+03	5.036739e-04
6.930652e+03	5.011947e-04
6.935631e+03	4.987217e-04
6.940610e+03	4.962550e-04
6.945589e+03	4.937945e-04
6.950568e+03	4.913403e-04
6.955547e+03	4.888924e-04
6.960526e+03	4.864509e-04
6.965504e+03	4.840158e-04
6.970483e+03	4.815871e-04
6.975462e+03	4.791647e-04
6.980441e+03	4.767489e-04
6.985420e+03	4.743395e-04
6.990399e+03	4.719367e-04
6.995378e+03	4.695403e-04
7.000357e+03	4.671505e-04
7.005336e+03	4.647673e-04
7.010315e+03	4.623907e-04
7.015294e+03	4.600207e-04
7.020273e+03	4.576574e-04
7.025251e+03	4.553007e-04
7.030230e+03	4.529507e-04
7.035209e+03	4.506075e-04
7.040188e+03	4.482709e-04
7.045167e+03	4.459412e-04
7.050146e+03	4.436182e-04
7.055125e+03	4.413020e-04
7.060104e+03	4.389926e-04
7.065083e+03	4.366900e-04
7.070062e+03	4.343943e-04
7.075041e+03	4.321055e-04
7.080020e+03	4.298236e-04
7.084998e+03	4.275486e-04
7.089977e+03	4.252805e-04
7.094956e+03	4.230194e-04
7.099935e+03	4.207652e-04
7.104914e+03	4.185180e-04
7.109893e+03	4.162779e-04
7.114872e+03	4.140447e-04
7.119851e+03	4.118185e-04
7.124830e+03	4.095994e-04
7.129809e+03	4.073874e-04
7.134788e+03	4.051825e-04
7.139767e+03	4.029846e-04
7.144745e+03	4.007938e-04
7.149724e+03	3.986102e-04
7.154703e+03	3.964337e-04
7.159682e+03	3.942643e-04
7.164661e+03	3.921021e-04
7.169640e+03	3.899471e-04
7.174619e+03	3.877992e-04
7.179598e+03	3.856586e-04
7.184577e+03	3.835251e-04
7.189556e+03	3.813989e-04
7.194535e+03	3.792799e-04
7.199514e+03	3.771681e-04
7.204492e+03	3.750636e-04
7.209471e+03	3.729664e-04
7.214450e+03	3.708764e-04
7.219429e+03	3.687937e-04
7.224408e+03	3.667183e-04
7.229387e+03	3.646501e-04
7.234366e+03	3.625893e-04
7.239345e+03	3.605358e-04
7.244324e+03	3.584896e-04
7.249303e+03	3.564508e-04
7.254282e+03	3.544193e-04
7.259261e+03	3.523951e-04
7.264239e+03	3.503783e-04
7.269218e+03	3.483688e-04
7.274197e+03	3.463667e-04
7.279176e+03	3.443720e-04
7.284155e+03	3.423846e-04
7.289134e+03	3.404046e-04
7.294113e+03	3.384320e-04
7.299092e+03	3.364668e-04
7.304071e+03	3.345090e-04
7.309050e+03	3.325586e-04
7.314029e+03	3.306155e-04
7.319008e+03	3.286799e-04
7.323986e+03	3.267517e-04
7.328965e+03	3.248309e-04
7.333944e+03	3.229175e-04
7.338923e+03	3.210115e-04
7.343902e+03	3.191129e-04
7.348881e+03	3.172217e-04
7.353860e+03	3.153380e-04
7.358839e+03	3.134617e-04
7.363818e+03	3.115928e-04
7.368797e+03	3.097313e-04
7.373776e+03	3.078772e-04
7.378755e+03	3.060306e-04
7.383733e+03	3.041913e-04
7.388712e+03	3.023595e-04
7.393691e+03	3.005351e-04
7.398670e+03	2.987182e-04
7.403649e+03	2.969086e-04
7.408628e+03	2.951065e-04
7.413607e+03	2.933118e-04
7.418586e+03	2.915245e-04
7.423565e+03	2.897445e-04
7.428544e+03	2.879720e-04
7.433523e+03	2.862070e-04
7.438502e+03	2.844493e-04
7.443480e+03	2.826990e-04
7.448459e+03	2.809561e-04
7.453438e+03	2.792205e-04
7.458417e+03	2.774924e-04
7.463396e+03	2.757717e-04
7.468375e+03	2.740583e-04
7.473354e+03	2.723523e-04
7.478333e+03	2.706537e-04
7.483312e+03	2.689624e-04
7.488291e+03	2.672785e-04
7.493270e+03	2.656019e-04
7.498249e+03	2.639327e-04
7.503227e+03	2.622708e-04
7.508206e+03	2.606163e-04
7.513185e+03	2.589690e-04
7.518164e+03	2.573291e-04
7.523143e+03	2.556965e-04
7.528122e+03	2.540712e-04
7.533101e+03	2.524533e-04
7.538080e+03	2.508425e-04
7.543059e+03	2.492391e-04
7.548038e+03	2.476430e-04
7.553017e+03	2.460541e-04
7.557996e+03	2.444725e-04
7.562974e+03	2.428981e-04
7.567953e+03	2.413309e-04
7.572932e+03	2.397710e-04
7.577911e+03	2.382183e-04
7.582890e+03	2.366728e-04
7.587869e+03	2.351346e-04
7.592848e+03	2.336035e-04
7.597827e+03	2.320795e-04
7.602806e+03	2.305628e-04
7.607785e+03	2.290532e-04
7.612764e+03	2.275508e-04
7.617743e+03	2.260555e-04
7.622721e+03	2.245673e-04
7.627700e+03	2.230863e-04
7.632679e+03	2.216123e-04
7.637658e+03	2.201455e-04
7.642637e+03	2.186857e-04
7.647616e+03	2.172330e-04
7.652595e+03	2.157873e-04
7.657574e+03	2.143487e-04
7.662553e+03	2.129171e-04
7.667532e+03	2.114926e-04
7.672511e+03	2.100750e-04
7.677490e+03	2.086645e-04
7.682468e+03	2.072609e-04
7.687447e+03	2.058643e-04
7.692426e+03	2.044747e-04
7.697405e+03	2.030919e-04
7.702384e+03	2.017161e-04
7.707363e+03	2.003473e-04
7.712342e+03	1.989853e-04
7.717321e+03	1.976302e-04
7.722300e+03	1.962820e-04
7.727279e+03	1.949406e-04
7.732258e+03	1.936061e-04
7.737237e+03	1.922784e-04
7.742215e+03	1.909575e-04
7.747194e+03	1.896434e-04
7.752173e+03	1.883360e-04
7.757152e+03	1.870355e-04
7.762131e+03	1.857417e-04
7.767110e+03	1.844546e-04
7.772089e+03	1.831742e-04
7.777068e+03	1.819006e-04
7.782047e+03	1.806336e-04
7.787026e+03	1.793733e-04
7.792005e+03	1.781196e-04
7.796984e+03	1.768726e-04
7.801962e+03	1.756322e-04
7.806941e+03	1.743984e-04
7.811920e+03	1.731712e-04
7.816899e+03	1.719506e-04
7.821878e+03	1.707365e-04
7.826857e+03	1.695290e-04
7.831836e+03	1.683279e-04
7.836815e+03	1.671334e-04
7.841794e+03	1.659453e-04
7.846773e+03	1.647637e-04
7.851752e+03	1.635886e-04
7.856731e+03	1.624199e-04
7.861709e+03	1.612576e-04
7.866688e+03	1.601017e-04
7.871667e+03	1.589522e-04
7.876646e+03	1.578090e-04
7.881625e+03	1.566722e-04
7.886604e+03	1.555416e-04
7.891583e+03	1.544174e-04
7.896562e+03	1.532995e-04
7.901541e+03	1.521878e-04
7.906520e+03	1.510824e-04
7.911499e+03	1.499832e-04
7.916478e+03	1.488902e-04
7.921456e+03	1.478034e-04
7.926435e+03	1.467228e-04
7.931414e+03	1.456483e-04
7.936393e+03	1.445800e-04
7.941372e+03	1.435177e-04
7.946351e+03	1.424616e-04
7.951330e+03	1.414115e-04
7.956309e+03	1.403675e-04
7.961288e+03	1.393295e-04
7.966267e+03	1.382976e-04
7.971246e+03	1.372716e-04
7.976225e+03	1.362516e-04
7.981203e+03	1.352375e-04
7.986182e+03	1.342294e-04
7.991161e+03	1.332272e-04
7.996140e+03	1.322309e-04
8.001119e+03	1.312405e-04
8.006098e+03	1.302559e-04
8.011077e+03	1.292771e-04
8.016056e+03	1.283042e-04
8.021035e+03	1.273370e-04
8.026014e+03	1.263757e-04
8.030993e+03	1.254200e-04
8.035972e+03	1.244702e-04
8.040950e+03	1.235260e-04
8.045929e+03	1.225875e-04
8.050908e+03	1.216546e-04
8.055887e+03	1.207275e-04
8.060866e+03	1.198059e-04
8.065845e+03	1.188900e-04
8.070824e+03	1.179796e-04
8.075803e+03	1.170748e-04
8.080782e+03	1.161756e-04
8.085761e+03	1.152818e-04
8.090740e+03	1.143936e-04
8.095719e+03	1.135108e-04
8.100697e+03	1.126335e-04
8.105676e+03	1.117617e-04
8.110655e+03	1.108952e-04
8.115634e+03	1.100342e-04
8.120613e+03	1.091785e-04
8.125592e+03	1.083282e-04
8.130571e+03	1.074832e-04
8.135550e+03	1.066435e-04
8.140529e+03	1.058091e-04
8.145508e+03	1.049800e-04
8.150487e+03	1.041561e-04
8.155466e+03	1.033375e-04
8.160444e+03	1.025240e-04
8.165423e+03	1.017157e-04
8.170402e+03	1.009126e-04
8.175381e+03	1.001146e-04
8.180360e+03	9.932176e-05
8.185339e+03	9.853400e-05
8.190318e+03	9.775130e-05
8.195297e+03	9.697366e-05
8.200276e+03	9.620105e-05
8.205255e+03	9.543345e-05
8.210234e+03	9.467083e-05
8.215213e+03	9.391318e-05
8.220191e+03	9.316047e-05
8.225170e+03	9.241269e-05
8.230149e+03	9.166981e-05
8.235128e+03	9.093180e-05
8.240107e+03	9.019865e-05
8.245086e+03	8.947034e-05
8.250065e+03	8.874684e-05
8.255044e+03	8.802814e-05
8.260023e+03	8.731420e-05
8.265002e+03	8.660502e-05
8.269981e+03	8.590056e-05
8.274960e+03	8.520081e-05
8.279938e+03	8.450574e-05
8.284917e+03	8.381534e-05
8.289896e+03	8.312958e-05
8.294875e+03	8.244844e-05
8.299854e+03	8.177189e-05
8.304833e+03	8.109993e-05
8.309812e+03	8.043251e-05
8.314791e+03	7.976964e-05
8.319770e+03	7.911127e-05
8.324749e+03	7.845739e-05
8.329728e+03	7.780799e-05
8.334707e+03	7.716303e-05
8.339685e+03	7.652250e-05
8.344664e+03	7.588637e-05
8.349643e+03	7.525463e-05
8.354622e+03	7.462725e-05
8.359601e+03	7.400421e-05
8.364580e+03	7.338549e-05
8.369559e+03	7.277107e-05
8.374538e+03	7.216092e-05
8.379517e+03	7.155503e-05
8.384496e+03	7.095338e-05
8.389475e+03	7.035594e-05
8.394454e+03	6.976269e-05
8.399432e+03	6.917361e-05
8.404411e+03	6.858868e-05
8.409390e+03	6.800788e-05
8.414369e+03	6.743119e-05
8.419348e+03	6.685858e-05
8.424327e+03	6.629004e-05
8.429306e+03	6.572555e-05
8.434285e+03	6.516507e-05
8.439264e+03	6.460861e-05
8.444243e+03	6.405612e-05
8.449222e+03	6.350759e-05
8.454201e+03	6.296301e-05
8.459179e+03	6.242234e-05
8.464158e+03	6.188558e-05
8.469137e+03	6.135269e-05
8.474116e+03	6.082366e-05
8.479095e+03	6.029847e-05
8.484074e+03	5.977709e-05
8.489053e+03	5.925951e-05
8.494032e+03	5.874570e-05
8.499011e+03	5.823565e-05
8.503990e+03	5.772934e-05
8.508969e+03	5.722673e-05
8.513948e+03	5.672783e-05
8.518926e+03	5.623259e-05
8.523905e+03	5.574101e-05
8.528884e+03	5.525306e-05
8.533863e+03	5.476873e-05
8.538842e+03	5.428799e-05
8.543821e+03	5.381082e-05
8.548800e+03	5.333720e-05
8.553779e+03	5.286712e-05
8.558758e+03	5.240055e-05
8.563737e+03	5.193748e-05
8.568716e+03	5.147788e-05
8.573695e+03	5.102173e-05
8.578673e+03	5.056901e-05
8.583652e+03	5.011971e-05
8.588631e+03	4.967381e-05
8.593610e+03	4.923128e-05
8.598589e+03	4.879211e-05
8.603568e+03	4.835627e-05
8.608547e+03	4.792375e-05
8.613526e+03	4.749453e-05
8.618505e+03	4.706859e-05
8.623484e+03	4.664590e-05
8.628463e+03	4.622646e-05
8.633442e+03	4.581024e-05
8.638420e+03	4.539722e-05
8.643399e+03	4.498738e-05
8.648378e+03	4.458071e-05
8.653357e+03	4.417718e-05
8.658336e+03	4.377678e-05
8.663315e+03	4.337948e-05
8.668294e+03	4.298528e-05
8.673273e+03	4.259415e-05
8.678252e+03	4.220606e-05
8.683231e+03	4.182101e-05
8.688210e+03	4.143898e-05
8.693189e+03	4.105994e-05
8.698167e+03	4.068388e-05
8.703146e+03	4.031078e-05
8.708125e+03	3.994062e-05
8.713104e+03	3.957339e-05
8.718083e+03	3.920906e-05
8.723062e+03	3.884761e-05
8.728041e+03	3.848904e-05
8.733020e+03	3.813332e-05
8.737999e+03	3.778043e-05
8.742978e+03	3.743036e-05
8.747957e+03	3.708308e-05
8.752936e+03	3.673859e-05
8.757914e+03	3.639685e-05
8.762893e+03	3.605787e-05
8.767872e+03	3.572161e-05
8.772851e+03	3.538806e-05
8.777830e+03	3.505721e-05
8.782809e+03	3.472903e-05
8.787788e+03	3.440351e-05
8.792767e+03	3.408063e-05
8.797746e+03	3.376038e-05
8.802725e+03	3.344273e-05
8.807704e+03	3.312767e-05
8.812683e+03	3.281519e-05
8.817661e+03	3.250527e-05
8.822640e+03	3.219788e-05
8.827619e+03	3.189302e-05
8.832598e+03	3.159066e-05
8.837577e+03	3.129080e-05
8.842556e+03	3.099341e-05
8.847535e+03	3.069847e-05
8.852514e+03	3.040598e-05
8.857493e+03	3.011591e-05
8.862472e+03	2.982826e-05
8.867451e+03	2.954299e-05
8.872430e+03	2.926010e-05
8.877408e+03	2.897957e-05
8.882387e+03	2.870139e-05
8.887366e+03	2.842553e-05
8.892345e+03	2.815199e-05
8.897324e+03	2.788074e-05
8.902303e+03	2.761178e-05
8.907282e+03	2.734508e-05
8.912261e+03	2.708063e-05
8.917240e+03	2.681842e-05
8.922219e+03	2.655843e-05
8.927198e+03	2.630064e-05
8.932177e+03	2.604504e-05
8.937156e+03	2.579162e-05
8.942134e+03	2.554035e-05
8.947113e+03	2.529123e-05
8.952092e+03	2.504423e-05
8.957071e+03	2.479936e-05
8.962050e+03	2.455658e-05
8.967029e+03	2.431588e-05
8.972008e+03	2.407725e-05
8.976987e+03	2.384068e-05
8.981966e+03	2.360615e-05
8.986945e+03	2.337365e-05
8.991924e+03	2.314316e-05
8.996903e+03	2.291467e-05
9.001881e+03	2.268815e-05
9.006860e+03	2.246361e-05
9.011839e+03	2.224103e-05
9.016818e+03	2.202038e-05
9.021797e+03	2.180166e-05
9.026776e+03	2.158486e-05
9.031755e+03	2.136995e-05
9.036734e+03	2.115693e-05
9.041713e+03	2.094578e-05
9.046692e+03	2.073649e-05
9.051671e+03	2.052904e-05
9.056650e+03	2.032342e-05
9.061628e+03	2.011962e-05
9.066607e+03	1.991763e-05
9.071586e+03	1.971743e-05
9.076565e+03	1.951900e-05
9.081544e+03	1.932234e-05
9.086523e+03	1.912743e-05
9.091502e+03	1.893426e-05
9.096481e+03	1.874282e-05
9.101460e+03	1.855308e-05
9.106439e+03	1.836505e-05
9.111418e+03	1.817871e-05
9.116397e+03	1.799404e-05
9.121375e+03	1.781103e-05
9.126354e+03	1.762967e-05
9.131333e+03	1.744994e-05
9.136312e+03	1.727185e-05
9.141291e+03	1.709536e-05
9.146270e+03	1.692048e-05
9.151249e+03	1.674718e-05
9.156228e+03	1.657546e-05
9.161207e+03	1.640530e-05
9.166186e+03	1.623669e-05
9.171165e+03	1.606962e-05
9.176144e+03	1.590408e-05
9.181122e+03	1.574006e-05
9.186101e+03	1.557754e-05
9.191080e+03	1.541652e-05
9.196059e+03	1.525697e-05
9.201038e+03	1.509890e-05
9.206017e+03	1.494228e-05
9.210996e+03	1.478711e-05
9.215975e+03	1.463337e-05
9.220954e+03	1.448106e-05
9.225933e+03	1.433017e-05
9.230912e+03	1.418067e-05
9.235891e+03	1.403257e-05
9.240869e+03	1.388584e-05
9.245848e+03	1.374049e-05
9.250827e+03	1.359649e-05
9.255806e+03	1.345384e-05
9.260785e+03	1.331253e-05
9.265764e+03	1.317254e-05
9.270743e+03	1.303387e-05
9.275722e+03	1.289650e-05
9.280701e+03	1.276043e-05
9.285680e+03	1.262564e-05
9.290659e+03	1.249212e-05
9.295638e+03	1.235987e-05
9.300616e+03	1.222887e-05
9.305595e+03	1.209912e-05
9.310574e+03	1.197059e-05
9.315553e+03	1.184329e-05
9.320532e+03	1.171721e-05
9.325511e+03	1.159232e-05
9.330490e+03	1.146863e-05
9.335469e+03	1.134612e-05
9.340448e+03	1.122479e-05
9.345427e+03	1.110462e-05
9.350406e+03	1.098561e-05
9.355385e+03	1.086774e-05
9.360363e+03	1.075100e-05
9.365342e+03	1.063539e-05
9.370321e+03	1.052090e-05
9.375300e+03	1.040752e-05
9.380279e+03	1.029523e-05
9.385258e+03	1.018403e-05
9.390237e+03	1.007392e-05
9.395216e+03	9.964870e-06
9.400195e+03	9.856886e-06
9.405174e+03	9.749954e-06
9.410153e+03	9.644067e-06
9.415132e+03	9.539215e-06
9.420110e+03	9.435390e-06
9.425089e+03	9.332582e-06
9.430068e+03	9.230784e-06
9.435047e+03	9.129987e-06
9.440026e+03	9.030181e-06
9.445005e+03	8.931359e-06
9.449984e+03	8.833513e-06
9.454963e+03	8.736633e-06
9.459942e+03	8.640713e-06
9.464921e+03	8.545742e-06
9.469900e+03	8.451714e-06
9.474879e+03	8.358620e-06
9.479857e+03	8.266452e-06
9.484836e+03	8.175202e-06
9.489815e+03	8.084862e-06
9.494794e+03	7.995424e-06
9.499773e+03	7.906881e-06
9.504752e+03	7.819224e-06
9.509731e+03	7.732446e-06
9.514710e+03	7.646540e-06
9.519689e+03	7.561496e-06
9.524668e+03	7.477309e-06
9.529647e+03	7.393970e-06
9.534626e+03	7.311473e-06
9.539604e+03	7.229808e-06
9.544583e+03	7.148970e-06
9.549562e+03	7.068951e-06
9.554541e+03	6.989744e-06
9.559520e+03	6.911341e-06
9.564499e+03	6.833735e-06
9.569478e+03	6.756920e-06
9.574457e+03	6.680887e-06
9.579436e+03	6.605631e-06
9.584415e+03	6.531144e-06
9.589394e+03	6.457420e-06
9.594373e+03	6.384450e-06
9.599351e+03	6.312230e-06
9.604330e+03	6.240752e-06
9.609309e+03	6.170008e-06
9.614288e+03	6.099994e-06
9.619267e+03	6.030701e-06
9.624246e+03	5.962124e-06
9.629225e+03	5.894256e-06
9.634204e+03	5.827090e-06
9.639183e+03	5.760620e-06
9.644162e+03	5.694841e-06
9.649141e+03	5.629744e-06
9.654120e+03	5.565325e-06
9.659098e+03	5.501577e-06
9.664077e+03	5.438494e-06
9.669056e+03	5.376069e-06
9.674035e+03	5.314298e-06
9.679014e+03	5.253172e-06
9.683993e+03	5.192688e-06
9.688972e+03	5.132838e-06
9.693951e+03	5.073617e-06
9.698930e+03	5.015019e-06
9.703909e+03	4.957038e-06
9.708888e+03	4.899669e-06
9.713867e+03	4.842905e-06
9.718845e+03	4.786741e-06
9.723824e+03	4.731172e-06
9.728803e+03	4.676192e-06
9.733782e+03	4.621795e-06
9.738761e+03	4.567977e-06
9.743740e+03	4.514730e-06
9.748719e+03	4.462051e-06
9.753698e+03	4.409933e-06
9.758677e+03	4.358371e-06
9.763656e+03	4.307361e-06
9.768635e+03	4.256897e-06
9.773614e+03	4.206973e-06
9.778592e+03	4.157585e-06
9.783571e+03	4.108727e-06
9.788550e+03	4.060394e-06
9.793529e+03	4.012582e-06
9.798508e+03	3.965285e-06
9.803487e+03	3.918499e-06
9.808466e+03	3.872218e-06
9.813445e+03	3.826438e-06
9.818424e+03	3.781153e-06
9.823403e+03	3.736360e-06
9.828382e+03	3.692053e-06
9.833361e+03	3.648227e-06
9.838339e+03	3.604878e-06
9.843318e+03	3.562002e-06
9.848297e+03	3.519593e-06
9.853276e+03	3.477647e-06
9.858255e+03	3.436160e-06
9.863234e+03	3.395127e-06
9.868213e+03	3.354544e-06
9.873192e+03	3.314406e-06
9.878171e+03	3.274709e-06
9.883150e+03	3.235448e-06
9.888129e+03	3.196620e-06
9.893108e+03	3.158220e-06
9.898086e+03	3.120243e-06
9.903065e+03	3.082687e-06
9.908044e+03	3.045545e-06
9.913023e+03	3.008815e-06
9.918002e+03	2.972492e-06
9.922981e+03	2.936573e-06
9.927960e+03	2.901052e-06
9.932939e+03	2.865927e-06
9.937918e+03	2.831193e-06
9.942897e+03	2.796846e-06
9.947876e+03	2.762883e-06
9.952855e+03	2.729300e-06
9.957833e+03	2.696092e-06
9.962812e+03	2.663256e-06
9.967791e+03	2.630789e-06
9.972770e+03	2.598686e-06
9.977749e+03	2.566944e-06
9.982728e+03	2.535560e-06
9.987707e+03	2.504528e-06
9.992686e+03	2.473847e-06
9.997665e+03	2.443513e-06
1.000264e+04	2.413521e-06
1.000762e+04	2.383869e-06
1.001260e+04	2.354553e-06
1.001758e+04	2.325569e-06
1.002256e+04	2.296915e-06
1.002754e+04	2.268586e-06
1.003252e+04	2.240580e-06
1.003750e+04	2.212893e-06
1.004248e+04	2.185522e-06
1.004745e+04	2.158464e-06
1.005243e+04	2.131715e-06
1.005741e+04	2.105272e-06
1.006239e+04	2.079132e-06
1.006737e+04	2.053292e-06
1.007235e+04	2.027748e-06
1.007733e+04	2.002499e-06
1.008231e+04	1.977540e-06
1.008729e+04	1.952869e-06
1.009226e+04	1.928482e-06
1.009724e+04	1.904377e-06
1.010222e+04	1.880551e-06
1.010720e+04	1.857000e-06
1.011218e+04	1.833722e-06
1.011716e+04	1.810715e-06
1.012214e+04	1.787974e-06
1.012712e+04	1.765498e-06
1.013210e+04	1.743284e-06
1.013707e+04	1.721328e-06
1.014205e+04	1.699628e-06
1.014703e+04	1.678182e-06
1.015201e+04	1.656987e-06
1.015699e+04	1.636039e-06
1.016197e+04	1.615337e-06
1.016695e+04	1.594878e-06
1.017193e+04	1.574659e-06
1.017691e+04	1.554677e-06
1.018188e+04	1.534931e-06
1.018686e+04	1.515417e-06
1.019184e+04	1.496134e-06
1.019682e+04	1.477078e-06
1.020180e+04	1.458247e-06
1.020678e+04	1.439639e-06
1.021176e+04	1.421251e-06
1.021674e+04	1.403081e-06
1.022172e+04	1.385127e-06
1.022669e+04	1.367387e-06
1.023167e+04	1.349857e-06
1.023665e+04	1.332536e-06
1.024163e+04	1.315421e-06
1.024661e+04	1.298511e-06
1.025159e+04	1.281803e-06
1.025657e+04	1.265294e-06
1.026155e+04	1.248983e-06
1.026653e+04	1.232867e-06
1.027151e+04	1.216945e-06
1.027648e+04	1.201214e-06
1.028146e+04	1.185672e-06
1.028644e+04	1.170317e-06
1.029142e+04	1.155147e-06
1.029640e+04	1.140160e-06
1.030138e+04	1.125354e-06
1.030636e+04	1.110727e-06
1.031134e+04	1.096277e-06
1.031632e+04	1.082002e-06
1.032129e+04	1.067899e-06
1.032627e+04	1.053968e-06
1.033125e+04	1.040206e-06
1.033623e+04	1.026612e-06
1.034121e+04	1.013183e-06
1.034619e+04	9.999177e-07
1.035117e+04	9.868142e-07
1.035615e+04	9.738707e-07
1.036113e+04	9.610854e-07
1.036610e+04	9.484565e-07
1.037108e+04	9.359824e-07
1.037606e+04	9.236612e-07
1.038104e+04	9.114913e-07
1.038602e+04	8.994709e-07
1.039100e+04	8.875983e-07
1.039598e+04	8.758720e-07
1.040096e+04	8.642901e-07
1.040594e+04	8.528512e-07
1.041091e+04	8.415535e-07
1.041589e+04	8.303956e-07
1.042087e+04	8.193757e-07
1.042585e+04	8.084923e-07
1.043083e+04	7.977439e-07
1.043581e+04	7.871290e-07
1.044079e+04	7.766459e-07
1.044577e+04	7.662933e-07
1.045075e+04	7.560696e-07
1.045573e+04	7.459733e-07
1.046070e+04	7.360030e-07
1.046568e+04	7.261572e-07
1.047066e+04	7.164345e-07
1.047564e+04	7.068335e-07
1.048062e+04	6.973528e-07
1.048560e+04	6.879910e-07
1.049058e+04	6.787467e-07
1.049556e+04	6.696185e-07
1.050054e+04	6.606052e-07
1.050551e+04	6.517054e-07
1.051049e+04	6.429177e-07
1.051547e+04	6.342410e-07
1.052045e+04	6.256738e-07
1.052543e+04	6.172149e-07
1.053041e+04	6.088630e-07
1.053539e+04	6.006170e-07
1.054037e+04	5.924755e-07
1.054535e+04	5.844373e-07
1.055032e+04	5.765013e-07
1.055530e+04	5.686662e-07
1.056028e+04	5.609308e-07
1.056526e+04	5.532940e-07
1.057024e+04	5.457546e-07
1.057522e+04	5.383115e-07
1.058020e+04	5.309635e-07
1.058518e+04	5.237095e-07
1.059016e+04	5.165485e-07
1.059513e+04	5.094792e-07
1.060011e+04	5.025006e-07
1.060509e+04	4.956116e-07
1.061007e+04	4.888113e-07
1.061505e+04	4.820984e-07
1.062003e+04	4.754720e-07
1.062501e+04	4.689310e-07
1.062999e+04	4.624745e-07
1.063497e+04	4.561014e-07
1.063995e+04	4.498107e-07
1.064492e+04	4.436015e-07
1.064990e+04	4.374727e-07
1.065488e+04	4.314233e-07
1.065986e+04	4.254526e-07
1.066484e+04	4.195594e-07
1.066982e+04	4.137428e-07
1.067480e+04	4.080021e-07
1.067978e+04	4.023361e-07
1.068476e+04	3.967440e-07
1.068973e+04	3.912250e-07
1.069471e+04	3.857781e-07
1.069969e+04	3.804024e-07
1.070467e+04	3.750972e-07
1.070965e+04	3.698615e-07
1.071463e+04	3.646945e-07
1.071961e+04	3.595954e-07
1.072459e+04	3.545633e-07
1.072957e+04	3.495974e-07
1.073454e+04	3.446969e-07
1.073952e+04	3.398610e-07
1.074450e+04	3.350890e-07
1.074948e+04	3.303800e-07
1.075446e+04	3.257332e-07
1.075944e+04	3.211479e-07
1.076442e+04	3.166234e-07
1.076940e+04	3.121589e-07
1.077438e+04	3.077536e-07
1.077935e+04	3.034069e-07
1.078433e+04	2.991179e-07
1.078931e+04	2.948860e-07
1.079429e+04	2.907105e-07
1.079927e+04	2.865907e-07
1.080425e+04	2.825259e-07
1.080923e+04	2.785154e-07
1.081421e+04	2.745585e-07
1.081919e+04	2.706546e-07
1.082416e+04	2.668029e-07
1.082914e+04	2.630030e-07
1.083412e+04	2.592540e-07
1.083910e+04	2.555554e-07
1.084408e+04	2.519065e-07
1.084906e+04	2.483068e-07
1.085404e+04	2.447556e-07
1.085902e+04	2.412522e-07
1.086400e+04	2.377961e-07
1.086898e+04	2.343868e-07
1.087395e+04	2.310235e-07
1.087893e+04	2.277057e-07
1.088391e+04	2.244329e-07
1.088889e+04	2.212045e-07
1.089387e+04	2.180199e-07
1.089885e+04	2.148786e-07
1.090383e+04	2.117800e-07
1.090881e+04	2.087235e-07
1.091379e+04	2.057087e-07
1.091876e+04	2.027350e-07
1.092374e+04	1.998019e-07
1.092872e+04	1.969089e-07
1.093370e+04	1.940554e-07
1.093868e+04	1.912410e-07
1.094366e+04	1.884651e-07
1.094864e+04	1.857273e-07
1.095362e+04	1.830270e-07
1.095860e+04	1.803639e-07
1.096357e+04	1.777373e-07
1.096855e+04	1.751469e-07
1.097353e+04	1.725922e-07
1.097851e+04	1.700727e-07
1.098349e+04	1.675880e-07
1.098847e+04	1.651376e-07
1.099345e+04	1.627210e-07
1.099843e+04	1.603379e-07
1.100341e+04	1.579878e-07
1.100838e+04	1.556703e-07
1.101336e+04	1.533849e-07
1.101834e+04	1.511313e-07
1.102332e+04	1.489090e-07
1.102830e+04	1.467175e-07
1.103328e+04	1.445567e-07
1.103826e+04	1.424259e-07
1.104324e+04	1.403248e-07
1.104822e+04	1.382531e-07
1.105320e+04	1.362103e-07
1.105817e+04	1.341961e-07
1.106315e+04	1.322101e-07
1.106813e+04	1.302519e-07
1.107311e+04	1.283212e-07
1.107809e+04	1.264176e-07
1.108307e+04	1.245407e-07
1.108805e+04	1.226902e-07
1.109303e+04	1.208658e-07
1.109801e+04	1.190670e-07
1.110298e+04	1.172936e-07
1.110796e+04	1.155453e-07
1.111294e+04	1.138216e-07
1.111792e+04	1.121223e-07
1.112290e+04	1.104470e-07
1.112788e+04	1.087955e-07
1.113286e+04	1.071674e-07
1.113784e+04	1.055623e-07
1.114282e+04	1.039801e-07
1.114779e+04	1.024203e-07
1.115277e+04	1.008828e-07
1.115775e+04	9.936707e-08
1.116273e+04	9.787298e-08
1.116771e+04	9.640020e-08
1.117269e+04	9.494843e-08
1.117767e+04	9.351741e-08
1.118265e+04	9.210684e-08
1.118763e+04	9.071647e-08
1.119260e+04	8.934600e-08
1.119758e+04	8.799519e-08
1.120256e+04	8.666375e-08
1.120754e+04	8.535143e-08
1.121252e+04	8.405798e-08
1.121750e+04	8.278313e-08
1.122248e+04	8.152664e-08
1.122746e+04	8.028825e-08
1.123244e+04	7.906772e-08
1.123742e+04	7.786482e-08
1.124239e+04	7.667929e-08
1.124737e+04	7.551090e-08
1.125235e+04	7.435943e-08
1.125733e+04	7.322463e-08
1.126231e+04	7.210628e-08
1.126729e+04	7.100416e-08
1.127227e+04	6.991805e-08
1.127725e+04	6.884772e-08
1.128223e+04	6.779296e-08
1.128720e+04	6.675356e-08
1.129218e+04	6.572931e-08
1.129716e+04	6.471999e-08
1.130214e+04	6.372541e-08
1.130712e+04	6.274535e-08
1.131210e+04	6.177963e-08
1.131708e+04	6.082804e-08
1.132206e+04	5.989038e-08
1.132704e+04	5.896648e-08
1.133201e+04	5.805612e-08
1.133699e+04	5.715914e-08
1.134197e+04	5.627533e-08
1.134695e+04	5.540453e-08
1.135193e+04	5.454654e-08
1.135691e+04	5.370120e-08
1.136189e+04	5.286832e-08
1.136687e+04	5.204774e-08
1.137185e+04	5.123927e-08
1.137682e+04	5.044276e-08
1.138180e+04	4.965803e-08
1.138678e+04	4.888492e-08
1.139176e+04	4.812327e-08
1.139674e+04	4.737292e-08
1.140172e+04	4.663370e-08
1.140670e+04	4.590547e-08
1.141168e+04	4.518807e-08
1.141666e+04	4.448134e-08
1.142163e+04	4.378515e-08
1.142661e+04	4.309933e-08
1.143159e+04	4.242374e-08
1.143657e+04	4.175824e-08
1.144155e+04	4.110269e-08
1.144653e+04	4.045694e-08
1.145151e+04	3.982085e-08
1.145649e+04	3.919430e-08
1.146147e+04	3.857714e-08
1.146645e+04	3.796925e-08
1.147142e+04	3.737048e-08
1.147640e+04	3.678072e-08
1.148138e+04	3.619982e-08
1.148636e+04	3.562768e-08
1.149134e+04	3.506415e-08
1.149632e+04	3.450912e-08
1.150130e+04	3.396247e-08
1.150628e+04	3.342408e-08
1.151126e+04	3.289383e-08
1.151623e+04	3.237160e-08
1.152121e+04	3.185728e-08
1.152619e+04	3.135075e-08
1.153117e+04	3.085191e-08
1.153615e+04	3.036063e-08
1.154113e+04	2.987683e-08
1.154611e+04	2.940038e-08
1.155109e+04	2.893117e-08
1.155607e+04	2.846912e-08
1.156104e+04	2.801411e-08
1.156602e+04	2.756603e-08
1.157100e+04	2.712480e-08
1.157598e+04	2.669032e-08
1.158096e+04	2.626247e-08
1.158594e+04	2.584117e-08
1.159092e+04	2.542633e-08
1.159590e+04	2.501784e-08
1.160088e+04	2.461562e-08
1.160585e+04	2.421958e-08
1.161083e+04	2.382962e-08
1.161581e+04	2.344566e-08
1.162079e+04	2.306761e-08
1.162577e+04	2.269538e-08
1.163075e+04	2.232889e-08
1.163573e+04	2.196806e-08
1.164071e+04	2.161279e-08
1.164569e+04	2.126302e-08
1.165067e+04	2.091865e-08
1.165564e+04	2.057962e-08
1.166062e+04	2.024583e-08
1.166560e+04	1.991722e-08
1.167058e+04	1.959371e-08
1.167556e+04	1.927522e-08
1.168054e+04	1.896168e-08
1.168552e+04	1.865302e-08
1.169050e+04	1.834916e-08
1.169548e+04	1.805003e-08
1.170045e+04	1.775557e-08
1.170543e+04	1.746570e-08
1.171041e+04	1.718035e-08
1.171539e+04	1.689947e-08
1.172037e+04	1.662297e-08
1.172535e+04	1.635081e-08
1.173033e+04	1.608291e-08
1.173531e+04	1.581920e-08
1.174029e+04	1.555963e-08
1.174526e+04	1.530414e-08
1.175024e+04	1.505267e-08
1.175522e+04	1.480514e-08
1.176020e+04	1.456152e-08
1.176518e+04	1.432172e-08
1.177016e+04	1.408571e-08
1.177514e+04	1.385342e-08
1.178012e+04	1.362480e-08
1.178510e+04	1.339979e-08
1.179007e+04	1.317834e-08
1.179505e+04	1.296039e-08
1.180003e+04	1.274590e-08
1.180501e+04	1.253480e-08
1.180999e+04	1.232705e-08
1.181497e+04	1.212260e-08
1.181995e+04	1.192139e-08
1.182493e+04	1.172339e-08
1.182991e+04	1.152853e-08
1.183489e+04	1.133678e-08
1.183986e+04	1.114808e-08
1.184484e+04	1.096239e-08
1.184982e+04	1.077967e-08
1.185480e+04	1.059986e-08
1.185978e+04	1.042293e-08
1.186476e+04	1.024882e-08
1.186974e+04	1.007751e-08
1.187472e+04	9.908937e-09
1.187970e+04	9.743068e-09
1.188467e+04	9.579861e-09
1.188965e+04	9.419275e-09
1.189463e+04	9.261269e-09
1.189961e+04	9.105804e-09
1.190459e+04	8.952842e-09
1.190957e+04	8.802343e-09
1.191455e+04	8.654270e-09
1.191953e+04	8.508585e-09
1.192451e+04	8.365253e-09
1.192948e+04	8.224236e-09
1.193446e+04	8.085499e-09
1.193944e+04	7.949007e-09
1.194442e+04	7.814725e-09
1.194940e+04	7.682620e-09
1.195438e+04	7.552656e-09
1.195936e+04	7.424803e-09
1.196434e+04	7.299025e-09
1.196932e+04	7.175292e-09
1.197429e+04	7.053572e-09
1.197927e+04	6.933834e-09
1.198425e+04	6.816046e-09
1.198923e+04	6.700178e-09
1.199421e+04	6.586201e-09
1.199919e+04	6.474085e-09
1.200417e+04	6.363801e-09
1.200915e+04	6.255321e-09
1.201413e+04	6.148616e-09
1.201910e+04	6.043658e-09
1.202408e+04	5.940421e-09
1.202906e+04	5.838877e-09
1.203404e+04	5.738999e-09
1.203902e+04	5.640763e-09
1.204400e+04	5.544141e-09
1.204898e+04	5.449109e-09
1.205396e+04	5.355642e-09
1.205894e+04	5.263714e-09
1.206392e+04	5.173302e-09
1.206889e+04	5.084382e-09
1.207387e+04	4.996930e-09
1.207885e+04	4.910924e-09
1.208383e+04	4.826340e-09
1.208881e+04	4.743155e-09
1.209379e+04	4.661349e-09
1.209877e+04	4.580898e-09
1.210375e+04	4.501782e-09
1.210873e+04	4.423979e-09
1.211370e+04	4.347468e-09
1.211868e+04	4.272229e-09
1.212366e+04	4.198242e-09
1.212864e+04	4.125486e-09
1.213362e+04	4.053943e-09
1.213860e+04	3.983593e-09
1.214358e+04	3.914416e-09
1.214856e+04	3.846394e-09
1.215354e+04	3.779509e-09
1.215851e+04	3.713743e-09
1.216349e+04	3.649076e-09
1.216847e+04	3.585493e-09
1.217345e+04	3.522976e-09
1.217843e+04	3.461506e-09
1.218341e+04	3.401069e-09
1.218839e+04	3.341647e-09
1.219337e+04	3.283223e-09
1.219835e+04	3.225782e-09
1.220332e+04	3.169308e-09
1.220830e+04	3.113785e-09
1.221328e+04	3.059198e-09
1.221826e+04	3.005532e-09
1.222324e+04	2.952772e-09
1.222822e+04	2.900903e-09
1.223320e+04	2.849911e-09
1.223818e+04	2.799781e-09
1.224316e+04	2.750501e-09
1.224814e+04	2.702055e-09
1.225311e+04	2.654431e-09
1.225809e+04	2.607615e-09
1.226307e+04	2.561593e-09
1.226805e+04	2.516354e-09
1.227303e+04	2.471884e-09
1.227801e+04	2.428171e-09
1.228299e+04	2.385202e-09
1.228797e+04	2.342965e-09
1.229295e+04	2.301448e-09
1.229792e+04	2.260640e-09
1.230290e+04	2.220529e-09
1.230788e+04	2.181104e-09
1.231286e+04	2.142352e-09
1.231784e+04	2.104264e-09
1.232282e+04	2.066828e-09
1.232780e+04	2.030034e-09
1.233278e+04	1.993871e-09
1.233776e+04	1.958328e-09
1.234273e+04	1.923396e-09
1.234771e+04	1.889065e-09
1.235269e+04	1.855323e-09
1.235767e+04	1.822163e-09
1.236265e+04	1.789574e-09
1.236763e+04	1.757546e-09
1.237261e+04	1.726071e-09
1.237759e+04	1.695139e-09
1.238257e+04	1.664742e-09
1.238754e+04	1.634870e-09
1.239252e+04	1.605515e-09
1.239750e+04	1.576668e-09
1.240248e+04	1.548320e-09
1.240746e+04	1.520464e-09
1.241244e+04	1.493091e-09
1.241742e+04	1.466194e-09
1.242240e+04	1.439763e-09
1.242738e+04	1.413792e-09
1.243236e+04	1.388273e-09
1.243733e+04	1.363198e-09
1.244231e+04	1.338560e-09
1.244729e+04	1.314351e-09
1.245227e+04	1.290565e-09
1.245725e+04	1.267194e-09
1.246223e+04	1.244231e-09
1.246721e+04	1.221670e-09
1.247219e+04	1.199503e-09
1.247717e+04	1.177725e-09
1.248214e+04	1.156328e-09
1.248712e+04	1.135306e-09
1.249210e+04	1.114652e-09
1.249708e+04	1.094362e-09
1.250206e+04	1.074428e-09
1.250704e+04	1.054844e-09
1.251202e+04	1.035605e-09
1.251700e+04	1.016704e-09
1.252198e+04	9.981363e-10
1.252695e+04	9.798960e-10
1.253193e+04	9.619775e-10
1.253691e+04	9.443753e-10
1.254189e+04	9.270840e-10
1.254687e+04	9.100984e-10
1.255185e+04	8.934132e-10
1.255683e+04	8.770234e-10
1.256181e+04	8.609239e-10
1.256679e+04	8.451098e-10
1.257176e+04	8.295763e-10
1.257674e+04	8.143184e-10
1.258172e+04	7.993316e-10
1.258670e+04	7.846111e-10
1.259168e+04	7.701525e-10
1.259666e+04	7.559513e-10
1.260164e+04	7.420030e-10
1.260662e+04	7.283033e-10
1.261160e+04	7.148479e-10
1.261657e+04	7.016327e-10
1.262155e+04	6.886536e-10
1.262653e+04	6.759064e-10
1.263151e+04	6.633872e-10
1.263649e+04	6.510920e-10
1.264147e+04	6.390171e-10
1.264645e+04	6.271585e-10
1.265143e+04	6.155126e-10
1.265641e+04	6.040757e-10
1.266139e+04	5.928442e-10
1.266636e+04	5.818145e-10
1.267134e+04	5.709832e-10
1.267632e+04	5.603468e-10
1.268130e+04	5.499019e-10
1.268628e+04	5.396452e-10
1.269126e+04	5.295734e-10
1.269624e+04	5.196834e-10
1.270122e+04	5.099720e-10
1.270620e+04	5.004360e-10
1.271117e+04	4.910724e-10
1.271615e+04	4.818782e-10
1.272113e+04	4.728505e-10
1.272611e+04	4.639864e-10
1.273109e+04	4.552829e-10
1.273607e+04	4.467374e-10
1.274105e+04	4.383469e-10
1.274603e+04	4.301089e-10
1.275101e+04	4.220206e-10
1.275598e+04	4.140795e-10
1.276096e+04	4.062829e-10
1.276594e+04	3.986283e-10
1.277092e+04	3.911132e-10
1.277590e+04	3.837352e-10
1.278088e+04	3.764918e-10
1.278586e+04	3.693808e-10
1.279084e+04	3.623996e-10
1.279582e+04	3.555462e-10
1.280079e+04	3.488182e-10
1.280577e+04	3.422133e-10
1.281075e+04	3.357295e-10
1.281573e+04	3.293646e-10
1.282071e+04	3.231165e-10
1.282569e+04	3.169831e-10
1.283067e+04	3.109623e-10
1.283565e+04	3.050523e-10
1.284063e+04	2.992510e-10
1.284561e+04	2.935565e-10
1.285058e+04	2.879669e-10
1.285556e+04	2.824803e-10
1.286054e+04	2.770949e-10
1.286552e+04	2.718090e-10
1.287050e+04	2.666206e-10
1.287548e+04	2.615282e-10
1.288046e+04	2.565299e-10
1.288544e+04	2.516242e-10
1.289042e+04	2.468093e-10
1.289539e+04	2.420836e-10
1.290037e+04	2.374455e-10
1.290535e+04	2.328935e-10
1.291033e+04	2.284261e-10
1.291531e+04	2.240416e-10
1.292029e+04	2.197386e-10
1.292527e+04	2.155157e-10
1.293025e+04	2.113715e-10
1.293523e+04	2.073044e-10
1.294020e+04	2.033131e-10
1.294518e+04	1.993963e-10
1.295016e+04	1.955526e-10
1.295514e+04	1.917806e-10
1.296012e+04	1.880792e-10
1.296510e+04	1.844470e-10
1.297008e+04	1.808828e-10
1.297506e+04	1.773853e-10
1.298004e+04	1.739533e-10
1.298501e+04	1.705857e-10
1.298999e+04	1.672813e-10
1.299497e+04	1.640389e-10
1.299995e+04	1.608574e-10
1.300493e+04	1.577357e-10
1.300991e+04	1.546728e-10
1.301489e+04	1.516675e-10
1.301987e+04	1.487188e-10
1.302485e+04	1.458257e-10
1.302983e+04	1.429872e-10
1.303480e+04	1.402022e-10
1.303978e+04	1.374698e-10
1.304476e+04	1.347890e-10
1.304974e+04	1.321590e-10
1.305472e+04	1.295787e-10
1.305970e+04	1.270472e-10
1.306468e+04	1.245637e-10
1.306966e+04	1.221273e-10
1.307464e+04	1.197371e-10
1.307961e+04	1.173923e-10
1.308459e+04	1.150920e-10
1.308957e+04	1.128354e-10
1.309455e+04	1.106217e-10
1.309953e+04	1.084502e-10
1.310451e+04	1.063200e-10
1.310949e+04	1.042304e-10
1.311447e+04	1.021806e-10
1.311945e+04	1.001700e-10
1.312442e+04	9.819770e-11
1.312940e+04	9.626311e-11
1.313438e+04	9.436550e-11
1.313936e+04	9.250418e-11
1.314434e+04	9.067848e-11
1.314932e+04	8.888775e-11
1.315430e+04	8.713134e-11
1.315928e+04	8.540860e-11
1.316426e+04	8.371892e-11
1.316923e+04	8.206168e-11
1.317421e+04	8.043628e-11
1.317919e+04	7.884213e-11
1.318417e+04	7.727864e-11
1.318915e+04	7.574525e-11
1.319413e+04	7.424139e-11
1.319911e+04	7.276652e-11
1.320409e+04	7.132009e-11
1.320907e+04	6.990156e-11
1.321404e+04	6.851043e-11
1.321902e+04	6.714618e-11
1.322400e+04	6.580830e-11
1.322898e+04	6.449631e-11
1.323396e+04	6.320971e-11
1.323894e+04	6.194803e-11
1.324392e+04	6.071081e-11
1.324890e+04	5.949758e-11
1.325388e+04	5.830790e-11
1.325886e+04	5.714131e-11
1.326383e+04	5.599740e-11
1.326881e+04	5.487572e-11
1.327379e+04	5.377587e-11
1.327877e+04	5.269743e-11
1.328375e+04	5.163999e-11
1.328873e+04	5.060316e-11
1.329371e+04	4.958656e-11
1.329869e+04	4.858979e-11
1.330367e+04	4.761249e-11
1.330864e+04	4.665429e-11
1.331362e+04	4.571482e-11
1.331860e+04	4.479373e-11
1.332358e+04	4.389067e-11
1.332856e+04	4.300530e-11
1.333354e+04	4.213728e-11
1.333852e+04	4.128629e-11
1.334350e+04	4.045200e-11
1.334848e+04	3.963409e-11
1.335345e+04	3.883225e-11
1.335843e+04	3.804617e-11
1.336341e+04	3.727556e-11
1.336839e+04	3.652012e-11
1.337337e+04	3.577956e-11
1.337835e+04	3.505360e-11
1.338333e+04	3.434195e-11
1.338831e+04	3.364434e-11
1.339329e+04	3.296051e-11
1.339826e+04	3.229019e-11
1.340324e+04	3.163313e-11
1.340822e+04	3.098906e-11
1.341320e+04	3.035774e-11
1.341818e+04	2.973892e-11
1.342316e+04	2.913237e-11
1.342814e+04	2.853785e-11
1.343312e+04	2.795512e-11
1.343810e+04	2.738396e-11
1.344308e+04	2.682415e-11
1.344805e+04	2.627547e-11
1.345303e+04	2.573770e-11
1.345801e+04	2.521064e-11
1.346299e+04	2.469407e-11
1.346797e+04	2.418780e-11
1.347295e+04	2.369162e-11
1.347793e+04	2.320534e-11
1.348291e+04	2.272877e-11
1.348789e+04	2.226171e-11
1.349286e+04	2.180400e-11
1.349784e+04	2.135543e-11
1.350282e+04	2.091585e-11
1.350780e+04	2.048507e-11
1.351278e+04	2.006291e-11
1.351776e+04	1.964922e-11
1.352274e+04	1.924383e-11
1.352772e+04	1.884658e-11
1.353270e+04	1.845731e-11
1.353767e+04	1.807586e-11
1.354265e+04	1.770208e-11
1.354763e+04	1.733582e-11
1.355261e+04	1.697693e-11
1.355759e+04	1.662528e-11
1.356257e+04	1.628071e-11
1.356755e+04	1.594309e-11
1.357253e+04	1.561229e-11
1.357751e+04	1.528816e-11
1.358248e+04	1.497059e-11
1.358746e+04	1.465944e-11
1.359244e+04	1.435458e-11
1.359742e+04	1.405589e-11
1.360240e+04	1.376325e-11
1.360738e+04	1.347654e-11
1.361236e+04	1.319565e-11
1.361734e+04	1.292045e-11
1.362232e+04	1.265084e-11
1.362730e+04	1.238671e-11
1.363227e+04	1.212795e-11
1.363725e+04	1.187445e-11
1.364223e+04	1.162611e-11
1.364721e+04	1.138283e-11
1.365219e+04	1.114450e-11
1.365717e+04	1.091104e-11
1.366215e+04	1.068233e-11
1.366713e+04	1.045830e-11
1.367211e+04	1.023883e-11
1.367708e+04	1.002386e-11
1.368206e+04	9.813278e-12
1.368704e+04	9.607006e-12
1.369202e+04	9.404956e-12
1.369700e+04	9.207046e-12
1.370198e+04	9.013191e-12
1.370696e+04	8.823312e-12
1.371194e+04	8.637330e-12
1.371692e+04	8.455166e-12
1.372189e+04	8.276745e-12
1.372687e+04	8.101991e-12
1.373185e+04	7.930832e-12
1.373683e+04	7.763195e-12
1.374181e+04	7.599010e-12
1.374679e+04	7.438209e-12
1.375177e+04	7.280722e-12
1.375675e+04	7.126484e-12
1.376173e+04	6.975430e-12
1.376670e+04	6.827495e-12
1.377168e+04	6.682618e-12
1.377666e+04	6.540736e-12
1.378164e+04	6.401790e-12
1.378662e+04	6.265720e-12
1.379160e+04	6.132468e-12
1.379658e+04	6.001979e-12
1.380156e+04	5.874195e-12
1.380654e+04	5.749062e-12
1.381151e+04	5.626528e-12
1.381649e+04	5.506539e-12
1.382147e+04	5.389044e-12
1.382645e+04	5.273993e-12
1.383143e+04	5.161336e-12
1.383641e+04	5.051025e-12
1.384139e+04	4.943012e-12
1.384637e+04	4.837250e-12
1.385135e+04	4.733695e-12
1.385633e+04	4.632301e-12
1.386130e+04	4.533024e-12
1.386628e+04	4.435822e-12
1.387126e+04	4.340651e-12
1.387624e+04	4.247472e-12
1.388122e+04	4.156243e-12
1.388620e+04	4.066924e-12
1.389118e+04	3.979477e-12
1.389616e+04	3.893864e-12
1.390114e+04	3.810046e-12
1.390611e+04	3.727988e-12
1.391109e+04	3.647654e-12
1.391607e+04	3.569007e-12
1.392105e+04	3.492015e-12
1.392603e+04	3.416642e-12
1.393101e+04	3.342856e-12
1.393599e+04	3.270624e-12
1.394097e+04	3.199915e-12
1.394595e+04	3.130696e-12
1.395092e+04	3.062938e-12
1.395590e+04	2.996611e-12
1.396088e+04	2.931684e-12
1.396586e+04	2.868130e-12
1.397084e+04	2.805920e-12
1.397582e+04	2.745026e-12
1.398080e+04	2.685422e-12
1.398578e+04	2.627080e-12
1.399076e+04	2.569974e-12
1.399573e+04	2.514080e-12
1.400071e+04	2.459372e-12
1.400569e+04	2.405826e-12
1.401067e+04	2.353417e-12
1.401565e+04	2.302122e-12
1.402063e+04	2.251918e-12
1.402561e+04	2.202782e-12
1.403059e+04	2.154693e-12
1.403557e+04	2.107628e-12
1.404055e+04	2.061566e-12
1.404552e+04	2.016487e-12
1.405050e+04	1.972370e-12
1.405548e+04	1.929195e-12
1.406046e+04	1.886942e-12
1.406544e+04	1.845592e-12
1.407042e+04	1.805127e-12
1.407540e+04	1.765528e-12
1.408038e+04	1.726777e-12
1.408536e+04	1.688856e-12
1.409033e+04	1.651748e-12
1.409531e+04	1.615436e-12
1.410029e+04	1.579903e-12
1.410527e+04	1.545133e-12
1.411025e+04	1.511110e-12
1.411523e+04	1.477819e-12
1.412021e+04	1.445244e-12
1.412519e+04	1.413370e-12
1.413017e+04	1.382182e-12
1.413514e+04	1.351666e-12
1.414012e+04	1.321808e-12
1.414510e+04	1.292594e-12
1.415008e+04	1.264010e-12
1.415506e+04	1.236044e-12
1.416004e+04	1.208682e-12
1.416502e+04	1.181911e-12
1.417000e+04	1.155720e-12
1.417498e+04	1.130095e-12
1.417995e+04	1.105025e-12
1.418493e+04	1.080498e-12
1.418991e+04	1.056503e-12
1.419489e+04	1.033029e-12
1.419987e+04	1.010064e-12
1.420485e+04	9.875971e-13
1.420983e+04	9.656188e-13
1.421481e+04	9.441182e-13
1.421979e+04	9.230853e-13
1.422477e+04	9.025101e-13
1.422974e+04	8.823829e-13
1.423472e+04	8.626942e-13
1.423970e+04	8.434346e-13
1.424468e+04	8.245952e-13
1.424966e+04	8.061668e-13
1.425464e+04	7.881408e-13
1.425962e+04	7.705087e-13
1.426460e+04	7.532619e-13
1.426958e+04	7.363923e-13
1.427455e+04	7.198919e-13
1.427953e+04	7.037527e-13
1.428451e+04	6.879671e-13
1.428949e+04	6.725275e-13
1.429447e+04	6.574265e-13
1.429945e+04	6.426569e-13
1.430443e+04	6.282115e-13
1.430941e+04	6.140834e-13
1.431439e+04	6.002659e-13
1.431936e+04	5.867522e-13
1.432434e+04	5.735358e-13
1.432932e+04	5.606104e-13
1.433430e+04	5.479697e-13
1.433928e+04	5.356076e-13
1.434426e+04	5.235181e-13
1.434924e+04	5.116953e-13
1.435422e+04	5.001335e-13
1.435920e+04	4.888271e-13
1.436417e+04	4.777705e-13
1.436915e+04	4.669584e-13
1.437413e+04	4.563855e-13
1.437911e+04	4.460466e-13
1.438409e+04	4.359367e-13
1.438907e+04	4.260508e-13
1.439405e+04	4.163841e-13
1.439903e+04	4.069319e-13
1.440401e+04	3.976894e-13
1.440898e+04	3.886522e-13
1.441396e+04	3.798158e-13
1.441894e+04	3.711758e-13
1.442392e+04	3.627280e-13
1.442890e+04	3.544683e-13
1.443388e+04	3.463924e-13
1.443886e+04	3.384965e-13
1.444384e+04	3.307766e-13
1.444882e+04	3.232288e-13
1.445380e+04	3.158495e-13
1.445877e+04	3.086349e-13
1.446375e+04	3.015816e-13
1.446873e+04	2.946858e-13
1.447371e+04	2.879443e-13
1.447869e+04	2.813536e-13
1.448367e+04	2.749105e-13
1.448865e+04	2.686117e-13
1.449363e+04	2.624541e-13
1.449861e+04	2.564345e-13
1.450358e+04	2.505500e-13
1.450856e+04	2.447976e-13
1.451354e+04	2.391743e-13
1.451852e+04	2.336775e-13
1.452350e+04	2.283042e-13
1.452848e+04	2.230518e-13
1.453346e+04	2.179176e-13
1.453844e+04	2.128990e-13
1.454342e+04	2.079936e-13
1.454839e+04	2.031987e-13
1.455337e+04	1.985119e-13
1.455835e+04	1.939309e-13
1.456333e+04	1.894534e-13
1.456831e+04	1.850770e-13
1.457329e+04	1.807995e-13
1.457827e+04	1.766188e-13
1.458325e+04	1.725327e-13
1.458823e+04	1.685391e-13
1.459320e+04	1.646359e-13
1.459818e+04	1.608212e-13
1.460316e+04	1.570930e-13
1.460814e+04	1.534494e-13
1.461312e+04	1.498885e-13
1.461810e+04	1.464084e-13
1.462308e+04	1.430075e-13
1.462806e+04	1.396838e-13
1.463304e+04	1.364358e-13
1.463802e+04	1.332617e-13
1.464299e+04	1.301599e-13
1.464797e+04	1.271287e-13
1.465295e+04	1.241667e-13
1.465793e+04	1.212722e-13
1.466291e+04	1.184437e-13
1.466789e+04	1.156799e-13
1.467287e+04	1.129791e-13
1.467785e+04	1.103401e-13
1.468283e+04	1.077615e-13
1.468780e+04	1.052418e-13
1.469278e+04	1.027798e-13
1.469776e+04	1.003742e-13
1.470274e+04	9.802377e-14
1.470772e+04	9.572719e-14
1.471270e+04	9.348330e-14
1.471768e+04	9.129090e-14
1.472266e+04	8.914885e-14
1.472764e+04	8.705602e-14
1.473261e+04	8.501130e-14
1.473759e+04	8.301360e-14
1.474257e+04	8.106187e-14
1.474755e+04	7.915508e-14
1.475253e+04	7.729221e-14
1.475751e+04	7.547228e-14
1.476249e+04	7.369431e-14
1.476747e+04	7.195737e-14
1.477245e+04	7.026051e-14
1.477742e+04	6.860285e-14
1.478240e+04	6.698349e-14
1.478738e+04	6.540158e-14
1.479236e+04	6.385625e-14
1.479734e+04	6.234669e-14
1.480232e+04	6.087208e-14
1.480730e+04	5.943163e-14
1.481228e+04	5.802457e-14
1.481726e+04	5.665015e-14
1.482224e+04	5.530761e-14
1.482721e+04	5.399625e-14
1.483219e+04	5.271534e-14
1.483717e+04	5.146420e-14
1.484215e+04	5.024215e-14
1.484713e+04	4.904853e-14
1.485211e+04	4.788269e-14
1.485709e+04	4.674400e-14
1.486207e+04	4.563184e-14
1.486705e+04	4.454561e-14
1.487202e+04	4.348471e-14
1.487700e+04	4.244856e-14
1.488198e+04	4.143661e-14
1.488696e+04	4.044830e-14
1.489194e+04	3.948308e-14
1.489692e+04	3.854044e-14
1.490190e+04	3.761984e-14
1.490688e+04	3.672080e-14
1.491186e+04	3.584281e-14
1.491683e+04	3.498539e-14
1.492181e+04	3.414807e-14
1.492679e+04	3.333039e-14
1.493177e+04	3.253191e-14
1.493675e+04	3.175216e-14
1.494173e+04	3.099074e-14
1.494671e+04	3.024721e-14
1.495169e+04	2.952116e-14
1.495667e+04	2.881220e-14
1.496164e+04	2.811992e-14
1.496662e+04	2.744395e-14
1.497160e+04	2.678390e-14
1.497658e+04	2.613942e-14
1.498156e+04	2.551014e-14
1.498654e+04	2.489570e-14
1.499152e+04	2.429578e-14
1.499650e+04	2.371002e-14
1.500148e+04	2.313811e-14
1.500645e+04	2.257973e-14
1.501143e+04	2.203455e-14
1.501641e+04	2.150228e-14
1.502139e+04	2.098262e-14
1.502637e+04	2.047526e-14
1.503135e+04	1.997994e-14
1.503633e+04	1.949636e-14
1.504131e+04	1.902426e-14
1.504629e+04	1.856337e-14
1.505127e+04	1.811342e-14
1.505624e+04	1.767417e-14
1.506122e+04	1.724536e-14
1.506620e+04	1.682676e-14
1.507118e+04	1.641812e-14
1.507616e+04	1.601921e-14
1.508114e+04	1.562980e-14
1.508612e+04	1.524968e-14
1.509110e+04	1.487862e-14
1.509608e+04	1.451642e-14
1.510105e+04	1.416286e-14
1.510603e+04	1.381775e-14
1.511101e+04	1.348089e-14
1.511599e+04	1.315208e-14
1.512097e+04	1.283114e-14
1.512595e+04	1.251788e-14
1.513093e+04	1.221212e-14
1.513591e+04	1.191368e-14
1.514089e+04	1.162240e-14
1.514586e+04	1.133810e-14
1.515084e+04	1.106063e-14
1.515582e+04	1.078981e-14
1.516080e+04	1.052550e-14
1.516578e+04	1.026754e-14
1.517076e+04	1.001579e-14
1.517574e+04	9.770084e-15
1.518072e+04	9.530295e-15
1.518570e+04	9.296280e-15
1.519067e+04	9.067901e-15
1.519565e+04	8.845027e-15
1.520063e+04	8.627528e-15
1.520561e+04	8.415275e-15
1.521059e+04	8.208146e-15
1.521557e+04	8.006018e-15
1.522055e+04	7.808774e-15
1.522553e+04	7.616298e-15
1.523051e+04	7.428477e-15
1.523549e+04	7.245201e-15
1.524046e+04	7.066362e-15
1.524544e+04	6.891854e-15
1.525042e+04	6.721575e-15
1.525540e+04	6.555424e-15
1.526038e+04	6.393304e-15
1.526536e+04	6.235118e-15
1.527034e+04	6.080773e-15
1.527532e+04	5.930177e-15
1.528030e+04	5.783241e-15
1.528527e+04	5.639879e-15
1.529025e+04	5.500004e-15
1.529523e+04	5.363533e-15
1.530021e+04	5.230386e-15
1.530519e+04	5.100483e-15
1.531017e+04	4.973747e-15
1.531515e+04	4.850101e-15
1.532013e+04	4.729472e-15
1.532511e+04	4.611789e-15
1.533008e+04	4.496979e-15
1.533506e+04	4.384975e-15
1.534004e+04	4.275709e-15
1.534502e+04	4.169116e-15
1.535000e+04	4.065131e-15
1.535498e+04	3.963692e-15
1.535996e+04	3.864738e-15
1.536494e+04	3.768209e-15
1.536992e+04	3.674047e-15
1.537489e+04	3.582194e-15
1.537987e+04	3.492597e-15
1.538485e+04	3.405199e-15
1.538983e+04	3.319948e-15
1.539481e+04	3.236793e-15
1.539979e+04	3.155683e-15
1.540477e+04	3.076568e-15
1.540975e+04	2.999400e-15
1.541473e+04	2.924133e-15
1.541971e+04	2.850721e-15
1.542468e+04	2.779118e-15
1.542966e+04	2.709281e-15
1.543464e+04	2.641167e-15
1.543962e+04	2.574735e-15
1.544460e+04	2.509943e-15
1.544958e+04	2.446753e-15
1.545456e+04	2.385125e-15
1.545954e+04	2.325021e-15
1.546452e+04	2.266404e-15
1.546949e+04	2.209239e-15
1.547447e+04	2.153490e-15
1.547945e+04	2.099122e-15
1.548443e+04	2.046102e-15
1.548941e+04	1.994398e-15
1.549439e+04	1.943976e-15
1.549937e+04	1.894807e-15
1.550435e+04	1.846859e-15
1.550933e+04	1.800103e-15
1.551430e+04	1.754509e-15
1.551928e+04	1.710050e-15
1.552426e+04	1.666697e-15
1.552924e+04	1.624424e-15
1.553422e+04	1.583204e-15
1.553920e+04	1.543011e-15
1.554418e+04	1.503821e-15
1.554916e+04	1.465608e-15
1.555414e+04	1.428349e-15
1.555911e+04	1.392021e-15
1.556409e+04	1.356600e-15
1.556907e+04	1.322065e-15
1.557405e+04	1.288394e-15
1.557903e+04	1.255565e-15
1.558401e+04	1.223557e-15
1.558899e+04	1.192352e-15
1.559397e+04	1.161928e-15
1.559895e+04	1.132267e-15
1.560392e+04	1.103350e-15
1.560890e+04	1.075158e-15
1.561388e+04	1.047674e-15
1.561886e+04	1.020881e-15
1.562384e+04	9.947605e-16
1.562882e+04	9.692968e-16
1.563380e+04	9.444737e-16
1.563878e+04	9.202752e-16
1.564376e+04	8.966859e-16
1.564874e+04	8.736908e-16
1.565371e+04	8.512751e-16
1.565869e+04	8.294246e-16
1.566367e+04	8.081252e-16
1.566865e+04	7.873633e-16
1.567363e+04	7.671256e-16
1.567861e+04	7.473991e-16
1.568359e+04	7.281711e-16
1.568857e+04	7.094293e-16
1.569355e+04	6.911615e-16
1.569852e+04	6.733560e-16
1.570350e+04	6.560013e-16
1.570848e+04	6.390863e-16
1.571346e+04	6.225999e-16
1.571844e+04	6.065315e-16
1.572342e+04	5.908708e-16
1.572840e+04	5.756074e-16
1.573338e+04	5.607316e-16
1.573836e+04	5.462337e-16
1.574333e+04	5.321043e-16
1.574831e+04	5.183341e-16
1.575329e+04	5.049142e-16
1.575827e+04	4.918358e-16
1.576325e+04	4.790904e-16
1.576823e+04	4.666697e-16
1.577321e+04	4.545656e-16
1.577819e+04	4.427700e-16
1.578317e+04	4.312754e-16
1.578814e+04	4.200742e-16
1.579312e+04	4.091589e-16
