# # p(y | x = 0.000000e+00)
# # y_val	p(y|x)
0.000000e+00	1.575376e-05
4.978917e+00	1.600061e-05
9.957833e+00	1.625093e-05
1.493675e+01	1.650474e-05
1.991567e+01	1.676210e-05
2.489458e+01	1.702305e-05
2.987350e+01	1.728763e-05
3.485242e+01	1.755588e-05
3.983133e+01	1.782785e-05
4.481025e+01	1.810358e-05
4.978917e+01	1.838312e-05
5.476808e+01	1.866650e-05
5.974700e+01	1.895378e-05
6.472592e+01	1.924500e-05
6.970483e+01	1.954021e-05
7.468375e+01	1.983945e-05
7.966267e+01	2.014276e-05
8.464158e+01	2.045020e-05
8.962050e+01	2.076182e-05
9.459942e+01	2.107766e-05
9.957833e+01	2.139776e-05
1.045573e+02	2.172219e-05
1.095362e+02	2.205098e-05
1.145151e+02	2.238419e-05
1.194940e+02	2.272187e-05
1.244729e+02	2.306406e-05
1.294518e+02	2.341082e-05
1.344308e+02	2.376220e-05
1.394097e+02	2.411826e-05
1.443886e+02	2.447903e-05
1.493675e+02	2.484458e-05
1.543464e+02	2.521496e-05
1.593253e+02	2.559022e-05
1.643043e+02	2.597042e-05
1.692832e+02	2.635561e-05
1.742621e+02	2.674584e-05
1.792410e+02	2.714117e-05
1.842199e+02	2.754165e-05
1.891988e+02	2.794735e-05
1.941778e+02	2.835831e-05
1.991567e+02	2.877460e-05
2.041356e+02	2.919626e-05
2.091145e+02	2.962337e-05
2.140934e+02	3.005597e-05
2.190723e+02	3.049413e-05
2.240513e+02	3.093790e-05
2.290302e+02	3.138734e-05
2.340091e+02	3.184252e-05
2.389880e+02	3.230349e-05
2.439669e+02	3.277032e-05
2.489458e+02	3.324306e-05
2.539248e+02	3.372177e-05
2.589037e+02	3.420653e-05
2.638826e+02	3.469738e-05
2.688615e+02	3.519440e-05
2.738404e+02	3.569765e-05
2.788193e+02	3.620719e-05
2.837983e+02	3.672308e-05
2.887772e+02	3.724539e-05
2.937561e+02	3.777419e-05
2.987350e+02	3.830953e-05
3.037139e+02	3.885149e-05
3.086928e+02	3.940014e-05
3.136718e+02	3.995553e-05
3.186507e+02	4.051774e-05
3.236296e+02	4.108683e-05
3.286085e+02	4.166287e-05
3.335874e+02	4.224593e-05
3.385663e+02	4.283608e-05
3.435453e+02	4.343339e-05
3.485242e+02	4.403793e-05
3.535031e+02	4.464977e-05
3.584820e+02	4.526897e-05
3.634609e+02	4.589561e-05
3.684398e+02	4.652977e-05
3.734188e+02	4.717151e-05
3.783977e+02	4.782090e-05
3.833766e+02	4.847802e-05
3.883555e+02	4.914294e-05
3.933344e+02	4.981574e-05
3.983133e+02	5.049649e-05
4.032923e+02	5.118525e-05
4.082712e+02	5.188212e-05
4.132501e+02	5.258716e-05
4.182290e+02	5.330044e-05
4.232079e+02	5.402205e-05
4.281868e+02	5.475206e-05
4.331658e+02	5.549055e-05
4.381447e+02	5.623760e-05
4.431236e+02	5.699327e-05
4.481025e+02	5.775766e-05
4.530814e+02	5.853083e-05
4.580603e+02	5.931287e-05
4.630393e+02	6.010386e-05
4.680182e+02	6.090387e-05
4.729971e+02	6.171299e-05
4.779760e+02	6.253130e-05
4.829549e+02	6.335887e-05
4.879338e+02	6.419579e-05
4.929128e+02	6.504213e-05
4.978917e+02	6.589799e-05
5.028706e+02	6.676344e-05
5.078495e+02	6.763857e-05
5.128284e+02	6.852345e-05
5.178073e+02	6.941817e-05
5.227863e+02	7.032282e-05
5.277652e+02	7.123748e-05
5.327441e+02	7.216223e-05
5.377230e+02	7.309715e-05
5.427019e+02	7.404234e-05
5.476808e+02	7.499788e-05
5.526598e+02	7.596384e-05
5.576387e+02	7.694033e-05
5.626176e+02	7.792741e-05
5.675965e+02	7.892519e-05
5.725754e+02	7.993375e-05
5.775543e+02	8.095317e-05
5.825333e+02	8.198354e-05
5.875122e+02	8.302494e-05
5.924911e+02	8.407748e-05
5.974700e+02	8.514123e-05
6.024489e+02	8.621628e-05
6.074278e+02	8.730273e-05
6.124068e+02	8.840065e-05
6.173857e+02	8.951015e-05
6.223646e+02	9.063130e-05
6.273435e+02	9.176420e-05
6.323224e+02	9.290895e-05
6.373013e+02	9.406562e-05
6.422803e+02	9.523430e-05
6.472592e+02	9.641510e-05
6.522381e+02	9.760810e-05
6.572170e+02	9.881339e-05
6.621959e+02	1.000311e-04
6.671748e+02	1.012612e-04
6.721538e+02	1.025039e-04
6.771327e+02	1.037593e-04
6.821116e+02	1.050274e-04
6.870905e+02	1.063084e-04
6.920694e+02	1.076022e-04
6.970483e+02	1.089092e-04
7.020273e+02	1.102292e-04
7.070062e+02	1.115624e-04
7.119851e+02	1.129090e-04
7.169640e+02	1.142689e-04
7.219429e+02	1.156423e-04
7.269218e+02	1.170293e-04
7.319008e+02	1.184300e-04
7.368797e+02	1.198445e-04
7.418586e+02	1.212728e-04
7.468375e+02	1.227151e-04
7.518164e+02	1.241714e-04
7.567953e+02	1.256418e-04
7.617743e+02	1.271265e-04
7.667532e+02	1.286256e-04
7.717321e+02	1.301390e-04
7.767110e+02	1.316670e-04
7.816899e+02	1.332095e-04
7.866688e+02	1.347668e-04
7.916478e+02	1.363389e-04
7.966267e+02	1.379258e-04
8.016056e+02	1.395278e-04
8.065845e+02	1.411448e-04
8.115634e+02	1.427770e-04
8.165423e+02	1.444244e-04
8.215213e+02	1.460872e-04
8.265002e+02	1.477655e-04
8.314791e+02	1.494593e-04
8.364580e+02	1.511687e-04
8.414369e+02	1.528939e-04
8.464158e+02	1.546349e-04
8.513948e+02	1.563918e-04
8.563737e+02	1.581647e-04
8.613526e+02	1.599537e-04
8.663315e+02	1.617589e-04
8.713104e+02	1.635804e-04
8.762893e+02	1.654182e-04
8.812683e+02	1.672725e-04
8.862472e+02	1.691434e-04
8.912261e+02	1.710310e-04
8.962050e+02	1.729352e-04
9.011839e+02	1.748563e-04
9.061628e+02	1.767943e-04
9.111418e+02	1.787494e-04
9.161207e+02	1.807215e-04
9.210996e+02	1.827108e-04
9.260785e+02	1.847174e-04
9.310574e+02	1.867414e-04
9.360363e+02	1.887828e-04
9.410153e+02	1.908418e-04
9.459942e+02	1.929184e-04
9.509731e+02	1.950127e-04
9.559520e+02	1.971249e-04
9.609309e+02	1.992549e-04
9.659098e+02	2.014029e-04
9.708888e+02	2.035690e-04
9.758677e+02	2.057532e-04
9.808466e+02	2.079557e-04
9.858255e+02	2.101765e-04
9.908044e+02	2.124156e-04
9.957833e+02	2.146733e-04
1.000762e+03	2.169496e-04
1.005741e+03	2.192445e-04
1.010720e+03	2.215581e-04
1.015699e+03	2.238906e-04
1.020678e+03	2.262419e-04
1.025657e+03	2.286123e-04
1.030636e+03	2.310017e-04
1.035615e+03	2.334102e-04
1.040594e+03	2.358379e-04
1.045573e+03	2.382850e-04
1.050551e+03	2.407514e-04
1.055530e+03	2.432372e-04
1.060509e+03	2.457426e-04
1.065488e+03	2.482676e-04
1.070467e+03	2.508123e-04
1.075446e+03	2.533767e-04
1.080425e+03	2.559609e-04
1.085404e+03	2.585650e-04
1.090383e+03	2.611891e-04
1.095362e+03	2.638332e-04
1.100341e+03	2.664974e-04
1.105320e+03	2.691818e-04
1.110298e+03	2.718864e-04
1.115277e+03	2.746114e-04
1.120256e+03	2.773567e-04
1.125235e+03	2.801224e-04
1.130214e+03	2.829087e-04
1.135193e+03	2.857155e-04
1.140172e+03	2.885430e-04
1.145151e+03	2.913911e-04
1.150130e+03	2.942601e-04
1.155109e+03	2.971498e-04
1.160088e+03	3.000604e-04
1.165067e+03	3.029920e-04
1.170045e+03	3.059445e-04
1.175024e+03	3.089181e-04
1.180003e+03	3.119128e-04
1.184982e+03	3.149286e-04
1.189961e+03	3.179657e-04
1.194940e+03	3.210240e-04
1.199919e+03	3.241036e-04
1.204898e+03	3.272046e-04
1.209877e+03	3.303270e-04
1.214856e+03	3.334709e-04
1.219835e+03	3.366362e-04
1.224814e+03	3.398231e-04
1.229792e+03	3.430316e-04
1.234771e+03	3.462618e-04
1.239750e+03	3.495136e-04
1.244729e+03	3.527872e-04
1.249708e+03	3.560824e-04
1.254687e+03	3.593995e-04
1.259666e+03	3.627385e-04
1.264645e+03	3.660993e-04
1.269624e+03	3.694819e-04
1.274603e+03	3.728866e-04
1.279582e+03	3.763132e-04
1.284561e+03	3.797617e-04
1.289539e+03	3.832323e-04
1.294518e+03	3.867250e-04
1.299497e+03	3.902397e-04
1.304476e+03	3.937765e-04
1.309455e+03	3.973355e-04
1.314434e+03	4.009166e-04
1.319413e+03	4.045198e-04
1.324392e+03	4.081452e-04
1.329371e+03	4.117929e-04
1.334350e+03	4.154627e-04
1.339329e+03	4.191547e-04
1.344308e+03	4.228690e-04
1.349286e+03	4.266056e-04
1.354265e+03	4.303644e-04
1.359244e+03	4.341454e-04
1.364223e+03	4.379488e-04
1.369202e+03	4.417744e-04
1.374181e+03	4.456223e-04
1.379160e+03	4.494924e-04
1.384139e+03	4.533849e-04
1.389118e+03	4.572996e-04
1.394097e+03	4.612366e-04
1.399076e+03	4.651958e-04
1.404055e+03	4.691773e-04
1.409033e+03	4.731810e-04
1.414012e+03	4.772070e-04
1.418991e+03	4.812552e-04
1.423970e+03	4.853256e-04
1.428949e+03	4.894182e-04
1.433928e+03	4.935330e-04
1.438907e+03	4.976699e-04
1.443886e+03	5.018290e-04
1.448865e+03	5.060101e-04
1.453844e+03	5.102134e-04
1.458823e+03	5.144387e-04
1.463802e+03	5.186860e-04
1.468780e+03	5.229553e-04
1.473759e+03	5.272466e-04
1.478738e+03	5.315597e-04
1.483717e+03	5.358948e-04
1.488696e+03	5.402517e-04
1.493675e+03	5.446305e-04
1.498654e+03	5.490310e-04
1.503633e+03	5.534532e-04
1.508612e+03	5.578970e-04
1.513591e+03	5.623625e-04
1.518570e+03	5.668496e-04
1.523549e+03	5.713582e-04
1.528527e+03	5.758882e-04
1.533506e+03	5.804397e-04
1.538485e+03	5.850125e-04
1.543464e+03	5.896066e-04
1.548443e+03	5.942219e-04
1.553422e+03	5.988583e-04
1.558401e+03	6.035158e-04
1.563380e+03	6.081944e-04
1.568359e+03	6.128939e-04
1.573338e+03	6.176143e-04
1.578317e+03	6.223555e-04
1.583296e+03	6.271173e-04
1.588274e+03	6.318999e-04
1.593253e+03	6.367029e-04
1.598232e+03	6.415265e-04
1.603211e+03	6.463704e-04
1.608190e+03	6.512346e-04
1.613169e+03	6.561190e-04
1.618148e+03	6.610236e-04
1.623127e+03	6.659481e-04
1.628106e+03	6.708926e-04
1.633085e+03	6.758568e-04
1.638064e+03	6.808408e-04
1.643043e+03	6.858444e-04
1.648021e+03	6.908675e-04
1.653000e+03	6.959099e-04
1.657979e+03	7.009717e-04
1.662958e+03	7.060526e-04
1.667937e+03	7.111525e-04
1.672916e+03	7.162714e-04
1.677895e+03	7.214091e-04
1.682874e+03	7.265655e-04
1.687853e+03	7.317405e-04
1.692832e+03	7.369338e-04
1.697811e+03	7.421455e-04
1.702790e+03	7.473754e-04
1.707768e+03	7.526233e-04
1.712747e+03	7.578890e-04
1.717726e+03	7.631726e-04
1.722705e+03	7.684738e-04
1.727684e+03	7.737924e-04
1.732663e+03	7.791284e-04
1.737642e+03	7.844816e-04
1.742621e+03	7.898517e-04
1.747600e+03	7.952388e-04
1.752579e+03	8.006426e-04
1.757558e+03	8.060630e-04
1.762537e+03	8.114997e-04
1.767515e+03	8.169528e-04
1.772494e+03	8.224219e-04
1.777473e+03	8.279069e-04
1.782452e+03	8.334076e-04
1.787431e+03	8.389239e-04
1.792410e+03	8.444557e-04
1.797389e+03	8.500026e-04
1.802368e+03	8.555646e-04
1.807347e+03	8.611415e-04
1.812326e+03	8.667330e-04
1.817305e+03	8.723390e-04
1.822284e+03	8.779594e-04
1.827262e+03	8.835938e-04
1.832241e+03	8.892422e-04
1.837220e+03	8.949044e-04
1.842199e+03	9.005800e-04
1.847178e+03	9.062690e-04
1.852157e+03	9.119711e-04
1.857136e+03	9.176862e-04
1.862115e+03	9.234140e-04
1.867094e+03	9.291543e-04
1.872073e+03	9.349069e-04
1.877052e+03	9.406716e-04
1.882031e+03	9.464482e-04
1.887009e+03	9.522365e-04
1.891988e+03	9.580362e-04
1.896967e+03	9.638472e-04
1.901946e+03	9.696691e-04
1.906925e+03	9.755018e-04
1.911904e+03	9.813451e-04
1.916883e+03	9.871987e-04
1.921862e+03	9.930623e-04
1.926841e+03	9.989359e-04
1.931820e+03	1.004819e-03
1.936799e+03	1.010712e-03
1.941778e+03	1.016613e-03
1.946756e+03	1.022524e-03
1.951735e+03	1.028443e-03
1.956714e+03	1.034371e-03
1.961693e+03	1.040306e-03
1.966672e+03	1.046250e-03
1.971651e+03	1.052201e-03
1.976630e+03	1.058160e-03
1.981609e+03	1.064126e-03
1.986588e+03	1.070099e-03
1.991567e+03	1.076078e-03
1.996546e+03	1.082064e-03
2.001525e+03	1.088055e-03
2.006503e+03	1.094053e-03
2.011482e+03	1.100056e-03
2.016461e+03	1.106065e-03
2.021440e+03	1.112078e-03
2.026419e+03	1.118096e-03
2.031398e+03	1.124119e-03
2.036377e+03	1.130146e-03
2.041356e+03	1.136177e-03
2.046335e+03	1.142211e-03
2.051314e+03	1.148249e-03
2.056293e+03	1.154290e-03
2.061272e+03	1.160333e-03
2.066250e+03	1.166379e-03
2.071229e+03	1.172428e-03
2.076208e+03	1.178478e-03
2.081187e+03	1.184529e-03
2.086166e+03	1.190582e-03
2.091145e+03	1.196636e-03
2.096124e+03	1.202691e-03
2.101103e+03	1.208746e-03
2.106082e+03	1.214802e-03
2.111061e+03	1.220857e-03
2.116040e+03	1.226911e-03
2.121019e+03	1.232965e-03
2.125997e+03	1.239018e-03
2.130976e+03	1.245069e-03
2.135955e+03	1.251119e-03
2.140934e+03	1.257166e-03
2.145913e+03	1.263212e-03
2.150892e+03	1.269254e-03
2.155871e+03	1.275294e-03
2.160850e+03	1.281330e-03
2.165829e+03	1.287362e-03
2.170808e+03	1.293391e-03
2.175787e+03	1.299416e-03
2.180766e+03	1.305435e-03
2.185744e+03	1.311450e-03
2.190723e+03	1.317460e-03
2.195702e+03	1.323464e-03
2.200681e+03	1.329463e-03
2.205660e+03	1.335455e-03
2.210639e+03	1.341440e-03
2.215618e+03	1.347419e-03
2.220597e+03	1.353390e-03
2.225576e+03	1.359354e-03
2.230555e+03	1.365311e-03
2.235534e+03	1.371258e-03
2.240513e+03	1.377198e-03
2.245491e+03	1.383128e-03
2.250470e+03	1.389050e-03
2.255449e+03	1.394962e-03
2.260428e+03	1.400864e-03
2.265407e+03	1.406755e-03
2.270386e+03	1.412637e-03
2.275365e+03	1.418507e-03
2.280344e+03	1.424366e-03
2.285323e+03	1.430214e-03
2.290302e+03	1.436050e-03
2.295281e+03	1.441873e-03
2.300260e+03	1.447684e-03
2.305238e+03	1.453482e-03
2.310217e+03	1.459267e-03
2.315196e+03	1.465038e-03
2.320175e+03	1.470795e-03
2.325154e+03	1.476538e-03
2.330133e+03	1.482266e-03
2.335112e+03	1.487979e-03
2.340091e+03	1.493677e-03
2.345070e+03	1.499359e-03
2.350049e+03	1.505025e-03
2.355028e+03	1.510675e-03
2.360007e+03	1.516308e-03
2.364985e+03	1.521924e-03
2.369964e+03	1.527523e-03
2.374943e+03	1.533104e-03
2.379922e+03	1.538667e-03
2.384901e+03	1.544212e-03
2.389880e+03	1.549737e-03
2.394859e+03	1.555244e-03
2.399838e+03	1.560731e-03
2.404817e+03	1.566198e-03
2.409796e+03	1.571646e-03
2.414775e+03	1.577072e-03
2.419754e+03	1.582478e-03
2.424732e+03	1.587863e-03
2.429711e+03	1.593226e-03
2.434690e+03	1.598568e-03
2.439669e+03	1.603887e-03
2.444648e+03	1.609183e-03
2.449627e+03	1.614457e-03
2.454606e+03	1.619708e-03
2.459585e+03	1.624935e-03
2.464564e+03	1.630138e-03
2.469543e+03	1.635317e-03
2.474522e+03	1.640471e-03
2.479501e+03	1.645600e-03
2.484479e+03	1.650705e-03
2.489458e+03	1.655783e-03
2.494437e+03	1.660836e-03
2.499416e+03	1.665862e-03
2.504395e+03	1.670862e-03
2.509374e+03	1.675835e-03
2.514353e+03	1.680781e-03
2.519332e+03	1.685699e-03
2.524311e+03	1.690590e-03
2.529290e+03	1.695452e-03
2.534269e+03	1.700286e-03
2.539248e+03	1.705090e-03
2.544226e+03	1.709866e-03
2.549205e+03	1.714612e-03
2.554184e+03	1.719329e-03
2.559163e+03	1.724015e-03
2.564142e+03	1.728671e-03
2.569121e+03	1.733296e-03
2.574100e+03	1.737889e-03
2.579079e+03	1.742452e-03
2.584058e+03	1.746983e-03
2.589037e+03	1.751482e-03
2.594016e+03	1.755948e-03
2.598995e+03	1.760382e-03
2.603973e+03	1.764783e-03
2.608952e+03	1.769151e-03
2.613931e+03	1.773485e-03
2.618910e+03	1.777785e-03
2.623889e+03	1.782051e-03
2.628868e+03	1.786283e-03
2.633847e+03	1.790480e-03
2.638826e+03	1.794642e-03
2.643805e+03	1.798769e-03
2.648784e+03	1.802860e-03
2.653763e+03	1.806916e-03
2.658742e+03	1.810935e-03
2.663720e+03	1.814917e-03
2.668699e+03	1.818863e-03
2.673678e+03	1.822772e-03
2.678657e+03	1.826644e-03
2.683636e+03	1.830478e-03
2.688615e+03	1.834275e-03
2.693594e+03	1.838033e-03
2.698573e+03	1.841753e-03
2.703552e+03	1.845434e-03
2.708531e+03	1.849077e-03
2.713510e+03	1.852680e-03
2.718489e+03	1.856244e-03
2.723467e+03	1.859768e-03
2.728446e+03	1.863253e-03
2.733425e+03	1.866697e-03
2.738404e+03	1.870101e-03
2.743383e+03	1.873464e-03
2.748362e+03	1.876787e-03
2.753341e+03	1.880068e-03
2.758320e+03	1.883308e-03
2.763299e+03	1.886506e-03
2.768278e+03	1.889663e-03
2.773257e+03	1.892777e-03
2.778236e+03	1.895849e-03
2.783214e+03	1.898879e-03
2.788193e+03	1.901866e-03
2.793172e+03	1.904810e-03
2.798151e+03	1.907711e-03
2.803130e+03	1.910569e-03
2.808109e+03	1.913383e-03
2.813088e+03	1.916153e-03
2.818067e+03	1.918879e-03
2.823046e+03	1.921561e-03
2.828025e+03	1.924199e-03
2.833004e+03	1.926792e-03
2.837983e+03	1.929341e-03
2.842961e+03	1.931844e-03
2.847940e+03	1.934303e-03
2.852919e+03	1.936716e-03
2.857898e+03	1.939084e-03
2.862877e+03	1.941406e-03
2.867856e+03	1.943682e-03
2.872835e+03	1.945912e-03
2.877814e+03	1.948096e-03
2.882793e+03	1.950234e-03
2.887772e+03	1.952325e-03
2.892751e+03	1.954370e-03
2.897730e+03	1.956368e-03
2.902708e+03	1.958319e-03
2.907687e+03	1.960223e-03
2.912666e+03	1.962080e-03
2.917645e+03	1.963889e-03
2.922624e+03	1.965651e-03
2.927603e+03	1.967365e-03
2.932582e+03	1.969032e-03
2.937561e+03	1.970650e-03
2.942540e+03	1.972221e-03
2.947519e+03	1.973744e-03
2.952498e+03	1.975218e-03
2.957477e+03	1.976644e-03
2.962455e+03	1.978022e-03
2.967434e+03	1.979351e-03
2.972413e+03	1.980632e-03
2.977392e+03	1.981863e-03
2.982371e+03	1.983046e-03
2.987350e+03	1.984180e-03
2.992329e+03	1.985266e-03
2.997308e+03	1.986302e-03
3.002287e+03	1.987288e-03
3.007266e+03	1.988226e-03
3.012245e+03	1.989114e-03
3.017224e+03	1.989953e-03
3.022202e+03	1.990743e-03
3.027181e+03	1.991483e-03
3.032160e+03	1.992174e-03
3.037139e+03	1.992815e-03
3.042118e+03	1.993406e-03
3.047097e+03	1.993948e-03
3.052076e+03	1.994440e-03
3.057055e+03	1.994882e-03
3.062034e+03	1.995274e-03
3.067013e+03	1.995617e-03
3.071992e+03	1.995910e-03
3.076971e+03	1.996153e-03
3.081949e+03	1.996346e-03
3.086928e+03	1.996489e-03
3.091907e+03	1.996582e-03
3.096886e+03	1.996625e-03
3.101865e+03	1.996619e-03
3.106844e+03	1.996562e-03
3.111823e+03	1.996456e-03
3.116802e+03	1.996299e-03
3.121781e+03	1.996093e-03
3.126760e+03	1.995837e-03
3.131739e+03	1.995531e-03
3.136718e+03	1.995175e-03
3.141696e+03	1.994769e-03
3.146675e+03	1.994314e-03
3.151654e+03	1.993809e-03
3.156633e+03	1.993254e-03
3.161612e+03	1.992649e-03
3.166591e+03	1.991995e-03
3.171570e+03	1.991291e-03
3.176549e+03	1.990538e-03
3.181528e+03	1.989735e-03
3.186507e+03	1.988883e-03
3.191486e+03	1.987982e-03
3.196465e+03	1.987031e-03
3.201443e+03	1.986031e-03
3.206422e+03	1.984982e-03
3.211401e+03	1.983884e-03
3.216380e+03	1.982737e-03
3.221359e+03	1.981541e-03
3.226338e+03	1.980296e-03
3.231317e+03	1.979003e-03
3.236296e+03	1.977661e-03
3.241275e+03	1.976270e-03
3.246254e+03	1.974831e-03
3.251233e+03	1.973344e-03
3.256212e+03	1.971808e-03
3.261190e+03	1.970225e-03
3.266169e+03	1.968593e-03
3.271148e+03	1.966914e-03
3.276127e+03	1.965187e-03
3.281106e+03	1.963413e-03
3.286085e+03	1.961591e-03
3.291064e+03	1.959721e-03
3.296043e+03	1.957805e-03
3.301022e+03	1.955842e-03
3.306001e+03	1.953831e-03
3.310980e+03	1.951774e-03
3.315959e+03	1.949670e-03
3.320937e+03	1.947520e-03
3.325916e+03	1.945324e-03
3.330895e+03	1.943081e-03
3.335874e+03	1.940793e-03
3.340853e+03	1.938459e-03
3.345832e+03	1.936079e-03
3.350811e+03	1.933654e-03
3.355790e+03	1.931183e-03
3.360769e+03	1.928668e-03
3.365748e+03	1.926108e-03
3.370727e+03	1.923502e-03
3.375706e+03	1.920853e-03
3.380684e+03	1.918159e-03
3.385663e+03	1.915421e-03
3.390642e+03	1.912639e-03
3.395621e+03	1.909813e-03
3.400600e+03	1.906944e-03
3.405579e+03	1.904032e-03
3.410558e+03	1.901076e-03
3.415537e+03	1.898078e-03
3.420516e+03	1.895037e-03
3.425495e+03	1.891954e-03
3.430474e+03	1.888828e-03
3.435453e+03	1.885660e-03
3.440431e+03	1.882451e-03
3.445410e+03	1.879200e-03
3.450389e+03	1.875908e-03
3.455368e+03	1.872574e-03
3.460347e+03	1.869200e-03
3.465326e+03	1.865786e-03
3.470305e+03	1.862331e-03
3.475284e+03	1.858836e-03
3.480263e+03	1.855301e-03
3.485242e+03	1.851726e-03
3.490221e+03	1.848113e-03
3.495200e+03	1.844460e-03
3.500178e+03	1.840768e-03
3.505157e+03	1.837038e-03
3.510136e+03	1.833269e-03
3.515115e+03	1.829463e-03
3.520094e+03	1.825619e-03
3.525073e+03	1.821737e-03
3.530052e+03	1.817818e-03
3.535031e+03	1.813862e-03
3.540010e+03	1.809870e-03
3.544989e+03	1.805841e-03
3.549968e+03	1.801776e-03
3.554947e+03	1.797676e-03
3.559925e+03	1.793540e-03
3.564904e+03	1.789368e-03
3.569883e+03	1.785162e-03
3.574862e+03	1.780921e-03
3.579841e+03	1.776646e-03
3.584820e+03	1.772336e-03
3.589799e+03	1.767993e-03
3.594778e+03	1.763616e-03
3.599757e+03	1.759207e-03
3.604736e+03	1.754764e-03
3.609715e+03	1.750289e-03
3.614694e+03	1.745782e-03
3.619672e+03	1.741242e-03
3.624651e+03	1.736672e-03
3.629630e+03	1.732069e-03
3.634609e+03	1.727436e-03
3.639588e+03	1.722772e-03
3.644567e+03	1.718078e-03
3.649546e+03	1.713354e-03
3.654525e+03	1.708600e-03
3.659504e+03	1.703816e-03
3.664483e+03	1.699004e-03
3.669462e+03	1.694163e-03
3.674441e+03	1.689293e-03
3.679419e+03	1.684395e-03
3.684398e+03	1.679469e-03
3.689377e+03	1.674516e-03
3.694356e+03	1.669536e-03
3.699335e+03	1.664529e-03
3.704314e+03	1.659496e-03
3.709293e+03	1.654436e-03
3.714272e+03	1.649350e-03
3.719251e+03	1.644240e-03
3.724230e+03	1.639103e-03
3.729209e+03	1.633943e-03
3.734188e+03	1.628757e-03
3.739166e+03	1.623548e-03
3.744145e+03	1.618314e-03
3.749124e+03	1.613058e-03
3.754103e+03	1.607778e-03
3.759082e+03	1.602475e-03
3.764061e+03	1.597150e-03
3.769040e+03	1.591803e-03
3.774019e+03	1.586434e-03
3.778998e+03	1.581044e-03
3.783977e+03	1.575632e-03
3.788956e+03	1.570200e-03
3.793935e+03	1.564747e-03
3.798913e+03	1.559275e-03
3.803892e+03	1.553782e-03
3.808871e+03	1.548271e-03
3.813850e+03	1.542740e-03
3.818829e+03	1.537190e-03
3.823808e+03	1.531623e-03
3.828787e+03	1.526037e-03
3.833766e+03	1.520434e-03
3.838745e+03	1.514813e-03
3.843724e+03	1.509175e-03
3.848703e+03	1.503521e-03
3.853682e+03	1.497850e-03
3.858660e+03	1.492164e-03
3.863639e+03	1.486462e-03
3.868618e+03	1.480745e-03
3.873597e+03	1.475013e-03
3.878576e+03	1.469266e-03
3.883555e+03	1.463505e-03
3.888534e+03	1.457730e-03
3.893513e+03	1.451942e-03
3.898492e+03	1.446141e-03
3.903471e+03	1.440326e-03
3.908450e+03	1.434500e-03
3.913429e+03	1.428661e-03
3.918407e+03	1.422810e-03
3.923386e+03	1.416948e-03
3.928365e+03	1.411075e-03
3.933344e+03	1.405191e-03
3.938323e+03	1.399296e-03
3.943302e+03	1.393391e-03
3.948281e+03	1.387477e-03
3.953260e+03	1.381553e-03
3.958239e+03	1.375620e-03
3.963218e+03	1.369678e-03
3.968197e+03	1.363728e-03
3.973176e+03	1.357770e-03
3.978154e+03	1.351804e-03
3.983133e+03	1.345831e-03
3.988112e+03	1.339850e-03
3.993091e+03	1.333863e-03
3.998070e+03	1.327869e-03
4.003049e+03	1.321869e-03
4.008028e+03	1.315863e-03
4.013007e+03	1.309852e-03
4.017986e+03	1.303836e-03
4.022965e+03	1.297815e-03
4.027944e+03	1.291789e-03
4.032923e+03	1.285760e-03
4.037901e+03	1.279726e-03
4.042880e+03	1.273689e-03
4.047859e+03	1.267648e-03
4.052838e+03	1.261605e-03
4.057817e+03	1.255559e-03
4.062796e+03	1.249511e-03
4.067775e+03	1.243461e-03
4.072754e+03	1.237409e-03
4.077733e+03	1.231356e-03
4.082712e+03	1.225302e-03
4.087691e+03	1.219248e-03
4.092670e+03	1.213192e-03
4.097648e+03	1.207137e-03
4.102627e+03	1.201082e-03
4.107606e+03	1.195027e-03
4.112585e+03	1.188974e-03
4.117564e+03	1.182921e-03
4.122543e+03	1.176869e-03
4.127522e+03	1.170820e-03
4.132501e+03	1.164772e-03
4.137480e+03	1.158727e-03
4.142459e+03	1.152684e-03
4.147438e+03	1.146644e-03
4.152417e+03	1.140607e-03
4.157395e+03	1.134574e-03
4.162374e+03	1.128544e-03
4.167353e+03	1.122518e-03
4.172332e+03	1.116496e-03
4.177311e+03	1.110479e-03
4.182290e+03	1.104467e-03
4.187269e+03	1.098460e-03
4.192248e+03	1.092458e-03
4.197227e+03	1.086462e-03
4.202206e+03	1.080472e-03
4.207185e+03	1.074488e-03
4.212164e+03	1.068511e-03
4.217142e+03	1.062540e-03
4.222121e+03	1.056576e-03
4.227100e+03	1.050619e-03
4.232079e+03	1.044670e-03
4.237058e+03	1.038728e-03
4.242037e+03	1.032794e-03
4.247016e+03	1.026869e-03
4.251995e+03	1.020952e-03
4.256974e+03	1.015044e-03
4.261953e+03	1.009145e-03
4.266932e+03	1.003254e-03
4.271911e+03	9.973739e-04
4.276889e+03	9.915029e-04
4.281868e+03	9.856419e-04
4.286847e+03	9.797911e-04
4.291826e+03	9.739506e-04
4.296805e+03	9.681207e-04
4.301784e+03	9.623017e-04
4.306763e+03	9.564937e-04
4.311742e+03	9.506970e-04
4.316721e+03	9.449118e-04
4.321700e+03	9.391383e-04
4.326679e+03	9.333768e-04
4.331658e+03	9.276275e-04
4.336636e+03	9.218904e-04
4.341615e+03	9.161660e-04
4.346594e+03	9.104544e-04
4.351573e+03	9.047557e-04
4.356552e+03	8.990702e-04
4.361531e+03	8.933982e-04
4.366510e+03	8.877397e-04
4.371489e+03	8.820950e-04
4.376468e+03	8.764642e-04
4.381447e+03	8.708477e-04
4.386426e+03	8.652455e-04
4.391405e+03	8.596578e-04
4.396383e+03	8.540849e-04
4.401362e+03	8.485269e-04
4.406341e+03	8.429840e-04
4.411320e+03	8.374563e-04
4.416299e+03	8.319441e-04
4.421278e+03	8.264475e-04
4.426257e+03	8.209667e-04
4.431236e+03	8.155019e-04
4.436215e+03	8.100532e-04
4.441194e+03	8.046208e-04
4.446173e+03	7.992048e-04
4.451152e+03	7.938054e-04
4.456130e+03	7.884228e-04
4.461109e+03	7.830571e-04
4.466088e+03	7.777085e-04
4.471067e+03	7.723771e-04
4.476046e+03	7.670631e-04
4.481025e+03	7.617666e-04
4.486004e+03	7.564878e-04
4.490983e+03	7.512267e-04
4.495962e+03	7.459836e-04
4.500941e+03	7.407586e-04
4.505920e+03	7.355518e-04
4.510899e+03	7.303633e-04
4.515877e+03	7.251932e-04
4.520856e+03	7.200418e-04
4.525835e+03	7.149091e-04
4.530814e+03	7.097952e-04
4.535793e+03	7.047003e-04
4.540772e+03	6.996245e-04
4.545751e+03	6.945679e-04
4.550730e+03	6.895305e-04
4.555709e+03	6.845126e-04
4.560688e+03	6.795143e-04
4.565667e+03	6.745355e-04
4.570646e+03	6.695765e-04
4.575624e+03	6.646373e-04
4.580603e+03	6.597181e-04
4.585582e+03	6.548189e-04
4.590561e+03	6.499399e-04
4.595540e+03	6.450810e-04
4.600519e+03	6.402425e-04
4.605498e+03	6.354244e-04
4.610477e+03	6.306268e-04
4.615456e+03	6.258497e-04
4.620435e+03	6.210933e-04
4.625414e+03	6.163577e-04
4.630393e+03	6.116428e-04
4.635371e+03	6.069489e-04
4.640350e+03	6.022759e-04
4.645329e+03	5.976240e-04
4.650308e+03	5.929931e-04
4.655287e+03	5.883835e-04
4.660266e+03	5.837950e-04
4.665245e+03	5.792279e-04
4.670224e+03	5.746822e-04
4.675203e+03	5.701578e-04
4.680182e+03	5.656549e-04
4.685161e+03	5.611736e-04
4.690140e+03	5.567138e-04
4.695118e+03	5.522757e-04
4.700097e+03	5.478593e-04
4.705076e+03	5.434646e-04
4.710055e+03	5.390916e-04
4.715034e+03	5.347405e-04
4.720013e+03	5.304113e-04
4.724992e+03	5.261039e-04
4.729971e+03	5.218185e-04
4.734950e+03	5.175550e-04
4.739929e+03	5.133135e-04
4.744908e+03	5.090941e-04
4.749887e+03	5.048967e-04
4.754865e+03	5.007214e-04
4.759844e+03	4.965683e-04
4.764823e+03	4.924372e-04
4.769802e+03	4.883283e-04
4.774781e+03	4.842416e-04
4.779760e+03	4.801771e-04
4.784739e+03	4.761348e-04
4.789718e+03	4.721148e-04
4.794697e+03	4.681169e-04
4.799676e+03	4.641414e-04
4.804655e+03	4.601880e-04
4.809634e+03	4.562570e-04
4.814612e+03	4.523482e-04
4.819591e+03	4.484617e-04
4.824570e+03	4.445974e-04
4.829549e+03	4.407555e-04
4.834528e+03	4.369358e-04
4.839507e+03	4.331384e-04
4.844486e+03	4.293632e-04
4.849465e+03	4.256103e-04
4.854444e+03	4.218797e-04
4.859423e+03	4.181713e-04
4.864402e+03	4.144852e-04
4.869381e+03	4.108212e-04
4.874359e+03	4.071795e-04
4.879338e+03	4.035600e-04
4.884317e+03	3.999626e-04
4.889296e+03	3.963874e-04
4.894275e+03	3.928344e-04
4.899254e+03	3.893034e-04
4.904233e+03	3.857946e-04
4.909212e+03	3.823078e-04
4.914191e+03	3.788430e-04
4.919170e+03	3.754003e-04
4.924149e+03	3.719796e-04
4.929128e+03	3.685808e-04
4.934106e+03	3.652039e-04
4.939085e+03	3.618489e-04
4.944064e+03	3.585158e-04
4.949043e+03	3.552045e-04
4.954022e+03	3.519150e-04
4.959001e+03	3.486472e-04
4.963980e+03	3.454012e-04
4.968959e+03	3.421768e-04
4.973938e+03	3.389740e-04
4.978917e+03	3.357928e-04
4.983896e+03	3.326332e-04
4.988875e+03	3.294950e-04
4.993853e+03	3.263783e-04
4.998832e+03	3.232830e-04
5.003811e+03	3.202091e-04
5.008790e+03	3.171564e-04
5.013769e+03	3.141250e-04
5.018748e+03	3.111148e-04
5.023727e+03	3.081257e-04
5.028706e+03	3.051577e-04
5.033685e+03	3.022108e-04
5.038664e+03	2.992848e-04
5.043643e+03	2.963797e-04
5.048622e+03	2.934955e-04
5.053600e+03	2.906321e-04
5.058579e+03	2.877895e-04
5.063558e+03	2.849675e-04
5.068537e+03	2.821662e-04
5.073516e+03	2.793853e-04
5.078495e+03	2.766250e-04
5.083474e+03	2.738851e-04
5.088453e+03	2.711656e-04
5.093432e+03	2.684664e-04
5.098411e+03	2.657873e-04
5.103390e+03	2.631285e-04
5.108369e+03	2.604897e-04
5.113347e+03	2.578709e-04
5.118326e+03	2.552721e-04
5.123305e+03	2.526932e-04
5.128284e+03	2.501340e-04
5.133263e+03	2.475946e-04
5.138242e+03	2.450748e-04
5.143221e+03	2.425747e-04
5.148200e+03	2.400940e-04
5.153179e+03	2.376327e-04
5.158158e+03	2.351908e-04
5.163137e+03	2.327682e-04
5.168116e+03	2.303647e-04
5.173094e+03	2.279804e-04
5.178073e+03	2.256151e-04
5.183052e+03	2.232688e-04
5.188031e+03	2.209414e-04
5.193010e+03	2.186327e-04
5.197989e+03	2.163428e-04
5.202968e+03	2.140715e-04
5.207947e+03	2.118187e-04
5.212926e+03	2.095844e-04
5.217905e+03	2.073685e-04
5.222884e+03	2.051709e-04
5.227863e+03	2.029915e-04
5.232841e+03	2.008303e-04
5.237820e+03	1.986870e-04
5.242799e+03	1.965618e-04
5.247778e+03	1.944544e-04
5.252757e+03	1.923648e-04
5.257736e+03	1.902929e-04
5.262715e+03	1.882386e-04
5.267694e+03	1.862018e-04
5.272673e+03	1.841824e-04
5.277652e+03	1.821804e-04
5.282631e+03	1.801957e-04
5.287610e+03	1.782281e-04
5.292588e+03	1.762776e-04
5.297567e+03	1.743441e-04
5.302546e+03	1.724275e-04
5.307525e+03	1.705277e-04
5.312504e+03	1.686446e-04
5.317483e+03	1.667781e-04
5.322462e+03	1.649282e-04
5.327441e+03	1.630947e-04
5.332420e+03	1.612775e-04
5.337399e+03	1.594766e-04
5.342378e+03	1.576919e-04
5.347357e+03	1.559233e-04
5.352335e+03	1.541706e-04
5.357314e+03	1.524338e-04
5.362293e+03	1.507129e-04
5.367272e+03	1.490076e-04
5.372251e+03	1.473179e-04
5.377230e+03	1.456438e-04
5.382209e+03	1.439851e-04
5.387188e+03	1.423417e-04
5.392167e+03	1.407135e-04
5.397146e+03	1.391005e-04
5.402125e+03	1.375026e-04
5.407104e+03	1.359196e-04
5.412082e+03	1.343515e-04
5.417061e+03	1.327981e-04
5.422040e+03	1.312594e-04
5.427019e+03	1.297353e-04
5.431998e+03	1.282257e-04
5.436977e+03	1.267305e-04
5.441956e+03	1.252496e-04
5.446935e+03	1.237830e-04
5.451914e+03	1.223304e-04
5.456893e+03	1.208918e-04
5.461872e+03	1.194672e-04
5.466851e+03	1.180564e-04
5.471829e+03	1.166594e-04
5.476808e+03	1.152760e-04
5.481787e+03	1.139062e-04
5.486766e+03	1.125498e-04
5.491745e+03	1.112068e-04
5.496724e+03	1.098771e-04
5.501703e+03	1.085605e-04
5.506682e+03	1.072571e-04
5.511661e+03	1.059666e-04
5.516640e+03	1.046891e-04
5.521619e+03	1.034244e-04
5.526598e+03	1.021724e-04
5.531576e+03	1.009330e-04
5.536555e+03	9.970622e-05
5.541534e+03	9.849185e-05
5.546513e+03	9.728983e-05
5.551492e+03	9.610009e-05
5.556471e+03	9.492252e-05
5.561450e+03	9.375703e-05
5.566429e+03	9.260354e-05
5.571408e+03	9.146195e-05
5.576387e+03	9.033218e-05
5.581366e+03	8.921414e-05
5.586345e+03	8.810772e-05
5.591323e+03	8.701286e-05
5.596302e+03	8.592945e-05
5.601281e+03	8.485741e-05
5.606260e+03	8.379665e-05
5.611239e+03	8.274708e-05
5.616218e+03	8.170861e-05
5.621197e+03	8.068116e-05
5.626176e+03	7.966464e-05
5.631155e+03	7.865896e-05
5.636134e+03	7.766403e-05
5.641113e+03	7.667977e-05
5.646092e+03	7.570609e-05
5.651070e+03	7.474290e-05
5.656049e+03	7.379013e-05
5.661028e+03	7.284767e-05
5.666007e+03	7.191546e-05
5.670986e+03	7.099340e-05
5.675965e+03	7.008141e-05
5.680944e+03	6.917941e-05
5.685923e+03	6.828731e-05
5.690902e+03	6.740503e-05
5.695881e+03	6.653248e-05
5.700860e+03	6.566959e-05
5.705839e+03	6.481627e-05
5.710817e+03	6.397244e-05
5.715796e+03	6.313801e-05
5.720775e+03	6.231291e-05
5.725754e+03	6.149705e-05
5.730733e+03	6.069036e-05
5.735712e+03	5.989276e-05
5.740691e+03	5.910415e-05
5.745670e+03	5.832448e-05
5.750649e+03	5.755365e-05
5.755628e+03	5.679158e-05
5.760607e+03	5.603821e-05
5.765586e+03	5.529345e-05
5.770564e+03	5.455722e-05
5.775543e+03	5.382945e-05
5.780522e+03	5.311006e-05
5.785501e+03	5.239897e-05
5.790480e+03	5.169611e-05
5.795459e+03	5.100141e-05
5.800438e+03	5.031478e-05
5.805417e+03	4.963615e-05
5.810396e+03	4.896546e-05
5.815375e+03	4.830262e-05
5.820354e+03	4.764756e-05
5.825333e+03	4.700020e-05
5.830311e+03	4.636049e-05
5.835290e+03	4.572834e-05
5.840269e+03	4.510368e-05
5.845248e+03	4.448644e-05
5.850227e+03	4.387655e-05
5.855206e+03	4.327394e-05
5.860185e+03	4.267854e-05
5.865164e+03	4.209028e-05
5.870143e+03	4.150909e-05
5.875122e+03	4.093490e-05
5.880101e+03	4.036764e-05
5.885080e+03	3.980726e-05
5.890058e+03	3.925366e-05
5.895037e+03	3.870680e-05
5.900016e+03	3.816661e-05
5.904995e+03	3.763301e-05
5.909974e+03	3.710594e-05
5.914953e+03	3.658534e-05
5.919932e+03	3.607115e-05
5.924911e+03	3.556329e-05
5.929890e+03	3.506170e-05
5.934869e+03	3.456633e-05
5.939848e+03	3.407710e-05
5.944827e+03	3.359396e-05
5.949805e+03	3.311683e-05
5.954784e+03	3.264567e-05
5.959763e+03	3.218041e-05
5.964742e+03	3.172098e-05
5.969721e+03	3.126734e-05
5.974700e+03	3.081940e-05
5.979679e+03	3.037713e-05
5.984658e+03	2.994046e-05
5.989637e+03	2.950932e-05
5.994616e+03	2.908367e-05
5.999595e+03	2.866344e-05
6.004574e+03	2.824857e-05
6.009552e+03	2.783901e-05
6.014531e+03	2.743471e-05
6.019510e+03	2.703560e-05
6.024489e+03	2.664163e-05
6.029468e+03	2.625274e-05
6.034447e+03	2.586889e-05
6.039426e+03	2.549001e-05
6.044405e+03	2.511605e-05
6.049384e+03	2.474696e-05
6.054363e+03	2.438268e-05
6.059342e+03	2.402317e-05
6.064321e+03	2.366836e-05
6.069299e+03	2.331821e-05
6.074278e+03	2.297267e-05
6.079257e+03	2.263168e-05
6.084236e+03	2.229520e-05
6.089215e+03	2.196317e-05
6.094194e+03	2.163554e-05
6.099173e+03	2.131227e-05
6.104152e+03	2.099330e-05
6.109131e+03	2.067859e-05
6.114110e+03	2.036809e-05
6.119089e+03	2.006175e-05
6.124068e+03	1.975952e-05
6.129046e+03	1.946136e-05
6.134025e+03	1.916722e-05
6.139004e+03	1.887705e-05
6.143983e+03	1.859081e-05
6.148962e+03	1.830845e-05
6.153941e+03	1.802993e-05
6.158920e+03	1.775521e-05
6.163899e+03	1.748423e-05
6.168878e+03	1.721696e-05
6.173857e+03	1.695335e-05
6.178836e+03	1.669335e-05
6.183815e+03	1.643694e-05
6.188793e+03	1.618406e-05
6.193772e+03	1.593467e-05
6.198751e+03	1.568873e-05
6.203730e+03	1.544620e-05
6.208709e+03	1.520704e-05
6.213688e+03	1.497121e-05
6.218667e+03	1.473867e-05
6.223646e+03	1.450937e-05
6.228625e+03	1.428329e-05
6.233604e+03	1.406038e-05
6.238583e+03	1.384060e-05
6.243562e+03	1.362392e-05
6.248540e+03	1.341029e-05
6.253519e+03	1.319968e-05
6.258498e+03	1.299206e-05
6.263477e+03	1.278738e-05
6.268456e+03	1.258561e-05
6.273435e+03	1.238671e-05
6.278414e+03	1.219066e-05
6.283393e+03	1.199740e-05
6.288372e+03	1.180692e-05
6.293351e+03	1.161917e-05
6.298330e+03	1.143412e-05
6.303309e+03	1.125173e-05
6.308287e+03	1.107198e-05
6.313266e+03	1.089482e-05
6.318245e+03	1.072024e-05
6.323224e+03	1.054818e-05
6.328203e+03	1.037863e-05
6.333182e+03	1.021155e-05
6.338161e+03	1.004691e-05
6.343140e+03	9.884673e-06
6.348119e+03	9.724814e-06
6.353098e+03	9.567302e-06
6.358077e+03	9.412105e-06
6.363056e+03	9.259194e-06
6.368034e+03	9.108540e-06
6.373013e+03	8.960113e-06
6.377992e+03	8.813884e-06
6.382971e+03	8.669825e-06
6.387950e+03	8.527907e-06
6.392929e+03	8.388103e-06
6.397908e+03	8.250384e-06
6.402887e+03	8.114724e-06
6.407866e+03	7.981095e-06
6.412845e+03	7.849470e-06
6.417824e+03	7.719822e-06
6.422803e+03	7.592127e-06
6.427781e+03	7.466356e-06
6.432760e+03	7.342486e-06
6.437739e+03	7.220490e-06
6.442718e+03	7.100344e-06
6.447697e+03	6.982022e-06
6.452676e+03	6.865501e-06
6.457655e+03	6.750755e-06
6.462634e+03	6.637761e-06
6.467613e+03	6.526495e-06
6.472592e+03	6.416934e-06
6.477571e+03	6.309054e-06
6.482550e+03	6.202833e-06
6.487528e+03	6.098248e-06
6.492507e+03	5.995276e-06
6.497486e+03	5.893896e-06
6.502465e+03	5.794085e-06
6.507444e+03	5.695822e-06
6.512423e+03	5.599086e-06
6.517402e+03	5.503854e-06
6.522381e+03	5.410108e-06
6.527360e+03	5.317825e-06
6.532339e+03	5.226985e-06
6.537318e+03	5.137569e-06
6.542297e+03	5.049556e-06
6.547275e+03	4.962927e-06
6.552254e+03	4.877662e-06
6.557233e+03	4.793742e-06
6.562212e+03	4.711148e-06
6.567191e+03	4.629862e-06
6.572170e+03	4.549864e-06
6.577149e+03	4.471136e-06
6.582128e+03	4.393662e-06
6.587107e+03	4.317421e-06
6.592086e+03	4.242398e-06
6.597065e+03	4.168574e-06
6.602044e+03	4.095932e-06
6.607022e+03	4.024455e-06
6.612001e+03	3.954127e-06
6.616980e+03	3.884931e-06
6.621959e+03	3.816850e-06
6.626938e+03	3.749868e-06
6.631917e+03	3.683970e-06
6.636896e+03	3.619140e-06
6.641875e+03	3.555361e-06
6.646854e+03	3.492619e-06
6.651833e+03	3.430899e-06
6.656812e+03	3.370185e-06
6.661791e+03	3.310462e-06
6.666769e+03	3.251717e-06
6.671748e+03	3.193934e-06
6.676727e+03	3.137100e-06
6.681706e+03	3.081199e-06
6.686685e+03	3.026220e-06
6.691664e+03	2.972147e-06
6.696643e+03	2.918967e-06
6.701622e+03	2.866667e-06
6.706601e+03	2.815234e-06
6.711580e+03	2.764654e-06
6.716559e+03	2.714916e-06
6.721538e+03	2.666005e-06
6.726516e+03	2.617910e-06
6.731495e+03	2.570619e-06
6.736474e+03	2.524119e-06
6.741453e+03	2.478397e-06
6.746432e+03	2.433444e-06
6.751411e+03	2.389246e-06
6.756390e+03	2.345792e-06
6.761369e+03	2.303070e-06
6.766348e+03	2.261071e-06
6.771327e+03	2.219781e-06
6.776306e+03	2.179191e-06
6.781285e+03	2.139290e-06
6.786263e+03	2.100067e-06
6.791242e+03	2.061512e-06
6.796221e+03	2.023614e-06
6.801200e+03	1.986363e-06
6.806179e+03	1.949748e-06
6.811158e+03	1.913761e-06
6.816137e+03	1.878391e-06
6.821116e+03	1.843629e-06
6.826095e+03	1.809465e-06
6.831074e+03	1.775890e-06
6.836053e+03	1.742894e-06
6.841032e+03	1.710468e-06
6.846010e+03	1.678603e-06
6.850989e+03	1.647291e-06
6.855968e+03	1.616523e-06
6.860947e+03	1.586290e-06
6.865926e+03	1.556583e-06
6.870905e+03	1.527394e-06
6.875884e+03	1.498716e-06
6.880863e+03	1.470538e-06
6.885842e+03	1.442855e-06
6.890821e+03	1.415657e-06
6.895800e+03	1.388938e-06
6.900779e+03	1.362688e-06
6.905757e+03	1.336901e-06
6.910736e+03	1.311570e-06
6.915715e+03	1.286686e-06
6.920694e+03	1.262243e-06
6.925673e+03	1.238233e-06
6.930652e+03	1.214649e-06
6.935631e+03	1.191485e-06
6.940610e+03	1.168734e-06
6.945589e+03	1.146388e-06
6.950568e+03	1.124441e-06
6.955547e+03	1.102887e-06
6.960526e+03	1.081719e-06
6.965504e+03	1.060931e-06
6.970483e+03	1.040516e-06
6.975462e+03	1.020469e-06
6.980441e+03	1.000783e-06
6.985420e+03	9.814516e-07
6.990399e+03	9.624700e-07
6.995378e+03	9.438319e-07
7.000357e+03	9.255315e-07
7.005336e+03	9.075634e-07
7.010315e+03	8.899217e-07
7.015294e+03	8.726012e-07
7.020273e+03	8.555964e-07
7.025251e+03	8.389021e-07
7.030230e+03	8.225129e-07
7.035209e+03	8.064237e-07
7.040188e+03	7.906295e-07
7.045167e+03	7.751252e-07
7.050146e+03	7.599060e-07
7.055125e+03	7.449669e-07
7.060104e+03	7.303033e-07
7.065083e+03	7.159104e-07
7.070062e+03	7.017837e-07
7.075041e+03	6.879185e-07
7.080020e+03	6.743104e-07
7.084998e+03	6.609549e-07
7.089977e+03	6.478478e-07
7.094956e+03	6.349847e-07
7.099935e+03	6.223614e-07
7.104914e+03	6.099738e-07
7.109893e+03	5.978179e-07
7.114872e+03	5.858896e-07
7.119851e+03	5.741849e-07
7.124830e+03	5.626999e-07
7.129809e+03	5.514310e-07
7.134788e+03	5.403741e-07
7.139767e+03	5.295258e-07
7.144745e+03	5.188822e-07
7.149724e+03	5.084399e-07
7.154703e+03	4.981953e-07
7.159682e+03	4.881449e-07
7.164661e+03	4.782853e-07
7.169640e+03	4.686131e-07
7.174619e+03	4.591250e-07
7.179598e+03	4.498178e-07
7.184577e+03	4.406882e-07
7.189556e+03	4.317332e-07
7.194535e+03	4.229495e-07
7.199514e+03	4.143342e-07
7.204492e+03	4.058842e-07
7.209471e+03	3.975967e-07
7.214450e+03	3.894686e-07
7.219429e+03	3.814971e-07
7.224408e+03	3.736794e-07
7.229387e+03	3.660128e-07
7.234366e+03	3.584945e-07
7.239345e+03	3.511219e-07
7.244324e+03	3.438923e-07
7.249303e+03	3.368031e-07
7.254282e+03	3.298519e-07
7.259261e+03	3.230360e-07
7.264239e+03	3.163530e-07
7.269218e+03	3.098006e-07
7.274197e+03	3.033763e-07
7.279176e+03	2.970778e-07
7.284155e+03	2.909027e-07
7.289134e+03	2.848489e-07
7.294113e+03	2.789142e-07
7.299092e+03	2.730962e-07
7.304071e+03	2.673929e-07
7.309050e+03	2.618022e-07
7.314029e+03	2.563219e-07
7.319008e+03	2.509501e-07
7.323986e+03	2.456848e-07
7.328965e+03	2.405239e-07
7.333944e+03	2.354655e-07
7.338923e+03	2.305077e-07
7.343902e+03	2.256487e-07
7.348881e+03	2.208866e-07
7.353860e+03	2.162196e-07
7.358839e+03	2.116459e-07
7.363818e+03	2.071637e-07
7.368797e+03	2.027714e-07
7.373776e+03	1.984673e-07
7.378755e+03	1.942497e-07
7.383733e+03	1.901170e-07
7.388712e+03	1.860675e-07
7.393691e+03	1.820997e-07
7.398670e+03	1.782121e-07
7.403649e+03	1.744031e-07
7.408628e+03	1.706713e-07
7.413607e+03	1.670151e-07
7.418586e+03	1.634332e-07
7.423565e+03	1.599241e-07
7.428544e+03	1.564865e-07
7.433523e+03	1.531189e-07
7.438502e+03	1.498200e-07
7.443480e+03	1.465885e-07
7.448459e+03	1.434232e-07
7.453438e+03	1.403227e-07
7.458417e+03	1.372857e-07
7.463396e+03	1.343112e-07
7.468375e+03	1.313978e-07
7.473354e+03	1.285444e-07
7.478333e+03	1.257498e-07
7.483312e+03	1.230129e-07
7.488291e+03	1.203326e-07
7.493270e+03	1.177077e-07
7.498249e+03	1.151372e-07
7.503227e+03	1.126200e-07
7.508206e+03	1.101551e-07
7.513185e+03	1.077414e-07
7.518164e+03	1.053780e-07
7.523143e+03	1.030639e-07
7.528122e+03	1.007980e-07
7.533101e+03	9.857955e-08
7.538080e+03	9.640748e-08
7.543059e+03	9.428091e-08
7.548038e+03	9.219894e-08
7.553017e+03	9.016070e-08
7.557996e+03	8.816531e-08
7.562974e+03	8.621192e-08
7.567953e+03	8.429971e-08
7.572932e+03	8.242785e-08
7.577911e+03	8.059554e-08
7.582890e+03	7.880199e-08
7.587869e+03	7.704642e-08
7.592848e+03	7.532809e-08
7.597827e+03	7.364623e-08
7.602806e+03	7.200013e-08
7.607785e+03	7.038906e-08
7.612764e+03	6.881232e-08
7.617743e+03	6.726921e-08
7.622721e+03	6.575907e-08
7.627700e+03	6.428122e-08
7.632679e+03	6.283501e-08
7.637658e+03	6.141980e-08
7.642637e+03	6.003497e-08
7.647616e+03	5.867989e-08
7.652595e+03	5.735397e-08
7.657574e+03	5.605660e-08
7.662553e+03	5.478721e-08
7.667532e+03	5.354523e-08
7.672511e+03	5.233010e-08
7.677490e+03	5.114126e-08
7.682468e+03	4.997818e-08
7.687447e+03	4.884033e-08
7.692426e+03	4.772719e-08
7.697405e+03	4.663825e-08
7.702384e+03	4.557302e-08
7.707363e+03	4.453101e-08
7.712342e+03	4.351174e-08
7.717321e+03	4.251473e-08
7.722300e+03	4.153953e-08
7.727279e+03	4.058568e-08
7.732258e+03	3.965275e-08
7.737237e+03	3.874029e-08
7.742215e+03	3.784788e-08
7.747194e+03	3.697510e-08
7.752173e+03	3.612155e-08
7.757152e+03	3.528682e-08
7.762131e+03	3.447052e-08
7.767110e+03	3.367226e-08
7.772089e+03	3.289166e-08
7.777068e+03	3.212836e-08
7.782047e+03	3.138198e-08
7.787026e+03	3.065218e-08
7.792005e+03	2.993860e-08
7.796984e+03	2.924090e-08
7.801962e+03	2.855875e-08
7.806941e+03	2.789181e-08
7.811920e+03	2.723977e-08
7.816899e+03	2.660230e-08
7.821878e+03	2.597911e-08
7.826857e+03	2.536987e-08
7.831836e+03	2.477431e-08
7.836815e+03	2.419212e-08
7.841794e+03	2.362303e-08
7.846773e+03	2.306674e-08
7.851752e+03	2.252299e-08
7.856731e+03	2.199151e-08
7.861709e+03	2.147203e-08
7.866688e+03	2.096430e-08
7.871667e+03	2.046807e-08
7.876646e+03	1.998308e-08
7.881625e+03	1.950909e-08
7.886604e+03	1.904587e-08
7.891583e+03	1.859319e-08
7.896562e+03	1.815081e-08
7.901541e+03	1.771851e-08
7.906520e+03	1.729607e-08
7.911499e+03	1.688329e-08
7.916478e+03	1.647994e-08
7.921456e+03	1.608583e-08
7.926435e+03	1.570075e-08
7.931414e+03	1.532451e-08
7.936393e+03	1.495691e-08
7.941372e+03	1.459776e-08
7.946351e+03	1.424688e-08
7.951330e+03	1.390409e-08
7.956309e+03	1.356920e-08
7.961288e+03	1.324205e-08
7.966267e+03	1.292246e-08
7.971246e+03	1.261027e-08
7.976225e+03	1.230532e-08
7.981203e+03	1.200744e-08
7.986182e+03	1.171648e-08
7.991161e+03	1.143228e-08
7.996140e+03	1.115470e-08
8.001119e+03	1.088358e-08
8.006098e+03	1.061879e-08
8.011077e+03	1.036018e-08
8.016056e+03	1.010762e-08
8.021035e+03	9.860970e-09
8.026014e+03	9.620096e-09
8.030993e+03	9.384872e-09
8.035972e+03	9.155170e-09
8.040950e+03	8.930867e-09
8.045929e+03	8.711842e-09
8.050908e+03	8.497976e-09
8.055887e+03	8.289153e-09
8.060866e+03	8.085259e-09
8.065845e+03	7.886183e-09
8.070824e+03	7.691817e-09
8.075803e+03	7.502053e-09
8.080782e+03	7.316788e-09
8.085761e+03	7.135920e-09
8.090740e+03	6.959349e-09
8.095719e+03	6.786977e-09
8.100697e+03	6.618709e-09
8.105676e+03	6.454452e-09
8.110655e+03	6.294114e-09
8.115634e+03	6.137605e-09
8.120613e+03	5.984838e-09
8.125592e+03	5.835728e-09
8.130571e+03	5.690190e-09
8.135550e+03	5.548144e-09
8.140529e+03	5.409508e-09
8.145508e+03	5.274204e-09
8.150487e+03	5.142157e-09
8.155466e+03	5.013289e-09
8.160444e+03	4.887530e-09
8.165423e+03	4.764805e-09
8.170402e+03	4.645046e-09
8.175381e+03	4.528184e-09
8.180360e+03	4.414152e-09
8.185339e+03	4.302884e-09
8.190318e+03	4.194316e-09
8.195297e+03	4.088384e-09
8.200276e+03	3.985029e-09
8.205255e+03	3.884189e-09
8.210234e+03	3.785806e-09
8.215213e+03	3.689823e-09
8.220191e+03	3.596184e-09
8.225170e+03	3.504833e-09
8.230149e+03	3.415718e-09
8.235128e+03	3.328785e-09
8.240107e+03	3.243983e-09
8.245086e+03	3.161263e-09
8.250065e+03	3.080575e-09
8.255044e+03	3.001872e-09
8.260023e+03	2.925106e-09
8.265002e+03	2.850232e-09
8.269981e+03	2.777205e-09
8.274960e+03	2.705981e-09
8.279938e+03	2.636519e-09
8.284917e+03	2.568775e-09
8.289896e+03	2.502709e-09
8.294875e+03	2.438281e-09
8.299854e+03	2.375452e-09
8.304833e+03	2.314185e-09
8.309812e+03	2.254441e-09
8.314791e+03	2.196185e-09
8.319770e+03	2.139381e-09
8.324749e+03	2.083994e-09
8.329728e+03	2.029990e-09
8.334707e+03	1.977336e-09
8.339685e+03	1.926000e-09
8.344664e+03	1.875949e-09
8.349643e+03	1.827154e-09
8.354622e+03	1.779583e-09
8.359601e+03	1.733207e-09
8.364580e+03	1.687998e-09
8.369559e+03	1.643927e-09
8.374538e+03	1.600966e-09
8.379517e+03	1.559090e-09
8.384496e+03	1.518270e-09
8.389475e+03	1.478483e-09
8.394454e+03	1.439702e-09
8.399432e+03	1.401903e-09
8.404411e+03	1.365062e-09
8.409390e+03	1.329157e-09
8.414369e+03	1.294163e-09
8.419348e+03	1.260060e-09
8.424327e+03	1.226824e-09
8.429306e+03	1.194435e-09
8.434285e+03	1.162872e-09
8.439264e+03	1.132115e-09
8.444243e+03	1.102144e-09
8.449222e+03	1.072939e-09
8.454201e+03	1.044482e-09
8.459179e+03	1.016755e-09
8.464158e+03	9.897383e-10
8.469137e+03	9.634159e-10
8.474116e+03	9.377700e-10
8.479095e+03	9.127841e-10
8.484074e+03	8.884416e-10
8.489053e+03	8.647267e-10
8.494032e+03	8.416238e-10
8.499011e+03	8.191176e-10
8.503990e+03	7.971933e-10
8.508969e+03	7.758365e-10
8.513948e+03	7.550329e-10
8.518926e+03	7.347688e-10
8.523905e+03	7.150307e-10
8.528884e+03	6.958054e-10
8.533863e+03	6.770801e-10
8.538842e+03	6.588423e-10
8.543821e+03	6.410797e-10
8.548800e+03	6.237803e-10
8.553779e+03	6.069326e-10
8.558758e+03	5.905252e-10
8.563737e+03	5.745470e-10
8.568716e+03	5.589871e-10
8.573695e+03	5.438351e-10
8.578673e+03	5.290805e-10
8.583652e+03	5.147133e-10
8.588631e+03	5.007238e-10
8.593610e+03	4.871023e-10
8.598589e+03	4.738395e-10
8.603568e+03	4.609263e-10
8.608547e+03	4.483538e-10
8.613526e+03	4.361134e-10
8.618505e+03	4.241965e-10
8.623484e+03	4.125949e-10
8.628463e+03	4.013006e-10
8.633442e+03	3.903057e-10
8.638420e+03	3.796026e-10
8.643399e+03	3.691837e-10
8.648378e+03	3.590418e-10
8.653357e+03	3.491698e-10
8.658336e+03	3.395608e-10
8.663315e+03	3.302079e-10
8.668294e+03	3.211046e-10
8.673273e+03	3.122445e-10
8.678252e+03	3.036212e-10
8.683231e+03	2.952288e-10
8.688210e+03	2.870611e-10
8.693189e+03	2.791124e-10
8.698167e+03	2.713770e-10
8.703146e+03	2.638494e-10
8.708125e+03	2.565242e-10
8.713104e+03	2.493961e-10
8.718083e+03	2.424600e-10
8.723062e+03	2.357110e-10
8.728041e+03	2.291441e-10
8.733020e+03	2.227545e-10
8.737999e+03	2.165377e-10
8.742978e+03	2.104892e-10
8.747957e+03	2.046045e-10
8.752936e+03	1.988793e-10
8.757914e+03	1.933095e-10
8.762893e+03	1.878910e-10
8.767872e+03	1.826199e-10
8.772851e+03	1.774921e-10
8.777830e+03	1.725040e-10
8.782809e+03	1.676519e-10
8.787788e+03	1.629323e-10
8.792767e+03	1.583415e-10
8.797746e+03	1.538762e-10
8.802725e+03	1.495331e-10
8.807704e+03	1.453090e-10
8.812683e+03	1.412006e-10
8.817661e+03	1.372050e-10
8.822640e+03	1.333191e-10
8.827619e+03	1.295401e-10
8.832598e+03	1.258650e-10
8.837577e+03	1.222911e-10
8.842556e+03	1.188157e-10
8.847535e+03	1.154362e-10
8.852514e+03	1.121500e-10
8.857493e+03	1.089547e-10
8.862472e+03	1.058477e-10
8.867451e+03	1.028268e-10
8.872430e+03	9.988955e-11
8.877408e+03	9.703381e-11
8.882387e+03	9.425736e-11
8.887366e+03	9.155806e-11
8.892345e+03	8.893385e-11
8.897324e+03	8.638268e-11
8.902303e+03	8.390260e-11
8.907282e+03	8.149169e-11
8.912261e+03	7.914807e-11
8.917240e+03	7.686994e-11
8.922219e+03	7.465550e-11
8.927198e+03	7.250305e-11
8.932177e+03	7.041090e-11
8.937156e+03	6.837741e-11
8.942134e+03	6.640098e-11
8.947113e+03	6.448008e-11
8.952092e+03	6.261317e-11
8.957071e+03	6.079880e-11
8.962050e+03	5.903553e-11
8.967029e+03	5.732196e-11
8.972008e+03	5.565674e-11
8.976987e+03	5.403855e-11
8.981966e+03	5.246609e-11
8.986945e+03	5.093811e-11
8.991924e+03	4.945340e-11
8.996903e+03	4.801076e-11
9.001881e+03	4.660904e-11
9.006860e+03	4.524711e-11
9.011839e+03	4.392389e-11
9.016818e+03	4.263829e-11
9.021797e+03	4.138928e-11
9.026776e+03	4.017586e-11
9.031755e+03	3.899704e-11
9.036734e+03	3.785186e-11
9.041713e+03	3.673939e-11
9.046692e+03	3.565872e-11
9.051671e+03	3.460898e-11
9.056650e+03	3.358930e-11
9.061628e+03	3.259885e-11
9.066607e+03	3.163681e-11
9.071586e+03	3.070239e-11
9.076565e+03	2.979483e-11
9.081544e+03	2.891337e-11
9.086523e+03	2.805729e-11
9.091502e+03	2.722588e-11
9.096481e+03	2.641844e-11
9.101460e+03	2.563431e-11
9.106439e+03	2.487283e-11
9.111418e+03	2.413337e-11
9.116397e+03	2.341530e-11
9.121375e+03	2.271803e-11
9.126354e+03	2.204098e-11
9.131333e+03	2.138357e-11
9.136312e+03	2.074524e-11
9.141291e+03	2.012547e-11
9.146270e+03	1.952373e-11
9.151249e+03	1.893950e-11
9.156228e+03	1.837230e-11
9.161207e+03	1.782164e-11
9.166186e+03	1.728705e-11
9.171165e+03	1.676808e-11
9.176144e+03	1.626428e-11
9.181122e+03	1.577523e-11
9.186101e+03	1.530049e-11
9.191080e+03	1.483968e-11
9.196059e+03	1.439238e-11
9.201038e+03	1.395821e-11
9.206017e+03	1.353681e-11
9.210996e+03	1.312779e-11
9.215975e+03	1.273082e-11
9.220954e+03	1.234554e-11
9.225933e+03	1.197163e-11
9.230912e+03	1.160875e-11
9.235891e+03	1.125658e-11
9.240869e+03	1.091483e-11
9.245848e+03	1.058319e-11
9.250827e+03	1.026137e-11
9.255806e+03	9.949081e-12
9.260785e+03	9.646059e-12
9.265764e+03	9.352033e-12
9.270743e+03	9.066742e-12
9.275722e+03	8.789935e-12
9.280701e+03	8.521365e-12
9.285680e+03	8.260795e-12
9.290659e+03	8.007992e-12
9.295638e+03	7.762732e-12
9.300616e+03	7.524795e-12
9.305595e+03	7.293969e-12
9.310574e+03	7.070047e-12
9.315553e+03	6.852828e-12
9.320532e+03	6.642116e-12
9.325511e+03	6.437723e-12
9.330490e+03	6.239463e-12
9.335469e+03	6.047158e-12
9.340448e+03	5.860633e-12
9.345427e+03	5.679719e-12
9.350406e+03	5.504253e-12
9.355385e+03	5.334074e-12
9.360363e+03	5.169027e-12
9.365342e+03	5.008962e-12
9.370321e+03	4.853733e-12
9.375300e+03	4.703196e-12
9.380279e+03	4.557214e-12
9.385258e+03	4.415653e-12
9.390237e+03	4.278382e-12
9.395216e+03	4.145275e-12
9.400195e+03	4.016209e-12
9.405174e+03	3.891064e-12
9.410153e+03	3.769724e-12
9.415132e+03	3.652077e-12
9.420110e+03	3.538013e-12
9.425089e+03	3.427426e-12
9.430068e+03	3.320212e-12
9.435047e+03	3.216272e-12
9.440026e+03	3.115508e-12
9.445005e+03	3.017825e-12
9.449984e+03	2.923132e-12
9.454963e+03	2.831339e-12
9.459942e+03	2.742360e-12
9.464921e+03	2.656111e-12
9.469900e+03	2.572511e-12
9.474879e+03	2.491479e-12
9.479857e+03	2.412939e-12
9.484836e+03	2.336817e-12
9.489815e+03	2.263040e-12
9.494794e+03	2.191537e-12
9.499773e+03	2.122241e-12
9.504752e+03	2.055084e-12
9.509731e+03	1.990002e-12
9.514710e+03	1.926934e-12
9.519689e+03	1.865817e-12
9.524668e+03	1.806594e-12
9.529647e+03	1.749207e-12
9.534626e+03	1.693600e-12
9.539604e+03	1.639721e-12
9.544583e+03	1.587515e-12
9.549562e+03	1.536933e-12
9.554541e+03	1.487926e-12
9.559520e+03	1.440446e-12
9.564499e+03	1.394445e-12
9.569478e+03	1.349880e-12
9.574457e+03	1.306707e-12
9.579436e+03	1.264882e-12
9.584415e+03	1.224366e-12
9.589394e+03	1.185118e-12
9.594373e+03	1.147099e-12
9.599351e+03	1.110273e-12
9.604330e+03	1.074601e-12
9.609309e+03	1.040050e-12
9.614288e+03	1.006585e-12
9.619267e+03	9.741716e-13
9.624246e+03	9.427788e-13
9.629225e+03	9.123747e-13
9.634204e+03	8.829291e-13
9.639183e+03	8.544124e-13
9.644162e+03	8.267961e-13
9.649141e+03	8.000524e-13
9.654120e+03	7.741544e-13
9.659098e+03	7.490761e-13
9.664077e+03	7.247919e-13
9.669056e+03	7.012776e-13
9.674035e+03	6.785091e-13
9.679014e+03	6.564634e-13
9.683993e+03	6.351182e-13
9.688972e+03	6.144516e-13
9.693951e+03	5.944427e-13
9.698930e+03	5.750709e-13
9.703909e+03	5.563166e-13
9.708888e+03	5.381604e-13
9.713867e+03	5.205837e-13
9.718845e+03	5.035685e-13
9.723824e+03	4.870973e-13
9.728803e+03	4.711531e-13
9.733782e+03	4.557193e-13
9.738761e+03	4.407801e-13
9.743740e+03	4.263200e-13
9.748719e+03	4.123240e-13
9.753698e+03	3.987774e-13
9.758677e+03	3.856663e-13
9.763656e+03	3.729769e-13
9.768635e+03	3.606961e-13
9.773614e+03	3.488108e-13
9.778592e+03	3.373088e-13
9.783571e+03	3.261779e-13
9.788550e+03	3.154064e-13
9.793529e+03	3.049830e-13
9.798508e+03	2.948967e-13
9.803487e+03	2.851368e-13
9.808466e+03	2.756931e-13
9.813445e+03	2.665555e-13
9.818424e+03	2.577142e-13
9.823403e+03	2.491600e-13
9.828382e+03	2.408838e-13
9.833361e+03	2.328766e-13
9.838339e+03	2.251299e-13
9.843318e+03	2.176355e-13
9.848297e+03	2.103853e-13
9.853276e+03	2.033716e-13
9.858255e+03	1.965867e-13
9.863234e+03	1.900235e-13
9.868213e+03	1.836748e-13
9.873192e+03	1.775338e-13
9.878171e+03	1.715938e-13
9.883150e+03	1.658484e-13
9.888129e+03	1.602913e-13
9.893108e+03	1.549166e-13
9.898086e+03	1.497184e-13
9.903065e+03	1.446909e-13
9.908044e+03	1.398288e-13
9.913023e+03	1.351267e-13
9.918002e+03	1.305795e-13
9.922981e+03	1.261821e-13
9.927960e+03	1.219298e-13
9.932939e+03	1.178178e-13
9.937918e+03	1.138416e-13
9.942897e+03	1.099969e-13
9.947876e+03	1.062794e-13
9.952855e+03	1.026849e-13
9.957833e+03	9.920954e-14
9.962812e+03	9.584940e-14
9.967791e+03	9.260075e-14
9.972770e+03	8.945997e-14
9.977749e+03	8.642355e-14
9.982728e+03	8.348811e-14
9.987707e+03	8.065035e-14
9.992686e+03	7.790711e-14
9.997665e+03	7.525529e-14
1.000264e+04	7.269191e-14
1.000762e+04	7.021410e-14
1.001260e+04	6.781905e-14
1.001758e+04	6.550406e-14
1.002256e+04	6.326651e-14
1.002754e+04	6.110386e-14
1.003252e+04	5.901367e-14
1.003750e+04	5.699354e-14
1.004248e+04	5.504120e-14
1.004745e+04	5.315440e-14
1.005243e+04	5.133100e-14
1.005741e+04	4.956891e-14
1.006239e+04	4.786612e-14
1.006737e+04	4.622066e-14
1.007235e+04	4.463065e-14
1.007733e+04	4.309426e-14
1.008231e+04	4.160972e-14
1.008729e+04	4.017531e-14
1.009226e+04	3.878938e-14
1.009724e+04	3.745033e-14
1.010222e+04	3.615660e-14
1.010720e+04	3.490669e-14
1.011218e+04	3.369914e-14
1.011716e+04	3.253256e-14
1.012214e+04	3.140557e-14
1.012712e+04	3.031687e-14
1.013210e+04	2.926517e-14
1.013707e+04	2.824925e-14
1.014205e+04	2.726792e-14
1.014703e+04	2.632002e-14
1.015201e+04	2.540444e-14
1.015699e+04	2.452009e-14
1.016197e+04	2.366594e-14
1.016695e+04	2.284097e-14
1.017193e+04	2.204420e-14
1.017691e+04	2.127470e-14
1.018188e+04	2.053154e-14
1.018686e+04	1.981385e-14
1.019184e+04	1.912077e-14
1.019682e+04	1.845147e-14
1.020180e+04	1.780516e-14
1.020678e+04	1.718105e-14
1.021176e+04	1.657840e-14
1.021674e+04	1.599650e-14
1.022172e+04	1.543463e-14
1.022669e+04	1.489213e-14
1.023167e+04	1.436833e-14
1.023665e+04	1.386261e-14
1.024163e+04	1.337436e-14
1.024661e+04	1.290298e-14
1.025159e+04	1.244790e-14
1.025657e+04	1.200857e-14
1.026155e+04	1.158446e-14
1.026653e+04	1.117505e-14
1.027151e+04	1.077984e-14
1.027648e+04	1.039834e-14
1.028146e+04	1.003010e-14
1.028644e+04	9.674651e-15
1.029142e+04	9.331568e-15
1.029640e+04	9.000426e-15
1.030138e+04	8.680818e-15
1.030636e+04	8.372351e-15
1.031134e+04	8.074642e-15
1.031632e+04	7.787325e-15
1.032129e+04	7.510044e-15
1.032627e+04	7.242454e-15
1.033125e+04	6.984225e-15
1.033623e+04	6.735034e-15
1.034121e+04	6.494572e-15
1.034619e+04	6.262538e-15
1.035117e+04	6.038644e-15
1.035615e+04	5.822608e-15
1.036113e+04	5.614161e-15
1.036610e+04	5.413041e-15
1.037108e+04	5.218995e-15
1.037606e+04	5.031779e-15
1.038104e+04	4.851158e-15
1.038602e+04	4.676904e-15
1.039100e+04	4.508796e-15
1.039598e+04	4.346622e-15
1.040096e+04	4.190176e-15
1.040594e+04	4.039261e-15
1.041091e+04	3.893683e-15
1.041589e+04	3.753258e-15
1.042087e+04	3.617807e-15
1.042585e+04	3.487158e-15
1.043083e+04	3.361142e-15
1.043581e+04	3.239599e-15
1.044079e+04	3.122373e-15
1.044577e+04	3.009314e-15
1.045075e+04	2.900276e-15
1.045573e+04	2.795119e-15
1.046070e+04	2.693708e-15
1.046568e+04	2.595911e-15
1.047066e+04	2.501602e-15
1.047564e+04	2.410659e-15
1.048062e+04	2.322964e-15
1.048560e+04	2.238403e-15
1.049058e+04	2.156866e-15
1.049556e+04	2.078248e-15
1.050054e+04	2.002445e-15
1.050551e+04	1.929359e-15
1.051049e+04	1.858894e-15
1.051547e+04	1.790958e-15
1.052045e+04	1.725461e-15
1.052543e+04	1.662318e-15
1.053041e+04	1.601446e-15
1.053539e+04	1.542764e-15
1.054037e+04	1.486195e-15
1.054535e+04	1.431665e-15
1.055032e+04	1.379101e-15
1.055530e+04	1.328434e-15
1.056028e+04	1.279596e-15
1.056526e+04	1.232523e-15
1.057024e+04	1.187152e-15
1.057522e+04	1.143422e-15
1.058020e+04	1.101276e-15
1.058518e+04	1.060657e-15
1.059016e+04	1.021510e-15
1.059513e+04	9.837837e-16
1.060011e+04	9.474269e-16
1.060509e+04	9.123909e-16
1.061007e+04	8.786286e-16
1.061505e+04	8.460945e-16
1.062003e+04	8.147447e-16
1.062501e+04	7.845368e-16
1.062999e+04	7.554301e-16
1.063497e+04	7.273851e-16
1.063995e+04	7.003637e-16
1.064492e+04	6.743292e-16
1.064990e+04	6.492463e-16
1.065488e+04	6.250808e-16
1.065986e+04	6.017997e-16
1.066484e+04	5.793712e-16
1.066982e+04	5.577647e-16
1.067480e+04	5.369505e-16
1.067978e+04	5.169001e-16
1.068476e+04	4.975859e-16
1.068973e+04	4.789815e-16
1.069471e+04	4.610612e-16
1.069969e+04	4.438002e-16
1.070467e+04	4.271747e-16
1.070965e+04	4.111618e-16
1.071463e+04	3.957393e-16
1.071961e+04	3.808857e-16
1.072459e+04	3.665804e-16
1.072957e+04	3.528037e-16
1.073454e+04	3.395361e-16
1.073952e+04	3.267594e-16
1.074450e+04	3.144556e-16
1.074948e+04	3.026075e-16
1.075446e+04	2.911985e-16
1.075944e+04	2.802127e-16
1.076442e+04	2.696346e-16
1.076940e+04	2.594493e-16
1.077438e+04	2.496425e-16
1.077935e+04	2.402004e-16
1.078433e+04	2.311097e-16
1.078931e+04	2.223574e-16
1.079429e+04	2.139312e-16
1.079927e+04	2.058192e-16
1.080425e+04	1.980099e-16
1.080923e+04	1.904921e-16
1.081421e+04	1.832551e-16
1.081919e+04	1.762887e-16
1.082416e+04	1.695829e-16
1.082914e+04	1.631280e-16
1.083412e+04	1.569150e-16
1.083910e+04	1.509348e-16
1.084408e+04	1.451788e-16
1.084906e+04	1.396389e-16
1.085404e+04	1.343071e-16
1.085902e+04	1.291755e-16
1.086400e+04	1.242370e-16
1.086898e+04	1.194843e-16
1.087395e+04	1.149105e-16
1.087893e+04	1.105090e-16
1.088391e+04	1.062735e-16
1.088889e+04	1.021977e-16
1.089387e+04	9.827580e-17
1.089885e+04	9.450204e-17
1.090383e+04	9.087092e-17
1.090881e+04	8.737714e-17
1.091379e+04	8.401559e-17
1.091876e+04	8.078134e-17
1.092374e+04	7.766965e-17
1.092872e+04	7.467596e-17
1.093370e+04	7.179586e-17
1.093868e+04	6.902512e-17
1.094366e+04	6.635964e-17
1.094864e+04	6.379550e-17
1.095362e+04	6.132891e-17
1.095860e+04	5.895621e-17
1.096357e+04	5.667389e-17
1.096855e+04	5.447856e-17
1.097353e+04	5.236695e-17
1.097851e+04	5.033594e-17
1.098349e+04	4.838249e-17
1.098847e+04	4.650369e-17
1.099345e+04	4.469672e-17
1.099843e+04	4.295890e-17
1.100341e+04	4.128761e-17
1.100838e+04	3.968034e-17
1.101336e+04	3.813470e-17
1.101834e+04	3.664834e-17
1.102332e+04	3.521904e-17
1.102830e+04	3.384463e-17
1.103328e+04	3.252304e-17
1.103826e+04	3.125228e-17
1.104324e+04	3.003043e-17
1.104822e+04	2.885562e-17
1.105320e+04	2.772607e-17
1.105817e+04	2.664008e-17
1.106315e+04	2.559598e-17
1.106813e+04	2.459219e-17
1.107311e+04	2.362717e-17
1.107809e+04	2.269946e-17
1.108307e+04	2.180762e-17
1.108805e+04	2.095031e-17
1.109303e+04	2.012619e-17
1.109801e+04	1.933400e-17
1.110298e+04	1.857254e-17
1.110796e+04	1.784061e-17
1.111294e+04	1.713711e-17
1.111792e+04	1.646093e-17
1.112290e+04	1.581103e-17
1.112788e+04	1.518642e-17
1.113286e+04	1.458612e-17
1.113784e+04	1.400919e-17
1.114282e+04	1.345475e-17
1.114779e+04	1.292193e-17
1.115277e+04	1.240990e-17
1.115775e+04	1.191786e-17
1.116273e+04	1.144504e-17
1.116771e+04	1.099071e-17
1.117269e+04	1.055414e-17
1.117767e+04	1.013467e-17
1.118265e+04	9.731622e-18
1.118763e+04	9.344371e-18
1.119260e+04	8.972305e-18
1.119758e+04	8.614838e-18
1.120256e+04	8.271407e-18
1.120754e+04	7.941468e-18
1.121252e+04	7.624499e-18
1.121750e+04	7.319999e-18
1.122248e+04	7.027484e-18
1.122746e+04	6.746489e-18
1.123244e+04	6.476568e-18
1.123742e+04	6.217291e-18
1.124239e+04	5.968244e-18
1.124737e+04	5.729030e-18
1.125235e+04	5.499267e-18
1.125733e+04	5.278586e-18
1.126231e+04	5.066634e-18
1.126729e+04	4.863071e-18
1.127227e+04	4.667571e-18
1.127725e+04	4.479817e-18
1.128223e+04	4.299508e-18
1.128720e+04	4.126354e-18
1.129218e+04	3.960074e-18
1.129716e+04	3.800399e-18
1.130214e+04	3.647072e-18
1.130712e+04	3.499843e-18
1.131210e+04	3.358474e-18
1.131708e+04	3.222734e-18
1.132206e+04	3.092403e-18
1.132704e+04	2.967269e-18
1.133201e+04	2.847127e-18
1.133699e+04	2.731781e-18
1.134197e+04	2.621043e-18
1.134695e+04	2.514731e-18
1.135193e+04	2.412671e-18
1.135691e+04	2.314695e-18
1.136189e+04	2.220642e-18
1.136687e+04	2.130357e-18
1.137185e+04	2.043692e-18
1.137682e+04	1.960504e-18
1.138180e+04	1.880655e-18
1.138678e+04	1.804013e-18
1.139176e+04	1.730451e-18
1.139674e+04	1.659847e-18
1.140172e+04	1.592084e-18
1.140670e+04	1.527049e-18
1.141168e+04	1.464634e-18
1.141666e+04	1.404736e-18
1.142163e+04	1.347253e-18
1.142661e+04	1.292090e-18
1.143159e+04	1.239155e-18
1.143657e+04	1.188358e-18
1.144155e+04	1.139616e-18
1.144653e+04	1.092845e-18
1.145151e+04	1.047968e-18
1.145649e+04	1.004909e-18
1.146147e+04	9.635942e-19
1.146645e+04	9.239553e-19
1.147142e+04	8.859248e-19
1.147640e+04	8.494384e-19
1.148138e+04	8.144344e-19
1.148636e+04	7.808533e-19
1.149134e+04	7.486381e-19
1.149632e+04	7.177341e-19
1.150130e+04	6.880885e-19
1.150628e+04	6.596510e-19
1.151126e+04	6.323729e-19
1.151623e+04	6.062077e-19
1.152121e+04	5.811106e-19
1.152619e+04	5.570386e-19
1.153117e+04	5.339504e-19
1.153615e+04	5.118063e-19
1.154113e+04	4.905684e-19
1.154611e+04	4.702000e-19
1.155109e+04	4.506660e-19
1.155607e+04	4.319327e-19
1.156104e+04	4.139678e-19
1.156602e+04	3.967402e-19
1.157100e+04	3.802200e-19
1.157598e+04	3.643786e-19
1.158096e+04	3.491884e-19
1.158594e+04	3.346232e-19
1.159092e+04	3.206574e-19
1.159590e+04	3.072669e-19
1.160088e+04	2.944282e-19
1.160585e+04	2.821189e-19
1.161083e+04	2.703174e-19
1.161581e+04	2.590031e-19
1.162079e+04	2.481562e-19
1.162577e+04	2.377577e-19
1.163075e+04	2.277891e-19
1.163573e+04	2.182331e-19
1.164071e+04	2.090727e-19
1.164569e+04	2.002918e-19
1.165067e+04	1.918749e-19
1.165564e+04	1.838071e-19
1.166062e+04	1.760742e-19
1.166560e+04	1.686623e-19
1.167058e+04	1.615585e-19
1.167556e+04	1.547499e-19
1.168054e+04	1.482246e-19
1.168552e+04	1.419709e-19
1.169050e+04	1.359776e-19
1.169548e+04	1.302341e-19
1.170045e+04	1.247301e-19
1.170543e+04	1.194557e-19
1.171041e+04	1.144014e-19
1.171539e+04	1.095583e-19
1.172037e+04	1.049176e-19
1.172535e+04	1.004709e-19
1.173033e+04	9.621035e-20
1.173531e+04	9.212812e-20
1.174029e+04	8.821690e-20
1.174526e+04	8.446961e-20
1.175024e+04	8.087948e-20
1.175522e+04	7.744000e-20
1.176020e+04	7.414493e-20
1.176518e+04	7.098830e-20
1.177016e+04	6.796435e-20
1.177514e+04	6.506759e-20
1.178012e+04	6.229274e-20
1.178510e+04	5.963474e-20
1.179007e+04	5.708872e-20
1.179505e+04	5.465003e-20
1.180003e+04	5.231421e-20
1.180501e+04	5.007698e-20
1.180999e+04	4.793422e-20
1.181497e+04	4.588200e-20
1.181995e+04	4.391655e-20
1.182493e+04	4.203424e-20
1.182991e+04	4.023160e-20
1.183489e+04	3.850531e-20
1.183986e+04	3.685216e-20
1.184484e+04	3.526911e-20
1.184982e+04	3.375322e-20
1.185480e+04	3.230168e-20
1.185978e+04	3.091178e-20
1.186476e+04	2.958095e-20
1.186974e+04	2.830671e-20
1.187472e+04	2.708668e-20
1.187970e+04	2.591859e-20
1.188467e+04	2.480025e-20
1.188965e+04	2.372957e-20
1.189463e+04	2.270455e-20
1.189961e+04	2.172326e-20
1.190459e+04	2.078386e-20
1.190957e+04	1.988459e-20
1.191455e+04	1.902375e-20
1.191953e+04	1.819972e-20
1.192451e+04	1.741096e-20
1.192948e+04	1.665596e-20
1.193446e+04	1.593330e-20
1.193944e+04	1.524161e-20
1.194442e+04	1.457959e-20
1.194940e+04	1.394597e-20
1.195438e+04	1.333956e-20
1.195936e+04	1.275920e-20
1.196434e+04	1.220378e-20
1.196932e+04	1.167224e-20
1.197429e+04	1.116358e-20
1.197927e+04	1.067682e-20
1.198425e+04	1.021103e-20
1.198923e+04	9.765312e-21
1.199421e+04	9.338818e-21
1.199919e+04	8.930728e-21
1.200417e+04	8.540257e-21
1.200915e+04	8.166655e-21
1.201413e+04	7.809200e-21
1.201910e+04	7.467205e-21
1.202408e+04	7.140008e-21
1.202906e+04	6.826978e-21
1.203404e+04	6.527509e-21
1.203902e+04	6.241019e-21
1.204400e+04	5.966955e-21
1.204898e+04	5.704783e-21
1.205396e+04	5.453994e-21
1.205894e+04	5.214099e-21
1.206392e+04	4.984631e-21
1.206889e+04	4.765143e-21
1.207387e+04	4.555206e-21
1.207885e+04	4.354409e-21
1.208383e+04	4.162360e-21
1.208881e+04	3.978681e-21
1.209379e+04	3.803013e-21
1.209877e+04	3.635009e-21
1.210375e+04	3.474341e-21
1.210873e+04	3.320691e-21
1.211370e+04	3.173757e-21
1.211868e+04	3.033249e-21
1.212366e+04	2.898889e-21
1.212864e+04	2.770411e-21
1.213362e+04	2.647561e-21
1.213860e+04	2.530095e-21
1.214358e+04	2.417781e-21
1.214856e+04	2.310394e-21
1.215354e+04	2.207722e-21
1.215851e+04	2.109560e-21
1.216349e+04	2.015712e-21
1.216847e+04	1.925991e-21
1.217345e+04	1.840218e-21
1.217843e+04	1.758220e-21
1.218341e+04	1.679835e-21
1.218839e+04	1.604903e-21
1.219337e+04	1.533276e-21
1.219835e+04	1.464809e-21
1.220332e+04	1.399364e-21
1.220830e+04	1.336810e-21
1.221328e+04	1.277020e-21
1.221826e+04	1.219874e-21
1.222324e+04	1.165255e-21
1.222822e+04	1.113055e-21
1.223320e+04	1.063166e-21
1.223818e+04	1.015488e-21
1.224316e+04	9.699243e-22
1.224814e+04	9.263815e-22
1.225311e+04	8.847714e-22
1.225809e+04	8.450091e-22
1.226307e+04	8.070136e-22
1.226805e+04	7.707072e-22
1.227303e+04	7.360159e-22
1.227801e+04	7.028685e-22
1.228299e+04	6.711971e-22
1.228797e+04	6.409369e-22
1.229295e+04	6.120256e-22
1.229792e+04	5.844038e-22
1.230290e+04	5.580147e-22
1.230788e+04	5.328038e-22
1.231286e+04	5.087193e-22
1.231784e+04	4.857113e-22
1.232282e+04	4.637324e-22
1.232780e+04	4.427369e-22
1.233278e+04	4.226814e-22
1.233776e+04	4.035243e-22
1.234273e+04	3.852259e-22
1.234771e+04	3.677480e-22
1.235269e+04	3.510543e-22
1.235767e+04	3.351101e-22
1.236265e+04	3.198820e-22
1.236763e+04	3.053383e-22
1.237261e+04	2.914485e-22
1.237759e+04	2.781836e-22
1.238257e+04	2.655158e-22
1.238754e+04	2.534186e-22
1.239252e+04	2.418664e-22
1.239750e+04	2.308351e-22
1.240248e+04	2.203014e-22
1.240746e+04	2.102431e-22
1.241244e+04	2.006391e-22
1.241742e+04	1.914690e-22
1.242240e+04	1.827134e-22
1.242738e+04	1.743539e-22
1.243236e+04	1.663726e-22
1.243733e+04	1.587527e-22
1.244231e+04	1.514781e-22
1.244729e+04	1.445332e-22
1.245227e+04	1.379032e-22
1.245725e+04	1.315741e-22
1.246223e+04	1.255323e-22
1.246721e+04	1.197650e-22
1.247219e+04	1.142597e-22
1.247717e+04	1.090048e-22
1.248214e+04	1.039890e-22
1.248712e+04	9.920151e-23
1.249210e+04	9.463205e-23
1.249708e+04	9.027082e-23
1.250206e+04	8.610842e-23
1.250704e+04	8.213591e-23
1.251202e+04	7.834470e-23
1.251700e+04	7.472661e-23
1.252198e+04	7.127383e-23
1.252695e+04	6.797889e-23
1.253193e+04	6.483466e-23
1.253691e+04	6.183430e-23
1.254189e+04	5.897132e-23
1.254687e+04	5.623950e-23
1.255185e+04	5.363288e-23
1.255683e+04	5.114579e-23
1.256181e+04	4.877282e-23
1.256679e+04	4.650879e-23
1.257176e+04	4.434874e-23
1.257674e+04	4.228795e-23
1.258172e+04	4.032192e-23
1.258670e+04	3.844633e-23
1.259168e+04	3.665706e-23
1.259666e+04	3.495020e-23
1.260164e+04	3.332197e-23
1.260662e+04	3.176881e-23
1.261160e+04	3.028729e-23
1.261657e+04	2.887413e-23
1.262155e+04	2.752622e-23
1.262653e+04	2.624058e-23
1.263151e+04	2.501436e-23
1.263649e+04	2.384484e-23
1.264147e+04	2.272944e-23
1.264645e+04	2.166567e-23
1.265143e+04	2.065116e-23
1.265641e+04	1.968368e-23
1.266139e+04	1.876104e-23
1.266636e+04	1.788121e-23
1.267134e+04	1.704222e-23
1.267632e+04	1.624218e-23
1.268130e+04	1.547931e-23
1.268628e+04	1.475191e-23
1.269126e+04	1.405833e-23
1.269624e+04	1.339703e-23
1.270122e+04	1.276652e-23
1.270620e+04	1.216538e-23
1.271117e+04	1.159225e-23
1.271615e+04	1.104585e-23
1.272113e+04	1.052494e-23
1.272611e+04	1.002835e-23
1.273109e+04	9.554944e-24
1.273607e+04	9.103661e-24
1.274105e+04	8.673475e-24
1.274603e+04	8.263411e-24
1.275101e+04	7.872537e-24
1.275598e+04	7.499965e-24
1.276096e+04	7.144846e-24
1.276594e+04	6.806371e-24
1.277092e+04	6.483769e-24
1.277590e+04	6.176303e-24
1.278088e+04	5.883271e-24
1.278586e+04	5.604001e-24
1.279084e+04	5.337854e-24
1.279582e+04	5.084220e-24
1.280079e+04	4.842516e-24
1.280577e+04	4.612188e-24
1.281075e+04	4.392705e-24
1.281573e+04	4.183562e-24
1.282071e+04	3.984278e-24
1.282569e+04	3.794391e-24
1.283067e+04	3.613464e-24
1.283565e+04	3.441077e-24
1.284063e+04	3.276833e-24
1.284561e+04	3.120351e-24
1.285058e+04	2.971266e-24
1.285556e+04	2.829234e-24
1.286054e+04	2.693924e-24
1.286552e+04	2.565022e-24
1.287050e+04	2.442226e-24
1.287548e+04	2.325250e-24
1.288046e+04	2.213822e-24
1.288544e+04	2.107681e-24
1.289042e+04	2.006579e-24
1.289539e+04	1.910279e-24
1.290037e+04	1.818554e-24
1.290535e+04	1.731191e-24
1.291033e+04	1.647984e-24
1.291531e+04	1.568736e-24
1.292029e+04	1.493263e-24
1.292527e+04	1.421384e-24
1.293025e+04	1.352932e-24
1.293523e+04	1.287744e-24
1.294020e+04	1.225666e-24
1.294518e+04	1.166552e-24
1.295016e+04	1.110261e-24
1.295514e+04	1.056660e-24
1.296012e+04	1.005622e-24
1.296510e+04	9.570247e-25
1.297008e+04	9.107533e-25
1.297506e+04	8.666973e-25
1.298004e+04	8.247519e-25
1.298501e+04	7.848169e-25
1.298999e+04	7.467969e-25
1.299497e+04	7.106010e-25
1.299995e+04	6.761426e-25
1.300493e+04	6.433390e-25
1.300991e+04	6.121116e-25
1.301489e+04	5.823854e-25
1.301987e+04	5.540889e-25
1.302485e+04	5.271541e-25
1.302983e+04	5.015162e-25
1.303480e+04	4.771131e-25
1.303978e+04	4.538862e-25
1.304476e+04	4.317791e-25
1.304974e+04	4.107386e-25
1.305472e+04	3.907136e-25
1.305970e+04	3.716556e-25
1.306468e+04	3.535184e-25
1.306966e+04	3.362578e-25
1.307464e+04	3.198320e-25
1.307961e+04	3.042010e-25
1.308459e+04	2.893267e-25
1.308957e+04	2.751728e-25
1.309455e+04	2.617048e-25
1.309953e+04	2.488897e-25
1.310451e+04	2.366963e-25
1.310949e+04	2.250945e-25
1.311447e+04	2.140561e-25
1.311945e+04	2.035539e-25
1.312442e+04	1.935622e-25
1.312940e+04	1.840563e-25
1.313438e+04	1.750128e-25
1.313936e+04	1.664096e-25
1.314434e+04	1.582253e-25
1.314932e+04	1.504397e-25
1.315430e+04	1.430337e-25
1.315928e+04	1.359889e-25
1.316426e+04	1.292878e-25
1.316923e+04	1.229138e-25
1.317421e+04	1.168512e-25
1.317919e+04	1.110848e-25
1.318417e+04	1.056004e-25
1.318915e+04	1.003842e-25
1.319413e+04	9.542326e-26
1.319911e+04	9.070524e-26
1.320409e+04	8.621833e-26
1.320907e+04	8.195133e-26
1.321404e+04	7.789356e-26
1.321902e+04	7.403486e-26
1.322400e+04	7.036555e-26
1.322898e+04	6.687642e-26
1.323396e+04	6.355872e-26
1.323894e+04	6.040410e-26
1.324392e+04	5.740461e-26
1.324890e+04	5.455271e-26
1.325388e+04	5.184119e-26
1.325886e+04	4.926322e-26
1.326383e+04	4.681228e-26
1.326881e+04	4.448216e-26
1.327379e+04	4.226697e-26
1.327877e+04	4.016109e-26
1.328375e+04	3.815918e-26
1.328873e+04	3.625615e-26
1.329371e+04	3.444717e-26
1.329869e+04	3.272762e-26
1.330367e+04	3.109314e-26
1.330864e+04	2.953955e-26
1.331362e+04	2.806288e-26
1.331860e+04	2.665936e-26
1.332358e+04	2.532540e-26
1.332856e+04	2.405759e-26
1.333354e+04	2.285268e-26
1.333852e+04	2.170757e-26
1.334350e+04	2.061932e-26
1.334848e+04	1.958515e-26
1.335345e+04	1.860237e-26
1.335843e+04	1.766847e-26
1.336341e+04	1.678104e-26
1.336839e+04	1.593778e-26
1.337337e+04	1.513651e-26
1.337835e+04	1.437517e-26
1.338333e+04	1.365178e-26
1.338831e+04	1.296447e-26
1.339329e+04	1.231146e-26
1.339826e+04	1.169104e-26
1.340324e+04	1.110162e-26
1.340822e+04	1.054164e-26
1.341320e+04	1.000966e-26
1.341818e+04	9.504294e-27
1.342316e+04	9.024214e-27
1.342814e+04	8.568169e-27
1.343312e+04	8.134967e-27
1.343810e+04	7.723475e-27
1.344308e+04	7.332613e-27
1.344805e+04	6.961358e-27
1.345303e+04	6.608735e-27
1.345801e+04	6.273817e-27
1.346299e+04	5.955723e-27
1.346797e+04	5.653615e-27
1.347295e+04	5.366698e-27
1.347793e+04	5.094214e-27
1.348291e+04	4.835445e-27
1.348789e+04	4.589705e-27
1.349286e+04	4.356345e-27
1.349784e+04	4.134746e-27
1.350282e+04	3.924322e-27
1.350780e+04	3.724513e-27
1.351278e+04	3.534790e-27
1.351776e+04	3.354647e-27
1.352274e+04	3.183604e-27
1.352772e+04	3.021208e-27
1.353270e+04	2.867023e-27
1.353767e+04	2.720639e-27
1.354265e+04	2.581665e-27
1.354763e+04	2.449728e-27
1.355261e+04	2.324476e-27
1.355759e+04	2.205573e-27
1.356257e+04	2.092700e-27
1.356755e+04	1.985553e-27
1.357253e+04	1.883845e-27
1.357751e+04	1.787303e-27
1.358248e+04	1.695665e-27
1.358746e+04	1.608686e-27
1.359244e+04	1.526130e-27
1.359742e+04	1.447775e-27
1.360240e+04	1.373408e-27
1.360738e+04	1.302829e-27
1.361236e+04	1.235846e-27
1.361734e+04	1.172277e-27
1.362232e+04	1.111951e-27
1.362730e+04	1.054702e-27
1.363227e+04	1.000376e-27
1.363725e+04	9.488246e-28
1.364223e+04	8.999070e-28
1.364721e+04	8.534902e-28
1.365219e+04	8.094472e-28
1.365717e+04	7.676579e-28
1.366215e+04	7.280078e-28
1.366713e+04	6.903884e-28
1.367211e+04	6.546965e-28
1.367708e+04	6.208344e-28
1.368206e+04	5.887090e-28
1.368704e+04	5.582319e-28
1.369202e+04	5.293194e-28
1.369700e+04	5.018918e-28
1.370198e+04	4.758735e-28
1.370696e+04	4.511928e-28
1.371194e+04	4.277814e-28
1.371692e+04	4.055746e-28
1.372189e+04	3.845110e-28
1.372687e+04	3.645322e-28
1.373185e+04	3.455828e-28
1.373683e+04	3.276103e-28
1.374181e+04	3.105648e-28
1.374679e+04	2.943987e-28
1.375177e+04	2.790672e-28
1.375675e+04	2.645274e-28
1.376173e+04	2.507390e-28
1.376670e+04	2.376633e-28
1.377168e+04	2.252639e-28
1.377666e+04	2.135060e-28
1.378164e+04	2.023568e-28
1.378662e+04	1.917850e-28
1.379160e+04	1.817610e-28
1.379658e+04	1.722566e-28
1.380156e+04	1.632451e-28
1.380654e+04	1.547011e-28
1.381151e+04	1.466007e-28
1.381649e+04	1.389210e-28
1.382147e+04	1.316402e-28
1.382645e+04	1.247379e-28
1.383143e+04	1.181946e-28
1.383641e+04	1.119917e-28
1.384139e+04	1.061117e-28
1.384637e+04	1.005379e-28
1.385135e+04	9.525453e-29
1.385633e+04	9.024652e-29
1.386130e+04	8.549967e-29
1.386628e+04	8.100047e-29
1.387126e+04	7.673612e-29
1.387624e+04	7.269444e-29
1.388122e+04	6.886392e-29
1.388620e+04	6.523362e-29
1.389118e+04	6.179314e-29
1.389616e+04	5.853266e-29
1.390114e+04	5.544283e-29
1.390611e+04	5.251479e-29
1.391109e+04	4.974014e-29
1.391607e+04	4.711091e-29
1.392105e+04	4.461955e-29
1.392603e+04	4.225888e-29
1.393101e+04	4.002211e-29
1.393599e+04	3.790278e-29
1.394097e+04	3.589478e-29
1.394595e+04	3.399231e-29
1.395092e+04	3.218987e-29
1.395590e+04	3.048224e-29
1.396088e+04	2.886448e-29
1.396586e+04	2.733189e-29
1.397084e+04	2.588003e-29
1.397582e+04	2.450468e-29
1.398080e+04	2.320184e-29
1.398578e+04	2.196772e-29
1.399076e+04	2.079872e-29
1.399573e+04	1.969144e-29
1.400071e+04	1.864264e-29
1.400569e+04	1.764926e-29
1.401067e+04	1.670839e-29
1.401565e+04	1.581729e-29
1.402063e+04	1.497333e-29
1.402561e+04	1.417406e-29
1.403059e+04	1.341711e-29
1.403557e+04	1.270027e-29
1.404055e+04	1.202143e-29
1.404552e+04	1.137858e-29
1.405050e+04	1.076985e-29
1.405548e+04	1.019342e-29
1.406046e+04	9.647610e-30
1.406544e+04	9.130794e-30
1.407042e+04	8.641447e-30
1.407540e+04	8.178121e-30
1.408038e+04	7.739444e-30
1.408536e+04	7.324114e-30
1.409033e+04	6.930900e-30
1.409531e+04	6.558632e-30
1.410029e+04	6.206204e-30
1.410527e+04	5.872567e-30
1.411025e+04	5.556726e-30
1.411523e+04	5.257741e-30
1.412021e+04	4.974719e-30
1.412519e+04	4.706814e-30
1.413017e+04	4.453226e-30
1.413514e+04	4.213194e-30
1.414012e+04	3.986001e-30
1.414510e+04	3.770965e-30
1.415008e+04	3.567440e-30
1.415506e+04	3.374815e-30
1.416004e+04	3.192511e-30
1.416502e+04	3.019980e-30
1.417000e+04	2.856701e-30
1.417498e+04	2.702183e-30
1.417995e+04	2.555959e-30
1.418493e+04	2.417586e-30
1.418991e+04	2.286648e-30
1.419489e+04	2.162748e-30
1.419987e+04	2.045509e-30
1.420485e+04	1.934578e-30
1.420983e+04	1.829617e-30
1.421481e+04	1.730307e-30
1.421979e+04	1.636347e-30
1.422477e+04	1.547450e-30
1.422974e+04	1.463346e-30
1.423472e+04	1.383779e-30
1.423970e+04	1.308505e-30
1.424468e+04	1.237295e-30
1.424966e+04	1.169931e-30
1.425464e+04	1.106207e-30
1.425962e+04	1.045928e-30
1.426460e+04	9.889091e-31
1.426958e+04	9.349750e-31
1.427455e+04	8.839602e-31
1.427953e+04	8.357081e-31
1.428451e+04	7.900701e-31
1.428949e+04	7.469058e-31
1.429447e+04	7.060820e-31
1.429945e+04	6.674728e-31
1.430443e+04	6.309590e-31
1.430941e+04	5.964278e-31
1.431439e+04	5.637724e-31
1.431936e+04	5.328915e-31
1.432434e+04	5.036896e-31
1.432932e+04	4.760760e-31
1.433430e+04	4.499650e-31
1.433928e+04	4.252754e-31
1.434426e+04	4.019306e-31
1.434924e+04	3.798577e-31
1.435422e+04	3.589880e-31
1.435920e+04	3.392564e-31
1.436417e+04	3.206014e-31
1.436915e+04	3.029645e-31
1.437413e+04	2.862908e-31
1.437911e+04	2.705279e-31
1.438409e+04	2.556266e-31
1.438907e+04	2.415400e-31
1.439405e+04	2.282239e-31
1.439903e+04	2.156366e-31
1.440401e+04	2.037384e-31
1.440898e+04	1.924919e-31
1.441396e+04	1.818617e-31
1.441894e+04	1.718142e-31
1.442392e+04	1.623177e-31
1.442890e+04	1.533424e-31
1.443388e+04	1.448596e-31
1.443886e+04	1.368428e-31
1.444384e+04	1.292663e-31
1.444882e+04	1.221063e-31
1.445380e+04	1.153400e-31
1.445877e+04	1.089459e-31
1.446375e+04	1.029037e-31
1.446873e+04	9.719420e-32
1.447371e+04	9.179918e-32
1.447869e+04	8.670145e-32
1.448367e+04	8.188475e-32
1.448865e+04	7.733372e-32
1.449363e+04	7.303379e-32
1.449861e+04	6.897123e-32
1.450358e+04	6.513303e-32
1.450856e+04	6.150688e-32
1.451354e+04	5.808115e-32
1.451852e+04	5.484486e-32
1.452350e+04	5.178759e-32
1.452848e+04	4.889953e-32
1.453346e+04	4.617138e-32
1.453844e+04	4.359434e-32
1.454342e+04	4.116011e-32
1.454839e+04	3.886083e-32
1.455337e+04	3.668907e-32
1.455835e+04	3.463782e-32
1.456333e+04	3.270043e-32
1.456831e+04	3.087064e-32
1.457329e+04	2.914251e-32
1.457827e+04	2.751042e-32
1.458325e+04	2.596910e-32
1.458823e+04	2.451351e-32
1.459320e+04	2.313893e-32
1.459818e+04	2.184089e-32
1.460316e+04	2.061514e-32
1.460814e+04	1.945771e-32
1.461312e+04	1.836479e-32
1.461810e+04	1.733283e-32
1.462308e+04	1.635845e-32
1.462806e+04	1.543846e-32
1.463304e+04	1.456985e-32
1.463802e+04	1.374976e-32
1.464299e+04	1.297551e-32
1.464797e+04	1.224455e-32
1.465295e+04	1.155447e-32
1.465793e+04	1.090302e-32
1.466291e+04	1.028804e-32
1.466789e+04	9.707505e-33
1.467287e+04	9.159499e-33
1.467785e+04	8.642212e-33
1.468283e+04	8.153936e-33
1.468780e+04	7.693055e-33
1.469278e+04	7.258042e-33
1.469776e+04	6.847456e-33
1.470274e+04	6.459936e-33
1.470772e+04	6.094194e-33
1.471270e+04	5.749016e-33
1.471768e+04	5.423253e-33
1.472266e+04	5.115822e-33
1.472764e+04	4.825697e-33
1.473261e+04	4.551912e-33
1.473759e+04	4.293552e-33
1.474257e+04	4.049756e-33
1.474755e+04	3.819707e-33
1.475253e+04	3.602636e-33
1.475751e+04	3.397816e-33
1.476249e+04	3.204561e-33
1.476747e+04	3.022222e-33
1.477245e+04	2.850186e-33
1.477742e+04	2.687877e-33
1.478240e+04	2.534746e-33
1.478738e+04	2.390281e-33
1.479236e+04	2.253992e-33
1.479734e+04	2.125421e-33
1.480232e+04	2.004134e-33
1.480730e+04	1.889721e-33
1.481228e+04	1.781795e-33
1.481726e+04	1.679991e-33
1.482224e+04	1.583964e-33
1.482721e+04	1.493388e-33
1.483219e+04	1.407957e-33
1.483717e+04	1.327380e-33
1.484215e+04	1.251382e-33
1.484713e+04	1.179707e-33
1.485211e+04	1.112109e-33
1.485709e+04	1.048358e-33
1.486207e+04	9.882370e-34
1.486705e+04	9.315405e-34
1.487202e+04	8.780748e-34
1.487700e+04	8.276570e-34
1.488198e+04	7.801147e-34
1.488696e+04	7.352849e-34
1.489194e+04	6.930139e-34
1.489692e+04	6.531568e-34
1.490190e+04	6.155765e-34
1.490688e+04	5.801440e-34
1.491186e+04	5.467373e-34
1.491683e+04	5.152414e-34
1.492181e+04	4.855477e-34
1.492679e+04	4.575539e-34
1.493177e+04	4.311632e-34
1.493675e+04	4.062845e-34
1.494173e+04	3.828318e-34
1.494671e+04	3.607239e-34
1.495169e+04	3.398842e-34
1.495667e+04	3.202404e-34
1.496164e+04	3.017244e-34
1.496662e+04	2.842719e-34
1.497160e+04	2.678221e-34
1.497658e+04	2.523180e-34
1.498156e+04	2.377054e-34
1.498654e+04	2.239335e-34
1.499152e+04	2.109543e-34
1.499650e+04	1.987223e-34
1.500148e+04	1.871949e-34
1.500645e+04	1.763318e-34
1.501143e+04	1.660949e-34
1.501641e+04	1.564484e-34
1.502139e+04	1.473585e-34
1.502637e+04	1.387933e-34
1.503135e+04	1.307226e-34
1.503633e+04	1.231182e-34
1.504131e+04	1.159532e-34
1.504629e+04	1.092025e-34
1.505127e+04	1.028422e-34
1.505624e+04	9.684993e-35
1.506122e+04	9.120454e-35
1.506620e+04	8.588607e-35
1.507118e+04	8.087572e-35
1.507616e+04	7.615576e-35
1.508114e+04	7.170946e-35
1.508612e+04	6.752107e-35
1.509110e+04	6.357573e-35
1.509608e+04	5.985942e-35
1.510105e+04	5.635893e-35
1.510603e+04	5.306182e-35
1.511101e+04	4.995635e-35
1.511599e+04	4.703146e-35
1.512097e+04	4.427671e-35
1.512595e+04	4.168226e-35
1.513093e+04	3.923886e-35
1.513591e+04	3.693777e-35
1.514089e+04	3.477075e-35
1.514586e+04	3.273005e-35
1.515084e+04	3.080835e-35
1.515582e+04	2.899875e-35
1.516080e+04	2.729476e-35
1.516578e+04	2.569025e-35
1.517076e+04	2.417946e-35
1.517574e+04	2.275695e-35
1.518072e+04	2.141759e-35
1.518570e+04	2.015655e-35
1.519067e+04	1.896929e-35
1.519565e+04	1.785151e-35
1.520063e+04	1.679918e-35
1.520561e+04	1.580849e-35
1.521059e+04	1.487585e-35
1.521557e+04	1.399788e-35
1.522055e+04	1.317140e-35
1.522553e+04	1.239341e-35
1.523051e+04	1.166108e-35
1.523549e+04	1.097175e-35
1.524046e+04	1.032291e-35
1.524544e+04	9.712200e-36
1.525042e+04	9.137390e-36
1.525540e+04	8.596385e-36
1.526038e+04	8.087209e-36
1.526536e+04	7.608002e-36
1.527034e+04	7.157012e-36
1.527532e+04	6.732587e-36
1.528030e+04	6.333173e-36
1.528527e+04	5.957306e-36
1.529025e+04	5.603606e-36
1.529523e+04	5.270774e-36
1.530021e+04	4.957587e-36
1.530519e+04	4.662893e-36
1.531017e+04	4.385606e-36
1.531515e+04	4.124706e-36
1.532013e+04	3.879230e-36
1.532511e+04	3.648272e-36
1.533008e+04	3.430979e-36
1.533506e+04	3.226547e-36
1.534004e+04	3.034220e-36
1.534502e+04	2.853286e-36
1.535000e+04	2.683074e-36
1.535498e+04	2.522953e-36
1.535996e+04	2.372329e-36
1.536494e+04	2.230641e-36
1.536992e+04	2.097363e-36
1.537489e+04	1.971999e-36
1.537987e+04	1.854082e-36
1.538485e+04	1.743172e-36
1.538983e+04	1.638856e-36
1.539481e+04	1.540744e-36
1.539979e+04	1.448469e-36
1.540477e+04	1.361686e-36
1.540975e+04	1.280071e-36
1.541473e+04	1.203318e-36
1.541971e+04	1.131138e-36
1.542468e+04	1.063262e-36
1.542966e+04	9.994335e-37
1.543464e+04	9.394133e-37
1.543962e+04	8.829754e-37
1.544460e+04	8.299075e-37
1.544958e+04	7.800095e-37
1.545456e+04	7.330933e-37
1.545954e+04	6.889818e-37
1.546452e+04	6.475083e-37
1.546949e+04	6.085162e-37
1.547447e+04	5.718578e-37
1.547945e+04	5.373944e-37
1.548443e+04	5.049953e-37
1.548941e+04	4.745376e-37
1.549439e+04	4.459058e-37
1.549937e+04	4.189911e-37
1.550435e+04	3.936910e-37
1.550933e+04	3.699095e-37
1.551430e+04	3.475558e-37
1.551928e+04	3.265447e-37
1.552426e+04	3.067962e-37
1.552924e+04	2.882349e-37
1.553422e+04	2.707897e-37
1.553920e+04	2.543940e-37
1.554418e+04	2.389851e-37
1.554916e+04	2.245039e-37
1.555414e+04	2.108949e-37
1.555911e+04	1.981059e-37
1.556409e+04	1.860878e-37
1.556907e+04	1.747944e-37
1.557405e+04	1.641822e-37
1.557903e+04	1.542105e-37
1.558401e+04	1.448409e-37
1.558899e+04	1.360371e-37
1.559397e+04	1.277652e-37
1.559895e+04	1.199933e-37
1.560392e+04	1.126914e-37
1.560890e+04	1.058311e-37
1.561388e+04	9.938602e-38
1.561886e+04	9.333109e-38
1.562384e+04	8.764285e-38
1.562882e+04	8.229924e-38
1.563380e+04	7.727950e-38
1.563878e+04	7.256411e-38
1.564376e+04	6.813474e-38
1.564874e+04	6.397415e-38
1.565371e+04	6.006611e-38
1.565869e+04	5.639540e-38
1.566367e+04	5.294769e-38
1.566865e+04	4.970950e-38
1.567363e+04	4.666820e-38
1.567861e+04	4.381187e-38
1.568359e+04	4.112933e-38
1.568857e+04	3.861007e-38
1.569355e+04	3.624422e-38
1.569852e+04	3.402249e-38
1.570350e+04	3.193615e-38
1.570848e+04	2.997700e-38
1.571346e+04	2.813733e-38
1.571844e+04	2.640990e-38
1.572342e+04	2.478790e-38
1.572840e+04	2.326494e-38
1.573338e+04	2.183500e-38
1.573836e+04	2.049244e-38
1.574333e+04	1.923194e-38
1.574831e+04	1.804853e-38
1.575329e+04	1.693752e-38
1.575827e+04	1.589449e-38
1.576325e+04	1.491533e-38
1.576823e+04	1.399614e-38
1.577321e+04	1.313326e-38
1.577819e+04	1.232328e-38
1.578317e+04	1.156296e-38
1.578814e+04	1.084927e-38
1.579312e+04	1.017939e-38
