# # p(y | x = 3.200000e+00)
# # y_val	p(y|x)
0.000000e+00	3.495148e-07
4.978917e+00	3.533578e-07
9.957833e+00	3.572404e-07
1.493675e+01	3.611631e-07
1.991567e+01	3.651260e-07
2.489458e+01	3.691297e-07
2.987350e+01	3.731746e-07
3.485242e+01	3.772609e-07
3.983133e+01	3.813892e-07
4.481025e+01	3.855597e-07
4.978917e+01	3.897730e-07
5.476808e+01	3.940294e-07
5.974700e+01	3.983293e-07
6.472592e+01	4.026731e-07
6.970483e+01	4.070613e-07
7.468375e+01	4.114942e-07
7.966267e+01	4.159723e-07
8.464158e+01	4.204960e-07
8.962050e+01	4.250658e-07
9.459942e+01	4.296820e-07
9.957833e+01	4.343451e-07
1.045573e+02	4.390556e-07
1.095362e+02	4.438138e-07
1.145151e+02	4.486203e-07
1.194940e+02	4.534754e-07
1.244729e+02	4.583797e-07
1.294518e+02	4.633336e-07
1.344308e+02	4.683375e-07
1.394097e+02	4.733920e-07
1.443886e+02	4.784974e-07
1.493675e+02	4.836543e-07
1.543464e+02	4.888632e-07
1.593253e+02	4.941244e-07
1.643043e+02	4.994386e-07
1.692832e+02	5.048062e-07
1.742621e+02	5.102276e-07
1.792410e+02	5.157035e-07
1.842199e+02	5.212342e-07
1.891988e+02	5.268204e-07
1.941778e+02	5.324624e-07
1.991567e+02	5.381609e-07
2.041356e+02	5.439163e-07
2.091145e+02	5.497292e-07
2.140934e+02	5.556000e-07
2.190723e+02	5.615294e-07
2.240513e+02	5.675178e-07
2.290302e+02	5.735659e-07
2.340091e+02	5.796741e-07
2.389880e+02	5.858429e-07
2.439669e+02	5.920730e-07
2.489458e+02	5.983650e-07
2.539248e+02	6.047192e-07
2.589037e+02	6.111364e-07
2.638826e+02	6.176172e-07
2.688615e+02	6.241620e-07
2.738404e+02	6.307714e-07
2.788193e+02	6.374461e-07
2.837983e+02	6.441867e-07
2.887772e+02	6.509937e-07
2.937561e+02	6.578677e-07
2.987350e+02	6.648093e-07
3.037139e+02	6.718192e-07
3.086928e+02	6.788980e-07
3.136718e+02	6.860463e-07
3.186507e+02	6.932646e-07
3.236296e+02	7.005537e-07
3.286085e+02	7.079142e-07
3.335874e+02	7.153467e-07
3.385663e+02	7.228518e-07
3.435453e+02	7.304303e-07
3.485242e+02	7.380827e-07
3.535031e+02	7.458097e-07
3.584820e+02	7.536121e-07
3.634609e+02	7.614903e-07
3.684398e+02	7.694453e-07
3.734188e+02	7.774775e-07
3.783977e+02	7.855877e-07
3.833766e+02	7.937767e-07
3.883555e+02	8.020450e-07
3.933344e+02	8.103935e-07
3.983133e+02	8.188227e-07
4.032923e+02	8.273335e-07
4.082712e+02	8.359265e-07
4.132501e+02	8.446024e-07
4.182290e+02	8.533621e-07
4.232079e+02	8.622062e-07
4.281868e+02	8.711355e-07
4.331658e+02	8.801507e-07
4.381447e+02	8.892526e-07
4.431236e+02	8.984420e-07
4.481025e+02	9.077195e-07
4.530814e+02	9.170860e-07
4.580603e+02	9.265423e-07
4.630393e+02	9.360892e-07
4.680182e+02	9.457273e-07
4.729971e+02	9.554576e-07
4.779760e+02	9.652808e-07
4.829549e+02	9.751978e-07
4.879338e+02	9.852093e-07
4.929128e+02	9.953162e-07
4.978917e+02	1.005519e-06
5.028706e+02	1.015819e-06
5.078495e+02	1.026217e-06
5.128284e+02	1.036714e-06
5.178073e+02	1.047311e-06
5.227863e+02	1.058007e-06
5.277652e+02	1.068805e-06
5.327441e+02	1.079706e-06
5.377230e+02	1.090709e-06
5.427019e+02	1.101816e-06
5.476808e+02	1.113028e-06
5.526598e+02	1.124346e-06
5.576387e+02	1.135770e-06
5.626176e+02	1.147302e-06
5.675965e+02	1.158943e-06
5.725754e+02	1.170692e-06
5.775543e+02	1.182553e-06
5.825333e+02	1.194524e-06
5.875122e+02	1.206608e-06
5.924911e+02	1.218804e-06
5.974700e+02	1.231115e-06
6.024489e+02	1.243541e-06
6.074278e+02	1.256083e-06
6.124068e+02	1.268743e-06
6.173857e+02	1.281520e-06
6.223646e+02	1.294416e-06
6.273435e+02	1.307432e-06
6.323224e+02	1.320570e-06
6.373013e+02	1.333829e-06
6.422803e+02	1.347212e-06
6.472592e+02	1.360719e-06
6.522381e+02	1.374351e-06
6.572170e+02	1.388109e-06
6.621959e+02	1.401994e-06
6.671748e+02	1.416008e-06
6.721538e+02	1.430151e-06
6.771327e+02	1.444425e-06
6.821116e+02	1.458830e-06
6.870905e+02	1.473369e-06
6.920694e+02	1.488040e-06
6.970483e+02	1.502847e-06
7.020273e+02	1.517790e-06
7.070062e+02	1.532870e-06
7.119851e+02	1.548089e-06
7.169640e+02	1.563446e-06
7.219429e+02	1.578945e-06
7.269218e+02	1.594585e-06
7.319008e+02	1.610368e-06
7.368797e+02	1.626296e-06
7.418586e+02	1.642368e-06
7.468375e+02	1.658587e-06
7.518164e+02	1.674954e-06
7.567953e+02	1.691470e-06
7.617743e+02	1.708136e-06
7.667532e+02	1.724953e-06
7.717321e+02	1.741923e-06
7.767110e+02	1.759047e-06
7.816899e+02	1.776326e-06
7.866688e+02	1.793761e-06
7.916478e+02	1.811354e-06
7.966267e+02	1.829106e-06
8.016056e+02	1.847018e-06
8.065845e+02	1.865091e-06
8.115634e+02	1.883328e-06
8.165423e+02	1.901728e-06
8.215213e+02	1.920294e-06
8.265002e+02	1.939027e-06
8.314791e+02	1.957929e-06
8.364580e+02	1.976999e-06
8.414369e+02	1.996241e-06
8.464158e+02	2.015655e-06
8.513948e+02	2.035242e-06
8.563737e+02	2.055005e-06
8.613526e+02	2.074944e-06
8.663315e+02	2.095061e-06
8.713104e+02	2.115357e-06
8.762893e+02	2.135834e-06
8.812683e+02	2.156493e-06
8.862472e+02	2.177336e-06
8.912261e+02	2.198364e-06
8.962050e+02	2.219578e-06
9.011839e+02	2.240981e-06
9.061628e+02	2.262573e-06
9.111418e+02	2.284356e-06
9.161207e+02	2.306331e-06
9.210996e+02	2.328501e-06
9.260785e+02	2.350866e-06
9.310574e+02	2.373429e-06
9.360363e+02	2.396190e-06
9.410153e+02	2.419152e-06
9.459942e+02	2.442315e-06
9.509731e+02	2.465682e-06
9.559520e+02	2.489254e-06
9.609309e+02	2.513032e-06
9.659098e+02	2.537019e-06
9.708888e+02	2.561216e-06
9.758677e+02	2.585624e-06
9.808466e+02	2.610246e-06
9.858255e+02	2.635082e-06
9.908044e+02	2.660135e-06
9.957833e+02	2.685406e-06
1.000762e+03	2.710897e-06
1.005741e+03	2.736609e-06
1.010720e+03	2.762545e-06
1.015699e+03	2.788706e-06
1.020678e+03	2.815094e-06
1.025657e+03	2.841710e-06
1.030636e+03	2.868557e-06
1.035615e+03	2.895635e-06
1.040594e+03	2.922948e-06
1.045573e+03	2.950496e-06
1.050551e+03	2.978282e-06
1.055530e+03	3.006307e-06
1.060509e+03	3.034573e-06
1.065488e+03	3.063082e-06
1.070467e+03	3.091836e-06
1.075446e+03	3.120837e-06
1.080425e+03	3.150086e-06
1.085404e+03	3.179586e-06
1.090383e+03	3.209338e-06
1.095362e+03	3.239345e-06
1.100341e+03	3.269607e-06
1.105320e+03	3.300128e-06
1.110298e+03	3.330909e-06
1.115277e+03	3.361952e-06
1.120256e+03	3.393259e-06
1.125235e+03	3.424833e-06
1.130214e+03	3.456674e-06
1.135193e+03	3.488785e-06
1.140172e+03	3.521169e-06
1.145151e+03	3.553826e-06
1.150130e+03	3.586760e-06
1.155109e+03	3.619972e-06
1.160088e+03	3.653465e-06
1.165067e+03	3.687240e-06
1.170045e+03	3.721299e-06
1.175024e+03	3.755645e-06
1.180003e+03	3.790280e-06
1.184982e+03	3.825206e-06
1.189961e+03	3.860425e-06
1.194940e+03	3.895939e-06
1.199919e+03	3.931751e-06
1.204898e+03	3.967863e-06
1.209877e+03	4.004276e-06
1.214856e+03	4.040993e-06
1.219835e+03	4.078017e-06
1.224814e+03	4.115349e-06
1.229792e+03	4.152993e-06
1.234771e+03	4.190949e-06
1.239750e+03	4.229221e-06
1.244729e+03	4.267810e-06
1.249708e+03	4.306720e-06
1.254687e+03	4.345952e-06
1.259666e+03	4.385509e-06
1.264645e+03	4.425393e-06
1.269624e+03	4.465606e-06
1.274603e+03	4.506152e-06
1.279582e+03	4.547031e-06
1.284561e+03	4.588248e-06
1.289539e+03	4.629803e-06
1.294518e+03	4.671701e-06
1.299497e+03	4.713942e-06
1.304476e+03	4.756530e-06
1.309455e+03	4.799467e-06
1.314434e+03	4.842755e-06
1.319413e+03	4.886398e-06
1.324392e+03	4.930397e-06
1.329371e+03	4.974755e-06
1.334350e+03	5.019475e-06
1.339329e+03	5.064560e-06
1.344308e+03	5.110011e-06
1.349286e+03	5.155832e-06
1.354265e+03	5.202025e-06
1.359244e+03	5.248593e-06
1.364223e+03	5.295538e-06
1.369202e+03	5.342864e-06
1.374181e+03	5.390572e-06
1.379160e+03	5.438666e-06
1.384139e+03	5.487148e-06
1.389118e+03	5.536021e-06
1.394097e+03	5.585288e-06
1.399076e+03	5.634952e-06
1.404055e+03	5.685015e-06
1.409033e+03	5.735480e-06
1.414012e+03	5.786349e-06
1.418991e+03	5.837627e-06
1.423970e+03	5.889315e-06
1.428949e+03	5.941417e-06
1.433928e+03	5.993935e-06
1.438907e+03	6.046872e-06
1.443886e+03	6.100232e-06
1.448865e+03	6.154016e-06
1.453844e+03	6.208229e-06
1.458823e+03	6.262872e-06
1.463802e+03	6.317950e-06
1.468780e+03	6.373464e-06
1.473759e+03	6.429418e-06
1.478738e+03	6.485816e-06
1.483717e+03	6.542659e-06
1.488696e+03	6.599952e-06
1.493675e+03	6.657696e-06
1.498654e+03	6.715896e-06
1.503633e+03	6.774555e-06
1.508612e+03	6.833675e-06
1.513591e+03	6.893259e-06
1.518570e+03	6.953311e-06
1.523549e+03	7.013835e-06
1.528527e+03	7.074832e-06
1.533506e+03	7.136307e-06
1.538485e+03	7.198262e-06
1.543464e+03	7.260702e-06
1.548443e+03	7.323628e-06
1.553422e+03	7.387045e-06
1.558401e+03	7.450956e-06
1.563380e+03	7.515363e-06
1.568359e+03	7.580271e-06
1.573338e+03	7.645683e-06
1.578317e+03	7.711602e-06
1.583296e+03	7.778031e-06
1.588274e+03	7.844974e-06
1.593253e+03	7.912435e-06
1.598232e+03	7.980416e-06
1.603211e+03	8.048922e-06
1.608190e+03	8.117955e-06
1.613169e+03	8.187519e-06
1.618148e+03	8.257618e-06
1.623127e+03	8.328255e-06
1.628106e+03	8.399434e-06
1.633085e+03	8.471158e-06
1.638064e+03	8.543432e-06
1.643043e+03	8.616257e-06
1.648021e+03	8.689639e-06
1.653000e+03	8.763581e-06
1.657979e+03	8.838086e-06
1.662958e+03	8.913158e-06
1.667937e+03	8.988801e-06
1.672916e+03	9.065018e-06
1.677895e+03	9.141814e-06
1.682874e+03	9.219192e-06
1.687853e+03	9.297156e-06
1.692832e+03	9.375709e-06
1.697811e+03	9.454855e-06
1.702790e+03	9.534599e-06
1.707768e+03	9.614944e-06
1.712747e+03	9.695893e-06
1.717726e+03	9.777452e-06
1.722705e+03	9.859623e-06
1.727684e+03	9.942411e-06
1.732663e+03	1.002582e-05
1.737642e+03	1.010985e-05
1.742621e+03	1.019451e-05
1.747600e+03	1.027981e-05
1.752579e+03	1.036574e-05
1.757558e+03	1.045231e-05
1.762537e+03	1.053952e-05
1.767515e+03	1.062739e-05
1.772494e+03	1.071591e-05
1.777473e+03	1.080508e-05
1.782452e+03	1.089491e-05
1.787431e+03	1.098541e-05
1.792410e+03	1.107658e-05
1.797389e+03	1.116843e-05
1.802368e+03	1.126095e-05
1.807347e+03	1.135415e-05
1.812326e+03	1.144804e-05
1.817305e+03	1.154262e-05
1.822284e+03	1.163789e-05
1.827262e+03	1.173387e-05
1.832241e+03	1.183054e-05
1.837220e+03	1.192793e-05
1.842199e+03	1.202603e-05
1.847178e+03	1.212484e-05
1.852157e+03	1.222437e-05
1.857136e+03	1.232463e-05
1.862115e+03	1.242562e-05
1.867094e+03	1.252735e-05
1.872073e+03	1.262981e-05
1.877052e+03	1.273302e-05
1.882031e+03	1.283697e-05
1.887009e+03	1.294168e-05
1.891988e+03	1.304714e-05
1.896967e+03	1.315337e-05
1.901946e+03	1.326036e-05
1.906925e+03	1.336812e-05
1.911904e+03	1.347666e-05
1.916883e+03	1.358598e-05
1.921862e+03	1.369608e-05
1.926841e+03	1.380697e-05
1.931820e+03	1.391866e-05
1.936799e+03	1.403114e-05
1.941778e+03	1.414443e-05
1.946756e+03	1.425853e-05
1.951735e+03	1.437344e-05
1.956714e+03	1.448917e-05
1.961693e+03	1.460573e-05
1.966672e+03	1.472311e-05
1.971651e+03	1.484132e-05
1.976630e+03	1.496037e-05
1.981609e+03	1.508027e-05
1.986588e+03	1.520101e-05
1.991567e+03	1.532261e-05
1.996546e+03	1.544506e-05
2.001525e+03	1.556838e-05
2.006503e+03	1.569256e-05
2.011482e+03	1.581762e-05
2.016461e+03	1.594355e-05
2.021440e+03	1.607037e-05
2.026419e+03	1.619808e-05
2.031398e+03	1.632668e-05
2.036377e+03	1.645617e-05
2.041356e+03	1.658658e-05
2.046335e+03	1.671789e-05
2.051314e+03	1.685011e-05
2.056293e+03	1.698326e-05
2.061272e+03	1.711733e-05
2.066250e+03	1.725232e-05
2.071229e+03	1.738826e-05
2.076208e+03	1.752513e-05
2.081187e+03	1.766296e-05
2.086166e+03	1.780173e-05
2.091145e+03	1.794146e-05
2.096124e+03	1.808215e-05
2.101103e+03	1.822381e-05
2.106082e+03	1.836644e-05
2.111061e+03	1.851005e-05
2.116040e+03	1.865465e-05
2.121019e+03	1.880024e-05
2.125997e+03	1.894682e-05
2.130976e+03	1.909440e-05
2.135955e+03	1.924299e-05
2.140934e+03	1.939259e-05
2.145913e+03	1.954320e-05
2.150892e+03	1.969484e-05
2.155871e+03	1.984751e-05
2.160850e+03	2.000122e-05
2.165829e+03	2.015596e-05
2.170808e+03	2.031175e-05
2.175787e+03	2.046860e-05
2.180766e+03	2.062650e-05
2.185744e+03	2.078546e-05
2.190723e+03	2.094549e-05
2.195702e+03	2.110660e-05
2.200681e+03	2.126879e-05
2.205660e+03	2.143207e-05
2.210639e+03	2.159644e-05
2.215618e+03	2.176191e-05
2.220597e+03	2.192848e-05
2.225576e+03	2.209616e-05
2.230555e+03	2.226496e-05
2.235534e+03	2.243488e-05
2.240513e+03	2.260594e-05
2.245491e+03	2.277812e-05
2.250470e+03	2.295145e-05
2.255449e+03	2.312592e-05
2.260428e+03	2.330155e-05
2.265407e+03	2.347833e-05
2.270386e+03	2.365628e-05
2.275365e+03	2.383541e-05
2.280344e+03	2.401571e-05
2.285323e+03	2.419719e-05
2.290302e+03	2.437986e-05
2.295281e+03	2.456373e-05
2.300260e+03	2.474881e-05
2.305238e+03	2.493509e-05
2.310217e+03	2.512259e-05
2.315196e+03	2.531130e-05
2.320175e+03	2.550125e-05
2.325154e+03	2.569243e-05
2.330133e+03	2.588485e-05
2.335112e+03	2.607852e-05
2.340091e+03	2.627345e-05
2.345070e+03	2.646963e-05
2.350049e+03	2.666708e-05
2.355028e+03	2.686580e-05
2.360007e+03	2.706580e-05
2.364985e+03	2.726709e-05
2.369964e+03	2.746967e-05
2.374943e+03	2.767355e-05
2.379922e+03	2.787873e-05
2.384901e+03	2.808523e-05
2.389880e+03	2.829305e-05
2.394859e+03	2.850219e-05
2.399838e+03	2.871266e-05
2.404817e+03	2.892448e-05
2.409796e+03	2.913764e-05
2.414775e+03	2.935215e-05
2.419754e+03	2.956802e-05
2.424732e+03	2.978526e-05
2.429711e+03	3.000387e-05
2.434690e+03	3.022386e-05
2.439669e+03	3.044524e-05
2.444648e+03	3.066801e-05
2.449627e+03	3.089218e-05
2.454606e+03	3.111775e-05
2.459585e+03	3.134475e-05
2.464564e+03	3.157316e-05
2.469543e+03	3.180300e-05
2.474522e+03	3.203427e-05
2.479501e+03	3.226699e-05
2.484479e+03	3.250116e-05
2.489458e+03	3.273678e-05
2.494437e+03	3.297386e-05
2.499416e+03	3.321242e-05
2.504395e+03	3.345245e-05
2.509374e+03	3.369396e-05
2.514353e+03	3.393697e-05
2.519332e+03	3.418148e-05
2.524311e+03	3.442749e-05
2.529290e+03	3.467501e-05
2.534269e+03	3.492405e-05
2.539248e+03	3.517462e-05
2.544226e+03	3.542673e-05
2.549205e+03	3.568037e-05
2.554184e+03	3.593557e-05
2.559163e+03	3.619232e-05
2.564142e+03	3.645063e-05
2.569121e+03	3.671052e-05
2.574100e+03	3.697198e-05
2.579079e+03	3.723503e-05
2.584058e+03	3.749967e-05
2.589037e+03	3.776591e-05
2.594016e+03	3.803376e-05
2.598995e+03	3.830322e-05
2.603973e+03	3.857430e-05
2.608952e+03	3.884702e-05
2.613931e+03	3.912137e-05
2.618910e+03	3.939736e-05
2.623889e+03	3.967501e-05
2.628868e+03	3.995432e-05
2.633847e+03	4.023529e-05
2.638826e+03	4.051794e-05
2.643805e+03	4.080227e-05
2.648784e+03	4.108829e-05
2.653763e+03	4.137601e-05
2.658742e+03	4.166543e-05
2.663720e+03	4.195657e-05
2.668699e+03	4.224942e-05
2.673678e+03	4.254400e-05
2.678657e+03	4.284032e-05
2.683636e+03	4.313838e-05
2.688615e+03	4.343819e-05
2.693594e+03	4.373976e-05
2.698573e+03	4.404310e-05
2.703552e+03	4.434821e-05
2.708531e+03	4.465510e-05
2.713510e+03	4.496378e-05
2.718489e+03	4.527425e-05
2.723467e+03	4.558653e-05
2.728446e+03	4.590063e-05
2.733425e+03	4.621654e-05
2.738404e+03	4.653429e-05
2.743383e+03	4.685386e-05
2.748362e+03	4.717529e-05
2.753341e+03	4.749856e-05
2.758320e+03	4.782369e-05
2.763299e+03	4.815069e-05
2.768278e+03	4.847957e-05
2.773257e+03	4.881033e-05
2.778236e+03	4.914298e-05
2.783214e+03	4.947753e-05
2.788193e+03	4.981399e-05
2.793172e+03	5.015236e-05
2.798151e+03	5.049265e-05
2.803130e+03	5.083488e-05
2.808109e+03	5.117904e-05
2.813088e+03	5.152515e-05
2.818067e+03	5.187322e-05
2.823046e+03	5.222325e-05
2.828025e+03	5.257525e-05
2.833004e+03	5.292922e-05
2.837983e+03	5.328519e-05
2.842961e+03	5.364315e-05
2.847940e+03	5.400311e-05
2.852919e+03	5.436509e-05
2.857898e+03	5.472908e-05
2.862877e+03	5.509510e-05
2.867856e+03	5.546316e-05
2.872835e+03	5.583325e-05
2.877814e+03	5.620540e-05
2.882793e+03	5.657962e-05
2.887772e+03	5.695589e-05
2.892751e+03	5.733425e-05
2.897730e+03	5.771469e-05
2.902708e+03	5.809722e-05
2.907687e+03	5.848185e-05
2.912666e+03	5.886858e-05
2.917645e+03	5.925744e-05
2.922624e+03	5.964842e-05
2.927603e+03	6.004154e-05
2.932582e+03	6.043679e-05
2.937561e+03	6.083419e-05
2.942540e+03	6.123376e-05
2.947519e+03	6.163548e-05
2.952498e+03	6.203939e-05
2.957477e+03	6.244547e-05
2.962455e+03	6.285375e-05
2.967434e+03	6.326422e-05
2.972413e+03	6.367690e-05
2.977392e+03	6.409180e-05
2.982371e+03	6.450892e-05
2.987350e+03	6.492827e-05
2.992329e+03	6.534986e-05
2.997308e+03	6.577370e-05
3.002287e+03	6.619979e-05
3.007266e+03	6.662815e-05
3.012245e+03	6.705879e-05
3.017224e+03	6.749170e-05
3.022202e+03	6.792690e-05
3.027181e+03	6.836441e-05
3.032160e+03	6.880421e-05
3.037139e+03	6.924634e-05
3.042118e+03	6.969078e-05
3.047097e+03	7.013756e-05
3.052076e+03	7.058667e-05
3.057055e+03	7.103813e-05
3.062034e+03	7.149195e-05
3.067013e+03	7.194813e-05
3.071992e+03	7.240669e-05
3.076971e+03	7.286762e-05
3.081949e+03	7.333094e-05
3.086928e+03	7.379666e-05
3.091907e+03	7.426479e-05
3.096886e+03	7.473533e-05
3.101865e+03	7.520829e-05
3.106844e+03	7.568368e-05
3.111823e+03	7.616151e-05
3.116802e+03	7.664179e-05
3.121781e+03	7.712452e-05
3.126760e+03	7.760971e-05
3.131739e+03	7.809738e-05
3.136718e+03	7.858753e-05
3.141696e+03	7.908016e-05
3.146675e+03	7.957529e-05
3.151654e+03	8.007292e-05
3.156633e+03	8.057307e-05
3.161612e+03	8.107574e-05
3.166591e+03	8.158093e-05
3.171570e+03	8.208867e-05
3.176549e+03	8.259895e-05
3.181528e+03	8.311178e-05
3.186507e+03	8.362718e-05
3.191486e+03	8.414514e-05
3.196465e+03	8.466569e-05
3.201443e+03	8.518882e-05
3.206422e+03	8.571454e-05
3.211401e+03	8.624287e-05
3.216380e+03	8.677381e-05
3.221359e+03	8.730737e-05
3.226338e+03	8.784356e-05
3.231317e+03	8.838238e-05
3.236296e+03	8.892384e-05
3.241275e+03	8.946796e-05
3.246254e+03	9.001473e-05
3.251233e+03	9.056418e-05
3.256212e+03	9.111630e-05
3.261190e+03	9.167110e-05
3.266169e+03	9.222860e-05
3.271148e+03	9.278880e-05
3.276127e+03	9.335170e-05
3.281106e+03	9.391732e-05
3.286085e+03	9.448567e-05
3.291064e+03	9.505675e-05
3.296043e+03	9.563056e-05
3.301022e+03	9.620713e-05
3.306001e+03	9.678645e-05
3.310980e+03	9.736854e-05
3.315959e+03	9.795340e-05
3.320937e+03	9.854104e-05
3.325916e+03	9.913146e-05
3.330895e+03	9.972468e-05
3.335874e+03	1.003207e-04
3.340853e+03	1.009195e-04
3.345832e+03	1.015212e-04
3.350811e+03	1.021257e-04
3.355790e+03	1.027330e-04
3.360769e+03	1.033432e-04
3.365748e+03	1.039562e-04
3.370727e+03	1.045721e-04
3.375706e+03	1.051908e-04
3.380684e+03	1.058124e-04
3.385663e+03	1.064369e-04
3.390642e+03	1.070643e-04
3.395621e+03	1.076946e-04
3.400600e+03	1.083277e-04
3.405579e+03	1.089638e-04
3.410558e+03	1.096029e-04
3.415537e+03	1.102448e-04
3.420516e+03	1.108897e-04
3.425495e+03	1.115375e-04
3.430474e+03	1.121883e-04
3.435453e+03	1.128420e-04
3.440431e+03	1.134987e-04
3.445410e+03	1.141584e-04
3.450389e+03	1.148210e-04
3.455368e+03	1.154866e-04
3.460347e+03	1.161553e-04
3.465326e+03	1.168269e-04
3.470305e+03	1.175015e-04
3.475284e+03	1.181792e-04
3.480263e+03	1.188599e-04
3.485242e+03	1.195436e-04
3.490221e+03	1.202303e-04
3.495200e+03	1.209201e-04
3.500178e+03	1.216130e-04
3.505157e+03	1.223089e-04
3.510136e+03	1.230079e-04
3.515115e+03	1.237099e-04
3.520094e+03	1.244150e-04
3.525073e+03	1.251233e-04
3.530052e+03	1.258346e-04
3.535031e+03	1.265490e-04
3.540010e+03	1.272665e-04
3.544989e+03	1.279872e-04
3.549968e+03	1.287109e-04
3.554947e+03	1.294378e-04
3.559925e+03	1.301679e-04
3.564904e+03	1.309010e-04
3.569883e+03	1.316374e-04
3.574862e+03	1.323769e-04
3.579841e+03	1.331195e-04
3.584820e+03	1.338653e-04
3.589799e+03	1.346143e-04
3.594778e+03	1.353665e-04
3.599757e+03	1.361219e-04
3.604736e+03	1.368804e-04
3.609715e+03	1.376422e-04
3.614694e+03	1.384072e-04
3.619672e+03	1.391754e-04
3.624651e+03	1.399468e-04
3.629630e+03	1.407215e-04
3.634609e+03	1.414994e-04
3.639588e+03	1.422805e-04
3.644567e+03	1.430649e-04
3.649546e+03	1.438525e-04
3.654525e+03	1.446434e-04
3.659504e+03	1.454375e-04
3.664483e+03	1.462350e-04
3.669462e+03	1.470357e-04
3.674441e+03	1.478397e-04
3.679419e+03	1.486469e-04
3.684398e+03	1.494575e-04
3.689377e+03	1.502714e-04
3.694356e+03	1.510886e-04
3.699335e+03	1.519091e-04
3.704314e+03	1.527329e-04
3.709293e+03	1.535601e-04
3.714272e+03	1.543905e-04
3.719251e+03	1.552243e-04
3.724230e+03	1.560615e-04
3.729209e+03	1.569020e-04
3.734188e+03	1.577459e-04
3.739166e+03	1.585931e-04
3.744145e+03	1.594437e-04
3.749124e+03	1.602976e-04
3.754103e+03	1.611549e-04
3.759082e+03	1.620156e-04
3.764061e+03	1.628797e-04
3.769040e+03	1.637472e-04
3.774019e+03	1.646181e-04
3.778998e+03	1.654924e-04
3.783977e+03	1.663701e-04
3.788956e+03	1.672511e-04
3.793935e+03	1.681357e-04
3.798913e+03	1.690236e-04
3.803892e+03	1.699149e-04
3.808871e+03	1.708097e-04
3.813850e+03	1.717079e-04
3.818829e+03	1.726096e-04
3.823808e+03	1.735147e-04
3.828787e+03	1.744233e-04
3.833766e+03	1.753353e-04
3.838745e+03	1.762507e-04
3.843724e+03	1.771697e-04
3.848703e+03	1.780920e-04
3.853682e+03	1.790179e-04
3.858660e+03	1.799472e-04
3.863639e+03	1.808801e-04
3.868618e+03	1.818164e-04
3.873597e+03	1.827561e-04
3.878576e+03	1.836994e-04
3.883555e+03	1.846462e-04
3.888534e+03	1.855965e-04
3.893513e+03	1.865502e-04
3.898492e+03	1.875075e-04
3.903471e+03	1.884683e-04
3.908450e+03	1.894326e-04
3.913429e+03	1.904004e-04
3.918407e+03	1.913718e-04
3.923386e+03	1.923466e-04
3.928365e+03	1.933250e-04
3.933344e+03	1.943070e-04
3.938323e+03	1.952924e-04
3.943302e+03	1.962814e-04
3.948281e+03	1.972740e-04
3.953260e+03	1.982701e-04
3.958239e+03	1.992697e-04
3.963218e+03	2.002729e-04
3.968197e+03	2.012796e-04
3.973176e+03	2.022899e-04
3.978154e+03	2.033037e-04
3.983133e+03	2.043212e-04
3.988112e+03	2.053421e-04
3.993091e+03	2.063667e-04
3.998070e+03	2.073948e-04
4.003049e+03	2.084265e-04
4.008028e+03	2.094617e-04
4.013007e+03	2.105006e-04
4.017986e+03	2.115430e-04
4.022965e+03	2.125890e-04
4.027944e+03	2.136385e-04
4.032923e+03	2.146917e-04
4.037901e+03	2.157484e-04
4.042880e+03	2.168088e-04
4.047859e+03	2.178727e-04
4.052838e+03	2.189402e-04
4.057817e+03	2.200113e-04
4.062796e+03	2.210860e-04
4.067775e+03	2.221643e-04
4.072754e+03	2.232463e-04
4.077733e+03	2.243318e-04
4.082712e+03	2.254209e-04
4.087691e+03	2.265136e-04
4.092670e+03	2.276099e-04
4.097648e+03	2.287098e-04
4.102627e+03	2.298133e-04
4.107606e+03	2.309204e-04
4.112585e+03	2.320312e-04
4.117564e+03	2.331455e-04
4.122543e+03	2.342635e-04
4.127522e+03	2.353850e-04
4.132501e+03	2.365102e-04
4.137480e+03	2.376390e-04
4.142459e+03	2.387714e-04
4.147438e+03	2.399074e-04
4.152417e+03	2.410470e-04
4.157395e+03	2.421903e-04
4.162374e+03	2.433371e-04
4.167353e+03	2.444875e-04
4.172332e+03	2.456416e-04
4.177311e+03	2.467993e-04
4.182290e+03	2.479606e-04
4.187269e+03	2.491255e-04
4.192248e+03	2.502940e-04
4.197227e+03	2.514661e-04
4.202206e+03	2.526418e-04
4.207185e+03	2.538212e-04
4.212164e+03	2.550041e-04
4.217142e+03	2.561907e-04
4.222121e+03	2.573809e-04
4.227100e+03	2.585746e-04
4.232079e+03	2.597720e-04
4.237058e+03	2.609730e-04
4.242037e+03	2.621776e-04
4.247016e+03	2.633857e-04
4.251995e+03	2.645975e-04
4.256974e+03	2.658129e-04
4.261953e+03	2.670319e-04
4.266932e+03	2.682544e-04
4.271911e+03	2.694806e-04
4.276889e+03	2.707103e-04
4.281868e+03	2.719437e-04
4.286847e+03	2.731806e-04
4.291826e+03	2.744211e-04
4.296805e+03	2.756652e-04
4.301784e+03	2.769129e-04
4.306763e+03	2.781641e-04
4.311742e+03	2.794190e-04
4.316721e+03	2.806774e-04
4.321700e+03	2.819393e-04
4.326679e+03	2.832049e-04
4.331658e+03	2.844740e-04
4.336636e+03	2.857467e-04
4.341615e+03	2.870229e-04
4.346594e+03	2.883027e-04
4.351573e+03	2.895860e-04
4.356552e+03	2.908729e-04
4.361531e+03	2.921633e-04
4.366510e+03	2.934573e-04
4.371489e+03	2.947548e-04
4.376468e+03	2.960558e-04
4.381447e+03	2.973604e-04
4.386426e+03	2.986685e-04
4.391405e+03	2.999801e-04
4.396383e+03	3.012952e-04
4.401362e+03	3.026139e-04
4.406341e+03	3.039361e-04
4.411320e+03	3.052617e-04
4.416299e+03	3.065909e-04
4.421278e+03	3.079236e-04
4.426257e+03	3.092597e-04
4.431236e+03	3.105994e-04
4.436215e+03	3.119425e-04
4.441194e+03	3.132891e-04
4.446173e+03	3.146392e-04
4.451152e+03	3.159927e-04
4.456130e+03	3.173498e-04
4.461109e+03	3.187102e-04
4.466088e+03	3.200741e-04
4.471067e+03	3.214415e-04
4.476046e+03	3.228123e-04
4.481025e+03	3.241866e-04
4.486004e+03	3.255642e-04
4.490983e+03	3.269453e-04
4.495962e+03	3.283298e-04
4.500941e+03	3.297177e-04
4.505920e+03	3.311091e-04
4.510899e+03	3.325038e-04
4.515877e+03	3.339019e-04
4.520856e+03	3.353034e-04
4.525835e+03	3.367083e-04
4.530814e+03	3.381165e-04
4.535793e+03	3.395281e-04
4.540772e+03	3.409431e-04
4.545751e+03	3.423614e-04
4.550730e+03	3.437830e-04
4.555709e+03	3.452080e-04
4.560688e+03	3.466364e-04
4.565667e+03	3.480680e-04
4.570646e+03	3.495030e-04
4.575624e+03	3.509412e-04
4.580603e+03	3.523828e-04
4.585582e+03	3.538276e-04
4.590561e+03	3.552758e-04
4.595540e+03	3.567272e-04
4.600519e+03	3.581818e-04
4.605498e+03	3.596398e-04
4.610477e+03	3.611009e-04
4.615456e+03	3.625653e-04
4.620435e+03	3.640330e-04
4.625414e+03	3.655038e-04
4.630393e+03	3.669779e-04
4.635371e+03	3.684552e-04
4.640350e+03	3.699357e-04
4.645329e+03	3.714193e-04
4.650308e+03	3.729062e-04
4.655287e+03	3.743962e-04
4.660266e+03	3.758894e-04
4.665245e+03	3.773857e-04
4.670224e+03	3.788851e-04
4.675203e+03	3.803877e-04
4.680182e+03	3.818934e-04
4.685161e+03	3.834022e-04
4.690140e+03	3.849141e-04
4.695118e+03	3.864291e-04
4.700097e+03	3.879472e-04
4.705076e+03	3.894683e-04
4.710055e+03	3.909925e-04
4.715034e+03	3.925197e-04
4.720013e+03	3.940500e-04
4.724992e+03	3.955833e-04
4.729971e+03	3.971196e-04
4.734950e+03	3.986589e-04
4.739929e+03	4.002012e-04
4.744908e+03	4.017465e-04
4.749887e+03	4.032947e-04
4.754865e+03	4.048459e-04
4.759844e+03	4.064000e-04
4.764823e+03	4.079571e-04
4.769802e+03	4.095171e-04
4.774781e+03	4.110800e-04
4.779760e+03	4.126458e-04
4.784739e+03	4.142144e-04
4.789718e+03	4.157860e-04
4.794697e+03	4.173604e-04
4.799676e+03	4.189376e-04
4.804655e+03	4.205177e-04
4.809634e+03	4.221006e-04
4.814612e+03	4.236863e-04
4.819591e+03	4.252748e-04
4.824570e+03	4.268661e-04
4.829549e+03	4.284602e-04
4.834528e+03	4.300570e-04
4.839507e+03	4.316565e-04
4.844486e+03	4.332588e-04
4.849465e+03	4.348637e-04
4.854444e+03	4.364714e-04
4.859423e+03	4.380818e-04
4.864402e+03	4.396948e-04
4.869381e+03	4.413105e-04
4.874359e+03	4.429289e-04
4.879338e+03	4.445498e-04
4.884317e+03	4.461734e-04
4.889296e+03	4.477996e-04
4.894275e+03	4.494283e-04
4.899254e+03	4.510596e-04
4.904233e+03	4.526935e-04
4.909212e+03	4.543299e-04
4.914191e+03	4.559689e-04
4.919170e+03	4.576103e-04
4.924149e+03	4.592543e-04
4.929128e+03	4.609007e-04
4.934106e+03	4.625496e-04
4.939085e+03	4.642009e-04
4.944064e+03	4.658547e-04
4.949043e+03	4.675108e-04
4.954022e+03	4.691694e-04
4.959001e+03	4.708304e-04
4.963980e+03	4.724937e-04
4.968959e+03	4.741593e-04
4.973938e+03	4.758273e-04
4.978917e+03	4.774977e-04
4.983896e+03	4.791703e-04
4.988875e+03	4.808452e-04
4.993853e+03	4.825223e-04
4.998832e+03	4.842017e-04
5.003811e+03	4.858834e-04
5.008790e+03	4.875672e-04
5.013769e+03	4.892533e-04
5.018748e+03	4.909415e-04
5.023727e+03	4.926319e-04
5.028706e+03	4.943244e-04
5.033685e+03	4.960191e-04
5.038664e+03	4.977159e-04
5.043643e+03	4.994147e-04
5.048622e+03	5.011156e-04
5.053600e+03	5.028186e-04
5.058579e+03	5.045236e-04
5.063558e+03	5.062307e-04
5.068537e+03	5.079397e-04
5.073516e+03	5.096507e-04
5.078495e+03	5.113636e-04
5.083474e+03	5.130786e-04
5.088453e+03	5.147954e-04
5.093432e+03	5.165141e-04
5.098411e+03	5.182347e-04
5.103390e+03	5.199572e-04
5.108369e+03	5.216815e-04
5.113347e+03	5.234077e-04
5.118326e+03	5.251356e-04
5.123305e+03	5.268654e-04
5.128284e+03	5.285969e-04
5.133263e+03	5.303301e-04
5.138242e+03	5.320651e-04
5.143221e+03	5.338017e-04
5.148200e+03	5.355401e-04
5.153179e+03	5.372801e-04
5.158158e+03	5.390218e-04
5.163137e+03	5.407651e-04
5.168116e+03	5.425100e-04
5.173094e+03	5.442565e-04
5.178073e+03	5.460045e-04
5.183052e+03	5.477541e-04
5.188031e+03	5.495052e-04
5.193010e+03	5.512578e-04
5.197989e+03	5.530119e-04
5.202968e+03	5.547674e-04
5.207947e+03	5.565244e-04
5.212926e+03	5.582827e-04
5.217905e+03	5.600425e-04
5.222884e+03	5.618036e-04
5.227863e+03	5.635661e-04
5.232841e+03	5.653299e-04
5.237820e+03	5.670950e-04
5.242799e+03	5.688614e-04
5.247778e+03	5.706290e-04
5.252757e+03	5.723979e-04
5.257736e+03	5.741680e-04
5.262715e+03	5.759392e-04
5.267694e+03	5.777117e-04
5.272673e+03	5.794853e-04
5.277652e+03	5.812600e-04
5.282631e+03	5.830358e-04
5.287610e+03	5.848126e-04
5.292588e+03	5.865906e-04
5.297567e+03	5.883695e-04
5.302546e+03	5.901495e-04
5.307525e+03	5.919304e-04
5.312504e+03	5.937123e-04
5.317483e+03	5.954952e-04
5.322462e+03	5.972789e-04
5.327441e+03	5.990636e-04
5.332420e+03	6.008491e-04
5.337399e+03	6.026354e-04
5.342378e+03	6.044226e-04
5.347357e+03	6.062105e-04
5.352335e+03	6.079992e-04
5.357314e+03	6.097887e-04
5.362293e+03	6.115788e-04
5.367272e+03	6.133697e-04
5.372251e+03	6.151612e-04
5.377230e+03	6.169534e-04
5.382209e+03	6.187462e-04
5.387188e+03	6.205396e-04
5.392167e+03	6.223335e-04
5.397146e+03	6.241280e-04
5.402125e+03	6.259230e-04
5.407104e+03	6.277186e-04
5.412082e+03	6.295145e-04
5.417061e+03	6.313110e-04
5.422040e+03	6.331078e-04
5.427019e+03	6.349050e-04
5.431998e+03	6.367026e-04
5.436977e+03	6.385005e-04
5.441956e+03	6.402988e-04
5.446935e+03	6.420973e-04
5.451914e+03	6.438961e-04
5.456893e+03	6.456952e-04
5.461872e+03	6.474944e-04
5.466851e+03	6.492938e-04
5.471829e+03	6.510934e-04
5.476808e+03	6.528931e-04
5.481787e+03	6.546930e-04
5.486766e+03	6.564929e-04
5.491745e+03	6.582928e-04
5.496724e+03	6.600928e-04
5.501703e+03	6.618928e-04
5.506682e+03	6.636927e-04
5.511661e+03	6.654926e-04
5.516640e+03	6.672924e-04
5.521619e+03	6.690921e-04
5.526598e+03	6.708917e-04
5.531576e+03	6.726910e-04
5.536555e+03	6.744903e-04
5.541534e+03	6.762892e-04
5.546513e+03	6.780880e-04
5.551492e+03	6.798865e-04
5.556471e+03	6.816846e-04
5.561450e+03	6.834825e-04
5.566429e+03	6.852799e-04
5.571408e+03	6.870770e-04
5.576387e+03	6.888737e-04
5.581366e+03	6.906700e-04
5.586345e+03	6.924658e-04
5.591323e+03	6.942610e-04
5.596302e+03	6.960558e-04
5.601281e+03	6.978500e-04
5.606260e+03	6.996436e-04
5.611239e+03	7.014367e-04
5.616218e+03	7.032291e-04
5.621197e+03	7.050208e-04
5.626176e+03	7.068118e-04
5.631155e+03	7.086021e-04
5.636134e+03	7.103917e-04
5.641113e+03	7.121805e-04
5.646092e+03	7.139684e-04
5.651070e+03	7.157556e-04
5.656049e+03	7.175419e-04
5.661028e+03	7.193272e-04
5.666007e+03	7.211117e-04
5.670986e+03	7.228952e-04
5.675965e+03	7.246778e-04
5.680944e+03	7.264593e-04
5.685923e+03	7.282398e-04
5.690902e+03	7.300192e-04
5.695881e+03	7.317975e-04
5.700860e+03	7.335747e-04
5.705839e+03	7.353507e-04
5.710817e+03	7.371256e-04
5.715796e+03	7.388993e-04
5.720775e+03	7.406717e-04
5.725754e+03	7.424428e-04
5.730733e+03	7.442126e-04
5.735712e+03	7.459811e-04
5.740691e+03	7.477483e-04
5.745670e+03	7.495140e-04
5.750649e+03	7.512784e-04
5.755628e+03	7.530413e-04
5.760607e+03	7.548027e-04
5.765586e+03	7.565626e-04
5.770564e+03	7.583209e-04
5.775543e+03	7.600777e-04
5.780522e+03	7.618329e-04
5.785501e+03	7.635865e-04
5.790480e+03	7.653384e-04
5.795459e+03	7.670887e-04
5.800438e+03	7.688372e-04
5.805417e+03	7.705840e-04
5.810396e+03	7.723289e-04
5.815375e+03	7.740721e-04
5.820354e+03	7.758135e-04
5.825333e+03	7.775530e-04
5.830311e+03	7.792905e-04
5.835290e+03	7.810262e-04
5.840269e+03	7.827599e-04
5.845248e+03	7.844916e-04
5.850227e+03	7.862213e-04
5.855206e+03	7.879490e-04
5.860185e+03	7.896745e-04
5.865164e+03	7.913980e-04
5.870143e+03	7.931193e-04
5.875122e+03	7.948385e-04
5.880101e+03	7.965554e-04
5.885080e+03	7.982702e-04
5.890058e+03	7.999826e-04
5.895037e+03	8.016928e-04
5.900016e+03	8.034007e-04
5.904995e+03	8.051062e-04
5.909974e+03	8.068093e-04
5.914953e+03	8.085100e-04
5.919932e+03	8.102083e-04
5.924911e+03	8.119041e-04
5.929890e+03	8.135974e-04
5.934869e+03	8.152882e-04
5.939848e+03	8.169764e-04
5.944827e+03	8.186620e-04
5.949805e+03	8.203450e-04
5.954784e+03	8.220253e-04
5.959763e+03	8.237030e-04
5.964742e+03	8.253779e-04
5.969721e+03	8.270501e-04
5.974700e+03	8.287195e-04
5.979679e+03	8.303861e-04
5.984658e+03	8.320498e-04
5.989637e+03	8.337107e-04
5.994616e+03	8.353687e-04
5.999595e+03	8.370238e-04
6.004574e+03	8.386759e-04
6.009552e+03	8.403250e-04
6.014531e+03	8.419711e-04
6.019510e+03	8.436142e-04
6.024489e+03	8.452541e-04
6.029468e+03	8.468910e-04
6.034447e+03	8.485247e-04
6.039426e+03	8.501552e-04
6.044405e+03	8.517826e-04
6.049384e+03	8.534067e-04
6.054363e+03	8.550275e-04
6.059342e+03	8.566450e-04
6.064321e+03	8.582593e-04
6.069299e+03	8.598701e-04
6.074278e+03	8.614776e-04
6.079257e+03	8.630817e-04
6.084236e+03	8.646823e-04
6.089215e+03	8.662794e-04
6.094194e+03	8.678731e-04
6.099173e+03	8.694632e-04
6.104152e+03	8.710497e-04
6.109131e+03	8.726326e-04
6.114110e+03	8.742120e-04
6.119089e+03	8.757876e-04
6.124068e+03	8.773596e-04
6.129046e+03	8.789278e-04
6.134025e+03	8.804924e-04
6.139004e+03	8.820531e-04
6.143983e+03	8.836100e-04
6.148962e+03	8.851631e-04
6.153941e+03	8.867123e-04
6.158920e+03	8.882577e-04
6.163899e+03	8.897991e-04
6.168878e+03	8.913365e-04
6.173857e+03	8.928700e-04
6.178836e+03	8.943994e-04
6.183815e+03	8.959248e-04
6.188793e+03	8.974461e-04
6.193772e+03	8.989634e-04
6.198751e+03	9.004765e-04
6.203730e+03	9.019854e-04
6.208709e+03	9.034901e-04
6.213688e+03	9.049906e-04
6.218667e+03	9.064869e-04
6.223646e+03	9.079789e-04
6.228625e+03	9.094665e-04
6.233604e+03	9.109499e-04
6.238583e+03	9.124288e-04
6.243562e+03	9.139034e-04
6.248540e+03	9.153736e-04
6.253519e+03	9.168393e-04
6.258498e+03	9.183005e-04
6.263477e+03	9.197571e-04
6.268456e+03	9.212093e-04
6.273435e+03	9.226569e-04
6.278414e+03	9.240999e-04
6.283393e+03	9.255382e-04
6.288372e+03	9.269719e-04
6.293351e+03	9.284009e-04
6.298330e+03	9.298252e-04
6.303309e+03	9.312448e-04
6.308287e+03	9.326595e-04
6.313266e+03	9.340695e-04
6.318245e+03	9.354747e-04
6.323224e+03	9.368750e-04
6.328203e+03	9.382704e-04
6.333182e+03	9.396609e-04
6.338161e+03	9.410465e-04
6.343140e+03	9.424271e-04
6.348119e+03	9.438027e-04
6.353098e+03	9.451733e-04
6.358077e+03	9.465388e-04
6.363056e+03	9.478993e-04
6.368034e+03	9.492546e-04
6.373013e+03	9.506048e-04
6.377992e+03	9.519499e-04
6.382971e+03	9.532897e-04
6.387950e+03	9.546244e-04
6.392929e+03	9.559538e-04
6.397908e+03	9.572779e-04
6.402887e+03	9.585968e-04
6.407866e+03	9.599103e-04
6.412845e+03	9.612185e-04
6.417824e+03	9.625213e-04
6.422803e+03	9.638187e-04
6.427781e+03	9.651106e-04
6.432760e+03	9.663971e-04
6.437739e+03	9.676781e-04
6.442718e+03	9.689536e-04
6.447697e+03	9.702236e-04
6.452676e+03	9.714880e-04
6.457655e+03	9.727468e-04
6.462634e+03	9.740001e-04
6.467613e+03	9.752476e-04
6.472592e+03	9.764895e-04
6.477571e+03	9.777257e-04
6.482550e+03	9.789562e-04
6.487528e+03	9.801810e-04
6.492507e+03	9.814000e-04
6.497486e+03	9.826132e-04
6.502465e+03	9.838205e-04
6.507444e+03	9.850221e-04
6.512423e+03	9.862177e-04
6.517402e+03	9.874075e-04
6.522381e+03	9.885913e-04
6.527360e+03	9.897692e-04
6.532339e+03	9.909412e-04
6.537318e+03	9.921071e-04
6.542297e+03	9.932670e-04
6.547275e+03	9.944209e-04
6.552254e+03	9.955688e-04
6.557233e+03	9.967105e-04
6.562212e+03	9.978461e-04
6.567191e+03	9.989756e-04
6.572170e+03	1.000099e-03
6.577149e+03	1.001216e-03
6.582128e+03	1.002327e-03
6.587107e+03	1.003432e-03
6.592086e+03	1.004530e-03
6.597065e+03	1.005622e-03
6.602044e+03	1.006708e-03
6.607022e+03	1.007788e-03
6.612001e+03	1.008861e-03
6.616980e+03	1.009928e-03
6.621959e+03	1.010988e-03
6.626938e+03	1.012042e-03
6.631917e+03	1.013090e-03
6.636896e+03	1.014131e-03
6.641875e+03	1.015165e-03
6.646854e+03	1.016194e-03
6.651833e+03	1.017215e-03
6.656812e+03	1.018230e-03
6.661791e+03	1.019239e-03
6.666769e+03	1.020241e-03
6.671748e+03	1.021236e-03
6.676727e+03	1.022225e-03
6.681706e+03	1.023207e-03
6.686685e+03	1.024182e-03
6.691664e+03	1.025151e-03
6.696643e+03	1.026112e-03
6.701622e+03	1.027068e-03
6.706601e+03	1.028016e-03
6.711580e+03	1.028958e-03
6.716559e+03	1.029893e-03
6.721538e+03	1.030821e-03
6.726516e+03	1.031742e-03
6.731495e+03	1.032656e-03
6.736474e+03	1.033564e-03
6.741453e+03	1.034464e-03
6.746432e+03	1.035358e-03
6.751411e+03	1.036244e-03
6.756390e+03	1.037124e-03
6.761369e+03	1.037997e-03
6.766348e+03	1.038863e-03
6.771327e+03	1.039721e-03
6.776306e+03	1.040573e-03
6.781285e+03	1.041418e-03
6.786263e+03	1.042256e-03
6.791242e+03	1.043086e-03
6.796221e+03	1.043909e-03
6.801200e+03	1.044726e-03
6.806179e+03	1.045535e-03
6.811158e+03	1.046337e-03
6.816137e+03	1.047132e-03
6.821116e+03	1.047919e-03
6.826095e+03	1.048700e-03
6.831074e+03	1.049473e-03
6.836053e+03	1.050239e-03
6.841032e+03	1.050998e-03
6.846010e+03	1.051749e-03
6.850989e+03	1.052493e-03
6.855968e+03	1.053230e-03
6.860947e+03	1.053960e-03
6.865926e+03	1.054682e-03
6.870905e+03	1.055397e-03
6.875884e+03	1.056104e-03
6.880863e+03	1.056804e-03
6.885842e+03	1.057497e-03
6.890821e+03	1.058182e-03
6.895800e+03	1.058860e-03
6.900779e+03	1.059530e-03
6.905757e+03	1.060193e-03
6.910736e+03	1.060849e-03
6.915715e+03	1.061497e-03
6.920694e+03	1.062137e-03
6.925673e+03	1.062770e-03
6.930652e+03	1.063395e-03
6.935631e+03	1.064013e-03
6.940610e+03	1.064623e-03
6.945589e+03	1.065226e-03
6.950568e+03	1.065821e-03
6.955547e+03	1.066409e-03
6.960526e+03	1.066988e-03
6.965504e+03	1.067561e-03
6.970483e+03	1.068125e-03
6.975462e+03	1.068682e-03
6.980441e+03	1.069232e-03
6.985420e+03	1.069773e-03
6.990399e+03	1.070307e-03
6.995378e+03	1.070833e-03
7.000357e+03	1.071352e-03
7.005336e+03	1.071863e-03
7.010315e+03	1.072366e-03
7.015294e+03	1.072861e-03
7.020273e+03	1.073349e-03
7.025251e+03	1.073829e-03
7.030230e+03	1.074301e-03
7.035209e+03	1.074765e-03
7.040188e+03	1.075221e-03
7.045167e+03	1.075670e-03
7.050146e+03	1.076111e-03
7.055125e+03	1.076544e-03
7.060104e+03	1.076969e-03
7.065083e+03	1.077386e-03
7.070062e+03	1.077796e-03
7.075041e+03	1.078197e-03
7.080020e+03	1.078591e-03
7.084998e+03	1.078977e-03
7.089977e+03	1.079355e-03
7.094956e+03	1.079725e-03
7.099935e+03	1.080087e-03
7.104914e+03	1.080441e-03
7.109893e+03	1.080788e-03
7.114872e+03	1.081126e-03
7.119851e+03	1.081457e-03
7.124830e+03	1.081779e-03
7.129809e+03	1.082094e-03
7.134788e+03	1.082400e-03
7.139767e+03	1.082699e-03
7.144745e+03	1.082989e-03
7.149724e+03	1.083272e-03
7.154703e+03	1.083547e-03
7.159682e+03	1.083813e-03
7.164661e+03	1.084072e-03
7.169640e+03	1.084323e-03
7.174619e+03	1.084565e-03
7.179598e+03	1.084800e-03
7.184577e+03	1.085027e-03
7.189556e+03	1.085245e-03
7.194535e+03	1.085456e-03
7.199514e+03	1.085658e-03
7.204492e+03	1.085853e-03
7.209471e+03	1.086039e-03
7.214450e+03	1.086218e-03
7.219429e+03	1.086388e-03
7.224408e+03	1.086550e-03
7.229387e+03	1.086705e-03
7.234366e+03	1.086851e-03
7.239345e+03	1.086989e-03
7.244324e+03	1.087119e-03
7.249303e+03	1.087241e-03
7.254282e+03	1.087355e-03
7.259261e+03	1.087461e-03
7.264239e+03	1.087558e-03
7.269218e+03	1.087648e-03
7.274197e+03	1.087730e-03
7.279176e+03	1.087803e-03
7.284155e+03	1.087869e-03
7.289134e+03	1.087926e-03
7.294113e+03	1.087975e-03
7.299092e+03	1.088016e-03
7.304071e+03	1.088049e-03
7.309050e+03	1.088074e-03
7.314029e+03	1.088091e-03
7.319008e+03	1.088100e-03
7.323986e+03	1.088101e-03
7.328965e+03	1.088093e-03
7.333944e+03	1.088078e-03
7.338923e+03	1.088054e-03
7.343902e+03	1.088022e-03
7.348881e+03	1.087982e-03
7.353860e+03	1.087935e-03
7.358839e+03	1.087879e-03
7.363818e+03	1.087815e-03
7.368797e+03	1.087742e-03
7.373776e+03	1.087662e-03
7.378755e+03	1.087574e-03
7.383733e+03	1.087477e-03
7.388712e+03	1.087373e-03
7.393691e+03	1.087260e-03
7.398670e+03	1.087140e-03
7.403649e+03	1.087011e-03
7.408628e+03	1.086874e-03
7.413607e+03	1.086729e-03
7.418586e+03	1.086576e-03
7.423565e+03	1.086415e-03
7.428544e+03	1.086246e-03
7.433523e+03	1.086069e-03
7.438502e+03	1.085884e-03
7.443480e+03	1.085691e-03
7.448459e+03	1.085490e-03
7.453438e+03	1.085281e-03
7.458417e+03	1.085063e-03
7.463396e+03	1.084838e-03
7.468375e+03	1.084605e-03
7.473354e+03	1.084363e-03
7.478333e+03	1.084114e-03
7.483312e+03	1.083857e-03
7.488291e+03	1.083591e-03
7.493270e+03	1.083318e-03
7.498249e+03	1.083037e-03
7.503227e+03	1.082747e-03
7.508206e+03	1.082450e-03
7.513185e+03	1.082145e-03
7.518164e+03	1.081831e-03
7.523143e+03	1.081510e-03
7.528122e+03	1.081181e-03
7.533101e+03	1.080844e-03
7.538080e+03	1.080499e-03
7.543059e+03	1.080146e-03
7.548038e+03	1.079785e-03
7.553017e+03	1.079417e-03
7.557996e+03	1.079040e-03
7.562974e+03	1.078655e-03
7.567953e+03	1.078263e-03
7.572932e+03	1.077863e-03
7.577911e+03	1.077454e-03
7.582890e+03	1.077038e-03
7.587869e+03	1.076615e-03
7.592848e+03	1.076183e-03
7.597827e+03	1.075743e-03
7.602806e+03	1.075296e-03
7.607785e+03	1.074841e-03
7.612764e+03	1.074378e-03
7.617743e+03	1.073907e-03
7.622721e+03	1.073428e-03
7.627700e+03	1.072942e-03
7.632679e+03	1.072448e-03
7.637658e+03	1.071946e-03
7.642637e+03	1.071437e-03
7.647616e+03	1.070920e-03
7.652595e+03	1.070395e-03
7.657574e+03	1.069862e-03
7.662553e+03	1.069321e-03
7.667532e+03	1.068773e-03
7.672511e+03	1.068218e-03
7.677490e+03	1.067654e-03
7.682468e+03	1.067083e-03
7.687447e+03	1.066505e-03
7.692426e+03	1.065918e-03
7.697405e+03	1.065325e-03
7.702384e+03	1.064723e-03
7.707363e+03	1.064114e-03
7.712342e+03	1.063498e-03
7.717321e+03	1.062873e-03
7.722300e+03	1.062242e-03
7.727279e+03	1.061603e-03
7.732258e+03	1.060956e-03
7.737237e+03	1.060302e-03
7.742215e+03	1.059640e-03
7.747194e+03	1.058971e-03
7.752173e+03	1.058294e-03
7.757152e+03	1.057610e-03
7.762131e+03	1.056919e-03
7.767110e+03	1.056220e-03
7.772089e+03	1.055514e-03
7.777068e+03	1.054800e-03
7.782047e+03	1.054079e-03
7.787026e+03	1.053351e-03
7.792005e+03	1.052615e-03
7.796984e+03	1.051872e-03
7.801962e+03	1.051122e-03
7.806941e+03	1.050365e-03
7.811920e+03	1.049600e-03
7.816899e+03	1.048828e-03
7.821878e+03	1.048049e-03
7.826857e+03	1.047262e-03
7.831836e+03	1.046469e-03
7.836815e+03	1.045668e-03
7.841794e+03	1.044860e-03
7.846773e+03	1.044045e-03
7.851752e+03	1.043222e-03
7.856731e+03	1.042393e-03
7.861709e+03	1.041556e-03
7.866688e+03	1.040713e-03
7.871667e+03	1.039862e-03
7.876646e+03	1.039005e-03
7.881625e+03	1.038140e-03
7.886604e+03	1.037269e-03
7.891583e+03	1.036390e-03
7.896562e+03	1.035504e-03
7.901541e+03	1.034612e-03
7.906520e+03	1.033712e-03
7.911499e+03	1.032806e-03
7.916478e+03	1.031893e-03
7.921456e+03	1.030973e-03
7.926435e+03	1.030046e-03
7.931414e+03	1.029112e-03
7.936393e+03	1.028172e-03
7.941372e+03	1.027224e-03
7.946351e+03	1.026270e-03
7.951330e+03	1.025310e-03
7.956309e+03	1.024342e-03
7.961288e+03	1.023368e-03
7.966267e+03	1.022387e-03
7.971246e+03	1.021399e-03
7.976225e+03	1.020405e-03
7.981203e+03	1.019404e-03
7.986182e+03	1.018397e-03
7.991161e+03	1.017383e-03
7.996140e+03	1.016362e-03
8.001119e+03	1.015335e-03
8.006098e+03	1.014302e-03
8.011077e+03	1.013262e-03
8.016056e+03	1.012215e-03
8.021035e+03	1.011162e-03
8.026014e+03	1.010103e-03
8.030993e+03	1.009037e-03
8.035972e+03	1.007965e-03
8.040950e+03	1.006887e-03
8.045929e+03	1.005802e-03
8.050908e+03	1.004711e-03
8.055887e+03	1.003613e-03
8.060866e+03	1.002510e-03
8.065845e+03	1.001400e-03
8.070824e+03	1.000283e-03
8.075803e+03	9.991612e-04
8.080782e+03	9.980327e-04
8.085761e+03	9.968981e-04
8.090740e+03	9.957574e-04
8.095719e+03	9.946106e-04
8.100697e+03	9.934577e-04
8.105676e+03	9.922987e-04
8.110655e+03	9.911338e-04
8.115634e+03	9.899628e-04
8.120613e+03	9.887859e-04
8.125592e+03	9.876030e-04
8.130571e+03	9.864143e-04
8.135550e+03	9.852196e-04
8.140529e+03	9.840190e-04
8.145508e+03	9.828126e-04
8.150487e+03	9.816004e-04
8.155466e+03	9.803823e-04
8.160444e+03	9.791585e-04
8.165423e+03	9.779290e-04
8.170402e+03	9.766937e-04
8.175381e+03	9.754527e-04
8.180360e+03	9.742061e-04
8.185339e+03	9.729538e-04
8.190318e+03	9.716959e-04
8.195297e+03	9.704324e-04
8.200276e+03	9.691634e-04
8.205255e+03	9.678888e-04
8.210234e+03	9.666087e-04
8.215213e+03	9.653231e-04
8.220191e+03	9.640320e-04
8.225170e+03	9.627355e-04
8.230149e+03	9.614336e-04
8.235128e+03	9.601263e-04
8.240107e+03	9.588137e-04
8.245086e+03	9.574957e-04
8.250065e+03	9.561725e-04
8.255044e+03	9.548439e-04
8.260023e+03	9.535101e-04
8.265002e+03	9.521711e-04
8.269981e+03	9.508269e-04
8.274960e+03	9.494775e-04
8.279938e+03	9.481230e-04
8.284917e+03	9.467634e-04
8.289896e+03	9.453987e-04
8.294875e+03	9.440290e-04
8.299854e+03	9.426542e-04
8.304833e+03	9.412744e-04
8.309812e+03	9.398897e-04
8.314791e+03	9.385000e-04
8.319770e+03	9.371054e-04
8.324749e+03	9.357059e-04
8.329728e+03	9.343015e-04
8.334707e+03	9.328923e-04
8.339685e+03	9.314783e-04
8.344664e+03	9.300595e-04
8.349643e+03	9.286360e-04
8.354622e+03	9.272078e-04
8.359601e+03	9.257749e-04
8.364580e+03	9.243373e-04
8.369559e+03	9.228951e-04
8.374538e+03	9.214482e-04
8.379517e+03	9.199968e-04
8.384496e+03	9.185409e-04
8.389475e+03	9.170804e-04
8.394454e+03	9.156155e-04
8.399432e+03	9.141461e-04
8.404411e+03	9.126722e-04
8.409390e+03	9.111940e-04
8.414369e+03	9.097114e-04
8.419348e+03	9.082244e-04
8.424327e+03	9.067331e-04
8.429306e+03	9.052376e-04
8.434285e+03	9.037378e-04
8.439264e+03	9.022337e-04
8.444243e+03	9.007255e-04
8.449222e+03	8.992131e-04
8.454201e+03	8.976965e-04
8.459179e+03	8.961759e-04
8.464158e+03	8.946512e-04
8.469137e+03	8.931224e-04
8.474116e+03	8.915896e-04
8.479095e+03	8.900528e-04
8.484074e+03	8.885120e-04
8.489053e+03	8.869673e-04
8.494032e+03	8.854188e-04
8.499011e+03	8.838663e-04
8.503990e+03	8.823100e-04
8.508969e+03	8.807499e-04
8.513948e+03	8.791860e-04
8.518926e+03	8.776184e-04
8.523905e+03	8.760470e-04
8.528884e+03	8.744720e-04
8.533863e+03	8.728932e-04
8.538842e+03	8.713109e-04
8.543821e+03	8.697250e-04
8.548800e+03	8.681354e-04
8.553779e+03	8.665424e-04
8.558758e+03	8.649458e-04
8.563737e+03	8.633458e-04
8.568716e+03	8.617423e-04
8.573695e+03	8.601353e-04
8.578673e+03	8.585250e-04
8.583652e+03	8.569114e-04
8.588631e+03	8.552944e-04
8.593610e+03	8.536741e-04
8.598589e+03	8.520505e-04
8.603568e+03	8.504237e-04
8.608547e+03	8.487937e-04
8.613526e+03	8.471605e-04
8.618505e+03	8.455242e-04
8.623484e+03	8.438847e-04
8.628463e+03	8.422422e-04
8.633442e+03	8.405966e-04
8.638420e+03	8.389480e-04
8.643399e+03	8.372963e-04
8.648378e+03	8.356418e-04
8.653357e+03	8.339843e-04
8.658336e+03	8.323238e-04
8.663315e+03	8.306605e-04
8.668294e+03	8.289944e-04
8.673273e+03	8.273255e-04
8.678252e+03	8.256537e-04
8.683231e+03	8.239793e-04
8.688210e+03	8.223021e-04
8.693189e+03	8.206222e-04
8.698167e+03	8.189396e-04
8.703146e+03	8.172544e-04
8.708125e+03	8.155667e-04
8.713104e+03	8.138763e-04
8.718083e+03	8.121834e-04
8.723062e+03	8.104880e-04
8.728041e+03	8.087902e-04
8.733020e+03	8.070899e-04
8.737999e+03	8.053871e-04
8.742978e+03	8.036820e-04
8.747957e+03	8.019745e-04
8.752936e+03	8.002647e-04
8.757914e+03	7.985526e-04
8.762893e+03	7.968383e-04
8.767872e+03	7.951217e-04
8.772851e+03	7.934029e-04
8.777830e+03	7.916819e-04
8.782809e+03	7.899588e-04
8.787788e+03	7.882336e-04
8.792767e+03	7.865063e-04
8.797746e+03	7.847769e-04
8.802725e+03	7.830455e-04
8.807704e+03	7.813121e-04
8.812683e+03	7.795768e-04
8.817661e+03	7.778395e-04
8.822640e+03	7.761004e-04
8.827619e+03	7.743593e-04
8.832598e+03	7.726164e-04
8.837577e+03	7.708717e-04
8.842556e+03	7.691253e-04
8.847535e+03	7.673770e-04
8.852514e+03	7.656271e-04
8.857493e+03	7.638754e-04
8.862472e+03	7.621221e-04
8.867451e+03	7.603672e-04
8.872430e+03	7.586107e-04
8.877408e+03	7.568526e-04
8.882387e+03	7.550929e-04
8.887366e+03	7.533317e-04
8.892345e+03	7.515691e-04
8.897324e+03	7.498050e-04
8.902303e+03	7.480395e-04
8.907282e+03	7.462725e-04
8.912261e+03	7.445043e-04
8.917240e+03	7.427346e-04
8.922219e+03	7.409637e-04
8.927198e+03	7.391915e-04
8.932177e+03	7.374181e-04
8.937156e+03	7.356434e-04
8.942134e+03	7.338676e-04
8.947113e+03	7.320906e-04
8.952092e+03	7.303124e-04
8.957071e+03	7.285332e-04
8.962050e+03	7.267529e-04
8.967029e+03	7.249715e-04
8.972008e+03	7.231891e-04
8.976987e+03	7.214058e-04
8.981966e+03	7.196215e-04
8.986945e+03	7.178362e-04
8.991924e+03	7.160501e-04
8.996903e+03	7.142631e-04
9.001881e+03	7.124753e-04
9.006860e+03	7.106866e-04
9.011839e+03	7.088972e-04
9.016818e+03	7.071070e-04
9.021797e+03	7.053161e-04
9.026776e+03	7.035245e-04
9.031755e+03	7.017322e-04
9.036734e+03	6.999393e-04
9.041713e+03	6.981457e-04
9.046692e+03	6.963516e-04
9.051671e+03	6.945569e-04
9.056650e+03	6.927617e-04
9.061628e+03	6.909660e-04
9.066607e+03	6.891699e-04
9.071586e+03	6.873733e-04
9.076565e+03	6.855762e-04
9.081544e+03	6.837788e-04
9.086523e+03	6.819810e-04
9.091502e+03	6.801829e-04
9.096481e+03	6.783845e-04
9.101460e+03	6.765858e-04
9.106439e+03	6.747868e-04
9.111418e+03	6.729877e-04
9.116397e+03	6.711883e-04
9.121375e+03	6.693888e-04
9.126354e+03	6.675891e-04
9.131333e+03	6.657893e-04
9.136312e+03	6.639894e-04
9.141291e+03	6.621895e-04
9.146270e+03	6.603895e-04
9.151249e+03	6.585895e-04
9.156228e+03	6.567896e-04
9.161207e+03	6.549897e-04
9.166186e+03	6.531898e-04
9.171165e+03	6.513901e-04
9.176144e+03	6.495905e-04
9.181122e+03	6.477910e-04
9.186101e+03	6.459918e-04
9.191080e+03	6.441927e-04
9.196059e+03	6.423938e-04
9.201038e+03	6.405953e-04
9.206017e+03	6.387970e-04
9.210996e+03	6.369990e-04
9.215975e+03	6.352013e-04
9.220954e+03	6.334040e-04
9.225933e+03	6.316071e-04
9.230912e+03	6.298106e-04
9.235891e+03	6.280146e-04
9.240869e+03	6.262190e-04
9.245848e+03	6.244239e-04
9.250827e+03	6.226293e-04
9.255806e+03	6.208353e-04
9.260785e+03	6.190418e-04
9.265764e+03	6.172489e-04
9.270743e+03	6.154566e-04
9.275722e+03	6.136650e-04
9.280701e+03	6.118740e-04
9.285680e+03	6.100837e-04
9.290659e+03	6.082942e-04
9.295638e+03	6.065053e-04
9.300616e+03	6.047173e-04
9.305595e+03	6.029300e-04
9.310574e+03	6.011435e-04
9.315553e+03	5.993579e-04
9.320532e+03	5.975731e-04
9.325511e+03	5.957892e-04
9.330490e+03	5.940062e-04
9.335469e+03	5.922241e-04
9.340448e+03	5.904430e-04
9.345427e+03	5.886629e-04
9.350406e+03	5.868838e-04
9.355385e+03	5.851057e-04
9.360363e+03	5.833286e-04
9.365342e+03	5.815526e-04
9.370321e+03	5.797777e-04
9.375300e+03	5.780040e-04
9.380279e+03	5.762313e-04
9.385258e+03	5.744599e-04
9.390237e+03	5.726896e-04
9.395216e+03	5.709205e-04
9.400195e+03	5.691527e-04
9.405174e+03	5.673861e-04
9.410153e+03	5.656208e-04
9.415132e+03	5.638568e-04
9.420110e+03	5.620941e-04
9.425089e+03	5.603327e-04
9.430068e+03	5.585727e-04
9.435047e+03	5.568141e-04
9.440026e+03	5.550569e-04
9.445005e+03	5.533012e-04
9.449984e+03	5.515469e-04
9.454963e+03	5.497940e-04
9.459942e+03	5.480427e-04
9.464921e+03	5.462928e-04
9.469900e+03	5.445445e-04
9.474879e+03	5.427978e-04
9.479857e+03	5.410526e-04
9.484836e+03	5.393091e-04
9.489815e+03	5.375671e-04
9.494794e+03	5.358268e-04
9.499773e+03	5.340882e-04
9.504752e+03	5.323512e-04
9.509731e+03	5.306160e-04
9.514710e+03	5.288825e-04
9.519689e+03	5.271507e-04
9.524668e+03	5.254206e-04
9.529647e+03	5.236924e-04
9.534626e+03	5.219659e-04
9.539604e+03	5.202413e-04
9.544583e+03	5.185185e-04
9.549562e+03	5.167976e-04
9.554541e+03	5.150786e-04
9.559520e+03	5.133614e-04
9.564499e+03	5.116462e-04
9.569478e+03	5.099329e-04
9.574457e+03	5.082216e-04
9.579436e+03	5.065123e-04
9.584415e+03	5.048049e-04
9.589394e+03	5.030995e-04
9.594373e+03	5.013962e-04
9.599351e+03	4.996950e-04
9.604330e+03	4.979958e-04
9.609309e+03	4.962987e-04
9.614288e+03	4.946037e-04
9.619267e+03	4.929108e-04
9.624246e+03	4.912200e-04
9.629225e+03	4.895314e-04
9.634204e+03	4.878450e-04
9.639183e+03	4.861608e-04
9.644162e+03	4.844788e-04
9.649141e+03	4.827990e-04
9.654120e+03	4.811215e-04
9.659098e+03	4.794462e-04
9.664077e+03	4.777732e-04
9.669056e+03	4.761025e-04
9.674035e+03	4.744342e-04
9.679014e+03	4.727681e-04
9.683993e+03	4.711044e-04
9.688972e+03	4.694431e-04
9.693951e+03	4.677841e-04
9.698930e+03	4.661275e-04
9.703909e+03	4.644734e-04
9.708888e+03	4.628216e-04
9.713867e+03	4.611723e-04
9.718845e+03	4.595255e-04
9.723824e+03	4.578812e-04
9.728803e+03	4.562393e-04
9.733782e+03	4.545999e-04
9.738761e+03	4.529631e-04
9.743740e+03	4.513288e-04
9.748719e+03	4.496971e-04
9.753698e+03	4.480679e-04
9.758677e+03	4.464413e-04
9.763656e+03	4.448173e-04
9.768635e+03	4.431959e-04
9.773614e+03	4.415771e-04
9.778592e+03	4.399610e-04
9.783571e+03	4.383475e-04
9.788550e+03	4.367367e-04
9.793529e+03	4.351286e-04
9.798508e+03	4.335232e-04
9.803487e+03	4.319204e-04
9.808466e+03	4.303205e-04
9.813445e+03	4.287232e-04
9.818424e+03	4.271287e-04
9.823403e+03	4.255370e-04
9.828382e+03	4.239480e-04
9.833361e+03	4.223618e-04
9.838339e+03	4.207785e-04
9.843318e+03	4.191979e-04
9.848297e+03	4.176202e-04
9.853276e+03	4.160453e-04
9.858255e+03	4.144733e-04
9.863234e+03	4.129042e-04
9.868213e+03	4.113379e-04
9.873192e+03	4.097745e-04
9.878171e+03	4.082141e-04
9.883150e+03	4.066565e-04
9.888129e+03	4.051019e-04
9.893108e+03	4.035502e-04
9.898086e+03	4.020015e-04
9.903065e+03	4.004557e-04
9.908044e+03	3.989129e-04
9.913023e+03	3.973731e-04
9.918002e+03	3.958363e-04
9.922981e+03	3.943025e-04
9.927960e+03	3.927718e-04
9.932939e+03	3.912440e-04
9.937918e+03	3.897193e-04
9.942897e+03	3.881977e-04
9.947876e+03	3.866791e-04
9.952855e+03	3.851636e-04
9.957833e+03	3.836512e-04
9.962812e+03	3.821419e-04
9.967791e+03	3.806357e-04
9.972770e+03	3.791326e-04
9.977749e+03	3.776326e-04
9.982728e+03	3.761358e-04
9.987707e+03	3.746421e-04
9.992686e+03	3.731516e-04
9.997665e+03	3.716642e-04
1.000264e+04	3.701800e-04
1.000762e+04	3.686990e-04
1.001260e+04	3.672212e-04
1.001758e+04	3.657466e-04
1.002256e+04	3.642752e-04
1.002754e+04	3.628071e-04
1.003252e+04	3.613421e-04
1.003750e+04	3.598804e-04
1.004248e+04	3.584219e-04
1.004745e+04	3.569667e-04
1.005243e+04	3.555148e-04
1.005741e+04	3.540661e-04
1.006239e+04	3.526207e-04
1.006737e+04	3.511786e-04
1.007235e+04	3.497398e-04
1.007733e+04	3.483043e-04
1.008231e+04	3.468721e-04
1.008729e+04	3.454433e-04
1.009226e+04	3.440177e-04
1.009724e+04	3.425955e-04
1.010222e+04	3.411767e-04
1.010720e+04	3.397611e-04
1.011218e+04	3.383490e-04
1.011716e+04	3.369402e-04
1.012214e+04	3.355347e-04
1.012712e+04	3.341327e-04
1.013210e+04	3.327340e-04
1.013707e+04	3.313387e-04
1.014205e+04	3.299469e-04
1.014703e+04	3.285584e-04
1.015201e+04	3.271733e-04
1.015699e+04	3.257917e-04
1.016197e+04	3.244134e-04
1.016695e+04	3.230386e-04
1.017193e+04	3.216672e-04
1.017691e+04	3.202993e-04
1.018188e+04	3.189348e-04
1.018686e+04	3.175738e-04
1.019184e+04	3.162162e-04
1.019682e+04	3.148621e-04
1.020180e+04	3.135114e-04
1.020678e+04	3.121643e-04
1.021176e+04	3.108205e-04
1.021674e+04	3.094803e-04
1.022172e+04	3.081436e-04
1.022669e+04	3.068103e-04
1.023167e+04	3.054806e-04
1.023665e+04	3.041543e-04
1.024163e+04	3.028316e-04
1.024661e+04	3.015124e-04
1.025159e+04	3.001967e-04
1.025657e+04	2.988845e-04
1.026155e+04	2.975758e-04
1.026653e+04	2.962706e-04
1.027151e+04	2.949690e-04
1.027648e+04	2.936709e-04
1.028146e+04	2.923764e-04
1.028644e+04	2.910853e-04
1.029142e+04	2.897979e-04
1.029640e+04	2.885140e-04
1.030138e+04	2.872336e-04
1.030636e+04	2.859568e-04
1.031134e+04	2.846835e-04
1.031632e+04	2.834139e-04
1.032129e+04	2.821477e-04
1.032627e+04	2.808852e-04
1.033125e+04	2.796262e-04
1.033623e+04	2.783708e-04
1.034121e+04	2.771189e-04
1.034619e+04	2.758707e-04
1.035117e+04	2.746260e-04
1.035615e+04	2.733849e-04
1.036113e+04	2.721473e-04
1.036610e+04	2.709134e-04
1.037108e+04	2.696831e-04
1.037606e+04	2.684563e-04
1.038104e+04	2.672332e-04
1.038602e+04	2.660136e-04
1.039100e+04	2.647976e-04
1.039598e+04	2.635853e-04
1.040096e+04	2.623765e-04
1.040594e+04	2.611713e-04
1.041091e+04	2.599697e-04
1.041589e+04	2.587718e-04
1.042087e+04	2.575774e-04
1.042585e+04	2.563866e-04
1.043083e+04	2.551995e-04
1.043581e+04	2.540160e-04
1.044079e+04	2.528360e-04
1.044577e+04	2.516597e-04
1.045075e+04	2.504870e-04
1.045573e+04	2.493179e-04
1.046070e+04	2.481524e-04
1.046568e+04	2.469905e-04
1.047066e+04	2.458322e-04
1.047564e+04	2.446775e-04
1.048062e+04	2.435265e-04
1.048560e+04	2.423791e-04
1.049058e+04	2.412352e-04
1.049556e+04	2.400950e-04
1.050054e+04	2.389584e-04
1.050551e+04	2.378254e-04
1.051049e+04	2.366960e-04
1.051547e+04	2.355703e-04
1.052045e+04	2.344481e-04
1.052543e+04	2.333296e-04
1.053041e+04	2.322146e-04
1.053539e+04	2.311033e-04
1.054037e+04	2.299956e-04
1.054535e+04	2.288915e-04
1.055032e+04	2.277910e-04
1.055530e+04	2.266940e-04
1.056028e+04	2.256007e-04
1.056526e+04	2.245110e-04
1.057024e+04	2.234249e-04
1.057522e+04	2.223425e-04
1.058020e+04	2.212636e-04
1.058518e+04	2.201883e-04
1.059016e+04	2.191165e-04
1.059513e+04	2.180484e-04
1.060011e+04	2.169839e-04
1.060509e+04	2.159230e-04
1.061007e+04	2.148657e-04
1.061505e+04	2.138119e-04
1.062003e+04	2.127617e-04
1.062501e+04	2.117152e-04
1.062999e+04	2.106722e-04
1.063497e+04	2.096327e-04
1.063995e+04	2.085969e-04
1.064492e+04	2.075646e-04
1.064990e+04	2.065359e-04
1.065488e+04	2.055108e-04
1.065986e+04	2.044892e-04
1.066484e+04	2.034712e-04
1.066982e+04	2.024568e-04
1.067480e+04	2.014459e-04
1.067978e+04	2.004386e-04
1.068476e+04	1.994348e-04
1.068973e+04	1.984346e-04
1.069471e+04	1.974379e-04
1.069969e+04	1.964448e-04
1.070467e+04	1.954552e-04
1.070965e+04	1.944692e-04
1.071463e+04	1.934867e-04
1.071961e+04	1.925077e-04
1.072459e+04	1.915322e-04
1.072957e+04	1.905603e-04
1.073454e+04	1.895919e-04
1.073952e+04	1.886270e-04
1.074450e+04	1.876657e-04
1.074948e+04	1.867078e-04
1.075446e+04	1.857535e-04
1.075944e+04	1.848026e-04
1.076442e+04	1.838553e-04
1.076940e+04	1.829114e-04
1.077438e+04	1.819710e-04
1.077935e+04	1.810342e-04
1.078433e+04	1.801008e-04
1.078931e+04	1.791709e-04
1.079429e+04	1.782444e-04
1.079927e+04	1.773215e-04
1.080425e+04	1.764020e-04
1.080923e+04	1.754859e-04
1.081421e+04	1.745734e-04
1.081919e+04	1.736642e-04
1.082416e+04	1.727586e-04
1.082914e+04	1.718564e-04
1.083412e+04	1.709576e-04
1.083910e+04	1.700622e-04
1.084408e+04	1.691703e-04
1.084906e+04	1.682818e-04
1.085404e+04	1.673967e-04
1.085902e+04	1.665151e-04
1.086400e+04	1.656368e-04
1.086898e+04	1.647620e-04
1.087395e+04	1.638905e-04
1.087893e+04	1.630225e-04
1.088391e+04	1.621579e-04
1.088889e+04	1.612966e-04
1.089387e+04	1.604387e-04
1.089885e+04	1.595842e-04
1.090383e+04	1.587331e-04
1.090881e+04	1.578853e-04
1.091379e+04	1.570409e-04
1.091876e+04	1.561998e-04
1.092374e+04	1.553621e-04
1.092872e+04	1.545278e-04
1.093370e+04	1.536967e-04
1.093868e+04	1.528690e-04
1.094366e+04	1.520447e-04
1.094864e+04	1.512236e-04
1.095362e+04	1.504059e-04
1.095860e+04	1.495915e-04
1.096357e+04	1.487803e-04
1.096855e+04	1.479725e-04
1.097353e+04	1.471680e-04
1.097851e+04	1.463667e-04
1.098349e+04	1.455688e-04
1.098847e+04	1.447741e-04
1.099345e+04	1.439826e-04
1.099843e+04	1.431945e-04
1.100341e+04	1.424096e-04
1.100838e+04	1.416279e-04
1.101336e+04	1.408495e-04
1.101834e+04	1.400743e-04
1.102332e+04	1.393023e-04
1.102830e+04	1.385336e-04
1.103328e+04	1.377681e-04
1.103826e+04	1.370058e-04
1.104324e+04	1.362467e-04
1.104822e+04	1.354908e-04
1.105320e+04	1.347381e-04
1.105817e+04	1.339886e-04
1.106315e+04	1.332422e-04
1.106813e+04	1.324991e-04
1.107311e+04	1.317591e-04
1.107809e+04	1.310222e-04
1.108307e+04	1.302885e-04
1.108805e+04	1.295580e-04
1.109303e+04	1.288306e-04
1.109801e+04	1.281063e-04
1.110298e+04	1.273851e-04
1.110796e+04	1.266671e-04
1.111294e+04	1.259521e-04
1.111792e+04	1.252403e-04
1.112290e+04	1.245316e-04
1.112788e+04	1.238259e-04
1.113286e+04	1.231234e-04
1.113784e+04	1.224239e-04
1.114282e+04	1.217275e-04
1.114779e+04	1.210341e-04
1.115277e+04	1.203438e-04
1.115775e+04	1.196566e-04
1.116273e+04	1.189724e-04
1.116771e+04	1.182912e-04
1.117269e+04	1.176130e-04
1.117767e+04	1.169379e-04
1.118265e+04	1.162658e-04
1.118763e+04	1.155967e-04
1.119260e+04	1.149305e-04
1.119758e+04	1.142674e-04
1.120256e+04	1.136072e-04
1.120754e+04	1.129501e-04
1.121252e+04	1.122958e-04
1.121750e+04	1.116446e-04
1.122248e+04	1.109963e-04
1.122746e+04	1.103509e-04
1.123244e+04	1.097085e-04
1.123742e+04	1.090690e-04
1.124239e+04	1.084324e-04
1.124737e+04	1.077987e-04
1.125235e+04	1.071680e-04
1.125733e+04	1.065401e-04
1.126231e+04	1.059152e-04
1.126729e+04	1.052931e-04
1.127227e+04	1.046739e-04
1.127725e+04	1.040575e-04
1.128223e+04	1.034440e-04
1.128720e+04	1.028334e-04
1.129218e+04	1.022256e-04
1.129716e+04	1.016207e-04
1.130214e+04	1.010185e-04
1.130712e+04	1.004192e-04
1.131210e+04	9.982275e-05
1.131708e+04	9.922906e-05
1.132206e+04	9.863818e-05
1.132704e+04	9.805008e-05
1.133201e+04	9.746476e-05
1.133699e+04	9.688222e-05
1.134197e+04	9.630244e-05
1.134695e+04	9.572542e-05
1.135193e+04	9.515115e-05
1.135691e+04	9.457962e-05
1.136189e+04	9.401083e-05
1.136687e+04	9.344476e-05
1.137185e+04	9.288140e-05
1.137682e+04	9.232076e-05
1.138180e+04	9.176282e-05
1.138678e+04	9.120757e-05
1.139176e+04	9.065501e-05
1.139674e+04	9.010513e-05
1.140172e+04	8.955791e-05
1.140670e+04	8.901336e-05
1.141168e+04	8.847146e-05
1.141666e+04	8.793220e-05
1.142163e+04	8.739558e-05
1.142661e+04	8.686159e-05
1.143159e+04	8.633022e-05
1.143657e+04	8.580146e-05
1.144155e+04	8.527531e-05
1.144653e+04	8.475175e-05
1.145151e+04	8.423078e-05
1.145649e+04	8.371239e-05
1.146147e+04	8.319657e-05
1.146645e+04	8.268331e-05
1.147142e+04	8.217261e-05
1.147640e+04	8.166446e-05
1.148138e+04	8.115885e-05
1.148636e+04	8.065576e-05
1.149134e+04	8.015520e-05
1.149632e+04	7.965715e-05
1.150130e+04	7.916161e-05
1.150628e+04	7.866856e-05
1.151126e+04	7.817801e-05
1.151623e+04	7.768994e-05
1.152121e+04	7.720433e-05
1.152619e+04	7.672120e-05
1.153117e+04	7.624052e-05
1.153615e+04	7.576228e-05
1.154113e+04	7.528649e-05
1.154611e+04	7.481313e-05
1.155109e+04	7.434219e-05
1.155607e+04	7.387367e-05
1.156104e+04	7.340755e-05
1.156602e+04	7.294384e-05
1.157100e+04	7.248251e-05
1.157598e+04	7.202356e-05
1.158096e+04	7.156699e-05
1.158594e+04	7.111278e-05
1.159092e+04	7.066093e-05
1.159590e+04	7.021143e-05
1.160088e+04	6.976427e-05
1.160585e+04	6.931944e-05
1.161083e+04	6.887694e-05
1.161581e+04	6.843675e-05
1.162079e+04	6.799887e-05
1.162577e+04	6.756329e-05
1.163075e+04	6.712999e-05
1.163573e+04	6.669899e-05
1.164071e+04	6.627025e-05
1.164569e+04	6.584378e-05
1.165067e+04	6.541957e-05
1.165564e+04	6.499761e-05
1.166062e+04	6.457789e-05
1.166560e+04	6.416041e-05
1.167058e+04	6.374514e-05
1.167556e+04	6.333210e-05
1.168054e+04	6.292126e-05
1.168552e+04	6.251262e-05
1.169050e+04	6.210618e-05
1.169548e+04	6.170192e-05
1.170045e+04	6.129983e-05
1.170543e+04	6.089991e-05
1.171041e+04	6.050215e-05
1.171539e+04	6.010655e-05
1.172037e+04	5.971308e-05
1.172535e+04	5.932175e-05
1.173033e+04	5.893254e-05
1.173531e+04	5.854545e-05
1.174029e+04	5.816048e-05
1.174526e+04	5.777760e-05
1.175024e+04	5.739682e-05
1.175522e+04	5.701812e-05
1.176020e+04	5.664150e-05
1.176518e+04	5.626695e-05
1.177016e+04	5.589446e-05
1.177514e+04	5.552403e-05
1.178012e+04	5.515563e-05
1.178510e+04	5.478928e-05
1.179007e+04	5.442495e-05
1.179505e+04	5.406264e-05
1.180003e+04	5.370235e-05
1.180501e+04	5.334406e-05
1.180999e+04	5.298777e-05
1.181497e+04	5.263346e-05
1.181995e+04	5.228114e-05
1.182493e+04	5.193079e-05
1.182991e+04	5.158240e-05
1.183489e+04	5.123596e-05
1.183986e+04	5.089148e-05
1.184484e+04	5.054894e-05
1.184982e+04	5.020832e-05
1.185480e+04	4.986964e-05
1.185978e+04	4.953286e-05
1.186476e+04	4.919800e-05
1.186974e+04	4.886504e-05
1.187472e+04	4.853397e-05
1.187970e+04	4.820478e-05
1.188467e+04	4.787747e-05
1.188965e+04	4.755203e-05
1.189463e+04	4.722845e-05
1.189961e+04	4.690672e-05
1.190459e+04	4.658684e-05
1.190957e+04	4.626880e-05
1.191455e+04	4.595258e-05
1.191953e+04	4.563819e-05
1.192451e+04	4.532561e-05
1.192948e+04	4.501483e-05
1.193446e+04	4.470586e-05
1.193944e+04	4.439867e-05
1.194442e+04	4.409327e-05
1.194940e+04	4.378964e-05
1.195438e+04	4.348778e-05
1.195936e+04	4.318768e-05
1.196434e+04	4.288933e-05
1.196932e+04	4.259273e-05
1.197429e+04	4.229786e-05
1.197927e+04	4.200472e-05
1.198425e+04	4.171331e-05
1.198923e+04	4.142360e-05
1.199421e+04	4.113560e-05
1.199919e+04	4.084931e-05
1.200417e+04	4.056470e-05
1.200915e+04	4.028177e-05
1.201413e+04	4.000052e-05
1.201910e+04	3.972094e-05
1.202408e+04	3.944302e-05
1.202906e+04	3.916675e-05
1.203404e+04	3.889213e-05
1.203902e+04	3.861915e-05
1.204400e+04	3.834780e-05
1.204898e+04	3.807807e-05
1.205396e+04	3.780995e-05
1.205894e+04	3.754345e-05
1.206392e+04	3.727854e-05
1.206889e+04	3.701524e-05
1.207387e+04	3.675351e-05
1.207885e+04	3.649337e-05
1.208383e+04	3.623480e-05
1.208881e+04	3.597779e-05
1.209379e+04	3.572234e-05
1.209877e+04	3.546844e-05
1.210375e+04	3.521608e-05
1.210873e+04	3.496526e-05
1.211370e+04	3.471596e-05
1.211868e+04	3.446819e-05
1.212366e+04	3.422193e-05
1.212864e+04	3.397717e-05
1.213362e+04	3.373392e-05
1.213860e+04	3.349216e-05
1.214358e+04	3.325188e-05
1.214856e+04	3.301309e-05
1.215354e+04	3.277576e-05
1.215851e+04	3.253990e-05
1.216349e+04	3.230549e-05
1.216847e+04	3.207254e-05
1.217345e+04	3.184103e-05
1.217843e+04	3.161095e-05
1.218341e+04	3.138230e-05
1.218839e+04	3.115508e-05
1.219337e+04	3.092927e-05
1.219835e+04	3.070486e-05
1.220332e+04	3.048186e-05
1.220830e+04	3.026026e-05
1.221328e+04	3.004004e-05
1.221826e+04	2.982120e-05
1.222324e+04	2.960374e-05
1.222822e+04	2.938764e-05
1.223320e+04	2.917291e-05
1.223818e+04	2.895952e-05
1.224316e+04	2.874749e-05
1.224814e+04	2.853679e-05
1.225311e+04	2.832743e-05
1.225809e+04	2.811940e-05
1.226307e+04	2.791268e-05
1.226805e+04	2.770728e-05
1.227303e+04	2.750319e-05
1.227801e+04	2.730039e-05
1.228299e+04	2.709889e-05
1.228797e+04	2.689868e-05
1.229295e+04	2.669975e-05
1.229792e+04	2.650209e-05
1.230290e+04	2.630570e-05
1.230788e+04	2.611057e-05
1.231286e+04	2.591669e-05
1.231784e+04	2.572407e-05
1.232282e+04	2.553268e-05
1.232780e+04	2.534253e-05
1.233278e+04	2.515361e-05
1.233776e+04	2.496591e-05
1.234273e+04	2.477943e-05
1.234771e+04	2.459416e-05
1.235269e+04	2.441009e-05
1.235767e+04	2.422722e-05
1.236265e+04	2.404554e-05
1.236763e+04	2.386505e-05
1.237261e+04	2.368573e-05
1.237759e+04	2.350759e-05
1.238257e+04	2.333061e-05
1.238754e+04	2.315479e-05
1.239252e+04	2.298013e-05
1.239750e+04	2.280662e-05
1.240248e+04	2.263424e-05
1.240746e+04	2.246300e-05
1.241244e+04	2.229290e-05
1.241742e+04	2.212391e-05
1.242240e+04	2.195604e-05
1.242738e+04	2.178929e-05
1.243236e+04	2.162364e-05
1.243733e+04	2.145909e-05
1.244231e+04	2.129563e-05
1.244729e+04	2.113327e-05
1.245227e+04	2.097198e-05
1.245725e+04	2.081177e-05
1.246223e+04	2.065263e-05
1.246721e+04	2.049455e-05
1.247219e+04	2.033754e-05
1.247717e+04	2.018157e-05
1.248214e+04	2.002666e-05
1.248712e+04	1.987278e-05
1.249210e+04	1.971994e-05
1.249708e+04	1.956813e-05
1.250206e+04	1.941734e-05
1.250704e+04	1.926758e-05
1.251202e+04	1.911882e-05
1.251700e+04	1.897108e-05
1.252198e+04	1.882433e-05
1.252695e+04	1.867858e-05
1.253193e+04	1.853382e-05
1.253691e+04	1.839005e-05
1.254189e+04	1.824726e-05
1.254687e+04	1.810544e-05
1.255185e+04	1.796459e-05
1.255683e+04	1.782470e-05
1.256181e+04	1.768577e-05
1.256679e+04	1.754779e-05
1.257176e+04	1.741076e-05
1.257674e+04	1.727467e-05
1.258172e+04	1.713952e-05
1.258670e+04	1.700529e-05
1.259168e+04	1.687200e-05
1.259666e+04	1.673962e-05
1.260164e+04	1.660816e-05
1.260662e+04	1.647761e-05
1.261160e+04	1.634796e-05
1.261657e+04	1.621921e-05
1.262155e+04	1.609136e-05
1.262653e+04	1.596440e-05
1.263151e+04	1.583832e-05
1.263649e+04	1.571312e-05
1.264147e+04	1.558879e-05
1.264645e+04	1.546533e-05
1.265143e+04	1.534273e-05
1.265641e+04	1.522100e-05
1.266139e+04	1.510011e-05
1.266636e+04	1.498008e-05
1.267134e+04	1.486089e-05
1.267632e+04	1.474254e-05
1.268130e+04	1.462502e-05
1.268628e+04	1.450833e-05
1.269126e+04	1.439246e-05
1.269624e+04	1.427742e-05
1.270122e+04	1.416319e-05
1.270620e+04	1.404976e-05
1.271117e+04	1.393715e-05
1.271615e+04	1.382533e-05
1.272113e+04	1.371430e-05
1.272611e+04	1.360407e-05
1.273109e+04	1.349462e-05
1.273607e+04	1.338596e-05
1.274105e+04	1.327807e-05
1.274603e+04	1.317095e-05
1.275101e+04	1.306460e-05
1.275598e+04	1.295901e-05
1.276096e+04	1.285418e-05
1.276594e+04	1.275010e-05
1.277092e+04	1.264677e-05
1.277590e+04	1.254419e-05
1.278088e+04	1.244234e-05
1.278586e+04	1.234123e-05
1.279084e+04	1.224085e-05
1.279582e+04	1.214120e-05
1.280079e+04	1.204227e-05
1.280577e+04	1.194405e-05
1.281075e+04	1.184655e-05
1.281573e+04	1.174976e-05
1.282071e+04	1.165367e-05
1.282569e+04	1.155828e-05
1.283067e+04	1.146358e-05
1.283565e+04	1.136958e-05
1.284063e+04	1.127627e-05
1.284561e+04	1.118363e-05
1.285058e+04	1.109168e-05
1.285556e+04	1.100040e-05
1.286054e+04	1.090979e-05
1.286552e+04	1.081984e-05
1.287050e+04	1.073056e-05
1.287548e+04	1.064194e-05
1.288046e+04	1.055396e-05
1.288544e+04	1.046664e-05
1.289042e+04	1.037996e-05
1.289539e+04	1.029393e-05
1.290037e+04	1.020853e-05
1.290535e+04	1.012377e-05
1.291033e+04	1.003963e-05
1.291531e+04	9.956118e-06
1.292029e+04	9.873228e-06
1.292527e+04	9.790955e-06
1.293025e+04	9.709296e-06
1.293523e+04	9.628246e-06
1.294020e+04	9.547802e-06
1.294518e+04	9.467960e-06
1.295016e+04	9.388715e-06
1.295514e+04	9.310064e-06
1.296012e+04	9.232004e-06
1.296510e+04	9.154530e-06
1.297008e+04	9.077638e-06
1.297506e+04	9.001326e-06
1.298004e+04	8.925588e-06
1.298501e+04	8.850422e-06
1.298999e+04	8.775824e-06
1.299497e+04	8.701790e-06
1.299995e+04	8.628316e-06
1.300493e+04	8.555399e-06
1.300991e+04	8.483035e-06
1.301489e+04	8.411220e-06
1.301987e+04	8.339952e-06
1.302485e+04	8.269225e-06
1.302983e+04	8.199038e-06
1.303480e+04	8.129386e-06
1.303978e+04	8.060265e-06
1.304476e+04	7.991673e-06
1.304974e+04	7.923606e-06
1.305472e+04	7.856060e-06
1.305970e+04	7.789031e-06
1.306468e+04	7.722518e-06
1.306966e+04	7.656515e-06
1.307464e+04	7.591020e-06
1.307961e+04	7.526029e-06
1.308459e+04	7.461539e-06
1.308957e+04	7.397547e-06
1.309455e+04	7.334049e-06
1.309953e+04	7.271042e-06
1.310451e+04	7.208522e-06
1.310949e+04	7.146487e-06
1.311447e+04	7.084933e-06
1.311945e+04	7.023857e-06
1.312442e+04	6.963256e-06
1.312940e+04	6.903126e-06
1.313438e+04	6.843465e-06
1.313936e+04	6.784269e-06
1.314434e+04	6.725535e-06
1.314932e+04	6.667259e-06
1.315430e+04	6.609440e-06
1.315928e+04	6.552073e-06
1.316426e+04	6.495156e-06
1.316923e+04	6.438685e-06
1.317421e+04	6.382658e-06
1.317919e+04	6.327071e-06
1.318417e+04	6.271922e-06
1.318915e+04	6.217207e-06
1.319413e+04	6.162923e-06
1.319911e+04	6.109069e-06
1.320409e+04	6.055639e-06
1.320907e+04	6.002633e-06
1.321404e+04	5.950046e-06
1.321902e+04	5.897876e-06
1.322400e+04	5.846119e-06
1.322898e+04	5.794774e-06
1.323396e+04	5.743838e-06
1.323894e+04	5.693306e-06
1.324392e+04	5.643177e-06
1.324890e+04	5.593448e-06
1.325388e+04	5.544116e-06
1.325886e+04	5.495178e-06
1.326383e+04	5.446632e-06
1.326881e+04	5.398474e-06
1.327379e+04	5.350702e-06
1.327877e+04	5.303314e-06
1.328375e+04	5.256306e-06
1.328873e+04	5.209676e-06
1.329371e+04	5.163421e-06
1.329869e+04	5.117539e-06
1.330367e+04	5.072027e-06
1.330864e+04	5.026882e-06
1.331362e+04	4.982102e-06
1.331860e+04	4.937684e-06
1.332358e+04	4.893626e-06
1.332856e+04	4.849925e-06
1.333354e+04	4.806578e-06
1.333852e+04	4.763584e-06
1.334350e+04	4.720939e-06
1.334848e+04	4.678640e-06
1.335345e+04	4.636687e-06
1.335843e+04	4.595075e-06
1.336341e+04	4.553803e-06
1.336839e+04	4.512868e-06
1.337337e+04	4.472267e-06
1.337835e+04	4.431999e-06
1.338333e+04	4.392061e-06
1.338831e+04	4.352451e-06
1.339329e+04	4.313165e-06
1.339826e+04	4.274203e-06
1.340324e+04	4.235560e-06
1.340822e+04	4.197236e-06
1.341320e+04	4.159228e-06
1.341818e+04	4.121533e-06
1.342316e+04	4.084150e-06
1.342814e+04	4.047075e-06
1.343312e+04	4.010308e-06
1.343810e+04	3.973844e-06
1.344308e+04	3.937683e-06
1.344805e+04	3.901822e-06
1.345303e+04	3.866259e-06
1.345801e+04	3.830992e-06
1.346299e+04	3.796018e-06
1.346797e+04	3.761335e-06
1.347295e+04	3.726941e-06
1.347793e+04	3.692835e-06
1.348291e+04	3.659013e-06
1.348789e+04	3.625474e-06
1.349286e+04	3.592216e-06
1.349784e+04	3.559236e-06
1.350282e+04	3.526533e-06
1.350780e+04	3.494105e-06
1.351278e+04	3.461949e-06
1.351776e+04	3.430063e-06
1.352274e+04	3.398446e-06
1.352772e+04	3.367095e-06
1.353270e+04	3.336008e-06
1.353767e+04	3.305184e-06
1.354265e+04	3.274621e-06
1.354763e+04	3.244316e-06
1.355261e+04	3.214267e-06
1.355759e+04	3.184473e-06
1.356257e+04	3.154932e-06
1.356755e+04	3.125642e-06
1.357253e+04	3.096600e-06
1.357751e+04	3.067805e-06
1.358248e+04	3.039256e-06
1.358746e+04	3.010950e-06
1.359244e+04	2.982885e-06
1.359742e+04	2.955060e-06
1.360240e+04	2.927473e-06
1.360738e+04	2.900122e-06
1.361236e+04	2.873005e-06
1.361734e+04	2.846120e-06
1.362232e+04	2.819466e-06
1.362730e+04	2.793040e-06
1.363227e+04	2.766842e-06
1.363725e+04	2.740869e-06
1.364223e+04	2.715120e-06
1.364721e+04	2.689593e-06
1.365219e+04	2.664286e-06
1.365717e+04	2.639197e-06
1.366215e+04	2.614325e-06
1.366713e+04	2.589668e-06
1.367211e+04	2.565225e-06
1.367708e+04	2.540993e-06
1.368206e+04	2.516972e-06
1.368704e+04	2.493159e-06
1.369202e+04	2.469554e-06
1.369700e+04	2.446153e-06
1.370198e+04	2.422956e-06
1.370696e+04	2.399962e-06
1.371194e+04	2.377167e-06
1.371692e+04	2.354572e-06
1.372189e+04	2.332175e-06
1.372687e+04	2.309973e-06
1.373185e+04	2.287965e-06
1.373683e+04	2.266150e-06
1.374181e+04	2.244527e-06
1.374679e+04	2.223093e-06
1.375177e+04	2.201848e-06
1.375675e+04	2.180790e-06
1.376173e+04	2.159916e-06
1.376670e+04	2.139227e-06
1.377168e+04	2.118720e-06
1.377666e+04	2.098394e-06
1.378164e+04	2.078248e-06
1.378662e+04	2.058280e-06
1.379160e+04	2.038488e-06
1.379658e+04	2.018872e-06
1.380156e+04	1.999429e-06
1.380654e+04	1.980159e-06
1.381151e+04	1.961061e-06
1.381649e+04	1.942132e-06
1.382147e+04	1.923371e-06
1.382645e+04	1.904778e-06
1.383143e+04	1.886350e-06
1.383641e+04	1.868086e-06
1.384139e+04	1.849986e-06
1.384637e+04	1.832047e-06
1.385135e+04	1.814269e-06
1.385633e+04	1.796650e-06
1.386130e+04	1.779189e-06
1.386628e+04	1.761884e-06
1.387126e+04	1.744735e-06
1.387624e+04	1.727740e-06
1.388122e+04	1.710898e-06
1.388620e+04	1.694207e-06
1.389118e+04	1.677666e-06
1.389616e+04	1.661275e-06
1.390114e+04	1.645032e-06
1.390611e+04	1.628935e-06
1.391109e+04	1.612984e-06
1.391607e+04	1.597177e-06
1.392105e+04	1.581513e-06
1.392603e+04	1.565992e-06
1.393101e+04	1.550611e-06
1.393599e+04	1.535369e-06
1.394097e+04	1.520267e-06
1.394595e+04	1.505301e-06
1.395092e+04	1.490472e-06
1.395590e+04	1.475778e-06
1.396088e+04	1.461218e-06
1.396586e+04	1.446791e-06
1.397084e+04	1.432495e-06
1.397582e+04	1.418331e-06
1.398080e+04	1.404295e-06
1.398578e+04	1.390389e-06
1.399076e+04	1.376610e-06
1.399573e+04	1.362957e-06
1.400071e+04	1.349430e-06
1.400569e+04	1.336027e-06
1.401067e+04	1.322747e-06
1.401565e+04	1.309590e-06
1.402063e+04	1.296554e-06
1.402561e+04	1.283638e-06
1.403059e+04	1.270841e-06
1.403557e+04	1.258162e-06
1.404055e+04	1.245601e-06
1.404552e+04	1.233156e-06
1.405050e+04	1.220826e-06
1.405548e+04	1.208610e-06
1.406046e+04	1.196508e-06
1.406544e+04	1.184518e-06
1.407042e+04	1.172640e-06
1.407540e+04	1.160872e-06
1.408038e+04	1.149214e-06
1.408536e+04	1.137664e-06
1.409033e+04	1.126222e-06
1.409531e+04	1.114886e-06
1.410029e+04	1.103657e-06
1.410527e+04	1.092533e-06
1.411025e+04	1.081512e-06
1.411523e+04	1.070595e-06
1.412021e+04	1.059780e-06
1.412519e+04	1.049067e-06
1.413017e+04	1.038454e-06
1.413514e+04	1.027941e-06
1.414012e+04	1.017527e-06
1.414510e+04	1.007211e-06
1.415008e+04	9.969916e-07
1.415506e+04	9.868689e-07
1.416004e+04	9.768417e-07
1.416502e+04	9.669092e-07
1.417000e+04	9.570706e-07
1.417498e+04	9.473250e-07
1.417995e+04	9.376717e-07
1.418493e+04	9.281099e-07
1.418991e+04	9.186387e-07
1.419489e+04	9.092574e-07
1.419987e+04	8.999653e-07
1.420485e+04	8.907615e-07
1.420983e+04	8.816452e-07
1.421481e+04	8.726157e-07
1.421979e+04	8.636723e-07
1.422477e+04	8.548142e-07
1.422974e+04	8.460407e-07
1.423472e+04	8.373510e-07
1.423970e+04	8.287443e-07
1.424468e+04	8.202201e-07
1.424966e+04	8.117774e-07
1.425464e+04	8.034157e-07
1.425962e+04	7.951342e-07
1.426460e+04	7.869323e-07
1.426958e+04	7.788091e-07
1.427455e+04	7.707640e-07
1.427953e+04	7.627964e-07
1.428451e+04	7.549055e-07
1.428949e+04	7.470907e-07
1.429447e+04	7.393513e-07
1.429945e+04	7.316867e-07
1.430443e+04	7.240961e-07
1.430941e+04	7.165789e-07
1.431439e+04	7.091345e-07
1.431936e+04	7.017622e-07
1.432434e+04	6.944613e-07
1.432932e+04	6.872314e-07
1.433430e+04	6.800716e-07
1.433928e+04	6.729814e-07
1.434426e+04	6.659602e-07
1.434924e+04	6.590073e-07
1.435422e+04	6.521222e-07
1.435920e+04	6.453042e-07
1.436417e+04	6.385528e-07
1.436915e+04	6.318672e-07
1.437413e+04	6.252471e-07
1.437911e+04	6.186917e-07
1.438409e+04	6.122004e-07
1.438907e+04	6.057728e-07
1.439405e+04	5.994081e-07
1.439903e+04	5.931060e-07
1.440401e+04	5.868657e-07
1.440898e+04	5.806868e-07
1.441396e+04	5.745687e-07
1.441894e+04	5.685107e-07
1.442392e+04	5.625125e-07
1.442890e+04	5.565734e-07
1.443388e+04	5.506930e-07
1.443886e+04	5.448706e-07
1.444384e+04	5.391057e-07
1.444882e+04	5.333979e-07
1.445380e+04	5.277466e-07
1.445877e+04	5.221513e-07
1.446375e+04	5.166114e-07
1.446873e+04	5.111266e-07
1.447371e+04	5.056962e-07
1.447869e+04	5.003198e-07
1.448367e+04	4.949968e-07
1.448865e+04	4.897269e-07
1.449363e+04	4.845094e-07
1.449861e+04	4.793440e-07
1.450358e+04	4.742301e-07
1.450856e+04	4.691673e-07
1.451354e+04	4.641550e-07
1.451852e+04	4.591929e-07
1.452350e+04	4.542805e-07
1.452848e+04	4.494173e-07
1.453346e+04	4.446028e-07
1.453844e+04	4.398367e-07
1.454342e+04	4.351184e-07
1.454839e+04	4.304475e-07
1.455337e+04	4.258236e-07
1.455835e+04	4.212462e-07
1.456333e+04	4.167149e-07
1.456831e+04	4.122293e-07
1.457329e+04	4.077890e-07
1.457827e+04	4.033934e-07
1.458325e+04	3.990423e-07
1.458823e+04	3.947352e-07
1.459320e+04	3.904717e-07
1.459818e+04	3.862513e-07
1.460316e+04	3.820738e-07
1.460814e+04	3.779386e-07
1.461312e+04	3.738453e-07
1.461810e+04	3.697937e-07
1.462308e+04	3.657832e-07
1.462806e+04	3.618136e-07
1.463304e+04	3.578843e-07
1.463802e+04	3.539951e-07
1.464299e+04	3.501456e-07
1.464797e+04	3.463353e-07
1.465295e+04	3.425640e-07
1.465793e+04	3.388312e-07
1.466291e+04	3.351366e-07
1.466789e+04	3.314798e-07
1.467287e+04	3.278605e-07
1.467785e+04	3.242782e-07
1.468283e+04	3.207328e-07
1.468780e+04	3.172237e-07
1.469278e+04	3.137507e-07
1.469776e+04	3.103134e-07
1.470274e+04	3.069115e-07
1.470772e+04	3.035446e-07
1.471270e+04	3.002124e-07
1.471768e+04	2.969146e-07
1.472266e+04	2.936508e-07
1.472764e+04	2.904208e-07
1.473261e+04	2.872241e-07
1.473759e+04	2.840605e-07
1.474257e+04	2.809297e-07
1.474755e+04	2.778313e-07
1.475253e+04	2.747651e-07
1.475751e+04	2.717306e-07
1.476249e+04	2.687277e-07
1.476747e+04	2.657560e-07
1.477245e+04	2.628152e-07
1.477742e+04	2.599049e-07
1.478240e+04	2.570251e-07
1.478738e+04	2.541752e-07
1.479236e+04	2.513550e-07
1.479734e+04	2.485643e-07
1.480232e+04	2.458028e-07
1.480730e+04	2.430701e-07
1.481228e+04	2.403660e-07
1.481726e+04	2.376903e-07
1.482224e+04	2.350426e-07
1.482721e+04	2.324226e-07
1.483219e+04	2.298301e-07
1.483717e+04	2.272649e-07
1.484215e+04	2.247266e-07
1.484713e+04	2.222150e-07
1.485211e+04	2.197299e-07
1.485709e+04	2.172709e-07
1.486207e+04	2.148378e-07
1.486705e+04	2.124305e-07
1.487202e+04	2.100485e-07
1.487700e+04	2.076917e-07
1.488198e+04	2.053598e-07
1.488696e+04	2.030526e-07
1.489194e+04	2.007698e-07
1.489692e+04	1.985112e-07
1.490190e+04	1.962765e-07
1.490688e+04	1.940656e-07
1.491186e+04	1.918781e-07
1.491683e+04	1.897139e-07
1.492181e+04	1.875727e-07
1.492679e+04	1.854542e-07
1.493177e+04	1.833584e-07
1.493675e+04	1.812849e-07
1.494173e+04	1.792335e-07
1.494671e+04	1.772039e-07
1.495169e+04	1.751961e-07
1.495667e+04	1.732097e-07
1.496164e+04	1.712446e-07
1.496662e+04	1.693005e-07
1.497160e+04	1.673773e-07
1.497658e+04	1.654746e-07
1.498156e+04	1.635924e-07
1.498654e+04	1.617304e-07
1.499152e+04	1.598883e-07
1.499650e+04	1.580661e-07
1.500148e+04	1.562635e-07
1.500645e+04	1.544803e-07
1.501143e+04	1.527163e-07
1.501641e+04	1.509713e-07
1.502139e+04	1.492452e-07
1.502637e+04	1.475377e-07
1.503135e+04	1.458486e-07
1.503633e+04	1.441778e-07
1.504131e+04	1.425251e-07
1.504629e+04	1.408903e-07
1.505127e+04	1.392732e-07
1.505624e+04	1.376737e-07
1.506122e+04	1.360915e-07
1.506620e+04	1.345264e-07
1.507118e+04	1.329784e-07
1.507616e+04	1.314472e-07
1.508114e+04	1.299327e-07
1.508612e+04	1.284347e-07
1.509110e+04	1.269530e-07
1.509608e+04	1.254875e-07
1.510105e+04	1.240380e-07
1.510603e+04	1.226043e-07
1.511101e+04	1.211862e-07
1.511599e+04	1.197837e-07
1.512097e+04	1.183965e-07
1.512595e+04	1.170245e-07
1.513093e+04	1.156676e-07
1.513591e+04	1.143255e-07
1.514089e+04	1.129982e-07
1.514586e+04	1.116855e-07
1.515084e+04	1.103872e-07
1.515582e+04	1.091031e-07
1.516080e+04	1.078332e-07
1.516578e+04	1.065773e-07
1.517076e+04	1.053352e-07
1.517574e+04	1.041069e-07
1.518072e+04	1.028921e-07
1.518570e+04	1.016907e-07
1.519067e+04	1.005026e-07
1.519565e+04	9.932759e-08
1.520063e+04	9.816563e-08
1.520561e+04	9.701654e-08
1.521059e+04	9.588018e-08
1.521557e+04	9.475644e-08
1.522055e+04	9.364516e-08
1.522553e+04	9.254623e-08
1.523051e+04	9.145952e-08
1.523549e+04	9.038489e-08
1.524046e+04	8.932223e-08
1.524544e+04	8.827140e-08
1.525042e+04	8.723229e-08
1.525540e+04	8.620477e-08
1.526038e+04	8.518872e-08
1.526536e+04	8.418401e-08
1.527034e+04	8.319054e-08
1.527532e+04	8.220818e-08
1.528030e+04	8.123682e-08
1.528527e+04	8.027634e-08
1.529025e+04	7.932662e-08
1.529523e+04	7.838756e-08
1.530021e+04	7.745903e-08
1.530519e+04	7.654094e-08
1.531017e+04	7.563316e-08
1.531515e+04	7.473560e-08
1.532013e+04	7.384813e-08
1.532511e+04	7.297067e-08
1.533008e+04	7.210309e-08
1.533506e+04	7.124530e-08
1.534004e+04	7.039718e-08
1.534502e+04	6.955865e-08
1.535000e+04	6.872960e-08
1.535498e+04	6.790992e-08
1.535996e+04	6.709951e-08
1.536494e+04	6.629829e-08
1.536992e+04	6.550614e-08
1.537489e+04	6.472298e-08
1.537987e+04	6.394871e-08
1.538485e+04	6.318322e-08
1.538983e+04	6.242644e-08
1.539481e+04	6.167826e-08
1.539979e+04	6.093860e-08
1.540477e+04	6.020736e-08
1.540975e+04	5.948445e-08
1.541473e+04	5.876978e-08
1.541971e+04	5.806327e-08
1.542468e+04	5.736482e-08
1.542966e+04	5.667436e-08
1.543464e+04	5.599178e-08
1.543962e+04	5.531702e-08
1.544460e+04	5.464999e-08
1.544958e+04	5.399059e-08
1.545456e+04	5.333875e-08
1.545954e+04	5.269440e-08
1.546452e+04	5.205744e-08
1.546949e+04	5.142779e-08
1.547447e+04	5.080538e-08
1.547945e+04	5.019014e-08
1.548443e+04	4.958197e-08
1.548941e+04	4.898081e-08
1.549439e+04	4.838658e-08
1.549937e+04	4.779920e-08
1.550435e+04	4.721860e-08
1.550933e+04	4.664471e-08
1.551430e+04	4.607745e-08
1.551928e+04	4.551675e-08
1.552426e+04	4.496253e-08
1.552924e+04	4.441474e-08
1.553422e+04	4.387329e-08
1.553920e+04	4.333812e-08
1.554418e+04	4.280916e-08
1.554916e+04	4.228635e-08
1.555414e+04	4.176960e-08
1.555911e+04	4.125887e-08
1.556409e+04	4.075407e-08
1.556907e+04	4.025515e-08
1.557405e+04	3.976205e-08
1.557903e+04	3.927469e-08
1.558401e+04	3.879302e-08
1.558899e+04	3.831697e-08
1.559397e+04	3.784648e-08
1.559895e+04	3.738149e-08
1.560392e+04	3.692194e-08
1.560890e+04	3.646776e-08
1.561388e+04	3.601891e-08
1.561886e+04	3.557531e-08
1.562384e+04	3.513692e-08
1.562882e+04	3.470367e-08
1.563380e+04	3.427551e-08
1.563878e+04	3.385238e-08
1.564376e+04	3.343422e-08
1.564874e+04	3.302098e-08
1.565371e+04	3.261261e-08
1.565869e+04	3.220905e-08
1.566367e+04	3.181025e-08
1.566865e+04	3.141615e-08
1.567363e+04	3.102670e-08
1.567861e+04	3.064185e-08
1.568359e+04	3.026155e-08
1.568857e+04	2.988575e-08
1.569355e+04	2.951439e-08
1.569852e+04	2.914744e-08
1.570350e+04	2.878483e-08
1.570848e+04	2.842652e-08
1.571346e+04	2.807246e-08
1.571844e+04	2.772261e-08
1.572342e+04	2.737691e-08
1.572840e+04	2.703532e-08
1.573338e+04	2.669779e-08
1.573836e+04	2.636429e-08
1.574333e+04	2.603475e-08
1.574831e+04	2.570915e-08
1.575329e+04	2.538742e-08
1.575827e+04	2.506954e-08
1.576325e+04	2.475545e-08
1.576823e+04	2.444512e-08
1.577321e+04	2.413849e-08
1.577819e+04	2.383554e-08
1.578317e+04	2.353621e-08
1.578814e+04	2.324047e-08
1.579312e+04	2.294827e-08
